500 iters for seed 78 on 3R0.3 which is in the 94.74868774414062 percentile
 Maxcut: 20.0, MedianCut: 12.0
-12.104490849350848
-12.15025099042129
-12.190276441723212
-12.218051990598287
-12.243189946307012
-12.26305343625411
-12.27950365768005
-12.297725702145591
-12.312019122508868
-12.325131174995612
-12.334854503865847
-12.343089594614783
-12.353633061158654
-12.362269599553478
-12.371207596834479
-12.378345578104437
-12.383404327397216
-12.389535800124852
-12.394488041375055
-12.399001970469874
-12.403566678002921
-12.407187446649852
-12.41115365153494
-12.414579969046969
-12.417362403527129
-12.420725149598109
-12.4231626030839
-12.425264202450517
-12.427545106924956
-12.429135191703006
-12.431025755298581
-12.432990317493472
-12.434316927625476
-12.435681636859467
-12.437066613283548
-12.438658945941519
-12.439974151235383
-12.442014664635671
-12.443239866636711
-12.444845460713779
-12.446410385746757
-12.448134897722925
-12.449089735147535
-12.450225853176807
-12.451636287889404
-12.453182034565078
-12.454413421076342
-12.455543340340215
-12.456560816730265
-12.457739854368704
-12.458888962022343
-12.459943599474459
-12.461062517661503
-12.462259203465006
-12.463345058945103
-12.464063174409883
-12.465350365582426
-12.466128064195232
-12.467150498412597
-12.468212797317838
-12.469163220186637
-12.470306507339057
-12.471913984887493
-12.472660696919831
-12.473784658326338
-12.47465627767968
-12.47571345279584
-12.476489114964428
-12.47724868204413
-12.478103170981415
-12.47889383714513
-12.479724727161996
-12.480350127879113
-12.481204811792683
-12.481990661987023
-12.482694868526579
-12.483267893763673
-12.483987929784275
-12.484841766928819
-12.48558660368945
-12.48612722081624
-12.48672316103917
-12.487130842713448
-12.487707065552275
-12.488375176924958
-12.488840980126215
-12.48906225030644
-12.48999441098195
-12.490222221347054
-12.490712240690904
-12.490806894621317
-12.4914175256878
-12.491685076044122
-12.492053470345128
-12.49258037336778
-12.492733501994074
-12.493647878134553
-12.493904579307047
-12.494249499827806
-12.494700536209486
-12.495148811406189
-12.495762560133638
-12.496127458167448
-12.496624939717824
-12.497131277433994
-12.497689791028591
-12.498077645168364
-12.498521906608596
-12.498870172646088
-12.499325867934838
-12.499889111743226
-12.500208170987797
-12.500457946301909
-12.50138199491316
-12.50165322721675
-12.502069649788076
-12.502527858859949
-12.50307453603272
-12.503584277984846
-12.504061659871276
-12.504527463894682
-12.504960228884123
-12.50550928633625
-12.505865821654869
-12.506221153520334
-12.50695529930528
-12.507528184560035
-12.508454235334696
-12.508655280306835
-12.509385657791862
-12.509695142093747
-12.510156484544439
-12.510849984887937
-12.511212006782674
-12.511809616555718
-12.51230926950964
-12.512929440639157
-12.51313182207681
-12.513741502501219
-12.514052046821465
-12.51441982059432
-12.514975874516885
-12.51526213607935
-12.515725142827826
-12.515966620146807
-12.516347128428615
-12.51674085351366
-12.517273805876055
-12.517630004829915
-12.518050885418255
-12.518535191800316
-12.519032010300608
-12.519593403320497
-12.520118568549316
-12.520536362451812
-12.521069815074418
-12.521653135269036
-12.522148645227432
-12.522654097399892
-12.523034358210682
-12.523688067069894
-12.524105292597927
-12.524485743238358
-12.525321985176177
-12.525735570378359
-12.526347634013145
-12.526838134880535
-12.527358372239993
-12.527804533652237
-12.528182172990478
-12.528694301563005
-12.529037695368455
-12.529470022325558
-12.529930100718442
-12.530282737859652
-12.530570805443189
-12.53103737216013
-12.53134455149398
-12.5316581441153
-12.53194796540165
-12.532222202224578
-12.53278298576127
-12.532911913588956
-12.533439125551737
-12.53362595256763
-12.533908399205865
-12.53419288216473
-12.534542636121426
-12.534791439545913
-12.535032716100702
-12.535226168291919
-12.535451831616895
-12.535725924599136
-12.535904997273775
-12.536079727972911
-12.536482059305182
-12.536631079912834
-12.536853318516497
-12.537155637582062
-12.537424304933074
-12.537716251812023
-12.537952925939244
-12.538230473074348
-12.53843154567977
-12.538746736674431
-12.53894905712378
-12.5391821319697
-12.539384900600616
-12.539609237725994
-12.53982376751243
-12.540003749698101
-12.540166945658171
-12.540345236383468
-12.54049905712331
-12.540670857595874
-12.540825349368218
-12.541038178665627
-12.541187586199653
-12.541336643345776
-12.541489338881215
-12.541629107086372
-12.54175990777994
-12.541851093284173
-12.541989664879898
-12.542120533186797
-12.542264918671526
-12.542411605137817
-12.542529094884168
-12.542593875208746
-12.542811795614405
-12.542901545737692
-12.543022639410577
-12.543187381722742
-12.54327002174885
-12.543432494627332
-12.543495474027301
-12.543612486328023
-12.543713887776203
-12.543860202247552
-12.543948298539911
-12.544032702875175
-12.544189128160102
-12.54426265078749
-12.544399405869951
-12.544509935262434
-12.544626140504299
-12.54471464704617
-12.544817834254998
-12.544960876829997
-12.5450578115516
-12.54518803298459
-12.54531219237134
-12.54541748176993
-12.545504994454078
-12.545580467305252
-12.545696589110912
-12.545765076511996
-12.545819225301253
-12.545894039229433
-12.545957520941863
-12.546052886066589
-12.546135445102642
-12.546186232086493
-12.546252477220987
-12.546312972262221
-12.546372777177055
-12.546473475638043
-12.54652354167332
-12.54658005315958
-12.546690380620468
-12.54674353690923
-12.546844862070184
-12.546910417745009
-12.546990780232948
-12.547062701272573
-12.547120268579507
-12.547182690170452
-12.547273203376902
-12.54732878682885
-12.547396680655416
-12.547441240878504
-12.547544866172545
-12.547607516028574
-12.547665669991272
-12.547765506903474
-12.547832420060644
-12.547946767273105
-12.548017439973677
-12.548090564706753
-12.548154987259261
-12.548213690095377
-12.548296566410935
-12.548357319164037
-12.548414296153336
-12.548496502273268
-12.548549463680285
-12.548610800676881
-12.548687814298633
-12.548764338302048
-12.548795107301924
-12.54889637848963
-12.548932264926972
-12.548972269017124
-12.549037474905862
-12.549088421227914
-12.549141451812913
-12.549218830014805
-12.549271767925308
-12.549317932120985
-12.549389100398148
-12.549436457146811
-12.54949822929578
-12.549561153970652
-12.549650253044653
-12.549692649167017
-12.549793529055334
-12.54985006067972
-12.54992922824102
-12.550019626982852
-12.550080433452313
-12.55014687049858
-12.550270618542251
-12.55035645272621
-12.550461895455282
-12.550573560713381
-12.55064991927155
-12.55074428253441
-12.5508238223641
-12.550923460631678
-12.550998345488269
-12.551112139365063
-12.551180216538736
-12.551258962816561
-12.551348877911375
-12.5514625562289
-12.551584554795697
-12.551699633017913
-12.551826286492421
-12.551953947426995
-12.55212332687625
-12.552244778492392
-12.552331937626638
-12.552546303093091
-12.552649068693755
-12.55276801942584
-12.552949356666876
-12.553033675505795
-12.553212640830614
-12.553441001200106
-12.553684039975971
-12.553810563593473
-12.553980167230419
-12.55413266096665
-12.5542971351006
-12.554480703002007
-12.554631796529883
-12.554820663362756
-12.555016992070488
-12.555156165808107
-12.555283270682759
-12.555458742033494
-12.555569894807135
-12.555694782601178
-12.555832775172032
-12.555935216115152
-12.55605588605826
-12.556181975219006
-12.556278275650731
-12.55635607324321
-12.556438217482178
-12.556511200715622
-12.556608429724093
-12.556687026989605
-12.556757995012944
-12.556838658280085
-12.556918997943322
-12.556982215804336
-12.557078366432272
-12.557135598929577
-12.557197771512856
-12.557283357992421
-12.557339405096872
-12.55743947906593
-12.557476038284356
-12.557542489652226
-12.557585319653356
-12.557641903287227
-12.557728901261576
-12.557784311657343
-12.557858571804571
-12.557934857085332
-12.558015841298722
-12.558109453946923
-12.558225571614928
-12.558303251761
-12.558394279909313
-12.558473129786089
-12.558569593979279
-12.55870501639103
-12.558772178668836
-12.558840109463308
-12.558918767807778
-12.558988286609239
-12.559047239553358
-12.55916319808766
-12.559221192174626
-12.559298474596398
-12.55942141327353
-12.55949263442378
-12.559598029157563
-12.559672511638201
-12.559752405444659
-12.559836497342182
-12.559916590955869
-12.559986395153738
-12.560049576985891
-12.560088352118704
-12.560181464372075
-12.560215385868698
-12.56027387867272
-12.56032088970465
-12.560357536421186
-12.56040771626609
-12.560462449522477
-12.560493237169469
-12.560546497854041
-12.560591519851181
-12.560637515050802
-12.560716837899463
-12.560750017815888
-12.560793202480367
-12.560855769774516
-12.560893528262614
-12.560932742984697
-12.561021409999556
-12.561055417173444
-12.561108632582078
-12.561150619474907
-12.56122357191264
-12.561264556749558
-12.561301502201156
-12.561347441071344
-12.56139982289115
-12.561432660299468
-12.561471031642252
-12.561497279908973
-12.561524009425325
-12.561563234014383
-12.561589259858494
-12.561631311184343
-12.561660596513383
-12.561694290625677
-12.561728331406949
-12.561754852180066
-12.561782933123485
-12.561808654912184
-12.561831728643579
-12.561860835356093
-12.56188726037346
-12.561921738066996
-12.561943758769589
-12.561965349882287
-12.561999719615262
-12.562032932604138
-12.562056410583764
-12.5620919881149
-12.562104848501479
-12.562127920927228
-12.562150136983641
-12.562167854706873
-12.562204902752079
-12.56222850644725
-12.562270727586547
-12.562301506337095
-12.562329263079334
-12.562353745976722
-12.562371592052356
-12.562393936531384
-12.562422066564826
-12.562451829639791
-12.562474141841392
-12.562498517887715
-12.562518627305804
-12.562540829127464
-12.562559444512292
-12.562581750386117
-12.562604149340224
-12.562629278623737
-12.56264939008463
-12.562669710349565
-12.562697234469429
-12.56272405183203
-12.562739949697162
-12.562772185475934
-12.562790085600373
-12.56280776867304
-12.562827863229387
-12.562847320689233
-12.562870987368182
-12.562903278434598
