500 iters for seed 157 on 3R0.3 which is in the 78.75442504882812 percentile
 Maxcut: 22.0, MedianCut: 12.0
-12.002755379027029
-12.015588011234573
-12.017940144148582
-12.06320607475795
-12.088801879783269
-12.172574836603038
-12.195342363252143
-12.233516697113647
-12.244008466607305
-12.26499903507269
-12.284485304991287
-12.297636424688035
-12.305027119999325
-12.321103936475723
-12.332105915317811
-12.344190053104832
-12.353176850321072
-12.363034433685218
-12.368823559749131
-12.37569240351412
-12.379652333880461
-12.385709416202744
-12.38949865889502
-12.394680730893743
-12.399360430990768
-12.40473472395379
-12.408621004281633
-12.413135114640072
-12.417470244217837
-12.422041712173945
-12.42571787266953
-12.428298207629037
-12.431527580511665
-12.434124443691676
-12.43689328851837
-12.44006070548853
-12.443389816136099
-12.446837353189718
-12.450415852328243
-12.45353163800144
-12.456574880666981
-12.458816089717555
-12.460907800791034
-12.462939114587176
-12.465048909456078
-12.466898972357468
-12.468455076438076
-12.470612570748075
-12.472012127518063
-12.473520847661018
-12.475392180397995
-12.476680236943336
-12.478638239587173
-12.480048251260985
-12.48157738253039
-12.482840695644455
-12.484331280981818
-12.486187571469502
-12.487868031884645
-12.489549920776454
-12.49065012171785
-12.491854124948762
-12.492917929564408
-12.493882467969536
-12.495005431742303
-12.49622804570967
-12.496849207070216
-12.497676184674763
-12.498469501472808
-12.499298070894698
-12.499945273389349
-12.500601942402032
-12.501297307803322
-12.502200366250168
-12.502960606422924
-12.503642482575934
-12.50423443566686
-12.505288888457027
-12.506029697947442
-12.50677034779874
-12.507605344687695
-12.508231691319011
-12.508815723673681
-12.509777816750008
-12.51019976790985
-12.5108077689913
-12.511202704197597
-12.511826594116773
-12.512266825263804
-12.512651345791072
-12.513373657637434
-12.513738478476807
-12.514107727558292
-12.51450165152531
-12.51495600502229
-12.5153413332897
-12.51598297865224
-12.5162917855394
-12.516650684436819
-12.517087197467465
-12.517461276791991
-12.518010693255388
-12.518357147390994
-12.518680330587918
-12.518988557815224
-12.519587191955903
-12.519813255387318
-12.520074612368091
-12.520441989483674
-12.520625252973566
-12.52135509846067
-12.52158178797966
-12.52183696983131
-12.522130883589263
-12.522373771875047
-12.522723240646828
-12.52296510261591
-12.52320478470626
-12.52344231119799
-12.523694530260771
-12.523995006401686
-12.524266489169744
-12.52452471982878
-12.525004684735094
-12.525258883589997
-12.525510306622575
-12.52613525912325
-12.526450497926879
-12.526809448655941
-12.527312118499104
-12.527435663437101
-12.527694329154835
-12.527922073251446
-12.528157644731174
-12.528494759061289
-12.528694409122089
-12.529057885861382
-12.529327735949117
-12.529635877017183
-12.529921074628861
-12.530161618251263
-12.530511608852834
-12.530757832540129
-12.530988590483297
-12.531407109727649
-12.531640609678297
-12.531897739985846
-12.532338385108291
-12.53255578169649
-12.532758354066244
-12.533110213978325
-12.533341655155652
-12.533480895567015
-12.533954229412801
-12.534107986422521
-12.534375525986114
-12.534626813645763
-12.534933528723329
-12.535162659697546
-12.535345871991057
-12.53563296636826
-12.535922365449851
-12.536119246850918
-12.536384262395295
-12.536534080698399
-12.536695856418962
-12.53692637252907
-12.537054092348496
-12.537244196891269
-12.537431925708997
-12.537538940937871
-12.537750389356683
-12.537907283728055
-12.53813146329527
-12.538298850374243
-12.538435874891402
-12.538675529103877
-12.538823734371611
-12.53904752829971
-12.539255124280903
-12.53947257675396
-12.539598014522017
-12.539794573742617
-12.539900848321484
-12.540034761869848
-12.540138185773527
-12.540307523612926
-12.540434873635657
-12.540535827815518
-12.5407602833331
-12.540866899683248
-12.54102765992366
-12.541158318157333
-12.541308261489627
-12.541409586146354
-12.541528408452795
-12.54162739910857
-12.541707430510801
-12.541826912906998
-12.541950067699567
-12.542020862701206
-12.542119001863002
-12.542219704756318
-12.54235559822082
-12.542455219100688
-12.542560025782993
-12.542662464547112
-12.542769433746292
-12.542886813652865
-12.542984833286482
-12.543089302538903
-12.543175463692084
-12.5432490681523
-12.54335977700562
-12.543412914729597
-12.543468823812667
-12.543562174054047
-12.543626159789765
-12.543708708739269
-12.543836232211333
-12.543884971837235
-12.543981656094395
-12.544044681832442
-12.5441879702198
-12.544283732305775
-12.54437014221965
-12.5445288486485
-12.54460566631813
-12.544745662159524
-12.544838403400433
-12.544935889401001
-12.545021425198856
-12.545125769491204
-12.545248186695352
-12.545320937712871
-12.54544314040767
-12.545532065414953
-12.545629401623358
-12.545760062286641
-12.545834219880419
-12.54592393070913
-12.546038247260226
-12.546114562128835
-12.54620395027993
-12.546306223873323
-12.546385030088437
-12.54647402967865
-12.546542807047718
-12.546644546375598
-12.546738416113353
-12.546826095783953
-12.546919939048351
-12.547010852834799
-12.547134926657831
-12.547213027268928
-12.547296244539163
-12.547449754810895
-12.547523200357936
-12.547607429055365
-12.54771986831733
-12.54781959187249
-12.547872031268511
-12.547995671834144
-12.548043754144718
-12.548137645792913
-12.548203972188496
-12.548270478877711
-12.548384085782104
-12.548445493745211
-12.54852146346281
-12.54857941446484
-12.548658226167017
-12.54874877576545
-12.54884680231143
-12.548979632352848
-12.549083729587457
-12.549214417408479
-12.54936346855172
-12.549506816516587
-12.549595945202782
-12.549751549013376
-12.54982206354556
-12.549926485946152
-12.550006480590453
-12.550081612906082
-12.55014520866006
-12.550282334639657
-12.550368934398536
-12.550468129329264
-12.550633493413182
-12.550743888797173
-12.550937136119721
-12.551084987851578
-12.551272836621195
-12.55143826755896
-12.551595328873281
-12.55174668904423
-12.551887743857057
-12.552055141680004
-12.552226615828257
-12.552347135983695
-12.552483469297963
-12.552639341692254
-12.552815356720252
-12.553024160504346
-12.553158896499433
-12.55333413321399
-12.553527117648581
-12.553674980502903
-12.553802065836887
-12.553994289122166
-12.55413725144688
-12.554293923433631
-12.554460561644504
-12.554587574976399
-12.554737014538588
-12.554900907513453
-12.555061233990154
-12.555220102505125
-12.555363526348431
-12.555498805981692
-12.555615854182093
-12.55578021970614
-12.555922280462486
-12.556054963737994
-12.55623607180649
-12.556336764246193
-12.55654187413026
-12.556659943053733
-12.556757038442777
-12.556957568459168
-12.557080462361265
-12.557253800601023
-12.557390459025775
-12.557561627352277
-12.557665283614588
-12.557839793387288
-12.55795379162886
-12.558064891703282
-12.558264382977782
-12.558363580618611
-12.558530454079069
-12.558662037003767
-12.55879054510373
-12.558940629881668
-12.559102135483304
-12.559222455682633
-12.55934079671528
-12.559433828064046
-12.559543868003773
-12.559686568224329
-12.559771287792278
-12.559882372485818
-12.559971194216484
-12.560061726827707
-12.560115162755102
-12.560230758245371
-12.560292732674341
-12.560363793168891
-12.560489883712041
-12.560599184823236
-12.56070282305373
-12.560778488269268
-12.560862325673572
-12.560970314562377
-12.56105272033219
-12.56112848472357
-12.561206673325096
-12.56129045295178
-12.561382344244207
-12.561441336140376
-12.561511445456693
-12.561569075346101
-12.561653171651306
-12.561710476770443
-12.561773028212412
-12.561866366166209
-12.561950650680947
-12.562002663589467
-12.562055165785607
-12.562117851912529
-12.562209075833824
-12.562294238701213
-12.562341584348518
-12.562429654294263
-12.562474431799153
-12.562546471554175
-12.562604375370057
-12.562654155858873
-12.562743029795
-12.562793375696263
-12.562862257292068
-12.562904429883043
-12.56295513159647
-12.563042931042325
-12.563106282253415
-12.563161170199244
-12.563218871939775
-12.563267784166468
-12.563296265580568
-12.563401114841334
-12.563433220483079
-12.563482897257236
-12.56354485849876
-12.563581150436626
-12.563643084907433
-12.56368363475774
-12.563726954449791
-12.563767481930336
-12.563805761143948
-12.563854254428554
-12.563892502469825
-12.563932710441108
-12.564003262884095
-12.564056995650649
-12.564092979845995
-12.564174518607325
-12.564219612394211
-12.564283265536886
-12.564302332353826
-12.564388058983411
-12.564410483709267
-12.564453711400828
-12.56451631672976
-12.564569936338412
-12.564613016802548
-12.564645577123326
-12.564683353251244
-12.564728637842421
-12.564780859299216
-12.56481392845594
-12.564875238765897
-12.56490957859634
-12.56496062250592
-12.565007151113749
-12.565044454173055
-12.565086809849959
-12.565137846053197
-12.565187999993535
-12.565236779476917
-12.565280028062578
-12.565337173719099
-12.565377973582217
-12.56541666577559
-12.565488872156479
-12.565522110482377
-12.56555135331297
-12.56560956271991
-12.56564971982085
-12.565668788982252
-12.565760287367791
-12.5657877230727
-12.565830794876609
-12.565854901704983
-12.56590234900598
-12.565935343538579
-12.565961192776399
-12.566022347977555
-12.566053945284668
-12.566120406090192
-12.56617404931411
-12.566224058759872
-12.566272891064953
-12.566320408754354
-12.566377150590151
-12.566422804596927
-12.566485174128704
-12.566524483339714
-12.566567982366825
-12.56660624834208
-12.566662297088182
-12.566710226527968
-12.566739578526285
-12.56681101946547
-12.56684579627412
-12.5669036641761
-12.566958547290977
-12.56700417880929
-12.567049961665406
-12.56709892804118
-12.567139008920753
-12.56718117396398
-12.567202751133125
-12.567242771288344
-12.56727591670408
-12.567303508076177
-12.567353968205243
-12.567380379625295
-12.56740876264175
-12.567442386759648
-12.567470394481695
-12.567479702881649
-12.56755223670741
-12.567571886098005
-12.567604580611668
-12.567629846287161
-12.567672118745886
-12.567699250196176
-12.567720334699034
-12.567731599351163
