500 iters for seed 72 on 3R0.3 which is in the 99.53384399414062 percentile
 Maxcut: 20.0, MedianCut: 12.0
-12.016198517639957
-12.043266382543388
-12.066143724860451
-12.13349487042036
-12.186839660802454
-12.21708283961338
-12.23153649829868
-12.253692725738683
-12.269949001628694
-12.286620771703735
-12.297548295632403
-12.309607220822794
-12.32051347495448
-12.330470863014696
-12.339447993052
-12.349038789893381
-12.356709620404285
-12.365624681296383
-12.374244689966769
-12.379266402633297
-12.38496670311687
-12.390213173054683
-12.394305405742923
-12.399195540315734
-12.403203581227714
-12.405678743178923
-12.40963257574256
-12.411989168317586
-12.415177807199187
-12.41802713510976
-12.42041478307698
-12.423474196811547
-12.4267035846222
-12.42893435731631
-12.431843541451682
-12.434598939733595
-12.437638247684358
-12.440159567151788
-12.441961394454884
-12.444192161794419
-12.446390821914576
-12.448448121765484
-12.450508389450793
-12.452787682874078
-12.454830782992765
-12.456714685457401
-12.458932291303885
-12.460620709445118
-12.462245023580639
-12.46356484492758
-12.464779857058026
-12.466229302475728
-12.467703262228099
-12.469030370460642
-12.470206291477785
-12.471587889256515
-12.472973022285032
-12.474154158890455
-12.474908010329958
-12.476251035303541
-12.477306282469014
-12.478497376509157
-12.47994932283907
-12.480959485048912
-12.482223966017271
-12.483446992404236
-12.484588237335451
-12.485876521833333
-12.486872935730226
-12.487876545068247
-12.488878325843576
-12.489970262233108
-12.490910061037912
-12.492280942701665
-12.492888489911179
-12.493705788793577
-12.494479514952586
-12.495359368512997
-12.495931982019226
-12.4965131807326
-12.49696539159768
-12.497650200648048
-12.498036124642292
-12.498505590300907
-12.49907142947532
-12.499708701686721
-12.500110143255181
-12.500545046182829
-12.50073519932206
-12.501134787703007
-12.501427213130977
-12.50163596641201
-12.502062559441427
-12.502324227019052
-12.502689191011932
-12.5029747559318
-12.503303914575572
-12.50351853331151
-12.503786277414713
-12.503991560984314
-12.504192133231424
-12.504428528505052
-12.504771778534348
-12.504975052482791
-12.50523861853996
-12.5054939752056
-12.505807878282976
-12.50607086594454
-12.506296240529457
-12.50653065574347
-12.506816047719365
-12.507094397995335
-12.507356262790056
-12.50760687842673
-12.507979664318817
-12.50822945824315
-12.508528407944763
-12.508843482642986
-12.509274914661077
-12.509557365965135
-12.509876031152897
-12.510187029727687
-12.51055200120111
-12.51099573342177
-12.511324900793534
-12.511642742006611
-12.512211107360354
-12.512427801294269
-12.512837768811975
-12.51322100678217
-12.513654812278835
-12.514031020859267
-12.514427049678128
-12.514813839916457
-12.515204069482483
-12.515852639152396
-12.516233994835918
-12.516538129388064
-12.517166622795802
-12.51740299036176
-12.517746640955437
-12.51830258466519
-12.51859899913169
-12.519339430259176
-12.519565597477753
-12.520125340809322
-12.52034013438601
-12.520711937236593
-12.521135545599089
-12.521556805982144
-12.52201478901242
-12.522386056569667
-12.522777047489317
-12.52314417863478
-12.52353577384252
-12.523790585165077
-12.524127266012306
-12.524448178084103
-12.524768534120723
-12.524975160387388
-12.525247794396101
-12.525398139046457
-12.525662181376905
-12.525840200438374
-12.526016216974718
-12.526360346382654
-12.526533640441363
-12.526784938664788
-12.527010417583204
-12.527274905419253
-12.527560951419082
-12.527906021778879
-12.528178119122613
-12.528463456055775
-12.528646984288336
-12.528895264148307
-12.52914966620146
-12.529403449997774
-12.529726172664343
-12.529916367929836
-12.530071401957137
-12.530315844769701
-12.53048480456837
-12.530666114460594
-12.530997043926282
-12.53114271474441
-12.53139316132881
-12.531463158706106
-12.531788211345551
-12.531918953650047
-12.53205121330484
-12.532183845884825
-12.532360845353868
-12.532518303388711
-12.53263915039056
-12.532847242707613
-12.532988676271838
-12.533169057731802
-12.533326012678762
-12.533473221212343
-12.533611333860792
-12.533712305972465
-12.533836804466548
-12.533953345956116
-12.53412205158934
-12.534222951852406
-12.534369374323212
-12.534467906415395
-12.534601301839919
-12.534793279879608
-12.53490520068577
-12.535055836902389
-12.535189566017793
-12.535336527231818
-12.535500682262358
-12.535651226029238
-12.535830288963432
-12.535935983909653
-12.536056963165436
-12.5362247881791
-12.536348987813343
-12.536446073568957
-12.536637886595926
-12.536688981762696
-12.536808641661406
-12.536900655483265
-12.537005821056086
-12.537136799938807
-12.537181145955277
-12.537477141721292
-12.537576826321567
-12.537708780312594
-12.537872898026203
-12.538099054659984
-12.538293626832676
-12.53848038428838
-12.538606703409508
-12.538721019605783
-12.53894103272102
-12.53905912158742
-12.539167163750196
-12.539365690901437
-12.539505151002995
-12.53963794350889
-12.539849835681665
-12.540106944302307
-12.540238408825408
-12.540476564897196
-12.54058361670209
-12.540869542457076
-12.541022232997284
-12.541172187716475
-12.541424549345633
-12.541585801044787
-12.54178861035576
-12.541919586628143
-12.542068959544409
-12.542222160163929
-12.542366034989033
-12.542534972811154
-12.542670769362344
-12.542838896736997
-12.542985188071782
-12.54315646190403
-12.543259048768245
-12.543431422462543
-12.543507058665362
-12.543731877007136
-12.543870975468298
-12.544013709908844
-12.544161105104541
-12.544355566752861
-12.544552049822478
-12.544762141338238
-12.544905584260169
-12.545104011385321
-12.545249442670833
-12.545358179414297
-12.545576187934643
-12.545691359418454
-12.545852125405563
-12.545948097138911
-12.546068123724957
-12.546098920126237
-12.546305871880199
-12.546366144397412
-12.546455757812266
-12.546531663764295
-12.546640143210972
-12.546738446750263
-12.546829440252
-12.546995140977165
-12.547073635743914
-12.547222648815374
-12.547333658544199
-12.547463037924652
-12.547557950537758
-12.54763756541538
-12.547734516646996
-12.547815096694059
-12.547889626136547
-12.547975162932163
-12.548022608964567
-12.548098595950586
-12.548161929953254
-12.54825602227347
-12.548324196700044
-12.548381519668263
-12.548491591547503
-12.54856572141955
-12.548650100930416
-12.548706752737024
-12.548769049711865
-12.548827260016612
-12.54891086187232
-12.548955843595106
-12.549005295231893
-12.549067874253097
-12.549150794598376
-12.5491979575015
-12.549265077078141
-12.549353310561932
-12.54939742139551
-12.549489138572326
-12.549526321347065
-12.549585963795492
-12.54962307745829
-12.549705987391636
-12.549754095579207
-12.549808014517557
-12.549858726328916
-12.549941921402908
-12.550002792198272
-12.550061129732493
-12.550164120187569
-12.550216159968912
-12.550303965796125
-12.550356844960088
-12.550429422381463
-12.550500050904068
-12.550613778150366
-12.550684006209671
-12.550762204551754
-12.550869244364304
-12.550948009342287
-12.551034368583553
-12.551088187699118
-12.5511450725558
-12.551207797122862
-12.551277710358733
-12.551327533562535
-12.551376314333908
-12.551482671091366
-12.551539714962987
-12.55160272482981
-12.551662211978353
-12.551728131214496
-12.551798283394534
-12.551885244654281
-12.551946492120058
-12.552005313833149
-12.552062629014165
-12.552134977679437
-12.552204300399232
-12.552260483265808
-12.552373611823292
-12.55243043100476
-12.552482812406266
-12.552530767274815
-12.552584601555617
-12.552647082802336
-12.552701910634047
-12.552756261760823
-12.552801484643128
-12.552853499776296
-12.552915609398802
-12.552976822002165
-12.553024357463359
-12.553100679337396
-12.553134904221988
-12.553197229411255
-12.553241981025561
-12.553278679621162
-12.55334837034085
-12.553385436184234
-12.553446312191435
-12.553489977072719
-12.55353869943442
-12.553583553782193
-12.553623721007364
-12.553687111378327
-12.55372663705812
-12.553766931953685
-12.553817610152059
-12.553853024583267
-12.553908771430454
-12.553953181452119
-12.553993477226333
-12.554049412847487
-12.554096393623023
-12.554143067784537
-12.554186906620295
-12.554226879883725
-12.554283309667783
-12.55433202089976
-12.554377002900198
-12.554432779860857
-12.554511876898879
-12.554571640168685
-12.554619875353268
-12.554680334917421
-12.554728226148342
-12.554782125510702
-12.55485709016624
-12.554905507661816
-12.55496223226641
-12.555045270069238
-12.555088031998372
-12.555142193136057
-12.555245758333257
-12.55529533397334
-12.55534831732477
-12.555429730671488
-12.555476663433467
-12.555551966378134
-12.555616510888564
-12.555667722531288
-12.55572574825676
-12.555776181650932
-12.555833878037763
-12.555902566515913
-12.555948190051124
-12.55600845522048
-12.556083792310366
-12.55613975406548
-12.556192450466229
-12.556271847436548
-12.556330736876884
-12.556399736385174
-12.556455980566836
-12.556515506368104
-12.55656453608862
-12.556627221745162
-12.556696598132056
-12.55676126379627
-12.55682288388001
-12.556897166706424
-12.556953369067251
-12.557000632823739
-12.557066195665229
-12.557104047500262
-12.557151436676955
-12.55723156475035
-12.55727700899315
-12.557345070522443
-12.557413397688835
-12.557490105223318
-12.557530500537757
-12.557586201669023
-12.557635213769935
-12.557678467892014
-12.557757646131208
-12.55779552314429
-12.557845045942063
-12.55790862947325
-12.557946681061729
-12.558000143229973
-12.558036348108967
-12.558079827389584
-12.558109993002672
-12.55815726655585
-12.558185053470256
-12.558243490818649
-12.558279952853315
-12.558317567195664
-12.558374459704597
-12.55840827548635
-12.55846324157493
-12.558501248215805
-12.55855040803159
-12.558591844852765
-12.558633412925428
-12.558679574381454
-12.558711545646457
-12.558760832062129
-12.55880988094318
-12.558861479006195
-12.558900421596189
-12.558947037070908
-12.558987984084938
-12.5590323636001
-12.559077725602608
-12.559116845644166
-12.559134182679305
-12.559213681146773
-12.559245156388236
-12.5592943544854
-12.559359115803058
-12.559376854937868
-12.559468641334659
