500 iters for seed 15 on 3R0.3 which is in the 78.44314575195312 percentile
 Maxcut: 20.0, MedianCut: 12.0
-11.940954560114118
-12.03229475516428
-12.06599496153173
-12.11586374605395
-12.141968841397526
-12.169101625260907
-12.192260736079806
-12.2130281825495
-12.23021040507065
-12.243196481673312
-12.257251605881095
-12.270182019660613
-12.278812117327508
-12.286223333189039
-12.293481486736766
-12.29999559102497
-12.306085606687883
-12.311284110896612
-12.315410298053427
-12.320587063264103
-12.32481467161538
-12.32974197326365
-12.334623301513997
-12.33805905284553
-12.341859968871468
-12.34449875347595
-12.347064949158728
-12.350767692424862
-12.353004069350963
-12.355577944867706
-12.358583540568008
-12.361418922489154
-12.365019719049121
-12.368355522024883
-12.371072924143
-12.373613452019384
-12.375459696328742
-12.377716461497501
-12.37964662583435
-12.381364507534407
-12.383540115802251
-12.385561121479537
-12.387334562019937
-12.38878482477133
-12.390153289035366
-12.391600281101484
-12.392904558563972
-12.394187411059812
-12.395604689810787
-12.397035729189124
-12.398782784569176
-12.400427020130985
-12.401977996311949
-12.403171147826018
-12.404606405383854
-12.406164517937041
-12.407230910065014
-12.40809235939924
-12.409024115571542
-12.409921173643843
-12.411034456076203
-12.412097291013062
-12.413210826444644
-12.414159129784181
-12.41519007402932
-12.415962170198839
-12.41678765466154
-12.417854149559114
-12.418649871805798
-12.419042957468857
-12.420367212212248
-12.420778615099932
-12.421680471827276
-12.42241742653486
-12.423475033649476
-12.424237412241013
-12.425036834622386
-12.425897572951476
-12.426969331898967
-12.427702009301957
-12.42852702583691
-12.4293239813685
-12.430197650820402
-12.431022360479417
-12.431837684093962
-12.432596044778819
-12.433415685102084
-12.433923424962407
-12.434655770253508
-12.435757978817946
-12.43648756550873
-12.437283081623892
-12.437990751202278
-12.43870219636725
-12.43957729481901
-12.440560692501204
-12.441280530406967
-12.442112466460722
-12.442629166532296
-12.443787635688278
-12.444333923629596
-12.444977338372757
-12.446006386507452
-12.446643721362435
-12.44748180119348
-12.448047809983679
-12.44866273309613
-12.449268550692427
-12.44983403385544
-12.450404816753558
-12.450889374621516
-12.451249814530144
-12.451878893921558
-12.452181969208496
-12.452646490524174
-12.45302957999818
-12.453331103874632
-12.45390023364909
-12.45418421662996
-12.454553385565509
-12.454757405884614
-12.455048175478046
-12.45537062756212
-12.455678222221001
-12.455943711774433
-12.456182628092261
-12.45653650897069
-12.456818691705932
-12.4570624815175
-12.45736672326381
-12.45776058598501
-12.458194916166896
-12.458660959479632
-12.45912456048242
-12.459590469049134
-12.460033619163948
-12.460502846253842
-12.460973251988309
-12.461482787416907
-12.462111192564164
-12.462523113686707
-12.462899323742286
-12.46341517444174
-12.46380454028462
-12.464252735566934
-12.464847971868133
-12.465105051449079
-12.46553774410231
-12.465975984852687
-12.46646513408837
-12.46680125540458
-12.467066371806812
-12.467438731018184
-12.46783003286863
-12.468134947649839
-12.468483857245518
-12.468634500788173
-12.46912138827335
-12.4693365013363
-12.469573100573292
-12.469943373115711
-12.470303261766276
-12.470688843885071
-12.470985520759752
-12.471290431160856
-12.471528503330374
-12.472052474027574
-12.472280460857661
-12.472580712298058
-12.472942637124394
-12.473319843585744
-12.473647880698554
-12.473945148326191
-12.474257420697931
-12.474663853738422
-12.475038568703587
-12.475277500213458
-12.475627339776779
-12.475782303864488
-12.476262666077227
-12.476481002807043
-12.476707653725322
-12.477059243134248
-12.477279861452644
-12.477491428374716
-12.477672738189877
-12.477908471060664
-12.478106485286215
-12.478296433433716
-12.47844542222396
-12.478588819084147
-12.478760970642245
-12.478958030909887
-12.479087157057506
-12.479225529451671
-12.479470467018992
-12.479576100800365
-12.479797018507622
-12.479902012605717
-12.480042207246179
-12.480268950451617
-12.480295928911055
-12.480531982637588
-12.480589550805828
-12.480685617557066
-12.48077276764624
-12.480895125435065
-12.481000130354108
-12.481083511029555
-12.481264023688615
-12.481340132605474
-12.481492606594319
-12.481606982731812
-12.481720717249848
-12.481814187541731
-12.481897489060067
-12.482002370740554
-12.482113991604384
-12.48221750188987
-12.48231005770913
-12.482400326322857
-12.48251369968742
-12.482606004790348
-12.482704008267968
-12.482813947235316
-12.482936028891944
-12.483035795425799
-12.48311321466048
-12.483205621625107
-12.483308216671377
-12.483412087483648
-12.483509396793968
-12.48360251747559
-12.483676493923763
-12.483833764863116
-12.483889436459465
-12.483985848827139
-12.48405892079642
-12.484189503571255
-12.484267687874793
-12.484345427889643
-12.484484113401976
-12.484571756556191
-12.48471440821292
-12.484830343430922
-12.484952327302691
-12.48505435969555
-12.485150724854549
-12.485245401159625
-12.485324308112776
-12.485425347492232
-12.485513748010106
-12.485608322500317
-12.485714754201602
-12.485832802286057
-12.48594034156347
-12.486061193827348
-12.4861621818118
-12.486262953361333
-12.486368103464487
-12.486465253007463
-12.486583351713579
-12.486699333237219
-12.486800349149082
-12.486891892135784
-12.487041819701437
-12.48712436354866
-12.487236375055076
-12.487330554430145
-12.487412975644908
-12.487535294585712
-12.487668379477116
-12.487756503976863
-12.487887779158125
-12.487954016361979
-12.488049322305134
-12.48819155785376
-12.488279994736306
-12.488447064601068
-12.488583971265047
-12.488672518332326
-12.488758683016009
-12.488869463263004
-12.488954786525234
-12.489084822366845
-12.489141001628735
-12.489231581256636
-12.489333227857859
-12.489458488097053
-12.489594033598985
-12.489688234060601
-12.489781524106428
-12.489884202058041
-12.48996979027422
-12.490046523638867
-12.490106702361322
-12.490192833001966
-12.490259979993816
-12.49032843424648
-12.490389619641359
-12.4904462990061
-12.490501863016469
-12.490542990354395
-12.490609698001343
-12.490650041995234
-12.490718303767869
-12.490758402428646
-12.49081350415
-12.490884800749845
-12.490955460190225
-12.490995228234631
-12.491043464572282
-12.49109386466559
-12.491156466253019
-12.49119030597813
-12.491242122710299
-12.491270726091006
-12.491318694315499
-12.491370326252731
-12.491412861644438
-12.491444389296774
-12.491471862242086
-12.491505409482285
-12.491559354882211
-12.491603515429574
-12.491638263997332
-12.491679594129817
-12.49171943706206
-12.49176097578447
-12.4917967619183
-12.491827578078631
-12.49187279806081
-12.491913483385899
-12.491959897350474
-12.492000121372342
-12.492057086136208
-12.492097028670132
-12.492158410601885
-12.492198703504751
-12.492240938566162
-12.492267849428329
-12.492335233624486
-12.49237038269114
-12.49240133097885
-12.492449714982193
-12.492495941108876
-12.492529824300508
-12.492564336406065
-12.492595893737448
-12.492641632160105
-12.492683732688526
-12.492715495560482
-12.492756603508115
-12.492791515982095
-12.492840636417727
-12.492872614345059
-12.492906626012765
-12.492948405321714
-12.492995904551973
-12.49302845605864
-12.493059546221229
-12.493094450250569
-12.493130027717042
-12.493176512031026
-12.493214410291287
-12.493262738638158
-12.493303286058925
-12.493342294555356
-12.49337268813275
-12.493418443745444
-12.49346321956879
-12.4934875473745
-12.493529460504451
-12.493559461961762
-12.493583343373608
-12.493621341579754
-12.493650630005584
-12.493687671762869
-12.493739326713115
-12.493760268257345
-12.493800170931515
-12.493832758040998
-12.493878548780643
-12.493913005099605
-12.49393976386808
-12.493992125919835
-12.494019428695541
-12.494053451896018
-12.494098546454959
-12.494143458706272
-12.494196937214154
-12.494245556715516
-12.494295033629275
-12.494341287461156
-12.49439058540707
-12.494441409655934
-12.494485089197909
-12.494529919614461
-12.494578426814343
-12.494624237463121
-12.494669177258043
-12.494714071366255
-12.494751671674653
-12.494802827462864
-12.494829414996294
-12.494874477260597
-12.494913435720466
-12.494947707017003
-12.4950175327936
-12.49506044535312
-12.495132833245606
-12.495170347837291
-12.495224980713317
-12.495293618461771
-12.495377503666447
-12.495439524816872
-12.495502639870626
-12.495565837437674
-12.495642627608348
-12.495715738276825
-12.495792875093631
-12.495833847031488
-12.495947206400873
-12.496018853895722
-12.496086348535465
-12.496201147075913
-12.496224482238553
-12.496359016196713
-12.496391029727093
-12.496456127488209
-12.496511537201595
-12.496587418486925
-12.496628891337698
-12.49668039535043
-12.496751130702865
-12.49681122873378
-12.496896379424024
-12.496945215766416
-12.496992133736876
-12.497029295600516
-12.497108366727113
-12.497147567536953
-12.49718500142071
-12.497240207371181
-12.49728695439795
-12.497333775771265
-12.497369358343322
-12.49740757445022
-12.49745605630749
-12.497519975921291
-12.497549122928927
-12.497594487685408
-12.497609254257942
-12.497652009182897
-12.497685937021473
-12.497715589479942
-12.49777201584774
-12.497818906791393
-12.497913037960092
-12.497950410767261
-12.498001360545361
-12.498054486272569
-12.498128263689297
-12.498196915078353
-12.498257193599127
-12.498312306603898
-12.498363914141244
-12.498437973782282
-12.498478305361667
-12.498521941706663
-12.498605994652038
-12.498635608189106
-12.49866987143154
-12.498737191067594
-12.498767682496432
-12.498821920212539
-12.498892028907207
-12.498922026620393
-12.498976797649394
-12.499011221123293
-12.499068935595709
-12.499117496812504
-12.49915339142234
-12.499231760923696
-12.49927939223198
-12.499333350462143
-12.499383149687718
-12.499432165599396
-12.499481319536553
-12.499538459167225
-12.49958434283116
-12.499626675470559
-12.4996425427458
-12.499732026232847
-12.499759093656685
-12.499795888393479
-12.499846492819563
-12.499874666198181
-12.499928641905836
-12.499947650476491
