500 iters for seed 111 on 3R0.3 which is in the 78.72085571289062 percentile
 Maxcut: 21.0, MedianCut: 12.0
-12.110707693264892
-12.162760195994048
-12.19535209945828
-12.224548816964933
-12.24752642452089
-12.265662097518168
-12.286241389660987
-12.307312975329065
-12.321874692406245
-12.336656232050565
-12.349630451354404
-12.360976291768022
-12.368721475361362
-12.377004545817648
-12.38400236421375
-12.390365348006329
-12.395943335382373
-12.402170238522748
-12.404057389516531
-12.41070194414972
-12.413069913578703
-12.416660715116686
-12.419879173303624
-12.422617840876754
-12.42465394330338
-12.427028913428199
-12.429321333038361
-12.431727075129725
-12.434298826152418
-12.436381936965386
-12.438813114929044
-12.44190343172095
-12.444205794199304
-12.44667297889319
-12.450679667193828
-12.45352824369638
-12.456822668895505
-12.45921193678062
-12.461613473788796
-12.463171419445036
-12.465192461279601
-12.466800015736796
-12.468659421227796
-12.471598714098059
-12.473688188159722
-12.475438062519974
-12.477679236757881
-12.479137050825665
-12.480892123551167
-12.481937527972795
-12.483029106834234
-12.48426128920776
-12.48560704744338
-12.486540990902423
-12.487649477959081
-12.488906592025748
-12.489932355449683
-12.490783854963368
-12.492226341977382
-12.493240719060504
-12.49437995566232
-12.495718645302949
-12.496444356363163
-12.497191764072573
-12.49829436726192
-12.499002096709269
-12.499895792988475
-12.500660113532046
-12.501343321278043
-12.501803193900033
-12.502854966678152
-12.503264583061018
-12.503937417049029
-12.504412634797081
-12.504816290867169
-12.505508425096785
-12.50580324168909
-12.506209369259125
-12.506595454696175
-12.507087559414527
-12.507531992820237
-12.507962262620186
-12.508387368538449
-12.50880209487031
-12.509174405789784
-12.509568274187856
-12.509903503570037
-12.510250852858498
-12.510801388654217
-12.511207791748522
-12.511626393909765
-12.512009461317692
-12.512340570038276
-12.512797458574513
-12.513428236306067
-12.513760724134826
-12.514267807238632
-12.514610599748089
-12.515082799934397
-12.51589121120838
-12.5163362941176
-12.517216814560015
-12.517777265195306
-12.518275585040499
-12.51867286692227
-12.519104266389999
-12.519547272769676
-12.520060380992845
-12.52071621477503
-12.521313508385001
-12.522009712083735
-12.52264763904681
-12.523156947954716
-12.523595706573358
-12.524342862228814
-12.524663945916046
-12.525124510488777
-12.525511330974616
-12.525866014195945
-12.526587587513994
-12.526889754554375
-12.527291099417024
-12.527542112824404
-12.527852968120163
-12.52821332051178
-12.528640974359941
-12.528930577183303
-12.529280673479034
-12.52954201325712
-12.529868009942614
-12.530347556051662
-12.530655928593687
-12.531006065713893
-12.5313052289913
-12.53154279366266
-12.531837881855079
-12.532159241410167
-12.532456427791173
-12.53276947698644
-12.5331234826126
-12.533503984413963
-12.5338330763913
-12.534074933888219
-12.534481167849181
-12.534677609564636
-12.534937958511183
-12.535246052540684
-12.535473421159983
-12.535515352018898
-12.535917837292086
-12.536039578146005
-12.536235623041708
-12.536525751308801
-12.536578711557791
-12.53710003750556
-12.537262229826617
-12.537533351599446
-12.537801598258081
-12.538132836556557
-12.53841333331263
-12.538682921145709
-12.538899197468073
-12.539064076951941
-12.539376221005094
-12.539521199002436
-12.539659638322359
-12.539868331062975
-12.539997217593337
-12.540139300278874
-12.540462286691682
-12.540566710661759
-12.540690238993575
-12.540806561059103
-12.54095277989434
-12.541087243734907
-12.541185826258069
-12.541329966040653
-12.541460332879135
-12.541557341175388
-12.541666475519172
-12.541767779796512
-12.541902574466238
-12.542014835199527
-12.54210043486454
-12.542269370206801
-12.54238478035596
-12.542503227375857
-12.542638726121906
-12.5427343595401
-12.542860020591103
-12.543013658244066
-12.543118065110571
-12.543197981449126
-12.543327949247589
-12.543421748920931
-12.54350337062041
-12.543653676930555
-12.543713339433227
-12.543806386111681
-12.543912462626686
-12.544017326334963
-12.544091468474278
-12.544168866171509
-12.54423484851526
-12.544340290454988
-12.544431159586502
-12.544513663438753
-12.544612680100872
-12.54470208905133
-12.544813304207143
-12.544923384675704
-12.545026902026532
-12.545141882328506
-12.545270671606382
-12.54539379873434
-12.545516805789841
-12.545618101436409
-12.545740490408637
-12.545866204371922
-12.545978332290082
-12.546064608102897
-12.546241066838363
-12.546286873755392
-12.546410976210955
-12.546490378685677
-12.546596210761262
-12.546770043780455
-12.546860440919835
-12.547017165625704
-12.54714528748911
-12.547263669618562
-12.547384299632757
-12.547485178314076
-12.547603667981717
-12.547701039888562
-12.547798405619234
-12.547980287217632
-12.54806576328239
-12.54812814201691
-12.54826376265092
-12.548354041304894
-12.548493412569833
-12.54860989088133
-12.548704987509716
-12.548773373100188
-12.548840256781066
-12.548917181618608
-12.548971735560434
-12.549052979338402
-12.549108774876352
-12.549163550202183
-12.549223927960643
-12.5493090611596
-12.54938968787951
-12.549505655558205
-12.549575427683168
-12.549668464084286
-12.54972361123928
-12.54982037297691
-12.54988480521147
-12.54995508998013
-12.550056323081387
-12.550181372366401
-12.550261940686198
-12.550355673127633
-12.550407863023349
-12.550477057494389
-12.550555905793711
-12.550606386241764
-12.550715044722269
-12.550813689824363
-12.550884714013222
-12.550964028493643
-12.551035187809529
-12.551151514281319
-12.551219174587127
-12.551279415569137
-12.551349995039658
-12.551408020158366
-12.551475920798037
-12.551531294321101
-12.551587739768465
-12.551653756668895
-12.551721768678028
-12.551816778302069
-12.551885734175169
-12.55196323269949
-12.55205431479176
-12.55212632376429
-12.552217083353593
-12.55228218226491
-12.552338592259812
-12.55238536511582
-12.552441012396136
-12.552501355202354
-12.552546835746988
-12.552592895582748
-12.55265133932764
-12.552706590536175
-12.552756947943445
-12.552804921125922
-12.552866961017054
-12.552936893710601
-12.55299012876263
-12.553058149942096
-12.553126910873072
-12.553192728293789
-12.553265237927418
-12.553308508016865
-12.553360362572073
-12.553465409713798
-12.55353072734738
-12.553634979928631
-12.55372328813082
-12.553810688337935
-12.553880317486438
-12.553950792992655
-12.554033008978234
-12.554102861738647
-12.55416086982832
-12.55423496843561
-12.554286206726863
-12.554354238523455
-12.554411869066014
-12.554469585734713
-12.554534164503416
-12.55462350791709
-12.5546784784349
-12.554741742829924
-12.554846977667477
-12.554860696085187
-12.55496092087318
-12.55499183195677
-12.555061573889368
-12.55511839504901
-12.55518950736795
-12.55524729013531
-12.555298372979964
-12.555372399854306
-12.555448360018616
-12.555506291471062
-12.55557214160098
-12.55558511989658
-12.555678597271973
-12.555709641787747
-12.555747302115911
-12.555810778637746
-12.555855434518493
-12.555917520360879
-12.555969914909967
-12.556035041448522
-12.556100364967255
-12.55615839714347
-12.556236441040301
-12.556299661194895
-12.556385290010912
-12.556421690963354
-12.55651539409503
-12.55655053369468
-12.556618658835292
-12.556681758483803
-12.556746714181314
-12.556790416049179
-12.55683511153932
-12.556871200488654
-12.556906725427673
-12.556966480556914
-12.55700863052362
-12.557059301440258
-12.557111738501892
-12.557156892731099
-12.557204265259806
-12.557260254870325
-12.557321192739655
-12.557386596256787
-12.557451387972039
-12.557493240329546
-12.557546612314026
-12.55758592134503
-12.55763156788663
-12.557683953796143
-12.557719283227978
-12.557761224149559
-12.557795744296712
-12.557831741404337
-12.55785277389942
-12.557904340027559
-12.55791211809928
-12.557960633430463
-12.557981386977655
-12.558009396108188
-12.55804717604611
-12.558069025672028
-12.558107793858452
-12.558132708617904
-12.558161579429571
-12.558190015078491
-12.558210250293357
-12.558255736084508
-12.558275257592141
-12.558308355700275
-12.558317775226106
-12.558366036751009
-12.558388973295827
-12.558415785578031
-12.558454506596965
-12.5584746193001
-12.55851190802538
-12.558536198461319
-12.558571699463418
-12.558591494107215
-12.558619112163896
-12.558638949804626
-12.558660030116721
-12.558689398317101
-12.55872246698559
-12.558742785940309
-12.558777452577887
-12.558801271119062
-12.558827296531993
-12.558860572331955
-12.558874028813904
-12.558892277339591
-12.558921337658523
-12.558940702204286
-12.558981948394868
-12.55900909747858
-12.559035444956873
-12.55904967312077
-12.559072503171205
-12.55909914011357
-12.559132464115653
-12.559154899445568
-12.559176121377511
-12.559208491667233
-12.559229518707848
-12.559261903084117
-12.559282400915414
-12.559307347356512
-12.559327464603738
-12.559371885874699
-12.559388355583806
-12.559406295459219
-12.55942791758974
-12.559455065914946
-12.559481021733415
-12.559513179036404
-12.559538667264341
-12.55956388764706
-12.559604183158966
-12.55962606127046
-12.559670022525319
-12.559702825960812
-12.55972668094342
-12.559756730977016
-12.559791857369758
-12.559826152828617
-12.559854387118211
-12.559878780027308
-12.559906696150897
-12.559941633300522
-12.559970518489308
-12.559997700087942
-12.560022549918335
-12.560057565260994
-12.560084693232342
-12.560106376828418
-12.560135432114372
-12.560161021842314
-12.560192078557003
-12.56022062909989
-12.560249614806498
-12.56028905523598
-12.560325298172001
-12.560357405203053
-12.560387382262396
-12.560412574539141
-12.560446377629663
-12.560453530839045
-12.560494737089558
-12.560510321235743
-12.56053138241657
-12.560560956459463
-12.560583992143005
-12.560617429062418
-12.5606369909475
-12.560664641857151
-12.560692877297566
-12.56072326016448
-12.56076198433553
-12.560782658633276
-12.560804888590862
-12.560849290084361
-12.560868664826913
-12.560896959414796
-12.560915455365052
-12.5609448638771
-12.560963178239827
-12.56099263245555
-12.56101015262376
