500 iters for seed 70 on 3R0.3 which is in the 78.76968383789062 percentile
 Maxcut: 21.0, MedianCut: 12.0
-11.838051339445201
-11.860433425969774
-11.943600123637678
-11.97489339365141
-12.032310377128022
-12.073607790873266
-12.10907086155488
-12.136318460952264
-12.153897733831105
-12.171661870884513
-12.189493993245037
-12.206856289443095
-12.219750734610862
-12.232836327950492
-12.245347628631608
-12.255176943749616
-12.264814739778517
-12.275266350285095
-12.28527750915249
-12.29330487516753
-12.302260398757598
-12.310760012677925
-12.31839891076427
-12.325258379909751
-12.332685891999889
-12.339575427716913
-12.347375841365169
-12.35384179794265
-12.358601478984747
-12.364712208742892
-12.369051995158733
-12.373021587022775
-12.37664615832589
-12.380351073541828
-12.382176255514116
-12.385587891096458
-12.387418532887867
-12.38922888337877
-12.391296765971276
-12.393383628396226
-12.39513374614013
-12.397010428460328
-12.399110429758817
-12.40121414007135
-12.402455105150835
-12.404389427280252
-12.406426110179048
-12.408210362868068
-12.409476434330815
-12.41109678042675
-12.41220374892278
-12.413680849186575
-12.41532460939157
-12.41632682966666
-12.417546511621794
-12.419287926364532
-12.419941999584779
-12.4215432316522
-12.422764771014506
-12.424255387017736
-12.425289433559248
-12.426895592863605
-12.428057198394267
-12.42989726141964
-12.431198231422053
-12.432370020374616
-12.433371683544967
-12.43494058596903
-12.435868046035
-12.436922573771902
-12.437996717521802
-12.439009877357664
-12.439566262584082
-12.440252052735222
-12.440730234802086
-12.441305112418688
-12.441970788426378
-12.44240512023961
-12.443375645725153
-12.44399442948854
-12.444573982732784
-12.44503777744757
-12.445535715318004
-12.446099400809727
-12.446589900121527
-12.447123814790407
-12.447572883671047
-12.448096230310313
-12.448614878717246
-12.449040078620625
-12.44931987918923
-12.449921349687905
-12.45006448012753
-12.450448677009438
-12.450704934520203
-12.451006713547608
-12.451409784164863
-12.451687717741285
-12.452123854038451
-12.452356780150534
-12.452661817793066
-12.452918508357186
-12.453346367542279
-12.453519978490615
-12.453762058272838
-12.453916069489077
-12.454170107906194
-12.454330493045628
-12.454490280850791
-12.454795381146342
-12.454975124590483
-12.455302709206675
-12.455556371979142
-12.45581773577384
-12.455970649788842
-12.45618596451502
-12.45637430040676
-12.456518502238879
-12.456758458052265
-12.456911389671179
-12.457061947962803
-12.457200145181963
-12.457325596982287
-12.457480276334152
-12.457600354805628
-12.457696245728435
-12.457809071632123
-12.457884178807461
-12.45797914861286
-12.458047962594389
-12.458114907002848
-12.458164266463392
-12.458293122497889
-12.458348748692718
-12.458416001236968
-12.458525160364717
-12.458599917633551
-12.458704606784043
-12.458781708400112
-12.458913698146551
-12.458964877225707
-12.459116158991245
-12.459188129608705
-12.45926522584712
-12.459356135751515
-12.459459875636796
-12.459546875393738
-12.459655485565786
-12.459755307030505
-12.459834203550574
-12.45995680837299
-12.460055805038524
-12.460163268696565
-12.460334606154317
-12.460427018758308
-12.460533343465045
-12.46073537526521
-12.460814807826804
-12.460933973393992
-12.46108704644576
-12.461210363685723
-12.461332566097443
-12.461567619608546
-12.461694768586241
-12.461846941966893
-12.462019175741782
-12.462251938186967
-12.462473905978701
-12.462659219013357
-12.462845660343055
-12.46304762977585
-12.463372261134106
-12.463578871406002
-12.463839781495398
-12.464097246649166
-12.464294074153656
-12.464451213996151
-12.46470038668257
-12.464877189997775
-12.46505005461917
-12.46525966095416
-12.465373859046656
-12.465536201212721
-12.465634562545766
-12.46583442423106
-12.46591406416286
-12.466074040149918
-12.466278991735361
-12.466470013091662
-12.466673286996572
-12.466833553416905
-12.467001951391197
-12.467128611080824
-12.467341472761165
-12.467492922474543
-12.467693684606347
-12.467859298036732
-12.468062324990028
-12.468281199585597
-12.468430439450652
-12.468594268192469
-12.468837483732177
-12.469001634254536
-12.469163253398696
-12.469321639976204
-12.469510507391714
-12.469683322023421
-12.469859894968874
-12.469949003639188
-12.470100440976346
-12.470202692140408
-12.470316749358776
-12.470452571628556
-12.470531467738374
-12.470685304980059
-12.470858789690324
-12.470949787000254
-12.47109246473311
-12.471196487070364
-12.47132153033541
-12.471513733178135
-12.471631841040166
-12.471822286541338
-12.472059948102373
-12.472184687318453
-12.47241712792655
-12.472562879911772
-12.472826195589061
-12.473018011090769
-12.473200512372047
-12.473519139457306
-12.473698265670848
-12.474030528871152
-12.474198178254897
-12.474407341218274
-12.474634825087705
-12.474977819510755
-12.475171617257011
-12.475373357264358
-12.47558954657228
-12.475790592964788
-12.476021752702389
-12.476173902720388
-12.476317870126326
-12.476517579391956
-12.476793600023377
-12.476931810867615
-12.477130862643298
-12.477319141510106
-12.477558118818683
-12.477866977442902
-12.478102735621079
-12.478337303327448
-12.478556130622982
-12.478763780717399
-12.47893838037603
-12.4790922340305
-12.479310581989639
-12.479449058344116
-12.47959888870341
-12.479787856256591
-12.479921500433836
-12.480147366960512
-12.480393965600465
-12.480513450662453
-12.48072429625412
-12.480839304300433
-12.481008460716366
-12.481172812117649
-12.481304340684616
-12.481471059453135
-12.481640237126513
-12.481757577065299
-12.481958479744824
-12.482037293275951
-12.482169488441864
-12.482285498330686
-12.482387294255341
-12.482587130768561
-12.482711042832628
-12.48285715193079
-12.482944285964194
-12.483066794878681
-12.483207573299552
-12.483359851542088
-12.483465677453676
-12.483574722268912
-12.483703795600825
-12.483841588467344
-12.483989882553315
-12.484130811128233
-12.484318642671697
-12.484620564799393
-12.484767906451955
-12.48494600074356
-12.485120177635316
-12.485358715570896
-12.485609206557427
-12.485784928216034
-12.4860554803163
-12.486276577790916
-12.48643763295056
-12.486586324533018
-12.486718434428663
-12.4869361631784
-12.487097852286723
-12.487210186679
-12.48737078719984
-12.487498228104531
-12.487651651430884
-12.487778518468028
-12.487884435197387
-12.488007268496233
-12.48812573704245
-12.488247866871987
-12.488349431499062
-12.488454894854428
-12.488549701265315
-12.488652651677647
-12.488725069743015
-12.488826426621497
-12.488878364695486
-12.488997332352177
-12.48907068079966
-12.489147734062213
-12.489216403375462
-12.489337506788395
-12.489422707351542
-12.489493203731861
-12.489615397090901
-12.489691070598626
-12.489814068390997
-12.489907408201582
-12.490036758106164
-12.4901467426199
-12.490247681137902
-12.490382890564911
-12.490455659620807
-12.490553462073052
-12.490641425110585
-12.490748034340992
-12.490808762543379
-12.490919506713215
-12.491022383353815
-12.49115334329276
-12.491263806848925
-12.491368151863725
-12.491461266226828
-12.491549708439782
-12.491668920537462
-12.49174929238259
-12.49186183059097
-12.491972251593378
-12.492091677671539
-12.49216573022984
-12.49228247877311
-12.492352362167708
-12.492499011910278
-12.492627188413714
-12.492732141254304
-12.492853395276859
-12.493034651011888
-12.49317028134577
-12.493297712765244
-12.493498360216376
-12.493647504813612
-12.493811611547548
-12.493921417975184
-12.494033210801089
-12.4941631172055
-12.494293702850676
-12.494411249204406
-12.494515017994132
-12.494637794931155
-12.49475571647477
-12.494893358791943
-12.495033346221788
-12.495150576798483
-12.495272303876751
-12.495359652073688
-12.495482578072505
-12.495600780742281
-12.495738631144953
-12.495847607953452
-12.495953458104648
-12.49606462038296
-12.496181643875069
-12.496345026615067
-12.496434098260947
-12.496547026240476
-12.496714453062886
-12.49682449550713
-12.496934131493415
-12.497088330327148
-12.497182203738207
-12.497294768871743
-12.497419015859839
-12.497563086305508
-12.497679946080133
-12.497762447397628
-12.497872813284332
-12.497989121336737
-12.498054464665074
-12.498181041241718
-12.498208144191203
-12.498316019243982
-12.498363472086362
-12.498428471843408
-12.498526100807423
-12.49858113381656
-12.49867800969577
-12.49872095973313
-12.498791272984295
-12.498923367174209
-12.49900692556131
-12.499123974641758
-12.499203405833736
-12.499273574974499
-12.499380390783275
-12.499522498527478
-12.499631267920163
-12.499763845793204
-12.499921025895445
-12.500009018236002
-12.500165363305685
-12.500264535628133
-12.500366134604025
-12.50045701421789
-12.500551550177363
-12.500664024291499
-12.500765995722332
-12.500879157804833
-12.50096959550788
-12.501064534240243
-12.501162269013836
-12.501253323978695
-12.501344875587728
-12.501431552638888
-12.501532469633993
-12.501627677441787
-12.50170262831583
-12.50180105794338
-12.501898869979087
-12.502018448747233
-12.502120514608746
-12.50219649579568
-12.502377504567958
-12.502423011017198
-12.502587584186516
-12.502654705006183
-12.502749279490477
-12.50284701115146
-12.502965590360407
-12.503039118287898
-12.50312419088061
-12.503199250852346
-12.503293346922094
-12.503425517763667
-12.503514707648492
-12.50361582271897
-12.503800430010468
-12.503935634713597
-12.504064432709491
-12.504225577602556
-12.504329419702255
-12.504446935740747
-12.504671275553463
-12.504781378554075
-12.504885722576665
-12.505057397845105
-12.505152483340723
-12.505278306280918
-12.505388842218988
-12.505479065050917
-12.50553375009543
-12.505680205022818
-12.505724268599332
-12.505810168204889
-12.505866989832143
-12.505939719513101
-12.506040918605901
-12.506106675996314
-12.50622964207981
-12.506310165370564
-12.50638838155291
-12.506462113968961
-12.506537583856966
-12.50661607508629
-12.50668673234124
-12.50674073013792
-12.50682793125571
-12.506878574029065
-12.506937743275888
-12.507025681212482
-12.507066579732129
-12.507112841161357
-12.507195715244567
-12.507243933423114
-12.507269064730183
-12.507374030031958
