500 iters for seed 0 on 3R0.3 which is in the 94.74411010742188 percentile
 Maxcut: 21.0, MedianCut: 12.0
-12.020410111345143
-12.084111698307934
-12.11547038349503
-12.180515760807475
-12.210640544987161
-12.235582858174322
-12.260382647149822
-12.28048958889405
-12.295653865561723
-12.308033624972463
-12.321220560704775
-12.33373220589768
-12.34657633329061
-12.358469227146418
-12.369405679563252
-12.378358686732161
-12.386803648345
-12.395279254536161
-12.400764686968115
-12.405389374029529
-12.411837947105976
-12.41509843623418
-12.42007141163098
-12.42413896685429
-12.426757212077948
-12.430320005415389
-12.433920031173882
-12.437042795155898
-12.440486480793693
-12.443039555022946
-12.445458841872835
-12.44886411504092
-12.451160007094405
-12.454074956724112
-12.456693348261206
-12.458497323849986
-12.460015797487259
-12.462502109650833
-12.463963818742075
-12.465982199577516
-12.467709306098254
-12.469248271288624
-12.47053272822517
-12.472503119569593
-12.473785654023471
-12.475439840676385
-12.47665755818283
-12.478829600503902
-12.47981128000935
-12.481044923027449
-12.482307031239621
-12.483372886308064
-12.484183635815501
-12.484924026242325
-12.485517499894287
-12.486170898865707
-12.486874722890139
-12.487473363854221
-12.48830577430812
-12.488959388043725
-12.489503710550999
-12.490177779689914
-12.49082577873608
-12.491608051533033
-12.492208075567302
-12.492726924226757
-12.493425729857634
-12.493985812429953
-12.494636290124651
-12.495343099954418
-12.495896001383127
-12.49666728722769
-12.497815839936733
-12.498375899152686
-12.499419536868652
-12.50012419533078
-12.5010020669563
-12.501691191358512
-12.50292403927375
-12.503710066299249
-12.504632758365027
-12.504817059451122
-12.506197559685056
-12.506705362768122
-12.507374719359373
-12.5081998922915
-12.508547364800753
-12.50943173347873
-12.5097514212772
-12.51029282131448
-12.510572161219251
-12.511241881260007
-12.511592448795787
-12.51197504738391
-12.512559135751193
-12.512943413887488
-12.513511189556382
-12.514041098193854
-12.51452380038439
-12.514797770116758
-12.51539626591667
-12.515716659374394
-12.516102473885013
-12.516721386645735
-12.516984186397444
-12.517695652287182
-12.517995522056276
-12.518492893493377
-12.518817115536033
-12.519337390546436
-12.51971195819674
-12.520100668241854
-12.520607194337797
-12.521080212853112
-12.521355362767709
-12.521862948285388
-12.522266257938805
-12.522729219485067
-12.52311258128931
-12.523488571352562
-12.52378466290692
-12.524125849994626
-12.524402879685027
-12.524635411999041
-12.524889669399013
-12.525243104151764
-12.525553422867638
-12.525796114279348
-12.526161911290863
-12.526396810308292
-12.526670611817632
-12.526989972005124
-12.527194757816238
-12.52742365789148
-12.52773477031403
-12.52798369846844
-12.528149082936247
-12.52853119105834
-12.528697528882837
-12.528898941477587
-12.529121047646917
-12.52931956349837
-12.529645440893653
-12.529723835002708
-12.529982404463258
-12.530077124200083
-12.530237057911421
-12.53048302416758
-12.530634240322046
-12.530814982122672
-12.5309656915346
-12.531176922594797
-12.53131062897876
-12.531470086659363
-12.53170810740777
-12.531843627788973
-12.532038952433398
-12.532352221653403
-12.532469878972904
-12.532660221488257
-12.532893573165959
-12.533182929663255
-12.533462533059541
-12.533737954681676
-12.533955976540275
-12.53416784253536
-12.534511400756571
-12.534772186822128
-12.53500248991053
-12.535418875657795
-12.535635334673966
-12.535982710496466
-12.536325489121335
-12.53659959220756
-12.537085413092965
-12.53747197348545
-12.537807103374567
-12.53812704404395
-12.5383783480572
-12.53881682216491
-12.53925653790671
-12.539664656706666
-12.539988163144947
-12.540466692594133
-12.540893876491614
-12.541347497896723
-12.541790031601035
-12.542162254475587
-12.54231166497107
-12.542985552311006
-12.54318297160496
-12.543509954068153
-12.543860402954028
-12.54420216146603
-12.544496719492727
-12.544720166506915
-12.545011899063075
-12.545296331274805
-12.545504131838843
-12.5458702180099
-12.546062292928799
-12.546328177752654
-12.54660800822648
-12.546830479559041
-12.547073620523967
-12.547316093844344
-12.547547356683431
-12.547747344596512
-12.547918281050922
-12.548104486220064
-12.548263083522265
-12.54848640058087
-12.548640426952016
-12.548781260238298
-12.54894476207916
-12.549102754835749
-12.549237060617147
-12.549412999126222
-12.549499934835847
-12.54964564503764
-12.549812944813134
-12.550001378995377
-12.550127836329935
-12.5502919326302
-12.55042794591999
-12.550579389246309
-12.55080383209748
-12.55090917116069
-12.551019023980773
-12.551198413976891
-12.551292165739746
-12.551467437137152
-12.551615581293198
-12.551718285487745
-12.551865367979477
-12.551965103873393
-12.552104538711497
-12.552198140483675
-12.55226951552408
-12.552436977202344
-12.552574745993503
-12.552707976236508
-12.552844312957198
-12.552953335755653
-12.55300416158148
-12.55321046055144
-12.553266535223596
-12.553365591213115
-12.55346842924828
-12.553590503411106
-12.553674578762205
-12.553759787773963
-12.553840505996016
-12.553949515616816
-12.554037868370843
-12.554114568579859
-12.554238514395825
-12.554359276909734
-12.55444388225958
-12.554545004595152
-12.55464191472695
-12.554720255106204
-12.554825097362016
-12.5549246442589
-12.555046451500507
-12.555148105119663
-12.555274232563963
-12.555352313523409
-12.555458884085093
-12.555572994719377
-12.555635356797048
-12.555803466935538
-12.555868444368652
-12.555993255639388
-12.556091085861825
-12.556176395185936
-12.556255047182132
-12.556338877848955
-12.556423050879904
-12.556500063277532
-12.55655890962276
-12.55664889767391
-12.556710538661527
-12.55678192543635
-12.556917579375966
-12.556938803719254
-12.557018382247316
-12.557070342551654
-12.557136459556599
-12.55720831592404
-12.557251355784537
-12.557345091905162
-12.55741708176162
-12.557529071753791
-12.557566184273153
-12.557649807575109
-12.557704351820975
-12.557770003149033
-12.55785303141046
-12.55793744512992
-12.55799269750397
-12.55806472617372
-12.558114790220705
-12.558167142013723
-12.558265011474173
-12.558308525194661
-12.558359439190875
-12.558518344220401
-12.558559004909696
-12.558631625423747
-12.558711118089764
-12.558764496352719
-12.55886846728828
-12.558929524563947
-12.559007612297663
-12.559071354344036
-12.559142914644529
-12.559206437175988
-12.559265354384898
-12.559330200163787
-12.559374982495488
-12.55943639806016
-12.559512772198682
-12.559586133943771
-12.559632939980537
-12.559702422886277
-12.559741152372887
-12.559792651506136
-12.559861368385215
-12.559904500391333
-12.560012919303341
-12.560076388369794
-12.560138427371534
-12.56020851484998
-12.560273771071884
-12.560346814929797
-12.56039960026212
-12.56044420240881
-12.560500918586062
-12.560558903087223
-12.560640764078068
-12.560690638609769
-12.56074685788639
-12.56083217904363
-12.560897113049766
-12.560975257524442
-12.561019263301608
-12.561077751274
-12.561090632733631
-12.561205253823294
-12.561253754708469
-12.561330097075407
-12.561361208454413
-12.561454365096994
-12.561513856976461
-12.561597790009536
-12.561677822467548
-12.561790651479647
-12.561881577776687
-12.561969763006068
-12.562050137558305
-12.562116345390216
-12.562169294371518
-12.562270981457779
-12.562336611500259
-12.562425598856388
-12.562522292950408
-12.562594313369141
-12.562700276775377
-12.562823728228937
-12.56289487851041
-12.563011581835996
-12.563047401594678
-12.56314933408018
-12.563212545388119
-12.563286666318964
-12.563414524401997
-12.563488703164754
-12.563589372831888
-12.563662128864452
-12.563747081949941
-12.563811097716902
-12.563917454266733
-12.563984869760901
-12.564066639316385
-12.564194844958848
-12.564269114405285
-12.564373428973825
-12.564426475305932
-12.56449166918991
-12.564534942951653
-12.564635473945586
-12.564674480729359
-12.5647191095709
-12.564794800068919
-12.564872794835873
-12.564934384967332
-12.565008533083155
-12.56505988250112
-12.565112013075964
-12.565202234142953
-12.565248698094758
-12.565308043096339
-12.565367068029673
-12.565466256727492
-12.56549484653141
-12.565626008101159
-12.565670951375797
-12.565721136937887
-12.56579833252873
-12.565834293141018
-12.565902808021395
-12.565936794146719
-12.565983415712783
-12.566066096165883
-12.566117377133956
-12.566169402769217
-12.566218527955504
-12.566275085695963
-12.566332222108192
-12.566401039344061
-12.566446997836293
-12.566501571256694
-12.566559339755702
-12.566629862282117
-12.566689652021156
-12.56674825935077
-12.566812063785651
-12.566898733081713
-12.566974698713533
-12.56703419435271
-12.567128557072623
-12.567249099870967
-12.56732533144181
-12.5674146668575
-12.567480572396784
-12.567579669038988
-12.567673081274505
-12.567734350121288
-12.567841497904816
-12.567885008806378
-12.567967521133747
-12.568005657721928
-12.568062722590753
-12.568163299059922
-12.568202723247229
-12.568276988478463
-12.56833449420743
-12.568401707068672
-12.568461833244916
-12.568524736652716
-12.568591474686196
-12.568642517067076
-12.56869486790853
-12.568760922784637
-12.568791842036193
-12.568870100170312
-12.56891000989284
-12.568956786469359
-12.56903055929061
-12.569069702338854
-12.569130829402155
-12.569171415982023
-12.569226426912167
-12.569279707969997
-12.56933440821568
-12.56939025494755
-12.569456219495803
-12.569518996235097
-12.569595267537249
-12.56964330219196
-12.569687052547721
-12.569780743820772
-12.569805322852492
-12.569861913219967
-12.56990779844132
-12.569947858343443
-12.57001763117556
-12.570051473421717
-12.570116510583883
-12.570164640723972
-12.570230096371386
-12.570273027080821
-12.570312737487274
-12.570365883103706
-12.570402582869201
-12.570463611376013
-12.570511961437727
-12.570557381649927
-12.570611750490059
-12.570653803260688
-12.57069536049446
-12.570735028344654
-12.570777572062253
-12.570816308166352
-12.570877540637987
-12.570902365483498
-12.570948357670622
-12.571010535893867
-12.571043974454618
