500 iters for seed 75 on 3R0.3 which is in the 78.51943969726562 percentile
 Maxcut: 20.0, MedianCut: 12.0
-11.999388817486656
-12.002130353858625
-12.036952515748723
-12.108731025919369
-12.145245657716119
-12.199310019650428
-12.227837615935186
-12.251138019729561
-12.275522375170365
-12.29803162692893
-12.317004870283446
-12.333055165847203
-12.345921463239407
-12.358023344634933
-12.36866338972701
-12.377759973026974
-12.38474297241311
-12.391368083782698
-12.398007854878358
-12.40299688711697
-12.408867639975405
-12.414679123069655
-12.420339648713213
-12.425056475291019
-12.429630912700526
-12.434045638102763
-12.43871335152922
-12.443421744713675
-12.448199848830408
-12.451971287381134
-12.455876177692602
-12.45875689253636
-12.461691083619362
-12.465492523065656
-12.469169446012915
-12.472499555349454
-12.475335388538102
-12.477477915342686
-12.480113869237204
-12.482264681171294
-12.484267062647591
-12.486692924303991
-12.48857255718434
-12.490501209450402
-12.492089497115169
-12.493551844091098
-12.49474398636465
-12.496090504112466
-12.496892123134186
-12.497756165717874
-12.498501519384257
-12.499447362164878
-12.500164256140751
-12.50085562423245
-12.501995366716294
-12.502584769877805
-12.503473008941409
-12.504028236770655
-12.504716697515347
-12.50565671318991
-12.506722123114915
-12.507392415979869
-12.508273893084006
-12.508724438264199
-12.509398577458292
-12.510126756830864
-12.510538860313112
-12.511608272992337
-12.511955279355156
-12.512800482737465
-12.513208849346153
-12.513813096829905
-12.514269163607867
-12.515020362205474
-12.515411989147168
-12.515894004131322
-12.516519880278306
-12.517055478741394
-12.517473767395353
-12.517942901227665
-12.518352550488318
-12.518966208659837
-12.519453339661759
-12.519931070678634
-12.520406498349729
-12.520813349618715
-12.521167918963082
-12.521563063504578
-12.52186293747302
-12.522272259566858
-12.522905843072555
-12.523138112258406
-12.523515333241093
-12.52382198023738
-12.52410506507856
-12.524549546431487
-12.5247978395963
-12.525240403183025
-12.525534827575743
-12.52588722217186
-12.525998312982468
-12.526337349462382
-12.526558609806006
-12.526780716423234
-12.52711345492775
-12.527320551989387
-12.527646604519763
-12.527909060182363
-12.528224329931502
-12.528456383292376
-12.528855334552851
-12.529076871542019
-12.529322565455752
-12.529641546017256
-12.530026401026888
-12.530351466973286
-12.530770937176129
-12.531004285434225
-12.531297867267126
-12.53167538406609
-12.53189248722771
-12.532049176172256
-12.532517587962602
-12.532688562909396
-12.532929231131575
-12.533362911002298
-12.533562228160637
-12.534014655085706
-12.534191809156482
-12.53446790593716
-12.534675945272271
-12.534990728188316
-12.535175847105908
-12.535360768892046
-12.535717289442434
-12.535899615300274
-12.53612549568412
-12.536286502333734
-12.536465535627935
-12.536647634036692
-12.536824927799948
-12.536994757169175
-12.537166948710336
-12.537305236754996
-12.53748608291119
-12.537563320853772
-12.53776272511901
-12.537886748002538
-12.537995472633396
-12.538175727068214
-12.538281801472225
-12.538465502606686
-12.53857312959058
-12.538710731129155
-12.538823866946773
-12.538947071221546
-12.539110897791574
-12.539188612761542
-12.539273029608818
-12.53937396420864
-12.53945549238844
-12.539532161600484
-12.539664985824725
-12.539778483392766
-12.539838779376884
-12.539953955557294
-12.540017677014497
-12.540076423287179
-12.540174145644597
-12.54023726418591
-12.540390898704032
-12.540418854325045
-12.540543678562964
-12.540586679957599
-12.540678220865164
-12.540793114859518
-12.540865012036368
-12.540967426784992
-12.541056405652002
-12.541138402898111
-12.541228054355786
-12.541310852505065
-12.541398835006007
-12.54146306886367
-12.541536219912203
-12.541643071399136
-12.541724128432971
-12.541792000277997
-12.54192082945911
-12.541982557657903
-12.542065478614592
-12.542179406370202
-12.542302322562072
-12.542370607109586
-12.54249236558993
-12.542559617678661
-12.542680482963293
-12.542782017271197
-12.542854002647363
-12.543007424124696
-12.543099318839559
-12.543232335500454
-12.543305072139852
-12.54342290487704
-12.543554370305337
-12.543719594757318
-12.543817335575866
-12.54396579703712
-12.544119532542869
-12.544304339009201
-12.544473010033547
-12.544611866312955
-12.544747979401933
-12.54486388345696
-12.545083309898065
-12.545183881430763
-12.545306917826364
-12.545510565987549
-12.545626326582294
-12.545768014582082
-12.54585514342939
-12.545973427350702
-12.54610808040792
-12.54629139661517
-12.546387903322303
-12.546501343525325
-12.546581181199858
-12.54669463935237
-12.546788929418943
-12.546860668052846
-12.546989771524334
-12.547076651052034
-12.547169895429523
-12.54724817248281
-12.54732135854063
-12.547388175062714
-12.547480451380784
-12.5475490042409
-12.547637394576931
-12.547703210106764
-12.547791217400519
-12.547849373258792
-12.547901929854426
-12.547993563652247
-12.548072969663028
-12.548135697117079
-12.548203038556213
-12.548254229759062
-12.548354762595782
-12.548441620312007
-12.54852365179908
-12.548607227201604
-12.54868401888111
-12.548769878042078
-12.548844258575972
-12.548921350852726
-12.548996292027095
-12.549073614290062
-12.549143708032574
-12.549236397441147
-12.549318260075555
-12.549386939030603
-12.549459248705109
-12.549507972367538
-12.549600135046738
-12.549641572375053
-12.549709300487176
-12.549768475648875
-12.549852884147182
-12.549919675328493
-12.54998317346905
-12.55004143015316
-12.550119313194664
-12.550193833003686
-12.55026114804896
-12.550373867876294
-12.550490233154695
-12.550565762755522
-12.550655728815778
-12.5507216425651
-12.550773174463107
-12.550881278971637
-12.550933713040687
-12.550998001565178
-12.55111336623407
-12.55116788743392
-12.5512443299118
-12.551361841846123
-12.551414094326104
-12.551478967845586
-12.551529480707856
-12.551586874848637
-12.551668545738284
-12.551749218066126
-12.551807429589738
-12.551879770517868
-12.551942136271578
-12.552025278279274
-12.55208563097303
-12.552157200208516
-12.55221070563624
-12.55229597696315
-12.55233901328824
-12.55244132721582
-12.552511164142278
-12.55258570457115
-12.55269397365738
-12.552769352190586
-12.55284271927083
-12.552904128261423
-12.552966887209802
-12.553039126103402
-12.553105301120109
-12.553174578772996
-12.553228107296768
-12.553304895275561
-12.553378017851138
-12.553469622835815
-12.553517609762567
-12.55360616968224
-12.553654208984051
-12.553726556710714
-12.553806297982959
-12.553879044380082
-12.5539537601164
-12.5540247185241
-12.554104660800729
-12.55415941007011
-12.554219098745248
-12.554279761955408
-12.554336356767374
-12.554385367228628
-12.554449831665705
-12.554473751323021
-12.55455768162241
-12.554605200828455
-12.554660094836576
-12.554744461593527
-12.554782914553183
-12.554862942883679
-12.554917413633836
-12.554987367486003
-12.555044048846527
-12.555107190581252
-12.555210165467864
-12.555254674490158
-12.555290789788641
-12.555354392773884
-12.555395756643755
-12.555460964882622
-12.555530268539606
-12.555593837869766
-12.55562132588654
-12.555663412163746
-12.555702495653136
-12.555740048704896
-12.555789244694408
-12.555823836950434
-12.55589288128401
-12.555919806756748
-12.555973287820652
-12.55601183027851
-12.556049809050704
-12.556110207408649
-12.556121509941853
-12.556190860295924
-12.556209828423631
-12.556245113292777
-12.556275412283664
-12.556328294886365
-12.55637009948712
-12.556411262595914
-12.556483186442478
-12.556520218268385
-12.556592983140742
-12.556643724903235
-12.556702264861322
-12.556753765157906
-12.556808251314878
-12.556858934914427
-12.556899316588328
-12.55695189547598
-12.557018340857105
-12.557082089277433
-12.557134887389717
-12.557192672686739
-12.55723131863064
-12.557290648634979
-12.55734228322419
-12.557392104773111
-12.557416029093684
-12.557516970680236
-12.557545305865697
-12.557580079060537
-12.557637114348836
-12.557704829705974
-12.557761478510535
-12.557818393701293
-12.557859784442982
-12.55792357144669
-12.557980593711001
-12.5580446584323
-12.558089252338203
-12.558141442754637
-12.558158433944444
-12.558227376967482
-12.55825802477305
-12.55829910738177
-12.5583500954762
-12.558371669575248
-12.558417935343831
-12.558435719979997
-12.558464925294047
-12.558512810154951
-12.558521007056136
-12.55856980144305
-12.558586008216805
-12.558610572184659
-12.558647067957292
-12.558685014324215
-12.558719240884605
-12.558746145036721
-12.558767889485585
-12.558806074554322
-12.55884491763625
-12.55888125170191
-12.55891078683256
-12.558946065601349
-12.55898141264809
-12.55901373104961
-12.55903450665002
-12.559065507307354
-12.559087448357369
-12.559123705806005
-12.559146913130178
-12.55917043508929
-12.559194153873863
-12.559225489231672
-12.559248889915105
-12.559274442609313
-12.55929810664541
-12.559329983440266
-12.55935382762156
-12.559373237732444
-12.559410552539571
-12.55944240202007
-12.559468584645852
-12.559497296205077
-12.55951989282241
-12.559552782904266
-12.559587034159712
-12.559606242357983
-12.559638961231732
-12.559668792660858
-12.559705028781822
-12.559740561567688
-12.559768153234502
-12.559803698770315
-12.559845100143377
-12.559893815679898
-12.559926530646695
-12.559957765829285
-12.559984767001461
-12.560013805073078
-12.560066250524265
-12.56011188288313
-12.56014018045175
-12.560174969725638
-12.560208241558739
-12.560248879006945
-12.560276188304647
-12.560299253116513
-12.560320812371314
-12.560355496772468
-12.560394512085002
-12.56044020878844
-12.560466673266326
-12.560496648815084
-12.560515834178666
-12.56054066307004
-12.56057641184952
-12.560594945420805
-12.560630551878688
-12.5606734663839
-12.560696854611841
-12.560743415331876
-12.560749716025756
-12.560804468620331
-12.560830883313402
-12.560861329576962
-12.560909343828012
-12.560931845189792
-12.56102717413104
-12.56105753944913
-12.561112460280716
-12.561141004759653
-12.561192027213481
-12.561226376555524
-12.56126083621048
-12.561328152563192
