500 iters for seed 10 on 3R0.3 which is in the 79.36172485351562 percentile
 Maxcut: 22.0, MedianCut: 12.0
-12.12958409654534
-12.27253664116841
-12.367630299197959
-12.469133098642148
-12.544278508808626
-12.585925397938567
-12.621739022260169
-12.644638252877563
-12.667222204558463
-12.688005859254897
-12.703190908535916
-12.721971200444935
-12.738749092741983
-12.753483232857972
-12.769995065384094
-12.788328983050086
-12.802522996708081
-12.82065350084995
-12.831928581941716
-12.848179508827556
-12.864182409305899
-12.87460242270889
-12.885896770812275
-12.89537847611021
-12.905024735557529
-12.914834495609865
-12.92497369765039
-12.932781446195866
-12.942606165464865
-12.948483484824626
-12.955624126487985
-12.96192264956496
-12.968522170148214
-12.97343804724375
-12.978785784129025
-12.9841674917061
-12.989024424896506
-12.993468505475443
-12.99783128993263
-13.00235943082305
-13.005981725658312
-13.009538820865307
-13.012853879326823
-13.016247599095829
-13.019722567668843
-13.022912459813739
-13.027051380764851
-13.031233286192496
-13.035611990913631
-13.039042977330631
-13.042566986896851
-13.045499062768206
-13.047784165791423
-13.05033008786847
-13.052775898775662
-13.05545842889889
-13.057976160628545
-13.060646080944071
-13.063289405081466
-13.065367332884508
-13.067559912085116
-13.06994133533555
-13.071949678171991
-13.074000238905407
-13.0761891502209
-13.078032308912961
-13.080291198024735
-13.083481291449619
-13.086565165305586
-13.090426292233474
-13.094845780138842
-13.098739789075339
-13.10205969387573
-13.10684051994045
-13.109411182647271
-13.112243249265282
-13.114583146324877
-13.11697936981091
-13.119846833382685
-13.122477910316553
-13.124238298603546
-13.125531177048366
-13.127226662854333
-13.128486861509527
-13.130531269234526
-13.13142051197114
-13.13258719460584
-13.13400730150416
-13.135508204419178
-13.136715711574276
-13.137600179774758
-13.1384448695397
-13.139424902051774
-13.14038424349379
-13.140965634288284
-13.141986341001246
-13.142504095145654
-13.143056962828101
-13.143963994975795
-13.144418709413014
-13.14519297049827
-13.145781935296116
-13.146516948137156
-13.14706808436303
-13.14769525568972
-13.148423789357746
-13.148995849782171
-13.149409970363447
-13.150613090275904
-13.15103274792521
-13.151690712887971
-13.152491365454614
-13.153426002505768
-13.154223104316983
-13.155169409107497
-13.155978917999825
-13.156968084813077
-13.157760780971682
-13.15843878496136
-13.159186289113514
-13.160059015837216
-13.160897339001126
-13.16175901016772
-13.162793914226391
-13.163779420631617
-13.164142274649064
-13.16608089493009
-13.16669508404028
-13.167775905885048
-13.168267513490392
-13.169611534205133
-13.170279221568507
-13.170981749635116
-13.172065367213666
-13.172565895334143
-13.174045862932829
-13.174515440484413
-13.175174346880173
-13.175696327759574
-13.176242759060141
-13.17693769350789
-13.177410932975523
-13.17796943650103
-13.179017868481747
-13.179453397682792
-13.180207262453616
-13.1806006641836
-13.181547002250083
-13.182007105023558
-13.182463842907683
-13.183209555521701
-13.184067985298293
-13.185232530504154
-13.18583464072234
-13.186597478928919
-13.187169987975878
-13.187798737603838
-13.188727628862988
-13.189174153278719
-13.189895791864172
-13.190584978113923
-13.191335755215604
-13.191869625988865
-13.192637083516026
-13.19299955242012
-13.193781627462034
-13.194261113872024
-13.194776724571568
-13.195085876558501
-13.195928118610352
-13.196348864126575
-13.196793179138746
-13.19748833708242
-13.197625557924077
-13.198733977997488
-13.199018491305457
-13.19962267267753
-13.20021893017172
-13.200955274540307
-13.201666206751732
-13.202222405817281
-13.203095721362251
-13.203964330438016
-13.20453405112707
-13.205262186459693
-13.205919756647033
-13.206407379724004
-13.207284985590963
-13.2078892820449
-13.20863543034775
-13.209271341425197
-13.209730885544158
-13.210214216308625
-13.210978362629616
-13.211441297917549
-13.211845571364336
-13.21283156683932
-13.213185172537639
-13.213745171554756
-13.214045440113466
-13.214665234034413
-13.214999025178974
-13.215333290721196
-13.21581947769501
-13.216124104924152
-13.216546753909558
-13.216863799160164
-13.217211877059643
-13.217654897283266
-13.218059921876229
-13.218338006841329
-13.218663904660955
-13.218913907073011
-13.219255402814797
-13.219650746563397
-13.219907715054411
-13.220090887281573
-13.220350081863845
-13.220609037371839
-13.220994126381079
-13.221266243677377
-13.221516065827357
-13.22168738688452
-13.22187909753794
-13.222024477820625
-13.222351156794108
-13.222487079781276
-13.222704948611653
-13.223021022260045
-13.223237610590258
-13.22359962602312
-13.223777422485988
-13.224006248777954
-13.2242444844663
-13.224620023030841
-13.224823598299857
-13.225094571286451
-13.225511216316223
-13.225767056249335
-13.226343951203384
-13.226593508878276
-13.226950991402354
-13.22735089362812
-13.227722132593502
-13.228144274726487
-13.228501078307662
-13.229113619547231
-13.229711573790361
-13.2301639897372
-13.23055723947834
-13.231115523634408
-13.231595436494825
-13.231980196319997
-13.232280511690961
-13.232658771973323
-13.233081495695636
-13.233452216624727
-13.234059094719456
-13.234389337107773
-13.234754808756936
-13.235362141545442
-13.235784135062431
-13.23626461041329
-13.236703242844216
-13.237129590131246
-13.237566223333477
-13.238025894235301
-13.238390454152487
-13.238815228410996
-13.239188786260165
-13.239637128539718
-13.24014878778361
-13.240605278844942
-13.240946233729185
-13.241511523583675
-13.241888128305451
-13.24237323826109
-13.243057803138099
-13.243410218916662
-13.243812406405556
-13.244422765353798
-13.244841603715205
-13.245305621875012
-13.245835448445169
-13.246222331537787
-13.2468172886349
-13.247474487428374
-13.248167618114136
-13.248735947511237
-13.249287818263047
-13.249790059636029
-13.250166165021337
-13.250566268117305
-13.250952218060815
-13.251356333118967
-13.251893864329572
-13.252130150163847
-13.252576594292467
-13.252797517046146
-13.253307307923171
-13.253629604839695
-13.253892937467382
-13.254380210213261
-13.254646433052038
-13.255109370222872
-13.255472440801103
-13.2558373927949
-13.256175929563502
-13.256489204195248
-13.256892250087226
-13.257220407067273
-13.257522084673736
-13.257966070038648
-13.258211629489452
-13.258508991940023
-13.25877751601564
-13.25919471304191
-13.25935986590702
-13.259805219717538
-13.259984246920746
-13.260381317885209
-13.26059535152034
-13.260807985348912
-13.26118017323067
-13.261313883482263
-13.261935985412878
-13.262154666218844
-13.262511514958648
-13.262969046486786
-13.263309608164018
-13.263766257719933
-13.264094286822369
-13.264366908597461
-13.264657573795757
-13.264922075374333
-13.265301052391097
-13.265551661116687
-13.265796928612621
-13.266180164560415
-13.266422028674521
-13.266817391389273
-13.267177218356474
-13.267382310244225
-13.267735898794747
-13.267975240369422
-13.268383632280797
-13.268713000752065
-13.268986963517541
-13.269409863675474
-13.269792602009018
-13.270058702769434
-13.270340446804399
-13.270602735403978
-13.271024970053052
-13.27129186651906
-13.271700496441127
-13.271967358224162
-13.272275573773554
-13.272798115561738
-13.273074382371874
-13.273565256579081
-13.273789935189749
-13.274123834130812
-13.274377276236354
-13.274893969626378
-13.275130971012112
-13.27546360489772
-13.275812503880479
-13.276226507689522
-13.276613258305812
-13.276906393493771
-13.277262074874866
-13.27778083525186
-13.277877096428124
-13.278471083981728
-13.278699304125965
-13.279095391907108
-13.279179197601216
-13.279637701375108
-13.279846545214422
-13.280139632742738
-13.28056415593153
-13.280868610841685
-13.281438574586183
-13.281816351473731
-13.282201060921142
-13.28251737566485
-13.282876479671149
-13.283407187382744
-13.283730657481994
-13.283966023043734
-13.284496867305236
-13.284689299647898
-13.285000378259468
-13.285226135604349
-13.285530539469285
-13.28573712442435
-13.285935535026825
-13.28616939421429
-13.286489678402841
-13.286668466794792
-13.286882501609037
-13.287119312738932
-13.28742078686913
-13.28770042369549
-13.287944319402085
-13.28816752652706
-13.288374709072816
-13.288641120939939
-13.288853448184616
-13.289175460163182
-13.289403746483778
-13.289763056775977
-13.289960498131258
-13.290205115852118
-13.290545068807855
-13.29086144079644
-13.291101736002275
-13.291302755579487
-13.291503446892335
-13.291830055071642
-13.29206219082745
-13.29229256375978
-13.292536052289103
-13.292807030980782
-13.293076942914642
-13.293284484635697
-13.293518102226354
-13.293771534418287
-13.294025611770437
-13.29436990486402
-13.294602597428112
-13.294800179760205
-13.295184897801647
-13.295444183703218
-13.295744370338468
-13.296092800904507
-13.296307169293547
-13.296694436130252
-13.296835949850836
-13.297319551994317
-13.29750088551063
-13.297768237513894
-13.298151108186334
-13.298394866763157
-13.298804292812578
-13.299085931270188
-13.299387341673174
-13.29969843959961
-13.300012513310628
-13.300359662347534
-13.300661790150146
-13.300954649982984
-13.30132122036775
-13.301605929789535
-13.301910322278143
-13.302204259760785
-13.302446788659008
-13.30259235728516
-13.303059809858073
-13.303225909043727
-13.303495475863716
-13.303678137569301
-13.303921864253585
-13.304220812536023
-13.304426532247941
-13.304646036079745
-13.304897385076044
-13.305071097456976
-13.305330762492936
-13.305505005208284
-13.305761697125043
-13.305967865466442
-13.306158428189597
-13.306415958120201
-13.306664756530736
-13.306859792503863
-13.307107624799174
-13.307280839884163
-13.307522381620146
-13.30776547337544
-13.307983509300627
-13.3081223352585
-13.308469208808866
-13.308594404593862
-13.308741615436304
-13.308941862834114
-13.309089044475522
-13.30927430339264
-13.309497924527134
-13.309649570673793
-13.30973168312393
-13.309963670862412
-13.310053323017685
-13.310192000038258
-13.310277071515971
-13.31045757441003
-13.310548073913477
-13.310619544070262
-13.31074281841736
