500 iters for seed 141 on 3R0.3 which is in the 49.713897705078125 percentile
 Maxcut: 21.0, MedianCut: 12.0
-11.997804592200259
-12.067624841888488
-12.079841267159932
-12.13148076491753
-12.180852632065225
-12.222654610871878
-12.251631074799601
-12.278191738944965
-12.301520983257257
-12.316953571137422
-12.331648601098259
-12.342963936915956
-12.35434511908402
-12.363361962430336
-12.372457076042899
-12.379859815977913
-12.387385130580714
-12.395543164017852
-12.402498383074487
-12.408405195441823
-12.413788991761871
-12.419376162679857
-12.424105330381796
-12.428934711931667
-12.434116881491592
-12.43828991536353
-12.442555612269494
-12.445807329919276
-12.448449586927845
-12.45158130728375
-12.454161582298621
-12.456392029663586
-12.457966648546355
-12.459450196900026
-12.461107909677073
-12.462252650611152
-12.46399561935408
-12.464756066629624
-12.466806128752285
-12.468184903916047
-12.469793544449901
-12.472538475139352
-12.473999290304688
-12.476341923774747
-12.478238362750437
-12.48002470816724
-12.481726681855546
-12.483329203214021
-12.484932087864426
-12.48619607475403
-12.487862058236113
-12.489463386459516
-12.49109766925798
-12.492075268857212
-12.493496316435522
-12.494243784198236
-12.495569750939753
-12.496519411026052
-12.497360194406223
-12.49883384694869
-12.499592953252373
-12.500666967270876
-12.501290264479705
-12.502127533359207
-12.503591714083615
-12.504586752521561
-12.506083670953634
-12.507266344600374
-12.508371199275118
-12.50941993393349
-12.511572399206877
-12.512604205146578
-12.513851950009464
-12.515198497102253
-12.516544589870982
-12.517447568186975
-12.51846438978969
-12.51937263526544
-12.520317814217801
-12.521373649286586
-12.522180983524434
-12.523204828509458
-12.524123784534313
-12.524840585372736
-12.525911299438823
-12.526659517976018
-12.527497585432636
-12.528078018004383
-12.528793832311957
-12.52919454374416
-12.530196410425265
-12.530636514068476
-12.531237030737152
-12.53200339951979
-12.532782976582228
-12.533309092795061
-12.53391325053644
-12.53437435650682
-12.534881267087755
-12.535445321466483
-12.53580493798529
-12.536081333531467
-12.536686805944724
-12.536946626202658
-12.537182426675532
-12.53760675739376
-12.537776918683422
-12.538014236121358
-12.538296026615404
-12.538482197559127
-12.53883162493566
-12.538953918466866
-12.53917164143672
-12.539295897854455
-12.53951423289962
-12.53972587548454
-12.539985651623875
-12.540180346221765
-12.540396058561438
-12.540635646317897
-12.540909622954716
-12.541192274464066
-12.541429660550499
-12.54165698729129
-12.541928623637023
-12.542120021376217
-12.542300134694477
-12.54255395388706
-12.542728650868108
-12.54290853634117
-12.543214561732908
-12.543372351856991
-12.543641486060759
-12.54381338443256
-12.543973438430694
-12.544214201568362
-12.544392370613338
-12.544626463419904
-12.54484044225097
-12.545040561171284
-12.545206953907996
-12.545430001748054
-12.545617963719115
-12.545823164201208
-12.546030619326306
-12.546205930544298
-12.5464077302186
-12.546617831750426
-12.546773615164602
-12.546916904590281
-12.547099396497725
-12.547262853746531
-12.547439602226483
-12.547571839936065
-12.54773997831721
-12.547890994577289
-12.548004592728752
-12.548099736668263
-12.548230902061025
-12.548311109465025
-12.548408805143504
-12.548492562842858
-12.548572902412896
-12.548658827875432
-12.548763621870904
-12.548852273179524
-12.548927800006327
-12.548998549005578
-12.549056183644154
-12.549107908191985
-12.549191752952193
-12.54922866364636
-12.549284305560867
-12.549341913900015
-12.549385027220415
-12.549411295789245
-12.549507072158034
-12.549540456938418
-12.549585610458234
-12.549654019766585
-12.549699408181235
-12.549762020847256
-12.54980511915589
-12.549871610115812
-12.549908850568498
-12.54997188423781
-12.550020390852493
-12.550064372826117
-12.550143658392201
-12.550191740698212
-12.550243102073882
-12.55029178434032
-12.550346174871438
-12.550398834807698
-12.55045833642922
-12.550499373696239
-12.55054464200117
-12.55058415265231
-12.550639100260252
-12.550679045846934
-12.550720977557052
-12.550772429570305
-12.550835998714488
-12.550878334979856
-12.550935766557355
-12.550942503250944
-12.551012344226166
-12.551043608205052
-12.55108031142403
-12.551131739239448
-12.551173317138069
-12.551247362692814
-12.551292023110815
-12.551342593391409
-12.551374293563203
-12.551415312390295
-12.551452689081449
-12.551488419280474
-12.551523576234608
-12.551555905204879
-12.551585272999969
-12.551609932528034
-12.551644786392602
-12.551685520145814
-12.551729465504174
-12.551763320966053
-12.551800732053929
-12.551859914096365
-12.55189762461625
-12.551928989952266
-12.551977978353797
-12.552009552619152
-12.55205407227779
-12.55208723900009
-12.55211222779775
-12.552142795326976
-12.552169927138117
-12.55220034576046
-12.552227652800692
-12.552252677865443
-12.552281951359435
-12.552311764035906
-12.552343499796057
-12.552371104718175
-12.552401780693591
-12.552432425080967
-12.552461796571983
-12.55248633802783
-12.552508917422072
-12.552525486743338
-12.552546035088268
-12.552568353916158
-12.552585987489687
-12.552607456153162
-12.552636490600577
-12.55266082918596
-12.552678972370444
-12.552716334324586
-12.55273043100014
-12.552752035221882
-12.552770469235618
-12.552791592532554
-12.552822233035904
-12.552843774467265
-12.552870541827467
-12.552893228703711
-12.552917425795068
-12.552943424358332
-12.552974990248552
-12.55300667989467
-12.55302951467072
-12.553079449451992
-12.553102786235591
-12.55313715211843
-12.553173550800222
-12.553202508198208
-12.553240906215677
-12.553279295176772
-12.553327052973959
-12.55336345401657
-12.553410405092711
-12.553466402871692
-12.553516151675765
-12.553571237009225
-12.553650795696843
-12.553729245702495
-12.553789893492862
-12.553893116697553
-12.553953968091513
-12.55404169891062
-12.554127025749967
-12.554184998239151
-12.554283174654547
-12.554383343863005
-12.554432280683637
-12.55451091263788
-12.554562770009161
-12.554625247384841
-12.554679365368086
-12.554730869379995
-12.554783861808522
-12.554871219231536
-12.554929159627596
-12.554989564620726
-12.555100233860976
-12.555203007424982
-12.555284535637263
-12.555381703930173
-12.555455831393648
-12.555562101475758
-12.555672948505164
-12.555765240454491
-12.555819960447746
-12.556004148414878
-12.556083866861437
-12.55616543414864
-12.556306270095673
-12.556376461581278
-12.556470146822878
-12.556584185464413
-12.556663322916458
-12.55681070566111
-12.556958386616266
-12.557037959315274
-12.5571699960574
-12.557254461659607
-12.557347959930501
-12.557474777354237
-12.557544015145147
-12.557690329099708
-12.557774694398628
-12.557872635229074
-12.557962140564232
-12.558039676539606
-12.55814576739352
-12.558255626217123
-12.558312826288876
-12.55840005882085
-12.558447838832212
-12.558512257898988
-12.558589642064746
-12.558630440641894
-12.558754154059725
-12.558800104435932
-12.558854937629981
-12.558908030604623
-12.55896890764951
-12.559016639661442
-12.559063901852767
-12.559112446258535
-12.55915390344169
-12.559174606319699
-12.55925239751809
-12.559275653220181
-12.559319680442213
-12.559355044665615
-12.559412099067822
-12.559453474951436
-12.559488404891484
-12.55955394557412
-12.559572512371805
-12.559655106501044
-12.559683720737931
-12.559735563202413
-12.559816980774276
-12.559850779647686
-12.559942897100015
-12.559983118232916
-12.56004765491047
-12.56006531569756
-12.560172275104055
-12.56020754691766
-12.560248332056446
-12.560303426784222
-12.560343103014274
-12.5604013286386
-12.560441514462823
-12.560486512291797
-12.560532085547829
-12.56057993269402
-12.560651358010546
-12.560691257746438
-12.560730942976223
-12.56079905486408
-12.560843256897778
-12.560917373543226
-12.560970503574927
-12.56102836499684
-12.56107940473392
-12.561131029819261
-12.56118317002174
-12.561225590029956
-12.561273304025573
-12.561316276432791
-12.561368396105172
-12.561420046722969
-12.561458156017835
-12.561495223615374
-12.561541337103133
-12.561578271158822
-12.561624055389608
-12.561681999973084
-12.561720656383068
-12.561751621674851
-12.561803333258085
-12.561828536660705
-12.561862959019505
-12.561914043939979
-12.561942389514137
-12.561971441323152
-12.562040092462695
-12.56206439170066
-12.562102011301167
-12.562128417432024
-12.562177297582979
-12.562218905250521
-12.562252920698887
-12.562315702505307
-12.562330314533831
-12.562396399573823
-12.562416595388925
-12.562454727840526
-12.562508228584218
-12.562536243562668
-12.56258886400999
-12.56262933476972
-12.562669551073151
-12.562704708524015
-12.562742751054877
-12.56278018327608
-12.562817862763403
-12.56286179767632
-12.562912060908587
-12.56296027622995
-12.56299367566176
-12.563039030733663
-12.56306928093222
-12.563103715417569
-12.56315815673908
-12.56318661308394
-12.563237430524204
-12.563258946284234
-12.563333755545491
-12.563365639127202
-12.563415281161845
-12.563463765795252
-12.563520866454983
-12.563562790763166
-12.56360907040674
-12.563665791832324
-12.563723080057365
-12.563765807549593
-12.563811980533808
-12.56385114585494
-12.563924167346821
-12.563939700045333
-12.5640150208839
-12.564041484420866
-12.564077711324758
-12.564128949423015
-12.564160484934964
-12.564234175892754
-12.56426841352184
-12.56431541669825
-12.56436383804185
-12.564437180618754
-12.564484116265255
-12.564524994018978
-12.564565711260602
-12.564614636078705
-12.564668063009083
-12.56472264685885
-12.564804504921689
-12.564867081967822
-12.564916697445822
-12.5649550625806
-12.564993893875231
-12.565050679787333
-12.565088194045462
-12.565130523976181
-12.565164237914722
-12.565207494170096
-12.565236423415579
-12.565274056591868
-12.565300033529285
-12.565330077152678
-12.565383392725462
-12.56541026365149
-12.565448706834724
-12.565480322818857
-12.565515539683503
-12.565557494789665
-12.565603217517841
-12.565630125156812
-12.565661481966742
-12.565693849449719
-12.565729995251095
-12.565756490557542
-12.565806664575062
-12.565834551460553
