500 iters for seed 199 on 3R0.3 which is in the 78.82919311523438 percentile
 Maxcut: 21.0, MedianCut: 12.0
-12.054547701692105
-12.17663323260325
-12.218845387438758
-12.274756866721129
-12.307398372772964
-12.340845014775013
-12.369992732634989
-12.393754340246963
-12.40960912723529
-12.432813199853427
-12.44445307374875
-12.460379997998047
-12.477430789383272
-12.491842026179015
-12.505085709225774
-12.517147293241946
-12.529185775838837
-12.539308928662606
-12.548157654668238
-12.557289766481697
-12.564822888686052
-12.571862374722155
-12.577283983752002
-12.581660798854902
-12.587411909164537
-12.590921626587114
-12.597862890663587
-12.60125740423351
-12.605637540325475
-12.608388769224339
-12.612927706950185
-12.616574101268146
-12.620748511661413
-12.623427971723348
-12.626366899564154
-12.628939972272292
-12.63094951027699
-12.632947544103924
-12.6351409260972
-12.63699855174779
-12.63908981764917
-12.640896827702829
-12.642529537682467
-12.644361887854892
-12.645681613997196
-12.64767270059036
-12.648955427261782
-12.650391724864248
-12.652398483728327
-12.65384245639884
-12.655029812314893
-12.656044938228412
-12.657157560285494
-12.658731755177733
-12.660162974199967
-12.661461591559554
-12.662607396451591
-12.664028189154216
-12.665218635667003
-12.666738826971805
-12.667750812942902
-12.66896838476931
-12.669741956982657
-12.671373942836789
-12.67232552554456
-12.673393005440511
-12.674243642967694
-12.675819250679684
-12.676708418771067
-12.677628508109077
-12.679156929208077
-12.679844808078405
-12.682018556491775
-12.683031844490367
-12.684501080162248
-12.686569729207386
-12.688374450461607
-12.690095338448485
-12.691733015197965
-12.69264984646043
-12.693869705375466
-12.695264441055519
-12.696335775390065
-12.697180200558927
-12.698958383346811
-12.699642275249534
-12.70060146815545
-12.701389675099783
-12.702085242846142
-12.703379410269116
-12.70406375847988
-12.704762925276553
-12.705432864136174
-12.706295269452841
-12.707115643963078
-12.707819361716325
-12.708413445144174
-12.708802319323079
-12.70949002418636
-12.710120453895069
-12.710960872816386
-12.711490213176258
-12.712164559036552
-12.712741758659817
-12.713526159232313
-12.713972672230584
-12.714486416583597
-12.714925126128044
-12.715556138031177
-12.716014740895664
-12.716308729974209
-12.716663331188188
-12.717014129814178
-12.717491665034338
-12.717787952230232
-12.718156612530999
-12.718692470496586
-12.71900271486826
-12.719440110455274
-12.719846985122398
-12.720269016384043
-12.720595489331018
-12.720932655529246
-12.721386728422056
-12.721766570179087
-12.722018007288492
-12.722443047025074
-12.722616566407925
-12.72289916184274
-12.723150555735458
-12.72336730061077
-12.723830365279696
-12.724040120041533
-12.724388263736778
-12.724677412209536
-12.725085865997562
-12.725441644102247
-12.725719862939421
-12.726106698901626
-12.726352641707834
-12.726611340636314
-12.727005002157009
-12.72725092122
-12.72780517107623
-12.728032664573934
-12.728533354954774
-12.728867431765233
-12.729149876014269
-12.729693007459376
-12.73002867243555
-12.730555965375032
-12.730856681685061
-12.731153832726648
-12.731425287072012
-12.73175820877678
-12.732006660988583
-12.732256330613101
-12.732580851960497
-12.732769627015458
-12.732974731365019
-12.733166681112841
-12.733335104392221
-12.733494518306358
-12.733793729663827
-12.73393831269529
-12.73411667888016
-12.73435069951805
-12.734611386815311
-12.73481811953512
-12.73500699777576
-12.735171243105292
-12.735425447295805
-12.735631759512742
-12.735830789761202
-12.736083473315276
-12.736277393201615
-12.73651053688702
-12.736726171282147
-12.73692410601521
-12.736971732548971
-12.737407900489657
-12.737528518026066
-12.737753587551103
-12.737927933800988
-12.738116030175798
-12.738261601968848
-12.738410974366456
-12.7386775331028
-12.738894101773337
-12.739179917699904
-12.73944312721775
-12.73973823603488
-12.739845640096304
-12.740403468578794
-12.74059109828118
-12.740879366684332
-12.741236049014054
-12.741568571628529
-12.741972756963197
-12.742228376137696
-12.742491490594515
-12.742713617452077
-12.742981539530884
-12.74318633318699
-12.743362561562563
-12.743712894206329
-12.743892086612506
-12.74420356639166
-12.74440426773669
-12.744622146169725
-12.744943769312554
-12.745304229323455
-12.745532405425035
-12.74581244458806
-12.745986386951957
-12.746213849217561
-12.746461254898842
-12.746611983550228
-12.746785917060235
-12.746931478005411
-12.747086050539277
-12.747216716689366
-12.747357115402979
-12.747511776146753
-12.747654926713746
-12.747770697608663
-12.747950378326982
-12.748056777400961
-12.748172598899117
-12.748336215452941
-12.74843072446685
-12.748602155259842
-12.748697731092077
-12.748837396003884
-12.748948173728401
-12.749058781889538
-12.749232636602816
-12.749354760942643
-12.749465445621047
-12.749577841938226
-12.749685142178043
-12.749823650944165
-12.749978147995638
-12.750086789895901
-12.750202920824886
-12.750285546703136
-12.750479900429763
-12.750574526452183
-12.750671167677769
-12.750832417822892
-12.750953100694787
-12.751088899444271
-12.751186576778215
-12.75130898313009
-12.751431418632688
-12.751537444893795
-12.751687128859672
-12.75179348729303
-12.751924504917197
-12.752099853072384
-12.752244560483021
-12.752343531456336
-12.752526484270472
-12.752651570112187
-12.752785412010487
-12.752953115071932
-12.753051512174356
-12.75320842805025
-12.75333421663117
-12.753526792560436
-12.753688986560201
-12.75382877619153
-12.754025881957537
-12.75419951660831
-12.754325808461175
-12.754494343737363
-12.754584723849817
-12.754705372210879
-12.754862998826217
-12.754946388414204
-12.755095469916485
-12.755228062913359
-12.755317944195053
-12.755454016273577
-12.755562711468311
-12.755678448060047
-12.755841390573003
-12.755932818769793
-12.75603065958152
-12.756218689945618
-12.756312342450137
-12.756401730601157
-12.75650748663376
-12.756609072606597
-12.756782879675322
-12.75686285698937
-12.7570314396409
-12.757167305314976
-12.757322663833534
-12.757453638918177
-12.757573591589235
-12.757722765033122
-12.75785455368905
-12.757978789516656
-12.7581652263145
-12.758293049950534
-12.75841107926536
-12.75855536970099
-12.758635272723907
-12.758732301988031
-12.758884039016316
-12.759041028519379
-12.759145467031212
-12.75940600674383
-12.759456691115448
-12.759662958552664
-12.759767689500688
-12.759915781028816
-12.760113029647073
-12.760318870587872
-12.760524504291382
-12.76069110283115
-12.760872168315904
-12.760965898320272
-12.761210838227466
-12.761297039637755
-12.76144078518379
-12.761528576899694
-12.761752951991195
-12.761872188637145
-12.7619825778585
-12.762158869736455
-12.762256617770724
-12.762413891749476
-12.762531965385751
-12.76268495915831
-12.762820286489845
-12.762936964124107
-12.76311841304701
-12.763220659842947
-12.76333802689109
-12.763556133647942
-12.763686902342778
-12.763881803421615
-12.764016588445731
-12.76423405946007
-12.76435999132573
-12.764538455494373
-12.764768384451378
-12.764917507655825
-12.765111229753849
-12.765219343206441
-12.765359292751981
-12.765452025866548
-12.76566501466548
-12.765769231337893
-12.765911245418504
-12.766136748565923
-12.766364233627314
-12.766544431074706
-12.766754847143316
-12.76694438233504
-12.767193697656866
-12.76737947457358
-12.767563044930974
-12.767757741275522
-12.767984313284135
-12.768195845484989
-12.768356945130614
-12.7685363780779
-12.768823049281757
-12.769006284588892
-12.769198041844291
-12.769388475994718
-12.769539180511341
-12.769726952496761
-12.769917204539208
-12.770061937634656
-12.770282031322346
-12.770350900735057
-12.770648751598312
-12.770756919680098
-12.770907908857382
-12.771150961805999
-12.77131570194142
-12.771518616030399
-12.771703044020908
-12.771915987548285
-12.772148052199196
-12.772353962126035
-12.772570815619192
-12.772755784863936
-12.773008070161474
-12.773194607286172
-12.773365637050873
-12.77353468163365
-12.773676822339011
-12.773847884013124
-12.773997099379349
-12.77417478989882
-12.774314078059373
-12.774457673616977
-12.77465128724888
-12.774784892410887
-12.77497011660428
-12.775138678472338
-12.775373264597
-12.77549568556894
-12.775728537089657
-12.775882538471231
-12.776113214764294
-12.776285247809609
-12.776435663822053
-12.776681739508527
-12.776935525629655
-12.777140358912334
-12.777371378686947
-12.777555415414698
-12.777807649024219
-12.77801084265458
-12.778229452327674
-12.778370605599894
-12.77862171785092
-12.778697820765903
-12.77897673352169
-12.77911189986735
-12.779285341777808
-12.779544164672833
-12.779699038773792
-12.779917215570467
-12.780077417151249
-12.780281370945895
-12.780422476706942
-12.780617399908042
-12.780797982887337
-12.780947543790145
-12.781136264000036
-12.781379320314953
-12.78149261749644
-12.781617493542251
-12.781722743806375
-12.781834390159196
-12.781990050613853
-12.782079701594544
-12.782224455830889
-12.782334914353335
-12.782440454201083
-12.782531735724607
-12.782646297755619
-12.782757585228183
-12.782905352772868
-12.782999055442586
-12.783110420978867
-12.783185710256358
-12.783303231117861
-12.783372501712318
-12.783458699916524
-12.783588951447411
-12.78370539734597
-12.783798896847584
-12.783899355875754
-12.783982613989611
-12.784105543377155
-12.784207204077347
-12.784318623352736
-12.784389929311729
-12.78449676743052
-12.784545472587437
-12.784668081953388
-12.784730333185268
-12.784802172530279
-12.784907774667733
-12.784971974248341
-12.785091571526257
-12.785141478468535
-12.785216918746716
-12.785331449205254
-12.785443805358813
-12.785508825568963
-12.785592470337459
-12.785623080289927
-12.785689216058763
-12.7857512323559
-12.78579702239225
-12.785889560378372
-12.785907323101585
-12.78601498775943
-12.786044536398283
-12.786110589872154
-12.786176030015472
-12.786245065721188
-12.786286055919245
-12.786347580210188
-12.786399663514107
-12.786454760816149
-12.78652423994047
-12.786564315490509
-12.786609382002887
-12.786707523301498
-12.786790273146522
