500 iters for seed 105 on 3R0.3 which is in the 78.89480590820312 percentile
 Maxcut: 20.0, MedianCut: 12.0
-12.0595298228511
-12.143013810970842
-12.226437765908635
-12.278296289339346
-12.318265990696275
-12.352287466488045
-12.385494377882013
-12.413581654879321
-12.440258179025362
-12.468392574950187
-12.494116180119537
-12.520395157078958
-12.545096702190563
-12.564288285007022
-12.580678326455878
-12.594489874930124
-12.60834034865779
-12.620541178522995
-12.63073785973585
-12.640611866503788
-12.648942215334191
-12.657570769136345
-12.666510173063113
-12.675596829775538
-12.682384546112324
-12.689558624599066
-12.696453938187965
-12.703466386085843
-12.708064531879904
-12.717325204120861
-12.721997144369471
-12.727788448156815
-12.731673564832127
-12.737479557359817
-12.74108827561177
-12.744943714680085
-12.746528499748685
-12.751745721517327
-12.753235909963049
-12.755363854375231
-12.75789502320087
-12.760507246163604
-12.76249637566144
-12.76522806076213
-12.767248816588577
-12.769214881835723
-12.772448676892745
-12.773937916386718
-12.775676012279884
-12.777824741591926
-12.778921604434785
-12.780053351574443
-12.781929841069969
-12.783033848676043
-12.784979121034654
-12.786538219650293
-12.787433424743792
-12.788450527660359
-12.789351812821177
-12.790337196884545
-12.791281304018744
-12.792373623196378
-12.793286198478537
-12.794285544457566
-12.795493718441772
-12.796578637278222
-12.797449362899307
-12.798799260149156
-12.799355933677129
-12.800703573406803
-12.801617622611616
-12.80264755873447
-12.804282664458881
-12.805002019919506
-12.806275780362789
-12.80716074017667
-12.808220755784081
-12.8090816214771
-12.809946829730395
-12.811234790748049
-12.81192338501722
-12.812679658026358
-12.813663549601799
-12.81431138061367
-12.814795724495974
-12.815675564931029
-12.816183391029924
-12.816899991014722
-12.817533244341227
-12.818149170621217
-12.818638118143276
-12.819139139665348
-12.819669642052325
-12.820234261679191
-12.820849479968414
-12.821431473668362
-12.822197873320496
-12.822696830271921
-12.82323353740557
-12.82393222572227
-12.824379198823332
-12.825382273192373
-12.82585681519275
-12.826903381725778
-12.827477379669364
-12.828021800545347
-12.829076048827808
-12.829630972520402
-12.830437363916008
-12.831098799651825
-12.831817317627426
-12.832656804343571
-12.83356830476821
-12.83443335059725
-12.835127466736983
-12.835858581673515
-12.837100583003021
-12.838036525047563
-12.838973984389753
-12.839829868870833
-12.840724897784993
-12.841247545015657
-12.842636286461493
-12.84310183303918
-12.84383741335931
-12.844295012218078
-12.84503786328807
-12.845484114562188
-12.845973707426516
-12.84664890618334
-12.847288956540783
-12.847704190998922
-12.848283026377686
-12.848708678885089
-12.849195698921132
-12.850019480390655
-12.850464692435542
-12.851045474204724
-12.851475878813716
-12.852162120159036
-12.852364936369938
-12.852789315349552
-12.853047541414787
-12.853319242120053
-12.853737124709593
-12.854094974548495
-12.854525832403322
-12.854939273520957
-12.855317169609085
-12.85562015737185
-12.856019667488507
-12.856318269909593
-12.856649461516062
-12.856917183692863
-12.857137376056375
-12.85742609580508
-12.857714800422444
-12.857978107303582
-12.858231529485783
-12.858546884390865
-12.858869248979993
-12.859221475667987
-12.859533924776567
-12.859867835552157
-12.860183017032982
-12.860427226053485
-12.860718580977117
-12.861203490480152
-12.86155498450236
-12.861880416055996
-12.862506763105166
-12.862831652880955
-12.863251633047526
-12.863725005511444
-12.863994133093794
-12.86421322646449
-12.864758422798108
-12.864938511364576
-12.865264149261682
-12.865592068712534
-12.865929455120025
-12.866173501947769
-12.866511933023816
-12.866796412660594
-12.867110781621726
-12.867577655196435
-12.867885760392804
-12.868183860894021
-12.868590109792835
-12.86887749122979
-12.869064802581251
-12.869557813684246
-12.869690230820135
-12.870014762880498
-12.870248900854463
-12.87044178483647
-12.870750304384053
-12.8709680733055
-12.871204966623427
-12.871406827753612
-12.871673750796763
-12.871907429257286
-12.872204350580665
-12.872422203988865
-12.872595898903699
-12.87289476894178
-12.873111353047912
-12.873301958805452
-12.873494787414698
-12.873684944816219
-12.873762348160742
-12.874104076546441
-12.874217094665372
-12.874403690945705
-12.874672204916717
-12.874899619228415
-12.875194779050549
-12.875386940919192
-12.87555664955596
-12.87582967284046
-12.876132533575246
-12.876312179475178
-12.876594508134197
-12.876774959711632
-12.877029883191817
-12.87738511727752
-12.877606416770286
-12.877913314769447
-12.87821712330307
-12.878414254734597
-12.878663561556083
-12.878866622595483
-12.879039868928448
-12.879338211452449
-12.879478261878141
-12.879693905149347
-12.87992262879954
-12.880100674417852
-12.880464783023971
-12.880672119103686
-12.880858400742591
-12.881037287908411
-12.881234985214084
-12.881475286904376
-12.881680906861785
-12.881864534781608
-12.88200261090772
-12.882191253436462
-12.882363620023256
-12.882490887979383
-12.882659175760395
-12.88277973463288
-12.882917660973035
-12.88310771102008
-12.883241035477878
-12.88344469731202
-12.883611639295731
-12.883734703257339
-12.88390731782609
-12.884039365434509
-12.884167068790108
-12.884299102006953
-12.884420565047256
-12.884554256753525
-12.884769345283154
-12.884841806022287
-12.885004304530678
-12.885070788586194
-12.885227440926764
-12.885315206776811
-12.885418683957889
-12.885588610654645
-12.885679965322106
-12.885789868516659
-12.885871527125682
-12.885973033472814
-12.886066700467877
-12.886158334912185
-12.886264910559737
-12.886334244793385
-12.886445326989183
-12.886557468600156
-12.88667752586408
-12.886744178142091
-12.886871366288128
-12.886934399352697
-12.887016611261336
-12.887125481955593
-12.887224989284247
-12.887315336990373
-12.887402299390516
-12.88750523601608
-12.88759360336217
-12.887673360680537
-12.88777849633014
-12.887858207514904
-12.887927194597872
-12.888070377689354
-12.888100070877329
-12.888193657958494
-12.88825615592972
-12.888340330469958
-12.88845012292267
-12.888506464715668
-12.88861934558912
-12.888689268919228
-12.888772619003447
-12.888841701539633
-12.888895833287867
-12.888986433151578
-12.889048169037869
-12.88912025942426
-12.889229158473174
-12.889329309585575
-12.889388307628117
-12.889514372021921
-12.88956659435013
-12.889671199876016
-12.889765309981795
-12.88984866683793
-12.889988679647553
-12.890078306241385
-12.890161003761467
-12.89022906396082
-12.890293186496008
-12.890370976478565
-12.89045508434465
-12.890523319184755
-12.890586927858724
-12.890670963182876
-12.890745408594452
-12.890831213573712
-12.890917330398237
-12.891005238527082
-12.89109849023833
-12.89119213343122
-12.891306979774894
-12.89139851481876
-12.891461607016934
-12.891571841519042
-12.89159326179859
-12.891695582569843
-12.891743709485484
-12.891806775251561
-12.891875329439065
-12.891951571715577
-12.892021887297723
-12.892070200221271
-12.89213319215482
-12.892169384073046
-12.89221259799245
-12.892252070905158
-12.892297430836635
-12.892336112722909
-12.892372333764595
-12.89240915449863
-12.892439479091458
-12.892490329871158
-12.892535753195414
-12.892578191580762
-12.89262550703888
-12.892661759883492
-12.89270333776129
-12.89274816150703
-12.892782689883687
-12.892829957220995
-12.892867240808538
-12.892908063935996
-12.892958552789887
-12.893006096154886
-12.893061099705289
-12.893114673424675
-12.893169759708744
-12.893225493814574
-12.893285118269114
-12.893351717048311
-12.8934112700147
-12.893490878801044
-12.893561711784164
-12.893619131309125
-12.893676701285234
-12.893723845920459
-12.89376781674013
-12.893830001098404
-12.893865126867352
-12.893914734170803
-12.893967313208867
-12.894005189442497
-12.894080033889576
-12.894153917648163
-12.894197188055458
-12.894250527430724
-12.894287491489864
-12.894330419681413
-12.894396895281485
-12.894432080541913
-12.894494448743423
-12.894544123217953
-12.894637175945963
-12.89468780962728
-12.89473756731453
-12.894812982443526
-12.89482569126734
-12.894947597436072
-12.894983726784917
-12.895050430991091
-12.895097788719893
-12.895181209012712
-12.89523248354698
-12.895286605035139
-12.895364939281157
-12.895456108479317
-12.8955229334522
-12.895590020683725
-12.895645696119836
-12.895697196407019
-12.895785578835653
-12.895833186691197
-12.895886783791852
-12.895969170052588
-12.896024848667697
-12.896080512672139
-12.896162025026822
-12.896215150148446
-12.896279680465918
-12.896332061576324
-12.896381208055288
-12.896456629192517
-12.89650150455816
-12.896564366917797
-12.89666210331864
-12.896739771751944
-12.896800655164531
-12.896906350413106
-12.896969285156908
-12.897045647413172
-12.897127268986624
-12.897192545022136
-12.897272159351402
-12.897404521561608
-12.897481356678805
-12.8975915597366
-12.89768688731583
-12.897783341311348
-12.897921705236012
-12.898070584742541
-12.898171555181065
-12.898285812629217
-12.8983795093703
-12.898483936116303
-12.898639396542928
-12.898742041867475
-12.898824871069705
-12.89895896968684
-12.89905866719635
-12.89919274793887
-12.89931506742555
-12.899438447881662
-12.899509448791257
-12.89965325828604
-12.899752739191365
-12.899848865597182
-12.89997231041879
-12.900081513650854
-12.900162867428266
-12.90035477082782
-12.900423102427728
-12.900517945938397
-12.900608776711161
-12.900730633160157
-12.900846324974918
-12.900941805504905
-12.901037584899964
-12.901144155077677
-12.901259546621752
-12.901367431951657
-12.901488251888065
-12.901664336937808
-12.901764056908434
-12.901912474685707
-12.90203919738018
-12.902232164616773
-12.902382383488295
-12.902506713233858
-12.902657818348946
-12.902833557841062
-12.902945490781482
-12.90305980586242
-12.903162403866009
-12.903256113698166
-12.903431784515998
-12.903509221681755
-12.903637552798427
-12.903779537989259
-12.903872639947057
-12.904079466505758
-12.90417668691
-12.904310569647928
-12.90441705085003
-12.904553925185873
