500 iters for seed 165 on 3R0.3 which is in the 99.50485229492188 percentile
 Maxcut: 20.0, MedianCut: 12.0
-12.010678455172298
-12.027657626965407
-12.134014306638422
-12.13825876594323
-12.205870927318358
-12.248286979111949
-12.31004658601974
-12.351393589325347
-12.38947969256209
-12.420659246607462
-12.44309716241828
-12.459187470606881
-12.47592966885434
-12.495628355400354
-12.506170868708306
-12.521828275598587
-12.533827306126367
-12.542283288148742
-12.55170476556675
-12.561627908564203
-12.566494707400777
-12.5716265523331
-12.578279049114022
-12.583756962068534
-12.589685643618429
-12.59437666467166
-12.599207333021416
-12.605498655297508
-12.609528190762683
-12.613372776595302
-12.616861894222893
-12.620289894191968
-12.624035640367504
-12.627880941995588
-12.631222288585787
-12.634701553012963
-12.63752163335343
-12.640572931164398
-12.64302472127248
-12.64610034099835
-12.648997745285158
-12.652418382278324
-12.654526086782115
-12.6569706570454
-12.65909159567264
-12.66170286972141
-12.664130571135733
-12.666159671566113
-12.668832776507994
-12.672104558753468
-12.673823072544728
-12.675702545711111
-12.67796509799847
-12.680136326924774
-12.681980621116905
-12.68397880620605
-12.686017980108517
-12.688356638192223
-12.690293290772505
-12.691971752464768
-12.693401441554462
-12.695106941988966
-12.696239308820926
-12.697456782919632
-12.698583012694204
-12.699650097316022
-12.70146629674543
-12.702780404667033
-12.703710515329714
-12.704582683031797
-12.705432974833073
-12.70665072203721
-12.70734776614377
-12.708690205449642
-12.70915123841252
-12.710111214173157
-12.710540502685038
-12.711476966422493
-12.71199056982352
-12.712635630994237
-12.713482140219197
-12.714482576018082
-12.715311227002957
-12.716166426186193
-12.716734630026234
-12.717172171899675
-12.717850289851114
-12.718276821612601
-12.718921377661191
-12.719382916084637
-12.720322471904028
-12.720657038720397
-12.721485543674824
-12.721794274751451
-12.722809643411416
-12.723347296252717
-12.724047679917769
-12.72503641721657
-12.725569983879351
-12.726656535917773
-12.727428166476354
-12.72829463211548
-12.728884999407178
-12.729541659964834
-12.730380785759994
-12.73090484747441
-12.731227878928104
-12.732339310222727
-12.732673882345791
-12.73326001539658
-12.733538145017608
-12.73423015810976
-12.73455079111071
-12.734957528573284
-12.735552678047968
-12.735834459873626
-12.736380509897549
-12.736607628880613
-12.73700450283393
-12.737172570074328
-12.737820926517141
-12.738097734551786
-12.738509946541468
-12.739068160685186
-12.739437640918458
-12.740056403573831
-12.740437380561168
-12.740901249823821
-12.741288612297529
-12.741703148547186
-12.742321893778568
-12.742652710874523
-12.743034358145264
-12.743564771610824
-12.743851642265996
-12.744099509261234
-12.744561370418593
-12.744869036286275
-12.745090923185012
-12.74569036712742
-12.74588984009833
-12.74615957895032
-12.746529018744662
-12.746730759234882
-12.74693465140366
-12.747205127982946
-12.747366159896414
-12.747571236420692
-12.747711664313279
-12.747843028307686
-12.74799329681684
-12.748107473276441
-12.748266343105408
-12.748451330328098
-12.74856134528541
-12.748762732301365
-12.748938894280279
-12.749136509764115
-12.749263894229918
-12.749426330121935
-12.749548834619144
-12.74971281959557
-12.749847523232908
-12.74993913126455
-12.75015209923567
-12.750193145368822
-12.750389137111316
-12.750457386209472
-12.75058969558531
-12.750723821885707
-12.750893129915607
-12.751016553062613
-12.751166525511003
-12.751308382270112
-12.751481838857417
-12.751633848384163
-12.751800153855992
-12.751952839157001
-12.752103308799356
-12.752291698211994
-12.752434651813394
-12.752659666805151
-12.752752998271605
-12.752969062778694
-12.753123814019949
-12.753310270573603
-12.75348954598444
-12.753733759771551
-12.753912547944378
-12.754096132022864
-12.754221108927515
-12.754458072135852
-12.754613550604104
-12.75474658613312
-12.754984587517555
-12.75513964555013
-12.755409764876617
-12.755585579651004
-12.75577712395785
-12.75594425994846
-12.756127489804028
-12.756329874920254
-12.756496559138055
-12.756597257372363
-12.756809402149225
-12.756920875859732
-12.757081072355607
-12.757268568371469
-12.757376283710553
-12.757591803199974
-12.757811429879034
-12.757937146052793
-12.758161323117676
-12.758339468492661
-12.758552064951076
-12.758799708062966
-12.758979661572646
-12.759139734472205
-12.759470392578452
-12.759631586896077
-12.759831963731582
-12.760106161914445
-12.760278254949633
-12.76043189654913
-12.760881982520743
-12.761035430339323
-12.761273343458315
-12.76164676349767
-12.761842369020712
-12.762291678787784
-12.762449669003905
-12.762689204577015
-12.762921578326193
-12.763217194261358
-12.763451387911452
-12.763670993230361
-12.763880667007223
-12.764299925085222
-12.7645028162583
-12.764769710476124
-12.765162392954105
-12.765506401342215
-12.765887840619977
-12.76614038991617
-12.766442240409763
-12.76679247795408
-12.767147093421245
-12.767451935685171
-12.76769929261272
-12.767982274267622
-12.76838230073676
-12.768575132387081
-12.76887863985566
-12.769298331397936
-12.769486625625536
-12.769762646778155
-12.769979242292637
-12.770216777352765
-12.770457809324405
-12.770665405555228
-12.770921945604972
-12.771080656983289
-12.771266117044675
-12.77146875035074
-12.771614825595512
-12.771709344512464
-12.772038803614675
-12.772149759148217
-12.772314192643115
-12.772546750408148
-12.772598934143904
-12.772924237955447
-12.773014219281238
-12.77319648853801
-12.77330514855377
-12.773484618091858
-12.773599791401976
-12.773704339514708
-12.773915888864355
-12.774048812107615
-12.774233403117048
-12.774385757036255
-12.774538579458877
-12.774601672126991
-12.774743875892957
-12.774821703709154
-12.774906689570377
-12.775060013026934
-12.775162454254373
-12.775284822711765
-12.775375829395845
-12.775474328637003
-12.775589730015515
-12.775700033543906
-12.775818410574997
-12.775909915902016
-12.776030195952586
-12.77612410370817
-12.776215321495046
-12.776315446607683
-12.776423872687532
-12.776540233893378
-12.776644416946468
-12.776760527215524
-12.77687080600845
-12.77697081004171
-12.777073412770132
-12.777169761270565
-12.777250309520173
-12.7773899032274
-12.77746546363867
-12.777610399256494
-12.777739220277265
-12.77783586853203
-12.778004993647786
-12.778174572240912
-12.778290930238697
-12.778416030877548
-12.778510168350008
-12.778634561164358
-12.778777940710272
-12.778869475407415
-12.778942291110916
-12.779077120792138
-12.779181528413355
-12.77929859875852
-12.779478314296988
-12.779593681586245
-12.779794556547959
-12.77994288449072
-12.780073073965621
-12.780225293160436
-12.78035023613619
-12.780514965427912
-12.780641593124393
-12.780769060846835
-12.780929212580256
-12.781059369785012
-12.781196849052483
-12.781360208922175
-12.781487119264838
-12.781644458704353
-12.78181366094716
-12.781955570865737
-12.78209665571267
-12.782302744655878
-12.782434734125172
-12.782592016971487
-12.782767865491213
-12.782892491744672
-12.782971810117468
-12.783178344278936
-12.783257492921487
-12.783373575118981
-12.78344601399099
-12.783594444186447
-12.783704160993342
-12.783804679894484
-12.783977868888547
-12.784072214757437
-12.78418502081549
-12.784274265281013
-12.784398109016891
-12.784511397590318
-12.78461898712009
-12.784744200346665
-12.784825399966627
-12.784941620046615
-12.785047786327562
-12.785154077253354
-12.785242799798823
-12.785353738434695
-12.785463776471733
-12.785560895669787
-12.785697863760046
-12.785813289235008
-12.785924866672117
-12.786083086656545
-12.786165813995582
-12.786280441556896
-12.786462187472228
-12.786557081958563
-12.786654966958373
-12.786784628846402
-12.786903818967584
-12.787035219799911
-12.787181249981321
-12.787261204566288
-12.78735246511301
-12.787433216657984
-12.787538078293137
-12.787632727998933
-12.787717342929527
-12.787811036925397
-12.787925262422538
-12.788010905788735
-12.788092091085245
-12.788127700523921
-12.788233872389126
-12.788282033671848
-12.788347693437048
-12.78845291227598
-12.788517036849985
-12.78860932696484
-12.788661341092439
-12.78872419751525
-12.788787406584458
-12.788854493951188
-12.788942933075832
-12.788988246503378
-12.789042840442328
-12.789118881642505
-12.789173029608556
-12.78920040212503
-12.789329110514714
-12.789373060390167
-12.789427805914254
-12.789508390338042
-12.789569193402711
-12.789657024104887
-12.78970919089744
-12.789777153554219
-12.78984473997923
-12.789922070790576
-12.790003702111129
-12.790087873741662
-12.790139274966647
-12.790219728494524
-12.79029000898596
-12.79037417197122
-12.790457250780278
-12.790519625468633
-12.790589102899542
-12.79065432245446
-12.790717017885921
-12.79076686113224
-12.790837732940252
-12.79090006672665
-12.790953479906564
-12.791007134718015
-12.791054382193197
-12.791122504444251
-12.791175020084939
-12.791226245751877
-12.791276621485274
-12.791320689263335
-12.791372062632048
-12.791425658305917
-12.791474479245132
-12.79152080313708
-12.791582266696743
-12.79163293760505
-12.791672779767968
-12.7917499539588
-12.791784326795216
-12.791821909988697
-12.79185595499318
-12.791897109937693
-12.791960992438531
-12.792004883737809
-12.792052903679101
-12.792082935382128
-12.792118905899128
-12.792146475561244
-12.792209283577611
-12.792235412062965
-12.792268663627196
-12.792305499873887
-12.792344732112008
-12.792376463002283
-12.792421891526098
-12.792450110065857
-12.79248213725935
-12.792519917677765
-12.792541426874575
-12.792569085317286
-12.792598644629031
-12.792637742833884
-12.792653260449638
-12.792696962367737
-12.79271134936489
-12.792755687105643
-12.792782467862125
-12.792809626867825
-12.79285025218563
-12.792879416399265
-12.79291751984349
-12.792942894237639
-12.792977686771067
-12.793010837832558
-12.793040892788126
-12.793089497097062
-12.793122994087218
-12.79316183489209
-12.793214796329806
-12.793252966555926
-12.793276256282416
-12.793332225878851
-12.793355133434765
-12.793381189670713
