500 iters for seed 191 on 3R0.3 which is in the 95.09811401367188 percentile
 Maxcut: 20.0, MedianCut: 12.0
-12.01348013704275
-12.093968108848554
-12.138507718534411
-12.179969866128314
-12.217636147969888
-12.253776859660933
-12.280720658622304
-12.300189114520133
-12.317549641987998
-12.329219241591211
-12.342972825936169
-12.35263784057841
-12.363169702922868
-12.371461584339576
-12.378211997361205
-12.384694804301228
-12.391202905518014
-12.39572962600792
-12.401249761481553
-12.405542652867112
-12.410127167512059
-12.413726063355444
-12.417467843936329
-12.421312318690767
-12.425642279972632
-12.429859691871775
-12.43336968069672
-12.43734692168222
-12.441079744077072
-12.444147703341383
-12.447838352216584
-12.451632172710493
-12.454435569609194
-12.456786614548792
-12.45922855479018
-12.461823894560995
-12.463727713670112
-12.465969055426571
-12.46798206623705
-12.469842556944084
-12.471776609083621
-12.473295719321472
-12.474728176491979
-12.476025808124817
-12.477099966616834
-12.478123417194158
-12.47942294087099
-12.480447479174428
-12.481487400289893
-12.482450044629324
-12.483244837886526
-12.48423153852368
-12.485339843001272
-12.486340036178301
-12.487240886968674
-12.488390804673168
-12.489393431504606
-12.490369125677356
-12.491624854174784
-12.49239226027447
-12.493159967741846
-12.494299274483694
-12.495102772763353
-12.496019838436915
-12.49683929667815
-12.497649268731873
-12.498269177246069
-12.499308870188987
-12.499841630099192
-12.500641033662243
-12.501204331619418
-12.502153776922665
-12.502725615401223
-12.503316234527043
-12.504235287279467
-12.504797214845436
-12.50536760462514
-12.505847994185308
-12.50636056176132
-12.507036307022195
-12.507637123489246
-12.508237828958636
-12.508727426465661
-12.509353535934478
-12.509997524120088
-12.510589673996755
-12.511063065608916
-12.511658294324143
-12.512138483100053
-12.51256104107647
-12.5130741370088
-12.51353611545898
-12.51420685088917
-12.514735369965397
-12.515228632185991
-12.51578314129437
-12.516325135449854
-12.516776413247552
-12.517319489852483
-12.51767729941836
-12.51804858698613
-12.518533586162143
-12.518811881165732
-12.519281269565251
-12.519633954580673
-12.520097958617782
-12.520417054057683
-12.520778639385782
-12.52120219178897
-12.521722047033329
-12.522118897045209
-12.522484957853646
-12.522879559562458
-12.523300807882203
-12.523795495000973
-12.52427256727145
-12.524734311800731
-12.525261344959013
-12.525687256024932
-12.5260692224551
-12.526557650362179
-12.526924701739551
-12.527243646974481
-12.527719523956147
-12.528072317550027
-12.528548262573784
-12.52923666370114
-12.529550945621391
-12.530076578541934
-12.530301943346089
-12.530756904085461
-12.531014315495433
-12.53130635855099
-12.531664903377225
-12.532035398886373
-12.532271005884411
-12.532650281785637
-12.53291337180991
-12.533155576029426
-12.533547938026981
-12.53374075728433
-12.533945591247702
-12.534333570395285
-12.534475050379168
-12.534633312038123
-12.534908226410263
-12.535053110331358
-12.535195910861733
-12.53557247405276
-12.535679122423936
-12.535899315333568
-12.536052683392985
-12.536282594548307
-12.536467413264031
-12.53661467801635
-12.53688739530982
-12.537058135048158
-12.537217296400428
-12.537392405584585
-12.537573061791495
-12.537786739091896
-12.537975102516281
-12.538162308709351
-12.538314881619206
-12.538517992124742
-12.538659476872668
-12.53877476190847
-12.538903002375125
-12.539018097192994
-12.539142050896695
-12.539292600442046
-12.539418874572016
-12.539586328137203
-12.539743004855241
-12.539887755128193
-12.539994518106322
-12.54012969141015
-12.540233960049832
-12.540320341358955
-12.540471057254797
-12.540563986346827
-12.54068101112033
-12.540843878393012
-12.540921800798404
-12.541014904767323
-12.541158000247988
-12.541268906265262
-12.541375719373548
-12.541490221368036
-12.541603428166399
-12.541708944177163
-12.54183043429047
-12.541946451379896
-12.542123645490769
-12.542254734624029
-12.542387830730334
-12.542554733619687
-12.542645578036133
-12.542754663020627
-12.542853547862492
-12.542933057002585
-12.54307019060932
-12.543216740355014
-12.543312851972171
-12.543466769703677
-12.543565684712053
-12.543683730633887
-12.543889759522507
-12.544007336763574
-12.544225375200254
-12.544421313428183
-12.544535347118618
-12.544752534921217
-12.544898873130904
-12.545068609048151
-12.545252397133762
-12.545370962535262
-12.545545066780276
-12.54571432070761
-12.545895841467766
-12.546034630582753
-12.546170348520977
-12.54629352932682
-12.546418926647204
-12.546525606835173
-12.546617894411526
-12.546714059281012
-12.546880536156872
-12.546954475313246
-12.54706139266369
-12.547149095655035
-12.547278059745862
-12.547379140866957
-12.547461323784933
-12.547594448552196
-12.547677790986135
-12.547790153638879
-12.547864816971387
-12.547948595906128
-12.548009558494828
-12.548164764963353
-12.548229895410607
-12.548308151081581
-12.548424979900718
-12.548501814234086
-12.548626301168943
-12.548691049453438
-12.548757885244987
-12.54881249129198
-12.548874190997674
-12.548945877099927
-12.548997775655547
-12.549056659182568
-12.549133417372675
-12.549182164855694
-12.549229509793633
-12.549268910760933
-12.549311252567113
-12.549340682605353
-12.549411132933653
-12.549443127282423
-12.549485347708067
-12.549533113745309
-12.549585706710854
-12.54962661221932
-12.549677940367014
-12.549712851254103
-12.549744359326091
-12.549796986880965
-12.549825808448865
-12.549882119272613
-12.549926390710436
-12.549991167461641
-12.550031712159434
-12.550071221717259
-12.550090637376377
-12.550160618688222
-12.550192141008644
-12.550231053215265
-12.550287454193331
-12.550306020733059
-12.550368488498046
-12.550387681044384
-12.55042640754465
-12.550470321769946
-12.550523304138876
-12.550554301084041
-12.550591382612634
-12.55062155236752
-12.55065735812019
-12.550705197744929
-12.550731640509971
-12.550764023174779
-12.550804667451912
-12.550832918548526
-12.550860798032824
-12.550901605350996
-12.550936492999318
-12.550957822829698
-12.551016379349587
-12.551041093619205
-12.551074136243676
-12.551120175693834
-12.55115732936451
-12.551207732522403
-12.551245868448635
-12.55129677389292
-12.551327573861693
-12.55137307040037
-12.551423891076551
-12.551461065996447
-12.551503486762819
-12.551561036591186
-12.551594063751672
-12.551638674377765
-12.551675976222263
-12.55171978908102
-12.551790585892066
-12.551833656856358
-12.551876201993215
-12.55190378513675
-12.5519369822266
-12.551977239016388
-12.552029775183241
-12.552060804090074
-12.552095191356075
-12.552123190742408
-12.552171668663247
-12.552209670899888
-12.552238496832516
-12.552300166137652
-12.552333801432866
-12.552392165574114
-12.552436454278352
-12.552502411866264
-12.552535062093195
-12.552592664083228
-12.552636089218662
-12.55267688047592
-12.552746028153681
-12.552777759617914
-12.552837367239619
-12.552864838365888
-12.55290249313055
-12.552969902277145
-12.553021746305577
-12.553074246498284
-12.553115395704019
-12.553154398346717
-12.553236071289572
-12.553299576929131
-12.553346471183623
-12.553388500391641
-12.553425173363072
-12.553482674690914
-12.553540442834514
-12.553573067598307
-12.553623318925139
-12.553647525080873
-12.553723386540856
-12.553758302412053
-12.553796549863627
-12.553862518125811
-12.553907583133192
-12.553986858820037
-12.554043176875751
-12.554106409891657
-12.55416907796202
-12.554221368062034
-12.554297467457522
-12.554344997642037
-12.55439603883287
-12.554457686101731
-12.554493383303335
-12.55453172589652
-12.554589847865456
-12.554614670680271
-12.554659111508247
-12.554688989764294
-12.554756596321733
-12.554791020400963
-12.554825845613227
-12.554886983735063
-12.5549085111061
-12.5550199820457
-12.555058166403137
-12.555102056463026
-12.555159907971788
-12.555200633503249
-12.555264070738318
-12.55531395650923
-12.555376230432831
-12.555437290538086
-12.555492860035574
-12.555579511215464
-12.555631058140314
-12.555691168711924
-12.555777826192095
-12.555815017357434
-12.555869091057302
-12.555914707194217
-12.555955833597679
-12.556023027864601
-12.556069820288187
-12.556143851863792
-12.556197393860579
-12.556250799895173
-12.556301182992858
-12.556353005271056
-12.556414108499244
-12.556462042025116
-12.55650176007274
-12.556565943773686
-12.556609728834623
-12.55664551219633
-12.556708454118777
-12.556745073849836
-12.556772578814233
-12.556840672196998
-12.556861566842045
-12.556901798613389
-12.556932277731972
-12.55698134645171
-12.557014212477496
-12.5570480784374
-12.557105133552342
-12.557134915130922
-12.557179912486559
-12.557217664172281
-12.557262027093493
-12.557291562102224
-12.557343055915048
-12.557378036938776
-12.557415230253493
-12.557471332523088
-12.557523528991162
-12.557564561183051
-12.557612049816422
-12.55764780597413
-12.557701203766065
-12.55775845916476
-12.557805874528189
-12.557842971353326
-12.557913338465134
-12.557966280820072
-12.558000188253974
-12.55805928736706
-12.558105984138145
-12.55817770313586
-12.558249487880543
-12.558324286095399
-12.558381747270957
-12.558435247674725
-12.558496726411077
-12.558550284974382
-12.558617385623567
-12.558684411644078
-12.558755877739273
-12.558815104833405
-12.558877190682368
-12.558956898436078
-12.559017907833274
-12.55908849491205
-12.559166996490504
-12.559233445070603
-12.559269360596684
-12.559343203948433
-12.559362970173542
-12.559415948376463
-12.559449234331804
-12.559484007048962
-12.559540247303044
-12.559579161232774
-12.55963170555339
-12.559666204112084
-12.559713785857213
-12.559761637891933
-12.55980897526559
-12.559865755354046
-12.559914416282815
-12.559967970586028
-12.560017940478186
-12.560062577912944
-12.5601049583719
-12.560178596059469
-12.560211371409176
-12.560243039728988
-12.56029121518727
-12.560325234395226
-12.560372861800897
-12.560414282608305
-12.560462480834424
-12.560511317430226
-12.560562680599224
-12.560603736369295
-12.560645392766096
-12.560678586848148
-12.5607147214977
-12.560752876510229
-12.560780024225965
