500 iters for seed 19 on 3R0.3 which is in the 94.65255737304688 percentile
 Maxcut: 22.0, MedianCut: 12.0
-12.107598088718584
-12.179059009680296
-12.216244425480124
-12.253394098989629
-12.286345375609821
-12.30578793217355
-12.326852780358806
-12.338702442042148
-12.349710391160931
-12.358182435967057
-12.366510589457327
-12.374865318263877
-12.382523350554706
-12.389830801647893
-12.397340090261205
-12.402743681563217
-12.407418585243125
-12.410987728567502
-12.414687115691407
-12.417984644554046
-12.421626773029567
-12.424642884644049
-12.427103437687485
-12.429588537854787
-12.431848680404574
-12.43397389286456
-12.437264605830832
-12.439638912814736
-12.442849808069848
-12.445568544108168
-12.447693348663158
-12.450274259696204
-12.452807266559738
-12.454608617321824
-12.456642496704347
-12.459060551693282
-12.461262004500156
-12.463231170743894
-12.46520700517063
-12.46729860142213
-12.469087256471497
-12.470655161952132
-12.472285808562456
-12.473796609531458
-12.475044470718712
-12.476099723849863
-12.47705747843565
-12.478140912897716
-12.479184200050929
-12.480278322860464
-12.481085288486602
-12.481964308799467
-12.483157029878669
-12.483885921225768
-12.484726755962388
-12.485906236627644
-12.48654283141446
-12.487165076761428
-12.488512780494132
-12.489283887454219
-12.490419677923406
-12.491773973726294
-12.49315872125917
-12.494100055420105
-12.495364161293445
-12.495691241296656
-12.497219358908401
-12.497887541788149
-12.498706082027882
-12.500033532580062
-12.500974807604127
-12.502407443492315
-12.503491351513633
-12.50450260720895
-12.505353011265193
-12.506180716580637
-12.5070574724365
-12.507696193804728
-12.50871951551507
-12.50958610762849
-12.51064061865683
-12.51126647061556
-12.512135482921064
-12.512520279902002
-12.513552208009983
-12.514061335062664
-12.514663067789675
-12.51565463465316
-12.515873497499324
-12.51715392374568
-12.517579721674421
-12.518316649933052
-12.518869784664153
-12.519649772549156
-12.52010700970617
-12.520575911276435
-12.521149970616847
-12.52174929867171
-12.522169843186406
-12.522753168453866
-12.523189155855968
-12.523609947111161
-12.524398130930786
-12.52468150873975
-12.525143892420141
-12.525655054755351
-12.526060113123181
-12.526886803331937
-12.527309163214921
-12.527973461100622
-12.528464407262815
-12.52902061928295
-12.529580128842898
-12.530243958622904
-12.530916739660274
-12.531347841916258
-12.53195149460865
-12.532371246503597
-12.53280372370749
-12.533254850920017
-12.53384741548503
-12.534145011975147
-12.53454114512406
-12.534917865008524
-12.535381909466835
-12.535746509253578
-12.536037243211968
-12.53619147118881
-12.536649084971014
-12.53685960318648
-12.53709031141915
-12.537449807882258
-12.53766902570621
-12.53801776915063
-12.538288198592369
-12.538666154683899
-12.538951985524315
-12.539260090742864
-12.53961850607885
-12.539867284404185
-12.540081514660894
-12.540659430044293
-12.540864891504455
-12.541187687752624
-12.541478534826371
-12.54188808663894
-12.542292264285576
-12.542610790618014
-12.542955475640756
-12.543380503268308
-12.543668143384009
-12.544020345865178
-12.544236256355518
-12.544681014788306
-12.544954149047795
-12.545254283062373
-12.545785434641946
-12.546034722232097
-12.546551094171466
-12.54695900985716
-12.547357455886916
-12.547649620947778
-12.547949161200034
-12.548294351264953
-12.548507829786647
-12.548777352022837
-12.549103981540926
-12.54933827802276
-12.549494647502765
-12.549776067915285
-12.549960420263309
-12.550169866377166
-12.550450010821294
-12.550621037147124
-12.550899600750222
-12.551133102972045
-12.551354791978593
-12.551554307045965
-12.551735299516324
-12.551937087807385
-12.55209334951229
-12.552232216418734
-12.552337424862287
-12.552511523842108
-12.552608059653537
-12.552719774670438
-12.552874699030362
-12.552984256761277
-12.553052763755034
-12.55330065046395
-12.553393201057785
-12.553535318849868
-12.553698942730414
-12.553887792006659
-12.554019688054039
-12.554156863897928
-12.554254614882653
-12.554351008209538
-12.554452733217083
-12.554539428549251
-12.554625092337165
-12.55479098381626
-12.554879455593907
-12.554977818101548
-12.555135509552468
-12.55521463998584
-12.555330427223746
-12.555456026421119
-12.555586098599868
-12.555646892582129
-12.555772508903566
-12.55583391654355
-12.555926224849344
-12.556007181057115
-12.556074371777655
-12.556199809311337
-12.556271512521427
-12.556344660681281
-12.556419406263366
-12.55650896283123
-12.55660590725974
-12.556692296694449
-12.556773280710166
-12.556831636023965
-12.556914609168677
-12.556987038488598
-12.557045497774258
-12.557123360649149
-12.557194407405051
-12.557260604719815
-12.557335962014278
-12.557396222388975
-12.557467658022116
-12.55756396024307
-12.557635511293336
-12.5577033681412
-12.557832146968268
-12.557870976983201
-12.55793966892931
-12.558019724896688
-12.558092999986828
-12.558192379685117
-12.558288239564886
-12.558348457002761
-12.558427282154888
-12.558484012453063
-12.558553341978373
-12.558651732408254
-12.55869500810703
-12.558738566722933
-12.558850992223384
-12.558878041072951
-12.558922504694982
-12.55897872565785
-12.559015115556104
-12.559089085365201
-12.559129550165576
-12.55919624645534
-12.559246688458131
-12.559302586641245
-12.559353128081824
-12.559415923922469
-12.559463767800487
-12.559506062744678
-12.55959103309658
-12.559636380583376
-12.559678443180083
-12.559741752007
-12.559784016830143
-12.55984730110175
-12.559941125525727
-12.559985059018155
-12.560045445614374
-12.56008391316305
-12.560140426345244
-12.560172890803763
-12.560211402928788
-12.560269397725893
-12.560342523217916
-12.56039213577486
-12.560453797219322
-12.560499759366854
-12.5605632925261
-12.560627416380598
-12.560678484461386
-12.560747234466346
-12.560846731376246
-12.560914911188009
-12.561004224613248
-12.561074354447967
-12.561172128414912
-12.561239683014751
-12.561303987173684
-12.561363796951381
-12.561449356216507
-12.561525206861294
-12.561593806551153
-12.56172640363016
-12.561825722750847
-12.561922138133227
-12.562002808279779
-12.562081864709882
-12.562187046437792
-12.562274948370352
-12.562356753087041
-12.562432315135428
-12.56253871257463
-12.56263610677571
-12.562721060748821
-12.562789987334732
-12.562875094571636
-12.562961109247976
-12.563038167559421
-12.563110871495851
-12.56319144468155
-12.563256909826277
-12.563327770303792
-12.563405904199163
-12.563470718834072
-12.563555247700716
-12.563625623296103
-12.56369898877874
-12.56376427460636
-12.563830743371385
-12.563880515322914
-12.563916053176577
-12.563987537369806
-12.564033104599343
-12.564079772400081
-12.564136495799442
-12.564193056195469
-12.564249041278542
-12.564332953652286
-12.564367702283388
-12.564418831098992
-12.56446384223583
-12.564521181968967
-12.564567607223745
-12.564606304407306
-12.564686401536052
-12.564730921711524
-12.564779324932651
-12.564836008292783
-12.564886365072846
-12.564950686796735
-12.565032249089892
-12.56509577980534
-12.565161214190097
-12.565226344717686
-12.565285480175897
-12.565330760326122
-12.56537953214594
-12.565411074368312
-12.565452376970551
-12.56550953800664
-12.565576392455727
-12.565617731993767
-12.565681402129908
-12.565722409141776
-12.565771548149966
-12.56584427436483
-12.565879120492642
-12.56590000574306
-12.56599839012337
-12.566017121411205
-12.566061988888356
-12.56606905644685
-12.566127340075198
-12.566146706633667
-12.56617557797578
-12.56621180418599
-12.566232105588611
-12.566278877920016
-12.566299853174595
-12.566329108787421
-12.56638053064341
-12.566404627751325
-12.566442861143784
-12.566470600275434
-12.566502844394925
-12.566534657921618
-12.566566909726022
-12.566605009575214
-12.56663100139382
-12.566659385791198
-12.566697446995807
-12.56673499767245
-12.566752556707977
-12.56679315587895
-12.566814623414936
-12.56684360960208
-12.566876367261136
-12.56689685816135
-12.566916885293878
-12.566945471115053
-12.566968455926935
-12.56699924569915
-12.567016065116146
-12.567055257097548
-12.567076297801
-12.56709860479813
-12.56712804918384
-12.567159912897871
-12.567183395562202
-12.567213971637502
-12.567230204077578
-12.567248682661944
-12.567273624831873
-12.567287137936965
-12.567318608296143
-12.56734077739329
-12.567362669123767
-12.567384932199513
-12.567402069597835
-12.567423872525742
-12.56744299881005
-12.567457044798374
-12.567477936802433
-12.567491644663722
-12.567511801814351
-12.567530663018822
-12.567547318821314
-12.567571073465466
-12.567598307530904
-12.567615119821383
-12.567639664539989
-12.56765395462593
-12.567671108451957
-12.567691317465941
-12.567705184975086
-12.567741230100625
-12.567747937944683
-12.567782284308446
-12.567794552422832
-12.567814552661135
-12.567837791049463
-12.56786175926877
-12.567878816592058
-12.56789990238023
-12.567913860254023
-12.567932266147896
-12.567951874086841
-12.567968488583551
-12.567977909991473
-12.56800405229564
-12.568007075864232
-12.56802683664722
-12.568036305909066
-12.568052101145218
-12.568068632397328
-12.568080718290599
-12.568103164510408
-12.568118567935832
-12.568138991235138
-12.568152630545743
-12.568169911270196
-12.568187276093678
-12.568199394319018
-12.56821083783379
-12.568231081837007
-12.568244455470808
-12.568260323151204
-12.56828966978249
-12.568308390278355
-12.568325835543838
-12.568340235266543
-12.568357216716663
-12.568375364896273
-12.568393118050228
-12.568405713119008
-12.56841663110227
-12.568432025783064
-12.568446969241984
-12.568458917255192
-12.56847086962035
-12.568483791271175
-12.56849768322003
-12.568510763714322
-12.568520922793466
-12.568535167991229
-12.56855041671042
-12.568564946457657
-12.56857708964463
-12.568590950873299
-12.568602983319918
-12.56861687728458
-12.56863247458654
-12.568646257674045
-12.568656298563214
-12.568675706005656
-12.568684862514147
-12.568695767447185
-12.568712382396814
-12.568727002005735
-12.568737103434577
-12.568750567081867
-12.56876036890519
-12.568773567133391
-12.56878871215629
-12.568799605275615
