500 iters for seed 89 on 3R0.3 which is in the 79.12826538085938 percentile
 Maxcut: 21.0, MedianCut: 12.0
-12.116030435213204
-12.183397515825146
-12.216367109369473
-12.239803083080632
-12.268444285429942
-12.28791310648073
-12.309634147695132
-12.324045640391223
-12.337384506742174
-12.348692335958965
-12.360889154554846
-12.371319552775455
-12.37830409181318
-12.383682055930409
-12.389932296688738
-12.395946842116064
-12.402267394795015
-12.40988318653071
-12.416228477556412
-12.422757399752964
-12.427698896611629
-12.431610649071317
-12.436171400901872
-12.440761287598107
-12.444136811277637
-12.447685755210918
-12.451071469746786
-12.45501444678194
-12.45824458572111
-12.461742787669873
-12.463930240559316
-12.4663815126123
-12.46866940761419
-12.471052653240836
-12.473830870939292
-12.476391474552976
-12.478632524907914
-12.480214253175411
-12.481897576305983
-12.483560020474178
-12.484745387373502
-12.485850047638678
-12.487293177429624
-12.488383842128538
-12.48938015066702
-12.491035545008142
-12.491822782485883
-12.492791687712737
-12.494658139799734
-12.49563075094956
-12.496837685770942
-12.497897724114809
-12.498584383149637
-12.499704884517012
-12.500106916708118
-12.501051797473917
-12.50155348790063
-12.502271687290206
-12.503125747137082
-12.504027215126857
-12.504693323115191
-12.505392362550294
-12.505990481794184
-12.506636799382726
-12.50731697834318
-12.507770351904345
-12.508076438980446
-12.508587768639279
-12.508838494397729
-12.509120202729985
-12.509564100364932
-12.509850560436305
-12.510270362184144
-12.510825236655137
-12.511092515761002
-12.511556164210994
-12.511893379981252
-12.512274628557297
-12.512650622498784
-12.512865410682704
-12.513156462586043
-12.51356287532735
-12.51383491931248
-12.514180239140455
-12.514537502126172
-12.514908862006191
-12.515288613422257
-12.515585226221223
-12.515888886068769
-12.51626778272014
-12.516427190042855
-12.51664221408448
-12.516872956505377
-12.51704279380655
-12.517431695333103
-12.517658329361602
-12.518005330912892
-12.518291759499673
-12.51861347279376
-12.51893976018686
-12.519273241327289
-12.519629927758553
-12.519914815199465
-12.520253137137805
-12.520653246183034
-12.521016978648648
-12.521269821839525
-12.521645168934148
-12.521902329603979
-12.522201444953032
-12.52254114953261
-12.522768424782475
-12.523206894276303
-12.523648755679426
-12.524018324170807
-12.524549310741667
-12.524923584970976
-12.52532407012793
-12.525848065352564
-12.526197988193392
-12.526736848075624
-12.526967167121452
-12.527579057066461
-12.527892358533427
-12.528322208240542
-12.528949779567276
-12.529165285465663
-12.530098251343244
-12.530503565044134
-12.531085592609228
-12.531812983103205
-12.532294038050734
-12.532922372991148
-12.53331259491168
-12.533764269563477
-12.53432255212255
-12.53499551914895
-12.53534533231134
-12.535758480961864
-12.535986903258037
-12.536587388509318
-12.53684486899472
-12.537194504762596
-12.537629828551632
-12.538102719039397
-12.538452733619772
-12.538934004504906
-12.53919352573197
-12.5395429540847
-12.539918601432749
-12.540153995704294
-12.540592035036235
-12.541029583592582
-12.541258435796328
-12.541625966710278
-12.54182324121041
-12.542154224215096
-12.542466311619457
-12.54270119280798
-12.543131844136694
-12.543209597196228
-12.543717892457073
-12.54388246695519
-12.544163809247763
-12.54447507442831
-12.544802631384899
-12.545042337771047
-12.5453949119334
-12.545633718146663
-12.545937906701068
-12.546170536005125
-12.546364783356212
-12.546563632132035
-12.546841948069961
-12.54707977356911
-12.547273278366978
-12.547579476963012
-12.54780849241246
-12.548144748533973
-12.548544589439148
-12.54894015667426
-12.549281493512197
-12.549625220340882
-12.549993169448506
-12.550397486995541
-12.550705396280163
-12.551019755857011
-12.551362706306916
-12.551719770882285
-12.551988222652216
-12.552238525695532
-12.552493249046508
-12.552799560157926
-12.553079660772466
-12.553372927106185
-12.553625905360724
-12.5539234397623
-12.554163170565644
-12.554368343810483
-12.554547502298135
-12.554883604646298
-12.55499616869821
-12.555178316018642
-12.555395318787447
-12.555627738808134
-12.55579919858955
-12.555966049665468
-12.556136701889018
-12.55633690778971
-12.556592442496633
-12.556749606999507
-12.556897084771768
-12.557097569444492
-12.55723207763899
-12.557299533457446
-12.557450848229983
-12.557530890918375
-12.55762575417174
-12.557791290419054
-12.557895563707353
-12.558068917980147
-12.558231960860612
-12.558403995420754
-12.558519307071606
-12.558651746109165
-12.558828484895955
-12.559019619720475
-12.559198239821479
-12.559346349791106
-12.559522809736624
-12.559744501629648
-12.559906370679283
-12.56007517010681
-12.560219508762362
-12.560372543066308
-12.560511684045839
-12.560669989232984
-12.56081852011682
-12.560950897107054
-12.561066306497931
-12.561300261970493
-12.561410135179685
-12.561580401364857
-12.561807840636927
-12.561950087694065
-12.562166473347277
-12.562289995921732
-12.562458430812963
-12.562672528632254
-12.562923525302287
-12.563071633270031
-12.56323831956778
-12.563384207116556
-12.563534137236802
-12.563766310056652
-12.563844558825318
-12.563965046407114
-12.564090302980823
-12.564176845681514
-12.564359739586141
-12.564450611385848
-12.564554505089408
-12.56463014252446
-12.56473623208147
-12.564828696647854
-12.564909285238352
-12.565017358522756
-12.565104083538014
-12.565250923669618
-12.565361696658934
-12.56547910446553
-12.565598228945403
-12.565693903747412
-12.565814606993447
-12.565914858375837
-12.566008756314284
-12.566109386069147
-12.566249102780976
-12.566387079395575
-12.566520471826514
-12.56666530311247
-12.566797048886931
-12.566914448383285
-12.56703185846217
-12.567131649121762
-12.567235367366639
-12.5673062507387
-12.567364007521142
-12.567452395292301
-12.567550688115736
-12.56763294616146
-12.56772127281663
-12.567798668999322
-12.567891323247155
-12.567945401135965
-12.568012761074028
-12.568050549059725
-12.568141522561035
-12.568184641726726
-12.568252344306472
-12.568332301318959
-12.568417198786843
-12.568474791456449
-12.56854335850782
-12.568609338926825
-12.568711102087406
-12.568767223326478
-12.568891566867718
-12.568947035242893
-12.569029813487836
-12.569074177841586
-12.569173361292808
-12.569229170836499
-12.56928647721936
-12.569369112436013
-12.56941517690342
-12.569491284486437
-12.569571035714194
-12.56964589350358
-12.569736983063839
-12.569809261808674
-12.569894132295893
-12.569956634255844
-12.570039462784912
-12.570098343120135
-12.570223299889522
-12.57028166592085
-12.570343822865867
-12.570430345598592
-12.570495847615634
-12.570566635703946
-12.570621005226915
-12.570688477414484
-12.570736403855067
-12.570815390776017
-12.570865109065664
-12.570920197241282
-12.57098553274382
-12.571064013906202
-12.571133942836811
-12.57120508768373
-12.57123145580197
-12.571330095968488
-12.571371775573818
-12.57142046514959
-12.571505549370185
-12.571575951588636
-12.571700581946326
-12.57178608279882
-12.571899666727498
-12.571942850769348
-12.572042895201163
-12.572105010273294
-12.572178266254996
-12.572244419978638
-12.572342450941527
-12.57239481982907
-12.572435742817778
-12.572495859851115
-12.572554118796617
-12.572605208302502
-12.572663965062192
-12.572711731835
-12.57277994574974
-12.572834948396771
-12.57288624983272
-12.572926442297472
-12.573007112056473
-12.573062680168402
-12.573105014746208
-12.573165792955711
-12.573213956197211
-12.573281502279771
-12.573344789204171
-12.573404959372134
-12.573451569769789
-12.573523857787254
-12.57356787076391
-12.57362215494176
-12.573702186248552
-12.573748732575819
-12.573810305883844
-12.573882076579595
-12.573938450269074
-12.573979787932778
-12.57405360054635
-12.574105199871118
-12.574136959894961
-12.574180602236575
-12.574223375007294
-12.574272154500695
-12.57432792529051
-12.574371936750264
-12.574419513106184
-12.574467462640754
-12.574519453708586
-12.574559295472048
-12.574603554297694
-12.574642324441934
-12.574695199961326
-12.574734744935181
-12.574775196085483
-12.574812596394118
-12.574849074066899
-12.574885488318872
-12.574923829614473
-12.574948285439367
-12.574985858620268
-12.575010260867634
-12.575034487894316
-12.575074083347694
-12.575108014473201
-12.57514986342003
-12.575194624115717
-12.575212935465679
-12.575247358556288
-12.575287440729934
-12.575329900983109
-12.575367350054387
-12.575399241524682
-12.575434580090887
-12.575473330518665
-12.575506484687754
-12.575533118025215
-12.575566731405978
-12.575599844469282
-12.575633351046081
-12.575662833108943
-12.575695498646766
-12.57572684625757
-12.575765593036204
-12.575798474285737
-12.575832453417608
-12.575872832495536
-12.575908930815153
-12.575936536788593
-12.57596180363412
-12.575998512645622
-12.57603175577501
-12.576058183290142
-12.576086675889469
-12.576112535403686
-12.576143405818522
-12.576164487909061
-12.576182242599895
-12.576196784925308
-12.576221556873655
-12.576237709208458
-12.576258327878922
-12.576276558310358
-12.576292735416953
-12.576322281538072
-12.576344540537818
-12.576364694901088
-12.576379558415482
-12.576396067059237
-12.57640707827818
-12.576438415816696
-12.576449904510485
-12.576467755647002
-12.576483192970567
-12.576508115924423
-12.576529834622736
-12.57654550791378
-12.576580756805345
-12.576596273393765
-12.576626222142988
-12.576649022810082
-12.576672222367613
-12.576692711561687
-12.576708792204538
-12.576731058498273
-12.576740319540036
-12.576764158726679
-12.57677814594015
-12.576793706217755
-12.576813141740448
-12.576834034521571
-12.576846394110829
-12.576862319432536
-12.576875368671462
-12.57689257522085
-12.576911883633775
-12.5769252726565
-12.576940137589224
-12.576961369156866
-12.57698044778038
-12.57699981494677
-12.577016783530201
-12.577034097373332
-12.577045474155607
-12.577063826918113
-12.577076464637317
-12.57708819225331
-12.577110085802834
-12.577117969197447
-12.577139691599234
-12.57714834113441
-12.577160673407672
-12.577178693193794
