500 iters for seed 170 on 3R0.3 which is in the 78.88565063476562 percentile
 Maxcut: 22.0, MedianCut: 12.0
-12.018793012934143
-12.03496207978504
-12.130010599174538
-12.173472869912686
-12.221506604684837
-12.254299609531456
-12.275587533196987
-12.281660194414155
-12.304889835210597
-12.3159880687615
-12.323954272669113
-12.333984627983225
-12.341766404247489
-12.35197870853597
-12.362023589647587
-12.373465412607786
-12.383691697779282
-12.395016589858885
-12.404254272975246
-12.410704517995164
-12.420563300633429
-12.426136881885304
-12.430999064925993
-12.436397134510726
-12.440178221995557
-12.443950885698492
-12.44678908254861
-12.44997807602368
-12.450489133980325
-12.454261045018946
-12.455491520699159
-12.457551690881735
-12.45953394417133
-12.461906283429473
-12.463981088809359
-12.466506788482013
-12.468491496996478
-12.471224300976676
-12.473066413418174
-12.474813360224733
-12.476180269992417
-12.477746627884647
-12.478713034674533
-12.48000522448689
-12.48142115681031
-12.482868779201832
-12.48358840048687
-12.484871225722319
-12.485428272205084
-12.486517493739271
-12.487158751309257
-12.487840059645448
-12.489044077041422
-12.489811799334067
-12.490664459216894
-12.491501583477044
-12.492294949647485
-12.493352280825944
-12.494335462976341
-12.495203927382713
-12.495909539163318
-12.496964821337002
-12.497847147777776
-12.49906102373495
-12.500024858747691
-12.500962829918302
-12.501463413314267
-12.50303555320714
-12.503677557275822
-12.504551382092242
-12.505545085071681
-12.506672300182261
-12.507794720019895
-12.508844099017251
-12.50977487066713
-12.510664286775741
-12.511449087209147
-12.5120992079746
-12.512942183494939
-12.513657207176378
-12.51414019533917
-12.514876120280885
-12.515425806892228
-12.516024057365723
-12.516737069509025
-12.517214450569469
-12.517984615077307
-12.518555447742525
-12.519045404781815
-12.519511718748955
-12.519912031616517
-12.52042349418172
-12.52088353619736
-12.52132131365713
-12.52177529592724
-12.522206630143243
-12.522587645870237
-12.522994558937349
-12.523324396595585
-12.523566843662447
-12.523908849021653
-12.524153586841685
-12.524616445505108
-12.524968092210004
-12.525248736099613
-12.525547566196412
-12.525811321567078
-12.52603514181877
-12.526439429541112
-12.52664458147461
-12.526916524902395
-12.527245052175658
-12.527550673093701
-12.52774674471711
-12.528015231614862
-12.528249354187313
-12.528584725728862
-12.52903305477157
-12.529357732321895
-12.529587731235203
-12.53006866071685
-12.530353420026184
-12.530615193181847
-12.530986200127565
-12.531190359142093
-12.53151824515378
-12.531692903272694
-12.532132162845276
-12.532337765369821
-12.532553715158896
-12.532856193119198
-12.533075239077055
-12.533359729114625
-12.533597677326554
-12.533822543824796
-12.534086676774926
-12.534377544997481
-12.53464506393236
-12.534896722095903
-12.535095894663272
-12.535395884625691
-12.535557544840993
-12.535738760560303
-12.5358953514273
-12.536015352976696
-12.536111389164464
-12.536320692565416
-12.536404059268543
-12.536526739977628
-12.536681335868245
-12.53680385058092
-12.536951691816526
-12.53704608725613
-12.537164073089714
-12.537289487537638
-12.537399282399932
-12.537491725343754
-12.537574661022596
-12.537687382717964
-12.537856123356551
-12.537920345670923
-12.538020785602546
-12.538124682012608
-12.538264674663187
-12.53842558782909
-12.53854664549044
-12.53866428307192
-12.538773899287897
-12.538900693192367
-12.539000407836827
-12.539114235202428
-12.539264962647824
-12.539351188805554
-12.539457543634146
-12.539570652215032
-12.539678564128652
-12.539782509575984
-12.539884100723302
-12.540003902676531
-12.540090063028732
-12.54021358244895
-12.540328935949718
-12.54043543002776
-12.540537849242352
-12.540654629841207
-12.54075968196723
-12.54086673017532
-12.540983536836075
-12.541095021334366
-12.541190661759984
-12.541310920051028
-12.541397056127984
-12.54147159660605
-12.541578089165007
-12.54165246251828
-12.541756650857675
-12.541905923895882
-12.541990526741765
-12.542066846300736
-12.542253096741655
-12.54239017834474
-12.542488818379583
-12.542736683954823
-12.542832240074022
-12.54298736523802
-12.543099989199462
-12.543281064291863
-12.543423087426625
-12.543525329732484
-12.543701576181384
-12.543836693370018
-12.543991439253718
-12.544168137346318
-12.544326151895998
-12.54443242248802
-12.544680018629645
-12.54477538689022
-12.544904800583957
-12.545045124604242
-12.545194581558402
-12.545317761179284
-12.545454765038109
-12.54556653122889
-12.545671800623627
-12.54581705174749
-12.54589132857418
-12.545973233955948
-12.546125819340247
-12.546200309012937
-12.546324329042369
-12.546418180243911
-12.546553195772495
-12.546642518941184
-12.546758804118745
-12.546863789104805
-12.546973012814046
-12.547082421147477
-12.547157271100144
-12.547249378959176
-12.547337756159004
-12.547422975911537
-12.54749441250058
-12.547588899048092
-12.547669143968333
-12.547750022997489
-12.547833541400053
-12.547896268163104
-12.547966953627295
-12.548043958731075
-12.548135620747937
-12.548227591528896
-12.548316777620736
-12.548414453963082
-12.548497304117026
-12.548597349516458
-12.548679911905646
-12.548769822085768
-12.54882451255848
-12.548929853982603
-12.54896204601208
-12.549075490225508
-12.549144029748193
-12.549212380716606
-12.54930787756609
-12.549379090027637
-12.549460250138425
-12.549507450321451
-12.549571066255645
-12.549615231160072
-12.549710350351488
-12.549756508369205
-12.549815611407077
-12.54991114440458
-12.549955962897421
-12.550045410545955
-12.550119971573942
-12.550208847686863
-12.550287467295451
-12.550357118101033
-12.550443767714103
-12.55050485049303
-12.550565671074606
-12.550670380791999
-12.550731959318895
-12.550806014371126
-12.550883660007349
-12.550944733368553
-12.550993855554346
-12.551102723271118
-12.55114661318214
-12.551210487723646
-12.551261168146482
-12.551330573616125
-12.551419527036083
-12.5515125461264
-12.551583787523722
-12.551659720497288
-12.551715648961661
-12.551814004369037
-12.551897734627131
-12.551990950279867
-12.552050483739626
-12.552148908189503
-12.552269245131182
-12.552369609234615
-12.552445920858965
-12.55251700570031
-12.552587658612321
-12.552683175480672
-12.552772610633454
-12.552835383792214
-12.552918063133882
-12.553025051808447
-12.553155669848474
-12.553272744384634
-12.553367651815563
-12.553474809452382
-12.553589109655988
-12.553710514080311
-12.553829547459326
-12.553970599161236
-12.55409167433908
-12.554220936943077
-12.554336865058094
-12.5544813423606
-12.554612717621708
-12.554729189020586
-12.554847750718572
-12.554979133824258
-12.555110260518774
-12.555225083323812
-12.55531842599611
-12.555442409921264
-12.555508843479302
-12.555596956653966
-12.55571332437693
-12.5557875352002
-12.555839817479239
-12.55596031091731
-12.555999828012936
-12.556084295428906
-12.556109028032964
-12.556222703882378
-12.556266409993981
-12.556320108363295
-12.556401103186515
-12.556454851848809
-12.556532144800611
-12.556602463561031
-12.556671894223346
-12.556748769913304
-12.556822162850592
-12.55688353589854
-12.556943695921568
-12.557018000529427
-12.557080879261695
-12.557155111281922
-12.557226231369594
-12.557313389848742
-12.557381781296506
-12.557448546615321
-12.557531535910082
-12.557600236394467
-12.557669316649278
-12.55772617022312
-12.557773743401023
-12.55781502095801
-12.557915796640563
-12.557955763813307
-12.558027886885146
-12.558083078362088
-12.558172310286473
-12.558227610238362
-12.558282272990827
-12.558376034817867
-12.558430370076188
-12.558523818419213
-12.558590176211691
-12.558656386387984
-12.558720176462018
-12.55878192572194
-12.558862979867564
-12.55892363034312
-12.558970478850322
-12.55906593473712
-12.559109580747773
-12.559150997956813
-12.559225479777961
-12.559264990946005
-12.559317434101317
-12.559407773060354
-12.559448258078959
-12.55950149550783
-12.559610920036953
-12.559669680309955
-12.559727043867632
-12.5597945481095
-12.559842508048064
-12.559908466079104
-12.55996910670575
-12.560039196356948
-12.560096739317961
-12.560155119064701
-12.560207897116943
-12.560254251710198
-12.56031592204341
-12.560371218246512
-12.56040752860025
-12.560464439419727
-12.560507593610684
-12.560556288172418
-12.560614808597439
-12.560643945436745
-12.560682984710828
-12.560756462754576
-12.560811615288749
-12.560842990260278
-12.560934969256579
-12.560974552104856
-12.561019248204627
-12.561061670637091
-12.561095647085942
-12.561133011683541
-12.561189472758391
-12.561225850222016
-12.561266947814456
-12.561312017271549
-12.561349726683517
-12.561378954920542
-12.56141873715278
-12.561453372162015
-12.561489494893674
-12.561523618945381
-12.561555156088387
-12.561590702628184
-12.56161858011552
-12.561645629015981
-12.561690053511965
-12.561721873477566
-12.561750602971504
-12.561790886042292
-12.5618161586574
-12.561856924001503
-12.561889341830316
-12.561918461626565
-12.56195539251134
-12.561988853355766
-12.562021852482587
-12.562051106058354
-12.562079405521295
-12.56209976880126
-12.562145374479645
-12.562163318899682
-12.562192558067066
-12.562233475867842
-12.562250897043922
-12.562285975332209
-12.562302415134754
-12.562329515307583
-12.562352605696862
-12.56238201996109
-12.562397566563815
-12.562411475294454
-12.56243864084192
-12.562458201453069
-12.562482734595648
-12.562500347015597
-12.562519728512573
-12.562541393737828
-12.562575600539725
-12.562594269816785
-12.562614897408285
-12.562639595722317
-12.562670298785225
-12.56269482801667
-12.562718523243039
-12.562742291202087
-12.562762942382278
-12.562794091345726
-12.562827692942722
-12.562849799909225
-12.5628819787304
-12.562895973937712
-12.562920056787668
-12.562936047222447
-12.56296000639344
-12.562977807801698
-12.562995007805606
-12.563013410799279
-12.56303357212461
-12.563045984549625
-12.563066568440947
-12.563078871702334
-12.563101169578477
-12.563121737930869
-12.563148644650639
-12.563168463036993
-12.563186133820043
-12.56320325102966
-12.563225403415789
