500 iters for seed 45 on 3R0.3 which is in the 99.40109252929688 percentile
 Maxcut: 22.0, MedianCut: 12.0
-11.925042018141054
-12.018962380501609
-12.05917446336534
-12.097394167567856
-12.131958458460522
-12.152550641028425
-12.169249871811289
-12.184226911698477
-12.20111726408216
-12.218187231340528
-12.232712726742307
-12.245928773821415
-12.259309669765173
-12.271619477580845
-12.281806827536009
-12.289642101119071
-12.297553175080486
-12.306418135236243
-12.31241814230929
-12.31930366638404
-12.324320711099475
-12.32804097917489
-12.33340641344092
-12.33825106116206
-12.341678613975452
-12.344994838680341
-12.348257846020244
-12.350535159031725
-12.3530169193093
-12.355460552217828
-12.357953965123492
-12.359536531890337
-12.363333137443403
-12.364896975167738
-12.367262329260567
-12.36914831699019
-12.371579722372822
-12.373438905182788
-12.375285723154924
-12.377885367579765
-12.380631658519949
-12.382737513489412
-12.385185056116756
-12.386879873045244
-12.388657267669121
-12.390738306441309
-12.391995643100588
-12.393536610550466
-12.395803104780377
-12.397117098656155
-12.398426984268882
-12.400018674547372
-12.400901292916243
-12.401977269533266
-12.403876897604457
-12.4047280319295
-12.40576474429604
-12.406868343490551
-12.407566919384541
-12.408605014826172
-12.409399150660846
-12.41029079366329
-12.411089656500112
-12.41183566916682
-12.412566574961973
-12.413308219550201
-12.413978520696787
-12.414580532764425
-12.415106565955215
-12.415828399943267
-12.416260300735573
-12.41676184522614
-12.417357594316261
-12.418048443646809
-12.418455857202336
-12.419138385076584
-12.41938263190828
-12.420033935206819
-12.420488545160909
-12.420907970896538
-12.421638716169301
-12.422007500099305
-12.422810127113276
-12.423426199481883
-12.424094900717856
-12.424624438745452
-12.425077570815496
-12.425922422453157
-12.426361320620758
-12.42685643983232
-12.427783614590329
-12.42834842413823
-12.42912994181902
-12.42994156902185
-12.430316229430353
-12.43104304043471
-12.431600180944042
-12.432191159530186
-12.432925913682883
-12.433408421772441
-12.43402940862746
-12.434841516831018
-12.435163519301401
-12.435747264028867
-12.436246362511586
-12.43692903867549
-12.43744143991685
-12.43786212703921
-12.438571881102396
-12.43904216214619
-12.43953198325115
-12.439928073575079
-12.440410759800576
-12.44082775612341
-12.441538097965353
-12.441938188921084
-12.442459452945254
-12.443016607046967
-12.443773634060875
-12.444325679355504
-12.444868551836151
-12.445646909902042
-12.445776413346113
-12.446801816831275
-12.447102988529982
-12.44755283923644
-12.448089784727749
-12.448688926335686
-12.449149379745261
-12.449688132305543
-12.45006239329899
-12.45042530980831
-12.450947457673514
-12.451190041829516
-12.451461788576102
-12.452330968675657
-12.45261680325681
-12.452818751222557
-12.453459044110076
-12.453663819783113
-12.453966550343411
-12.454247237150264
-12.4545561782922
-12.454998578767308
-12.455330813138552
-12.455698825830362
-12.455992209062547
-12.456311279516802
-12.456585465441142
-12.456898163214161
-12.45713000717417
-12.457357500357983
-12.457621774721442
-12.45803833048539
-12.458232358564302
-12.458435164375615
-12.45873308235577
-12.458907488776019
-12.459148960239782
-12.45933464706648
-12.45957383947161
-12.459791725570382
-12.460086918146756
-12.460308529279425
-12.460508944879416
-12.46072270960502
-12.460941485193832
-12.461256093956049
-12.461464068961543
-12.461719405735874
-12.462149815631495
-12.462399163669204
-12.462749119726173
-12.463052985265655
-12.463344114527162
-12.463563635435477
-12.463871468217356
-12.464196933227013
-12.464507541116205
-12.464810549839296
-12.465059635032297
-12.46535566914989
-12.46563517544073
-12.465924482498268
-12.466154977911401
-12.466371573010019
-12.466630080755829
-12.466807398562478
-12.46701560997407
-12.467313354411361
-12.467505311745429
-12.467755206875632
-12.46809886196048
-12.468349127850635
-12.46868105632851
-12.468914962654633
-12.469191480208076
-12.469439874710321
-12.469664012844204
-12.470012466371486
-12.470301296533826
-12.470567292783176
-12.470855707430816
-12.47104157166171
-12.471336247340215
-12.471576642094284
-12.471828122763842
-12.472045773957916
-12.472247863388418
-12.472456653228384
-12.472653545341277
-12.472880777962487
-12.47313505970684
-12.473402614945082
-12.47362073907382
-12.473898212526375
-12.474111374150437
-12.474351554845668
-12.474634585198524
-12.474831080018436
-12.475126169881182
-12.475348331059905
-12.475574266680866
-12.475793239609692
-12.476008492213897
-12.476235939227793
-12.476477038814465
-12.476697042833534
-12.476961607291406
-12.477291246785153
-12.477440725205238
-12.477702002980937
-12.477867637138234
-12.478069978155535
-12.478413061521369
-12.47857580029894
-12.478796399160325
-12.478967772064763
-12.479191422061476
-12.479405167547739
-12.479651925918793
-12.479919271404794
-12.48012047929166
-12.480423620597136
-12.480672770761853
-12.480898752310646
-12.481092063674277
-12.481284546918001
-12.481498249183986
-12.481695572719968
-12.481855220662856
-12.482054046496778
-12.48224492926936
-12.482419052586014
-12.482591038233352
-12.482741409815267
-12.482911149823305
-12.483088504090661
-12.483239516224035
-12.483439987075268
-12.483588989404973
-12.483715335333187
-12.483871646526847
-12.48398939722862
-12.484212619755377
-12.484413938789276
-12.484533725624681
-12.484747980930866
-12.484907501539048
-12.485137679939694
-12.485360361134681
-12.48558949653313
-12.485737007049824
-12.485974578493815
-12.486151789276233
-12.486309001296915
-12.486513954434466
-12.486660318235554
-12.486731971531455
-12.487032392792937
-12.487099522089737
-12.487226960964774
-12.487346079669774
-12.487501643079838
-12.48763566405662
-12.487748134653668
-12.487902605781187
-12.488046682873618
-12.488165461264792
-12.488317214788893
-12.488424537189179
-12.488576561626473
-12.488660053755169
-12.488757672846631
-12.48887184183412
-12.488986210857005
-12.489058866644715
-12.48918276322232
-12.489261795011583
-12.489369165749373
-12.489523538686322
-12.489666208852658
-12.489792592009637
-12.48992489005364
-12.490023011470582
-12.490180759193883
-12.490311984046976
-12.490431817813572
-12.490530318990483
-12.490646323738677
-12.490757829574257
-12.490842057767992
-12.490958342239898
-12.491056629061012
-12.491176899173004
-12.491259320430935
-12.491353147605725
-12.491424085168521
-12.491548663410104
-12.491616740059827
-12.49168650999062
-12.491813199221298
-12.491914732331981
-12.492011073176808
-12.49208692684515
-12.492167671676656
-12.49225996522176
-12.49235990691835
-12.492429951062036
-12.492505923486085
-12.492662358738304
-12.492739389232954
-12.492848122526048
-12.492945613581307
-12.493035064341763
-12.493142749321667
-12.493315211740216
-12.493436554120086
-12.493570065525933
-12.49369819045535
-12.493818063306097
-12.493920887149764
-12.494015899433528
-12.494142710168365
-12.494215379783085
-12.494327314237971
-12.494415185404355
-12.494501874984238
-12.49465272386003
-12.49476604536338
-12.494885855954958
-12.49497412538487
-12.495073341072263
-12.49510024250072
-12.4952799596418
-12.49532527500742
-12.49540026667775
-12.495461702555453
-12.49555773377805
-12.49563907543816
-12.495699233107054
-12.495830937234851
-12.495947731007728
-12.496053203717697
-12.49615607576829
-12.496255510836638
-12.496345807146454
-12.496495030233888
-12.496562743593651
-12.49667800633258
-12.49679255041137
-12.49695271674384
-12.49703410034377
-12.497121268368295
-12.497200260711105
-12.497300464198155
-12.49740736031252
-12.497489850938877
-12.497568485385084
-12.49769519537189
-12.49781026332945
-12.49793566910398
-12.49804240324661
-12.498172930364149
-12.49828660844668
-12.498419675380013
-12.498535841061592
-12.49863520074935
-12.498754617259891
-12.498833273434599
-12.498912460875722
-12.499059960921741
-12.499121546586348
-12.499182167638576
-12.49932021290978
-12.499375019346713
-12.499451166684388
-12.499560097272617
-12.499651672284518
-12.499697095670511
-12.499826236092265
-12.499868124828703
-12.499933677365354
-12.49999387118843
-12.500053148549936
-12.500153790832414
-12.50022131810575
-12.500318374690632
-12.500393108672046
-12.500473528322825
-12.500560932028844
-12.50064492516741
-12.500748856264567
-12.50081108613149
-12.500886311077734
-12.500974209645513
-12.50104337804348
-12.501108046231282
-12.501268669268367
-12.501333657710541
-12.501414581732371
-12.501501935072636
-12.501598116821166
-12.501667061187945
-12.501752577992763
-12.50181487726451
-12.5018959123447
-12.501996266629329
-12.502081945111764
-12.502128744245832
-12.502284094823054
-12.502339782851077
-12.502388274893356
-12.502466536774682
-12.502503850761808
-12.502554709426375
-12.502600170383284
-12.50264298947824
-12.502679719557793
-12.502751414461681
-12.502779142363174
-12.50281648008167
-12.50286165952205
-12.502911824971786
-12.502972561875485
-12.50301890448847
-12.503051699018828
-12.503146384191526
-12.503185544105161
-12.503215727505237
-12.503286118914565
-12.503306168114074
-12.503352330502246
-12.503389082285661
-12.503423375959569
-12.50348408304501
-12.50351818856739
-12.50357255142519
-12.50361463172268
-12.503662073363408
-12.503702463818039
-12.503742253849923
-12.503793506773773
-12.503836159636005
-12.50388535925597
-12.503932162872388
-12.503991283509862
-12.50402674589483
-12.504075046499125
-12.504104724325835
-12.50416515141898
-12.504199067797508
-12.504231312330061
-12.504272379811926
-12.504320342700268
-12.504355154488403
-12.504403608791225
-12.504432831224394
-12.504468866163611
-12.504518951185387
-12.504549616235975
-12.504583872375251
-12.504658844424476
-12.504683582740292
-12.504722685821918
-12.504774164525097
-12.504806401928688
-12.50485787883945
-12.504879552712303
-12.504913544934722
-12.504938308097854
-12.504992610282581
-12.505017818609566
-12.505048309725609
-12.505092735845475
-12.505123093615396
-12.505167584360636
-12.50518905521868
-12.50521594209804
-12.505248936861172
