500 iters for seed 121 on 3R0.3 which is in the 99.41482543945312 percentile
 Maxcut: 21.0, MedianCut: 12.0
-12.112419013416503
-12.176107966117256
-12.215162019702761
-12.246384689557058
-12.271405013375654
-12.28794705468361
-12.30454207844966
-12.316776899971785
-12.329996146289348
-12.339603700650661
-12.350500348809986
-12.35925695690691
-12.36711197601526
-12.37569835496543
-12.381873423806693
-12.388729746418068
-12.394101124304555
-12.39927182727107
-12.405008727151671
-12.411295519480994
-12.416290891598544
-12.421449328654305
-12.427034047255674
-12.431599826319736
-12.435472226706702
-12.439548396233944
-12.442563054414192
-12.447304649254498
-12.451020916323337
-12.454570255424224
-12.456534009211428
-12.460006345118284
-12.461160027515088
-12.463721182697395
-12.465196301467863
-12.46659130095301
-12.46764917335667
-12.469756153563814
-12.470773970180982
-12.472108351039408
-12.47352856217912
-12.474869284888698
-12.475959107803712
-12.477075049191775
-12.478204579794463
-12.479364641611788
-12.48046590910521
-12.481322234746848
-12.48233411083012
-12.48349592885014
-12.484461971337728
-12.485222896114927
-12.486229366793058
-12.486852838657578
-12.487347999355126
-12.488080778131389
-12.488606095914243
-12.48935106219868
-12.49013294302133
-12.49100138128197
-12.491722045119069
-12.492375390158609
-12.49304502935546
-12.493676627043934
-12.49435200935606
-12.494969013326834
-12.49558350145681
-12.496273502136283
-12.49694516340022
-12.497583002846024
-12.4982081866545
-12.498797186389636
-12.49951608907363
-12.500254393425909
-12.501034329557188
-12.501912620271586
-12.502615944039018
-12.50346376819977
-12.50455025108462
-12.505283345656917
-12.506118383178688
-12.50744173351792
-12.508206213938148
-12.509158758021396
-12.510094754331972
-12.511009220243238
-12.511732115972086
-12.51249387137584
-12.513242337305918
-12.513806257319109
-12.51430362002764
-12.51499982045339
-12.515465822424595
-12.51600090718425
-12.516512416742437
-12.516921351859843
-12.517415016001475
-12.518026077532927
-12.518554655322223
-12.518854095233767
-12.519433252880654
-12.519548479107366
-12.520004820319745
-12.520238651641924
-12.520531710623912
-12.520965728241908
-12.5212619610855
-12.521678604142494
-12.521995982204942
-12.522331757438076
-12.52267015295681
-12.522981589986323
-12.523302711622044
-12.523584356164648
-12.523845253898035
-12.524270388259634
-12.524545546249904
-12.524755529616614
-12.525259828772382
-12.525558382688235
-12.526003622220507
-12.52630467959733
-12.526870417512935
-12.527110098120005
-12.527568755423545
-12.527984466057438
-12.528504123513944
-12.528912579258606
-12.529265421764629
-12.529650087789905
-12.530112959424496
-12.530480079956426
-12.530788833018322
-12.531129101991862
-12.531576149547274
-12.531780962423271
-12.531993190891766
-12.532375548738644
-12.532597181299462
-12.532944421327317
-12.533174262398294
-12.53341871336864
-12.533563467756014
-12.533720818816699
-12.533868087806324
-12.533984846080852
-12.53409826617513
-12.534333070863607
-12.534439702347512
-12.53457913776559
-12.5347911206245
-12.534976435136553
-12.53518694517058
-12.535314447022674
-12.535463072300715
-12.535551424167213
-12.535761907711192
-12.535844053638813
-12.53596273499291
-12.536107287173177
-12.536285670093225
-12.536430633388633
-12.53660842250961
-12.536767244429027
-12.536981577341082
-12.53721424388284
-12.537383221760765
-12.537593005866716
-12.537837328770792
-12.537971310782265
-12.538167837046714
-12.538313141111397
-12.53847907113342
-12.538664853098448
-12.538782633753039
-12.53885655442785
-12.539175906707989
-12.539258941323764
-12.539410992176482
-12.53955576277641
-12.539743699660981
-12.539912146935162
-12.540078330166917
-12.540230382712418
-12.540436538437689
-12.54060159900166
-12.540787794007493
-12.540925113377105
-12.541188017731237
-12.541354180383241
-12.541514777709091
-12.541780067091587
-12.541954682962876
-12.542205233593675
-12.542389500761335
-12.542595169061206
-12.54277943477183
-12.542959203524294
-12.54317694839206
-12.543320478987333
-12.543568753567218
-12.543717241578651
-12.543981808102398
-12.544130662068333
-12.544312514985526
-12.544595291439023
-12.544772943875556
-12.544984989957346
-12.545127753577928
-12.545301632368227
-12.545393998164867
-12.545737400823695
-12.545873563683234
-12.546085931356284
-12.54640580831422
-12.546640317240302
-12.546958892680234
-12.547167145035896
-12.54740337407569
-12.54764941008167
-12.547903972079453
-12.548219402121276
-12.548445374979117
-12.548639219698124
-12.548944234620663
-12.549144659449741
-12.549271113926173
-12.549534439663454
-12.549622979936025
-12.549749984666807
-12.549934372347055
-12.550050834703038
-12.550263982019885
-12.55044982196879
-12.550552845377183
-12.550704133491449
-12.550825313963784
-12.550978006876399
-12.551118600003738
-12.551200657970188
-12.55132226998964
-12.551431237567796
-12.551499036071501
-12.551611398788367
-12.551699732961902
-12.551796129659472
-12.551917346142439
-12.552013174852963
-12.552084302638088
-12.552207500984123
-12.552280607841787
-12.55236422228161
-12.552483153562852
-12.552568824711631
-12.552654622852081
-12.552799295633589
-12.552863417058902
-12.552967023786323
-12.553017425534788
-12.553161105069115
-12.553255027669232
-12.553351313766683
-12.553515979112248
-12.553593233962019
-12.553743984724631
-12.553832081685526
-12.553921892613861
-12.553998637563712
-12.554068054068704
-12.554166357692786
-12.55423405380664
-12.55431925872303
-12.554397323556056
-12.554458526614628
-12.554499232348865
-12.554648547661941
-12.55470652378399
-12.554774761058711
-12.554871169656572
-12.555089713310007
-12.55520756338593
-12.555355818599583
-12.55548019891403
-12.555587824805956
-12.555733985009597
-12.555887830398467
-12.556003338250088
-12.55607754648852
-12.556189109854406
-12.556304937404603
-12.556382978559158
-12.55648786764621
-12.556562265693037
-12.556663765452418
-12.556775111947841
-12.556855282499235
-12.556944717657329
-12.557152107944413
-12.55721948293345
-12.55732114486463
-12.557451743489235
-12.55754215428852
-12.557655875323672
-12.55771672526801
-12.557802194291554
-12.557860103057623
-12.557980941004953
-12.558031270619217
-12.558094278124408
-12.558198747930174
-12.558300479786707
-12.55839172037895
-12.558485100973673
-12.558556654768022
-12.558658048031333
-12.558748574372945
-12.558840910060042
-12.558916144534688
-12.559030680160724
-12.559138120931383
-12.559200212466907
-12.55932822945939
-12.559361822198282
-12.559447966092193
-12.559501405524633
-12.559562911056604
-12.559663156978125
-12.559731293945596
-12.559811137030952
-12.559872606371922
-12.559953558920071
-12.5600457388886
-12.560138050814544
-12.560241558960154
-12.56030950059985
-12.560370959976549
-12.560488732068997
-12.560554697008872
-12.560629949425104
-12.560695479690999
-12.56076808363726
-12.560800075098944
-12.560904595493575
-12.560951913323153
-12.560997262221697
-12.561079840855806
-12.561124754929704
-12.561175088659615
-12.56124701480515
-12.561290037748453
-12.561329342655178
-12.561418709223314
-12.56145256157742
-12.561512747905798
-12.561556106294596
-12.561636463520234
-12.561692319123358
-12.561746067079088
-12.561836832031664
-12.561889998488036
-12.561988902815429
-12.562067671031773
-12.562151999262984
-12.56221267340814
-12.562298199059372
-12.562376494430138
-12.56244636902044
-12.562491957592895
-12.56258555952903
-12.562629062041877
-12.56267549691103
-12.562746661745253
-12.562805566019659
-12.562874553146461
-12.562927114525984
-12.562986105127612
-12.563058494418106
-12.563180213312407
-12.563250984420106
-12.563353170554814
-12.563465137545307
-12.563605414533255
-12.563724469380942
-12.563844574497718
-12.563961718579487
-12.56407754650285
-12.564248063605813
-12.564337128342201
-12.564477407227367
-12.564599488317265
-12.564693607541749
-12.564862676848398
-12.564987643072586
-12.565103981410859
-12.565203062963485
-12.565310532184192
-12.56537866872663
-12.56554799349411
-12.565603553162731
-12.565685966012055
-12.56577874830372
-12.565892154056453
-12.565990643404527
-12.566090253916439
-12.566169943636776
-12.566246589075094
-12.566345887507886
-12.56640826917228
-12.566536448584612
-12.566598489458748
-12.566702732802257
-12.566763163867769
-12.566829252478387
-12.566917582099707
-12.567012131586763
-12.567063674048356
-12.567137114265178
-12.567183915104916
-12.56724403292175
-12.56732075614401
-12.56736263095842
-12.567416429441883
-12.567491832091507
-12.567539088526756
-12.567611678895318
-12.567676394323698
-12.567739302374731
-12.567824566217634
-12.567872612805054
-12.56792643374023
-12.568008965019374
-12.568059154240515
-12.568091696294443
-12.56815074943853
-12.56819965319652
-12.56825786692947
-12.568335020574727
-12.56838677876994
-12.56844888076889
-12.568494179865281
-12.5685779504708
-12.568641829669883
-12.568701190970609
-12.568807020828949
-12.568857569605482
-12.568930177186918
-12.569018001216191
-12.569121686371668
-12.569204251544267
-12.569296729559905
-12.569381625072207
-12.56945578247469
-12.569561279400085
-12.569652018199426
-12.569726338086111
-12.56981700530816
-12.569897442551763
-12.569986309748126
-12.570063126380187
-12.570137466010795
-12.570221112043013
-12.570304544862276
-12.570376334000082
-12.570445793635951
-12.570521426177454
-12.570600363070513
-12.570645772077945
-12.570703462194725
-12.570722274285105
-12.570800239326658
-12.570827929757453
-12.570865831857597
-12.570925301310254
-12.57095485622327
-12.571008241312164
-12.571047787644131
-12.571098594332963
-12.571141848868724
-12.571178802186552
-12.57123575787623
-12.571271136473031
-12.571309203003183
-12.571368323949477
-12.571402570450655
-12.571428745413861
-12.571492556176834
-12.571512031803167
-12.571546837683858
-12.571577795962714
-12.571616446365908
-12.571671347482901
-12.571706081219935
-12.571774739458153
-12.571819828942191
-12.571877520920063
-12.571909141382932
-12.571950531370595
-12.571994856644084
-12.57203286527507
-12.57211585260942
