500 iters for seed 101 on 3R0.3 which is in the 78.71780395507812 percentile
 Maxcut: 20.0, MedianCut: 12.0
-11.857502072906346
-11.96162785326888
-12.028858178254186
-12.0967214327116
-12.130536894164546
-12.169173207740432
-12.200387274141391
-12.229554581042592
-12.253290932408959
-12.278839068220663
-12.298742172432357
-12.312900963705838
-12.325790909652643
-12.339686387282336
-12.351091095152457
-12.36155506395894
-12.37270323043688
-12.379805105548964
-12.38739302997479
-12.393117011194473
-12.397699706228533
-12.402133834900859
-12.407143771464895
-12.410568206258294
-12.41357852096119
-12.417411916171353
-12.421044416533567
-12.42527370834829
-12.430379253021304
-12.43460481329299
-12.440948049986128
-12.44510169331755
-12.451809507419703
-12.455284332958083
-12.459084385534222
-12.462542425084063
-12.465910764700334
-12.468099800691094
-12.470694269174192
-12.473642743331622
-12.475637148690556
-12.477830427988128
-12.480073917968031
-12.482495475560313
-12.484288597696258
-12.485923291173686
-12.48722563904503
-12.489495676886483
-12.490631213687642
-12.492115697454885
-12.494397724935046
-12.495699968561127
-12.497270121617712
-12.498364818924712
-12.499596741465208
-12.50097984373593
-12.502250132164532
-12.503657788869692
-12.504722488644775
-12.505977364769102
-12.507499077383743
-12.508512829423532
-12.50930249835773
-12.510781492488707
-12.511060242910593
-12.512041109325093
-12.512591224631201
-12.513344467858035
-12.514387996351388
-12.516016302580054
-12.517311842753166
-12.518510225729017
-12.519691678695738
-12.520880817106082
-12.522803242468106
-12.524461903154721
-12.52634145458238
-12.527557900977712
-12.528754341231787
-12.530299074487258
-12.531603330797838
-12.53292569347292
-12.534244777365812
-12.535621446643805
-12.536724524180404
-12.537648764586066
-12.538524580114515
-12.539290189333371
-12.540134145909873
-12.540995258574565
-12.541527111539988
-12.54219127905337
-12.542790611543921
-12.543336203831897
-12.544509868634625
-12.545125979854907
-12.545984421805043
-12.546651044640864
-12.547324123668815
-12.548084351633928
-12.548780326971753
-12.549325940578107
-12.549829156288688
-12.55044188392701
-12.550956452265911
-12.551362317400368
-12.55226592243337
-12.552536341550592
-12.553234144081689
-12.553673672045415
-12.554148750344433
-12.554505269319861
-12.555054304398892
-12.555440422224468
-12.555802430270468
-12.556471232489795
-12.556953273726208
-12.557429838909329
-12.557883379683282
-12.55835540321725
-12.55891156974059
-12.559872886159887
-12.560349375069178
-12.560992594701348
-12.561759943751937
-12.56251317273438
-12.563088498963983
-12.56370691187881
-12.56427243150496
-12.564984475100697
-12.565897956877606
-12.566485110487081
-12.567099791791993
-12.567884077572153
-12.568333100455389
-12.5687801330447
-12.569432017429396
-12.569834858360764
-12.570344448168731
-12.570789229509186
-12.571188385394349
-12.571526244284536
-12.571965212850333
-12.572393941115944
-12.572789439719553
-12.573199715341309
-12.573607099304725
-12.57407125076362
-12.5745179729639
-12.574958021297586
-12.575397749785207
-12.57577850146219
-12.576317989322346
-12.57669517191816
-12.577163258814288
-12.577719232308223
-12.57805633657459
-12.578421543452746
-12.579152212099435
-12.57936760794026
-12.579762204913575
-12.58007441954734
-12.580547733390713
-12.580885581957833
-12.581181558140605
-12.581626060019126
-12.58191831913156
-12.58228484500053
-12.58270089999511
-12.583087660086775
-12.583466316992133
-12.583878488568324
-12.584175318036444
-12.584563495635711
-12.584900837020644
-12.58529287723069
-12.585638601651171
-12.585905846093649
-12.586313112339386
-12.586560059861107
-12.586834325352083
-12.587043775465343
-12.587241858016066
-12.587569943431898
-12.58790461252924
-12.588133497659523
-12.588511123001208
-12.588781499040865
-12.589081152520354
-12.589520492503931
-12.589706506532902
-12.589916801764314
-12.590383714551068
-12.590548687051887
-12.590757392142333
-12.591099585650197
-12.59128225715753
-12.591540005356805
-12.591899428688889
-12.592043854340266
-12.592269791742519
-12.592417826475133
-12.592667602468413
-12.59291104814065
-12.593089294419215
-12.593410992790151
-12.593545794079459
-12.593769751666311
-12.593968440729519
-12.594217237483758
-12.59435697599086
-12.594597964161743
-12.594761548168467
-12.594922737637498
-12.59504136246305
-12.595284143334307
-12.595417238449201
-12.595548158783727
-12.595751356221879
-12.595949553983505
-12.596136583864014
-12.596316356941745
-12.596498342964265
-12.596693874644663
-12.597003572744255
-12.597127941831953
-12.597303112459006
-12.597524307937888
-12.597797447664767
-12.598045749546468
-12.598289279124087
-12.598460808452181
-12.598757149814245
-12.598998255231496
-12.599209265206158
-12.59957861105618
-12.599854996965128
-12.600136013266528
-12.600362826203014
-12.600621152064836
-12.600832782601053
-12.601192012713483
-12.601330313914627
-12.601518472743168
-12.601831201192441
-12.602029084379918
-12.602343600263968
-12.602491836958063
-12.602696437830556
-12.602892363826792
-12.603230683803593
-12.60339518507878
-12.603569569596049
-12.603755115623695
-12.60399243479834
-12.604180873993874
-12.604373588505766
-12.604538034422012
-12.604735571927087
-12.605003338092661
-12.605190211039998
-12.605379930675646
-12.605693956647016
-12.605814820126955
-12.60597368720111
-12.606135735887065
-12.606331716135713
-12.606488803533267
-12.606612656419495
-12.606747160118726
-12.606918173194888
-12.607030524506714
-12.607160336148342
-12.607389187217809
-12.607520257910803
-12.607649607922175
-12.60776499541706
-12.607879763668913
-12.608017810659911
-12.608151853759924
-12.608270802811562
-12.608379894370344
-12.608482441294365
-12.608589658606293
-12.608692008129852
-12.60875015350272
-12.60888240885522
-12.608978272333756
-12.60909509143588
-12.609254302780624
-12.60935502581727
-12.60948804907893
-12.609609242371297
-12.609749930609917
-12.609814524656278
-12.609941305021305
-12.609988927079193
-12.610170052833224
-12.610265643351319
-12.610363975334614
-12.610511313272692
-12.610586300789468
-12.610718315667079
-12.610808286969213
-12.610933863325602
-12.611027327297139
-12.611118777653079
-12.611233454586486
-12.61131944724832
-12.61144828539408
-12.61153888045501
-12.611621445436196
-12.611722403970296
-12.611808895627505
-12.611889961685936
-12.611994634904896
-12.612074204134036
-12.612166528622758
-12.61224504414918
-12.612307081569721
-12.612402646836312
-12.612432107930871
-12.612544876105806
-12.612593175463305
-12.612660749703851
-12.61276233135801
-12.612813689161161
-12.61290835431788
-12.61298229910497
-12.613065815868948
-12.613148548355559
-12.61324284636871
-12.613319614411845
-12.61341731899347
-12.613496248558521
-12.61360357773211
-12.613677571845482
-12.613791748257922
-12.613856758655748
-12.61391021082425
-12.613976904067218
-12.614046319880297
-12.61408672846978
-12.614138875591799
-12.614190870996634
-12.614258928472342
-12.614305355503008
-12.614361321172106
-12.61441161099047
-12.614480719529674
-12.614520259085797
-12.61458910298423
-12.61463099394848
-12.614678558153638
-12.614714719456632
-12.614776295484953
-12.614815018053779
-12.614858864405349
-12.614904814155704
-12.614955940937515
-12.615017831379081
-12.615068383637801
-12.615109272510637
-12.615166225022469
-12.615220662808229
-12.615289198358576
-12.615352884146189
-12.615414680569796
-12.6155046710717
-12.615559357628406
-12.615626915647681
-12.61575276658742
-12.615815205836611
-12.615898409120105
-12.61606804670961
-12.616142074027863
-12.616225400617731
-12.616296828951075
-12.616384154333396
-12.616427392960885
-12.616539858678806
-12.616592600171206
-12.616660308941777
-12.616755444433219
-12.616810161871905
-12.61691702199307
-12.61698574488939
-12.617053102673108
-12.617117296871374
-12.617194946801806
-12.617299884330624
-12.617363192527906
-12.617458051662133
-12.617521422389098
-12.617588478383652
-12.617694620135225
-12.61776171489372
-12.617840828613733
-12.617895752199031
-12.617973128041163
-12.618013821808066
-12.618126889092856
-12.618173990735318
-12.618229401413053
-12.618343503366894
-12.618377210251479
-12.618555702718991
-12.618611501847152
-12.61869268147833
-12.618755761584612
-12.618858914491291
-12.618935015869544
-12.618995426930521
-12.619089422793943
-12.619171658524841
-12.619232120933436
-12.619284518411245
-12.619349964589258
-12.619429091961054
-12.619495435128535
-12.61955258196189
-12.619629617133905
-12.619662048476426
-12.619780415144284
-12.619826623174795
-12.619886484474549
-12.619981509563079
-12.620040987049112
-12.620144369965974
-12.6202120001456
-12.62028390077731
-12.620348010108593
-12.620404543874749
-12.620461549488391
-12.620511838928536
-12.620543164616812
-12.620616930288858
-12.6206755373785
-12.620743924123758
-12.620798154411967
-12.620852519814468
-12.620898962330077
-12.620951651570124
-12.621010883031236
-12.621052596003235
-12.621103478270925
-12.62116869143223
-12.621212462257603
-12.621240813934962
-12.621281554293702
-12.621318592018044
-12.621366463103111
-12.621425253011491
-12.621479722210886
-12.621535325967065
-12.621588198603433
-12.621645277541905
-12.621695915480226
-12.621756759449584
-12.621834590623006
-12.621880975291996
-12.621980377312868
-12.622034048688954
-12.622092288588632
-12.622115505049688
-12.622195217402396
-12.62224267235459
-12.622290377246982
-12.622356460140251
-12.62240074712344
-12.622474854539245
-12.62252257767529
-12.622581539831302
-12.62263459367167
-12.62269612687251
-12.622776269927783
-12.622832912955023
-12.622869811950604
-12.622975048017327
-12.623010466153156
-12.623067348717644
-12.623133197263567
-12.623197883876522
-12.623282847491915
-12.623335269731143
-12.623388783701927
-12.62347930306158
-12.623551676251422
-12.623591027261737
-12.623757685675399
-12.623818973034096
-12.623900080413843
-12.624021774304515
-12.62408635697299
-12.624250029805866
-12.62430864501144
-12.62440409974056
-12.62445084198915
-12.624553205126047
-12.624610851803308
