500 iters for seed 198 on 3R0.3 which is in the 99.49417114257812 percentile
 Maxcut: 20.0, MedianCut: 12.0
-12.100230337564735
-12.161456254362061
-12.200885585120334
-12.234325030308375
-12.262698960216612
-12.28253690616533
-12.30251984034968
-12.315946622991937
-12.329870216357866
-12.34143607102775
-12.353890948397185
-12.364093049766543
-12.373638738009019
-12.379384747610349
-12.385543645688202
-12.389539444146813
-12.394152334260033
-12.39835533678863
-12.403195582360878
-12.407229987559681
-12.4116925590754
-12.41611556555008
-12.420253225421803
-12.424322526410712
-12.428150206738485
-12.432061117826644
-12.436629636962481
-12.439566224854104
-12.442859475053497
-12.445670092978435
-12.447373040923985
-12.449537696857178
-12.451482422860812
-12.453251637973446
-12.455261832169354
-12.457367819618923
-12.460182366543469
-12.462059760231053
-12.464228376704058
-12.466243055759508
-12.467817059270805
-12.469681253026229
-12.4713100736567
-12.472264253399791
-12.473533387959769
-12.474693809834454
-12.475813355448517
-12.477006458799645
-12.4779951755491
-12.479195883055954
-12.480137103038123
-12.481069938346407
-12.481983636149517
-12.48302085775372
-12.48405467876387
-12.484798601836347
-12.486053456322205
-12.486776220342126
-12.48777853996471
-12.488474204612528
-12.489013106207278
-12.48932586441727
-12.490254713080823
-12.49062369454149
-12.49106861911197
-12.49137859939886
-12.491951553983494
-12.492383011190645
-12.492751929519056
-12.493473999586415
-12.493940263019828
-12.494704589365695
-12.495219188719382
-12.495733067045876
-12.496209581876538
-12.49676851025751
-12.497418000821305
-12.49786901091249
-12.498413851522235
-12.498999044788487
-12.499587203630144
-12.50048474724042
-12.501209520598263
-12.501875875094905
-12.502477008938294
-12.50302625658851
-12.503780893955925
-12.50430703229247
-12.504766985852527
-12.505249322388925
-12.50580280119275
-12.506199387416663
-12.506986590923031
-12.50738751053239
-12.507918633339449
-12.508430427893886
-12.50905001954803
-12.509430950112941
-12.509865468513269
-12.510168962094435
-12.510549034852126
-12.51094492101232
-12.511234155578848
-12.511518328354068
-12.512067838664626
-12.512320362545683
-12.51267822301843
-12.513132762709866
-12.5134636892554
-12.51380018700408
-12.514022325536871
-12.51426801029105
-12.51444382309536
-12.51485420079542
-12.51501138821927
-12.515202293300838
-12.515503829253092
-12.51566860813122
-12.515929833093626
-12.5161298183478
-12.516392353851128
-12.516628489285244
-12.516887725244821
-12.517195103502663
-12.517427294064678
-12.517736447926708
-12.518064526699
-12.518307035247526
-12.518578874815189
-12.518703743457671
-12.519145949197753
-12.519317256734071
-12.51951851851489
-12.519827833658235
-12.52000640061372
-12.520328710494157
-12.520463657503454
-12.520660174600236
-12.520962673170326
-12.521293923879051
-12.521542946876076
-12.521843586208725
-12.52205558381607
-12.522252430856376
-12.522638034951605
-12.522786722984993
-12.522968800344996
-12.523225944257684
-12.52336525299869
-12.52343797890818
-12.523700150519762
-12.523776750120708
-12.52394015166484
-12.524058227322273
-12.52426120499785
-12.52439801477161
-12.524526008379288
-12.524711224664784
-12.52491133653712
-12.525073871049873
-12.52537686446058
-12.525516687484345
-12.525743879976272
-12.525998968544533
-12.526219565673435
-12.526564293666759
-12.526894241273917
-12.527130739234028
-12.527432269749738
-12.527676385682982
-12.527949738131026
-12.528203051258112
-12.528381549811654
-12.528608186681836
-12.52902692619384
-12.529410453980304
-12.529594897002504
-12.529889996407102
-12.530208696343882
-12.530511266389306
-12.530795786540343
-12.531150872559397
-12.531401417812857
-12.53171916200341
-12.532060357565225
-12.532267488079992
-12.532448380010361
-12.532916599630934
-12.533051755707808
-12.533264000172743
-12.533519904555057
-12.53371674488289
-12.53409444751536
-12.534275079690754
-12.53456260587166
-12.534767869332589
-12.534978756607856
-12.535179047722366
-12.535411633310314
-12.535598829320309
-12.535766971715564
-12.536012485899159
-12.536218769733207
-12.536414895416451
-12.536759419819845
-12.536897253983796
-12.537090126229419
-12.537126265689523
-12.537381906307385
-12.53751224501363
-12.537653268716323
-12.537855851653141
-12.537993866609586
-12.538278209461795
-12.538469967802667
-12.538643871864242
-12.538787720174575
-12.538901681010364
-12.539090125055605
-12.539198262485932
-12.53936879818973
-12.539504266149464
-12.53963132075415
-12.539817115823919
-12.540031381579034
-12.540192563566313
-12.54041955355624
-12.540593453661582
-12.540781128755851
-12.540962619956783
-12.541130267346835
-12.541329899877494
-12.54154166901924
-12.541735585428583
-12.541884828845307
-12.542109739323955
-12.542263198709769
-12.542460435491899
-12.54269227618908
-12.542860555370469
-12.543006606036707
-12.543244185628991
-12.543407740527602
-12.543580968754673
-12.543928065318154
-12.544036236438874
-12.544197481655978
-12.544369600482721
-12.544533636646973
-12.544841942563552
-12.544996541672862
-12.545263488671246
-12.545486996267485
-12.545779428128718
-12.545985488106954
-12.546217852640249
-12.546491910735403
-12.546651317799448
-12.546859755843325
-12.54703398596112
-12.547205931352483
-12.547438426467213
-12.547643057652778
-12.547788007760511
-12.548013544924908
-12.54818450635184
-12.548360625077846
-12.548537077175643
-12.548660486614148
-12.548807980310938
-12.549003253644157
-12.549122276844875
-12.549242989849274
-12.549400479319557
-12.549493278968711
-12.549617774894521
-12.54976982212572
-12.549868337074146
-12.549964294929044
-12.550079226567085
-12.550172570514503
-12.550268344428101
-12.550399480053397
-12.550468503538973
-12.550568008936807
-12.550643164470154
-12.550773360948147
-12.550843646823282
-12.550918072140348
-12.550964131266234
-12.551054847698571
-12.551108745334963
-12.551179542089091
-12.551292170654
-12.551358172979503
-12.551455829271756
-12.551527330973157
-12.551612289210299
-12.551689299116275
-12.551762668917677
-12.551843271926973
-12.551911195905616
-12.552004668852431
-12.552082554247615
-12.55214903648447
-12.552210386689145
-12.552273229519587
-12.552338301942974
-12.55240267474698
-12.552457160984797
-12.55252138226193
-12.55258925620857
-12.552648680447213
-12.552706930215958
-12.552786880320712
-12.552843569059789
-12.552911758689266
-12.552991410775423
-12.553047814102156
-12.553110417008979
-12.55317592696762
-12.553235886396832
-12.553305354244962
-12.553373572874222
-12.553440008651743
-12.553488949514362
-12.553538922095125
-12.553637886581978
-12.553670955701827
-12.553737813586757
-12.553783471495995
-12.553837480335632
-12.553917894575536
-12.553962072004808
-12.554036268145422
-12.554087357877695
-12.554141272215265
-12.554192709760253
-12.554230723592148
-12.554287152853671
-12.554325187971004
-12.554359781460349
-12.554420996583
-12.554450654798941
-12.554481999522208
-12.554537032512929
-12.554566477412022
-12.554581931213168
-12.55464605987807
-12.55465870895387
-12.554697790661642
-12.55472530330871
-12.554764391441296
-12.554800580739839
-12.554831203477095
-12.554865855036542
-12.55491287984969
-12.554942141685231
-12.554976062920062
-12.555001069893276
-12.555027460348157
-12.555045005967143
-12.555077644519027
-12.555099736195643
-12.55512360493419
-12.555166354279287
-12.555197913587286
-12.555231495065433
-12.555256056137079
-12.55527843873326
-12.555304248243912
-12.555341636124087
-12.55536432915515
-12.555390133438753
-12.555418511427233
-12.55544566262073
-12.555468756504002
-12.555496741443234
-12.555517312715601
-12.55553250068562
-12.555565363972615
-12.55558254780685
-12.55559504121571
-12.555627615508524
-12.555643948126761
-12.555665182366624
-12.555701620753126
-12.555717323217197
-12.555737902804124
-12.555775144557455
-12.555794800868917
-12.555817527199379
-12.55584289122055
-12.555859989572031
-12.555878061032312
-12.555896821498298
-12.555918379004808
-12.555934503500247
-12.555961676453707
-12.555975714769334
-12.555993867986956
-12.556020279880114
-12.556025127424531
-12.556060534621391
-12.556072249992315
-12.556094428387983
-12.556119849893014
-12.556147736429695
-12.556164464066814
-12.556183263542163
-12.556200333864165
-12.556219537969778
-12.556245833303096
-12.55626177767861
-12.556277761805266
-12.556317027605072
-12.556337394200757
-12.556370880164193
-12.556384385365563
-12.556414612815253
-12.556429075074103
-12.55645086002393
-12.556464901695684
-12.556494110856413
-12.556512668160964
-12.5565313606744
-12.556562937891416
-12.55658430250948
-12.556619789242934
-12.556647480894734
-12.556686652742961
-12.556712282645625
-12.556759979242369
-12.556795387970466
-12.55682789755732
-12.556883610386306
-12.556911453493072
-12.556966644192372
-12.557008208832027
-12.557054681255684
-12.557101984708526
-12.557154679701107
-12.557199702008749
-12.557242215149447
-12.557293835412972
-12.557327113341296
-12.5573722139253
-12.557414133801693
-12.557455290630799
-12.557517182930694
-12.557585075374348
-12.557636282043791
-12.55770082322937
-12.55774735852688
-12.55779997431589
-12.557870672430939
-12.557904920114737
-12.557977137111681
-12.558017096334135
-12.558068396654882
-12.558122814765003
-12.558157243437364
-12.558171525733355
-12.558237134662097
-12.5582602084061
-12.55829012754712
-12.5582989863473
-12.558335299865963
-12.558354107260298
-12.558373767280909
-12.558404211214942
-12.558429377877038
-12.558468441621708
-12.558491288064506
-12.558515404338028
-12.558535915581414
-12.558555507944442
-12.558590367041877
-12.558608984141623
-12.5586336545869
-12.558660957166781
-12.558685766326287
-12.558700222931973
-12.558730641597817
-12.558740852895957
-12.558760178991374
-12.558774626025825
-12.558789333055923
-12.558815293616684
-12.558840866248817
-12.558876442081104
-12.558892554087715
-12.558909479222695
-12.558924139032818
-12.558940059317104
-12.558964746464252
-12.558974742885898
-12.558985034629323
-12.559018308717327
-12.559029530709996
