500 iters for seed 22 on 3R0.3 which is in the 94.94857788085938 percentile
 Maxcut: 22.0, MedianCut: 12.0
-12.11655218369744
-12.173881940146376
-12.209478409957205
-12.240463844763932
-12.271067780820424
-12.294484974374727
-12.309185696850784
-12.320403451472561
-12.332558302989796
-12.347161059753896
-12.360160246384556
-12.375114481061729
-12.386226152125666
-12.395209667541767
-12.401610944427786
-12.407722412522325
-12.412295982902409
-12.41682640947528
-12.420418715336808
-12.423816872315214
-12.42753972253227
-12.430964772496182
-12.434937406768556
-12.43824748672505
-12.441805317413227
-12.445340977123632
-12.448525976936553
-12.452140966059856
-12.455400345946892
-12.458672265855961
-12.461980786509052
-12.464831732675833
-12.467693878149333
-12.469438836612357
-12.471536525937362
-12.47367572355477
-12.475543906240892
-12.477173592697499
-12.478439704176902
-12.479725363861213
-12.480960258811013
-12.48206262860254
-12.483230293507257
-12.484539220892405
-12.485774784380272
-12.487154705274959
-12.488365144113796
-12.49002518318906
-12.490717432758833
-12.492496469973323
-12.493471693942325
-12.49462643973039
-12.49585156832447
-12.497245033581487
-12.498230353749031
-12.499434789581477
-12.500621762077172
-12.50183806657284
-12.502565944257894
-12.503444999680935
-12.504207066872244
-12.505006279756252
-12.505672840786787
-12.50624665749156
-12.506608334082348
-12.507619492948953
-12.507961762976153
-12.508457787344796
-12.509139273298846
-12.509812931208355
-12.510380832104621
-12.511122012488821
-12.511625633060003
-12.51224099422324
-12.512876943334208
-12.51340834639025
-12.513984211497373
-12.514730374830261
-12.51525923654279
-12.515675741296711
-12.516208820372048
-12.516593370541475
-12.5170374626892
-12.517434025099044
-12.517780450173836
-12.51812533625984
-12.518583152390086
-12.518947978655424
-12.519205289856462
-12.519714058713118
-12.519817337233071
-12.52015695612081
-12.520366536499193
-12.520600840782905
-12.520956847792444
-12.521129259711294
-12.521452687795733
-12.521682117701035
-12.521973591667136
-12.522158392314513
-12.5223769088988
-12.522675103322157
-12.522888248061621
-12.523075424394913
-12.52335214127394
-12.52352055619986
-12.523727598627081
-12.523913550069803
-12.52411693533079
-12.524346440514227
-12.52456821461759
-12.524802081377082
-12.52502612375538
-12.525262937472645
-12.525434037975238
-12.525700553884494
-12.525812137672316
-12.526037255294897
-12.526196392682536
-12.526336397710418
-12.526580723579253
-12.526721029978887
-12.526861399126727
-12.52698658566068
-12.527129457886339
-12.527286367383276
-12.527439926043526
-12.52761436608164
-12.527763709531497
-12.527982762086172
-12.52820485834457
-12.528401697750928
-12.528546550357325
-12.528808144540884
-12.529086680248522
-12.529413125828102
-12.529676957644542
-12.529883737370083
-12.530119842320874
-12.530409081289328
-12.530628799360848
-12.530837905588033
-12.531022084862501
-12.531277228657522
-12.531441132776523
-12.531713442398356
-12.531919405400359
-12.532104242802273
-12.532412501587908
-12.532569710185273
-12.532741972881457
-12.53289455517729
-12.533068704425542
-12.533257370534812
-12.53343065029436
-12.53362629595501
-12.533779820499827
-12.53394379882808
-12.534236530026895
-12.5343965950466
-12.534521834454065
-12.534707197237989
-12.534848947959425
-12.534930875360487
-12.535215095864881
-12.535304827251734
-12.53543968356787
-12.535592617453393
-12.53575486103087
-12.535874406006808
-12.535985515109498
-12.536072529455765
-12.536224691704644
-12.536333579076723
-12.536424613530038
-12.536587930193141
-12.536671402061755
-12.536750087311392
-12.536879299195864
-12.536941960910074
-12.537031475753952
-12.53709749987689
-12.53720931328678
-12.537268555735558
-12.537404686367509
-12.53755842529658
-12.537661225242488
-12.53783683641988
-12.537919060236273
-12.538041588358269
-12.538163316433664
-12.538328438023186
-12.538424777329604
-12.538535114419624
-12.538639836978362
-12.53878017251658
-12.53888102351046
-12.53897142841846
-12.539082682153888
-12.539208768364011
-12.539357090785415
-12.53947580976655
-12.539607482473166
-12.539780966846228
-12.539940525009328
-12.540105979644292
-12.540282133402725
-12.540434122883775
-12.54055374188811
-12.540691665377008
-12.540816808442743
-12.5409422190667
-12.541194758005432
-12.541316710196838
-12.541454889017437
-12.541647279831533
-12.541806096301169
-12.54204692797522
-12.542203808114623
-12.542321476720021
-12.542423341338395
-12.542564632719438
-12.542706191899388
-12.542864667927518
-12.542981106884405
-12.54310228384541
-12.543302555733824
-12.543467303904759
-12.543595055721909
-12.543768912516851
-12.543918582626075
-12.544085727860066
-12.544302716156835
-12.544436431173784
-12.544568461873265
-12.544799988708213
-12.544982881616177
-12.545139074684508
-12.545275068618482
-12.545419049250267
-12.545632125506149
-12.545850014888002
-12.545986738541401
-12.546125031708852
-12.546266841004169
-12.54640676218983
-12.546551830388761
-12.546698859320017
-12.54680189429246
-12.546907738336992
-12.547084532957328
-12.547144106636715
-12.547300142296232
-12.547360052308148
-12.547460278510112
-12.547597755511513
-12.547745177794821
-12.547899871121505
-12.548006675993152
-12.548174394764722
-12.548306661047597
-12.548443301438155
-12.548594985279486
-12.548746459765193
-12.548851866329912
-12.548987199964358
-12.549067809984164
-12.549175101517317
-12.549233243283119
-12.54938540211519
-12.549457840033927
-12.549547998768524
-12.549648201195701
-12.549769942197964
-12.549877804656509
-12.549995581729373
-12.550081523509311
-12.55022852237282
-12.550348976070616
-12.55044651695635
-12.550640866666736
-12.550723105764456
-12.550892919882585
-12.551029193674948
-12.551161997946298
-12.551282559031016
-12.551363871078019
-12.551483056032366
-12.551571363776702
-12.551661702161553
-12.551779077796976
-12.551857095249613
-12.551977746428362
-12.552114807817292
-12.552224241228407
-12.552324678843059
-12.552425430419664
-12.552527002754243
-12.552628295861107
-12.552725818840493
-12.552821874903906
-12.552916762780427
-12.552983147497804
-12.553123744126466
-12.553182695128953
-12.553273807009768
-12.553309330596539
-12.553430198793405
-12.553486390033036
-12.553554078648157
-12.553673812340625
-12.553834109312856
-12.55400766924818
-12.55410852942075
-12.55420256050195
-12.554287723711614
-12.554392214298995
-12.554589925063
-12.554673512900315
-12.554741170959664
-12.554918516356521
-12.555014206260132
-12.555134939453165
-12.55527618921621
-12.55538887642204
-12.555529765572123
-12.555679106190732
-12.55581138903085
-12.555914914999939
-12.55600499909926
-12.556147922701768
-12.55620973705223
-12.556318430271542
-12.556386199818327
-12.556462695910255
-12.556573047885742
-12.556627501064733
-12.556745088246451
-12.55679093012979
-12.556855729207939
-12.556966969344899
-12.556989245423276
-12.557136459361638
-12.557183333748071
-12.557248322840353
-12.557345880403998
-12.557411237536993
-12.557505741812356
-12.55755839199429
-12.557633017103715
-12.557718176292324
-12.557799326202012
-12.55786237729352
-12.557919936985888
-12.558037395942135
-12.55813980791015
-12.558203555026378
-12.558303822014368
-12.558364759199424
-12.55842853121431
-12.558533438706151
-12.558590303396715
-12.558665191047002
-12.558797340114435
-12.558877178858433
-12.558944673127325
-12.559144078591551
-12.559181678053738
-12.559296522841386
-12.559382419326415
-12.559469436462019
-12.559598306972987
-12.559663322489701
-12.559779792581512
-12.559869012694723
-12.559984483232483
-12.560082998391897
-12.560169287695613
-12.560282115168926
-12.560360081329751
-12.560425340471625
-12.560549254162463
-12.560599380307119
-12.560662815014354
-12.560731526905567
-12.560787448575782
-12.560874393175459
-12.560960935287515
-12.561003572979562
-12.561062081846973
-12.561115624100745
-12.561184587287467
-12.561300320203403
-12.561365173316435
-12.561421385151359
-12.561528497511238
-12.561596431860716
-12.561688969026058
-12.561781832536996
-12.561830398272994
-12.561917549937593
-12.561951251633666
-12.56202849437378
-12.562065512920231
-12.562115454019198
-12.562159265952715
-12.562225740038597
-12.562266852615139
-12.562307572343814
-12.56233980286288
-12.562406288790982
-12.562449235232517
-12.562486375395345
-12.562552277963237
-12.562600218462803
-12.562678801559901
-12.56272535850994
-12.562786466947967
-12.562810959075563
-12.562864360965477
-12.562900467271227
-12.56293533936026
-12.562966750595274
-12.563015920926606
-12.563044672464827
-12.563079026335338
-12.563116098795629
-12.563160472715
-12.563192026720323
-12.56322411715123
-12.563253971032902
-12.563276386853216
-12.563311216069044
-12.56333555672505
-12.563365242979375
-12.563390384564578
-12.56340605120866
-12.563428069999606
-12.563465417678284
-12.563486483306514
-12.56352014698696
-12.563545152534864
-12.56357611181685
-12.56360065379516
-12.56363789247682
-12.563664234664556
-12.563692488254482
-12.563728625891784
-12.563771279537402
-12.563801691431687
-12.563829888185026
-12.56385668595954
-12.56388668599696
-12.56391279063898
-12.563937117825226
-12.563956342609458
-12.563994353050406
-12.564016226745137
-12.564038860816243
-12.564071943163704
-12.564096739302428
-12.564103453184396
-12.56415674310538
-12.564171119944241
-12.564194546618255
-12.564204710551147
-12.564232791394229
-12.56425032005492
-12.564264620589281
-12.564288231965797
-12.564299917209295
-12.564321167230958
-12.564337086914996
-12.564363398450006
-12.564376285215719
-12.564401948012254
-12.564421786800047
-12.564442728622835
-12.56445658047873
-12.564488122907804
-12.564503122425547
-12.564518513543524
-12.564542844298646
-12.564556552139514
-12.564584517439414
-12.564604027502728
-12.564629072176931
-12.564642864306611
-12.56466480635001
-12.564690130462743
-12.564711637773966
-12.564753775119227
-12.564775551662963
-12.564817528149154
-12.564841802913556
-12.564862055098788
-12.564878205171759
-12.564901758506412
-12.564919907854378
-12.56493603253221
