500 iters for seed 92 on 3R0.3 which is in the 78.88412475585938 percentile
 Maxcut: 21.0, MedianCut: 12.0
-12.010922802819126
-12.045294652115551
-12.127992294796961
-12.185645244062771
-12.223671153714657
-12.253669789197266
-12.279634037259193
-12.297247845208517
-12.313072856160986
-12.322521178361304
-12.331768023142088
-12.342777752527432
-12.350888817459003
-12.358380234980297
-12.366265948333636
-12.374409031606993
-12.382999204311373
-12.388281134667883
-12.39321552779148
-12.400940601869568
-12.405798764906674
-12.41134824132838
-12.416429703250415
-12.420414146288802
-12.424224777514473
-12.428915349502027
-12.431316293153026
-12.434329078528533
-12.437323436628473
-12.440755320779108
-12.44334137748663
-12.446364824702368
-12.448694268945243
-12.45095849471593
-12.452840576674138
-12.454855045836117
-12.457157104553355
-12.459299245321002
-12.46090286878498
-12.462761673496848
-12.464573990232044
-12.466326612611805
-12.46819661884338
-12.47026660642355
-12.471469588333413
-12.473677332243717
-12.474792107963786
-12.476250938830109
-12.476502521172971
-12.47858592436545
-12.479232546543724
-12.480229466618313
-12.481933084342922
-12.482360038699905
-12.48428408717057
-12.485176195872839
-12.486690748612673
-12.488153771355682
-12.489707293880379
-12.490942226830972
-12.492581172766393
-12.49338190418259
-12.49440438279639
-12.495289604956017
-12.495916603027187
-12.496480374427577
-12.497615750369356
-12.498018795747372
-12.498592490710497
-12.499219994882441
-12.49988136548699
-12.500398103492296
-12.50089600122174
-12.501701848028793
-12.502369009745475
-12.503103037421715
-12.503759756315382
-12.504362962765985
-12.505046862960215
-12.506049819335534
-12.506599932507317
-12.507452587828954
-12.507614146026427
-12.509012825506392
-12.509711382164678
-12.510370647588523
-12.511263272869673
-12.512029426358044
-12.513067050432623
-12.513812100522438
-12.514823716331264
-12.515315287194664
-12.516024748615145
-12.516510809440913
-12.516858871982768
-12.517600344435877
-12.517905670603552
-12.518408125221486
-12.518780101751629
-12.519159765988999
-12.519537526645122
-12.51988246061285
-12.520208299995128
-12.520510113496854
-12.52083224150171
-12.521138848179376
-12.521393410893632
-12.521797772290071
-12.522075066028929
-12.522382420650572
-12.522659519158836
-12.522851633282494
-12.523101272409964
-12.523325119405241
-12.52357540784787
-12.523796605111244
-12.524010315515898
-12.524213659565989
-12.524390132554892
-12.524533493828883
-12.52480586784723
-12.524867948790037
-12.52514522285935
-12.525284701291355
-12.525456418950329
-12.525554978956212
-12.525756296436732
-12.525864341433492
-12.525969824542697
-12.526143330040853
-12.526265376656992
-12.526456658223232
-12.526591770962302
-12.526753867778067
-12.526884807297922
-12.527012648814742
-12.527211214086277
-12.52734851678878
-12.527534760286148
-12.527743180720359
-12.527948519429758
-12.528141483601203
-12.528490699105983
-12.52866404343732
-12.528835061974796
-12.529051937582926
-12.529260809675192
-12.529486181430588
-12.529724566640464
-12.529904418899427
-12.53009441557692
-12.530235568061942
-12.530402565339486
-12.530524498808498
-12.53064416384301
-12.530787533364293
-12.53098046396508
-12.531130016962404
-12.531295674816299
-12.531464718346172
-12.531610953753468
-12.531758682683696
-12.5319317284224
-12.532130456741282
-12.532330969192692
-12.53252804323957
-12.532683996064083
-12.532942477447836
-12.53309724751593
-12.533282430497756
-12.533410062222325
-12.53360134819146
-12.533814516356479
-12.534025140890346
-12.534259547187888
-12.534530336047416
-12.534730597497594
-12.535027554424278
-12.535174342704948
-12.535407667490212
-12.53560542199789
-12.535778968485506
-12.536073107376252
-12.53626960483446
-12.536496396955831
-12.536643567025855
-12.536792053262198
-12.537015140025789
-12.537232164585824
-12.537344354482526
-12.537459175250383
-12.537685476768152
-12.537778534984879
-12.538005761742879
-12.538087622140157
-12.538219578391459
-12.538339277895515
-12.538495555368355
-12.538583634442254
-12.538699817245982
-12.538757327069051
-12.53888777274986
-12.538974882726592
-12.539052048331001
-12.53920904783555
-12.539284095804174
-12.539525556999148
-12.539605921768247
-12.53971174934598
-12.5397663187022
-12.539860869281194
-12.540009255005652
-12.540088028467888
-12.540183871772713
-12.540254372377923
-12.540340992107444
-12.54041317605259
-12.540513651843773
-12.540576461362383
-12.54065894072389
-12.540739163045705
-12.54083922040622
-12.540899471697355
-12.540960044917153
-12.54102706873167
-12.541106802799789
-12.541195162793327
-12.541258757172514
-12.541318038818744
-12.541420737875182
-12.54146747801135
-12.541535225862535
-12.541587553432246
-12.541637756566143
-12.541724641511049
-12.541771904854208
-12.54186315295634
-12.541925601708517
-12.541983673793924
-12.54203176972601
-12.54206823073889
-12.542171093810385
-12.542215972885336
-12.542275317950576
-12.542356695136712
-12.542444304775128
-12.542502187468695
-12.542565241171312
-12.542619177781791
-12.542682518513907
-12.542733355007313
-12.542787548252871
-12.542823345234968
-12.542920430155787
-12.54301731903975
-12.543148059737607
-12.5432515312784
-12.543387119159178
-12.543490585868096
-12.543602656724751
-12.543777223112013
-12.543862514132881
-12.543944256676872
-12.544174199155565
-12.544226158050627
-12.544356817641651
-12.54449085517171
-12.544598837848197
-12.544742446928925
-12.544821632585826
-12.544953109817422
-12.545033544846625
-12.545140581400004
-12.545244365028584
-12.545376070019303
-12.545499781666157
-12.545591262457084
-12.545691970325773
-12.545812425424455
-12.545954828690157
-12.546085031014286
-12.54619679885705
-12.546328897137826
-12.546444166689843
-12.546536749795674
-12.546660240749617
-12.546728987275213
-12.54682679134456
-12.546926462495605
-12.547005190603564
-12.54716500803507
-12.547238554663345
-12.547320842092757
-12.54738588682292
-12.547463696112047
-12.547557152299179
-12.547655503999096
-12.547743280944891
-12.547830372441581
-12.54792102653206
-12.548044369123767
-12.548137852572435
-12.54826489745712
-12.548356446819573
-12.548448034199094
-12.548519652509803
-12.548660423246657
-12.548727702215826
-12.54880281638904
-12.54884104560847
-12.548938277396738
-12.549009175947457
-12.549065790604024
-12.549170157697205
-12.549262436981092
-12.549413029067555
-12.549467762118425
-12.549552523937692
-12.549633843050755
-12.549731811762836
-12.54981269983714
-12.549888961103363
-12.549962231868452
-12.550047027438964
-12.550140764184302
-12.55021530144312
-12.55026094748189
-12.550362070402624
-12.550419966964194
-12.550486524062155
-12.550561262611073
-12.550617708782182
-12.550690717666328
-12.550713770581224
-12.55080656564376
-12.55084269256548
-12.550890683654314
-12.550950949266127
-12.55098951556705
-12.551056149303
-12.551087564060788
-12.551124376584124
-12.551177936139446
-12.55124262446169
-12.551277563103547
-12.55132643935071
-12.5513848545728
-12.551456670133469
-12.551520171159817
-12.55158358039036
-12.551633958594023
-12.551702365220468
-12.551717868891972
-12.551778312635847
-12.551805817069962
-12.551853222946567
-12.55190829047279
-12.551952750339904
-12.552026840622917
-12.552087605011161
-12.552140460102967
-12.552188693033706
-12.552247868149234
-12.552311505332026
-12.552386874813887
-12.552418667044027
-12.55249046124704
-12.552535348673352
-12.552585272557376
-12.55263467397679
-12.552680864395823
-12.552751531262567
-12.552810055514218
-12.552868961576584
-12.55292204493255
-12.552980167860639
-12.553048728691781
-12.553126385831202
-12.553174497718645
-12.553252825594488
-12.553317853594578
-12.55341191119727
-12.553490222381352
-12.55355314148242
-12.553578531171091
-12.553671620854924
-12.553716915470206
-12.553772515934611
-12.553858004975837
-12.553922451460327
-12.554033265829558
-12.554101614601798
-12.554198064193079
-12.554244974081836
-12.554332343508312
-12.55440035618659
-12.554465989450122
-12.554589172466477
-12.55466005509129
-12.554755123928185
-12.554834840952726
-12.554924909587601
-12.55495322131586
-12.55506571190487
-12.555112965040701
-12.5551716525628
-12.555260318362494
-12.55535818405286
-12.555439074985
-12.555516919533032
-12.555584089514218
-12.555692536360231
-12.55579257252613
-12.555871517765302
-12.55596688842618
-12.556042284364652
-12.556130896675404
-12.556196754143086
-12.55626630209844
-12.556329689932644
-12.55642198679233
-12.556492856507944
-12.55657702159062
-12.556668620150338
-12.556795289589083
-12.556869795417615
-12.55697104042881
-12.557066899782244
-12.557160325399611
-12.557219220300663
-12.557353868415104
-12.557416114524102
-12.557490808901138
-12.55758053353783
-12.557683390948696
-12.557759270442372
-12.557841265224592
-12.557924605724025
-12.558029649149507
-12.558088465950426
-12.558196348889343
-12.558242848667035
-12.55833407535075
-12.558374867952073
-12.558458857591852
-12.558514217955626
-12.558566731837486
-12.558641451900801
-12.558738274493747
-12.558823094456056
-12.558910725863507
-12.558988624886572
-12.55904902543873
-12.5591576412581
-12.559254644240035
-12.559326569016342
-12.559418936871129
-12.559469738752735
-12.559551287606926
-12.559603341000512
-12.559717379029184
-12.559761607094865
-12.559820813715287
-12.559879138330844
-12.559941807638436
-12.560027199676927
-12.560076823185236
-12.56016118770379
-12.560233083560044
-12.56029216655991
-12.56036348934591
-12.560412758234886
-12.56048501139919
-12.560535510891263
-12.560585828553844
-12.560687882253902
-12.560718544590438
-12.560803296690542
-12.560834842324523
-12.560883092280879
-12.560904642472314
-12.56097720479293
-12.561013869765015
-12.561045377887549
-12.561102327746802
-12.56114107409023
-12.561212619030599
-12.561266493314793
-12.561327247382506
-12.561374364989913
-12.56142865299715
-12.56151003511834
-12.561563168181795
-12.561641584472339
-12.561692326110283
-12.561745939565288
-12.56179773764877
-12.561853553784506
-12.561914379476358
-12.561972892402247
