500 iters for seed 82 on 3R0.3 which is in the 78.98330688476562 percentile
 Maxcut: 20.0, MedianCut: 12.0
-11.885243832179853
-12.059738616338935
-12.139854807685488
-12.206411049727333
-12.248598731039674
-12.290346716426326
-12.325400595283327
-12.353823813000865
-12.383219082243501
-12.406724737186035
-12.433429674409
-12.453264805991743
-12.468390778146182
-12.480420929503303
-12.493428105110787
-12.506459762722757
-12.520566356430706
-12.535633339934963
-12.546820589202374
-12.558787545237422
-12.56923590025875
-12.578914203279338
-12.586173807841613
-12.592844881508011
-12.598494182470764
-12.602601590577558
-12.607042850775441
-12.610743100461171
-12.614869878946006
-12.616881285192623
-12.622418253175656
-12.625044871881968
-12.628106968794091
-12.632878552455635
-12.635207658169639
-12.64192860662859
-12.645192586609294
-12.64901905903638
-12.651574452810621
-12.654908817196825
-12.657821547410496
-12.660312873817087
-12.662483652642727
-12.666297292502815
-12.667806980962679
-12.669341885506638
-12.671195207574542
-12.673111586075152
-12.675064769156494
-12.67674325948317
-12.678499130894457
-12.681191333546964
-12.682550094480776
-12.684386105483402
-12.686747794090316
-12.688755115483344
-12.690530307521698
-12.692426251370831
-12.69415574141066
-12.696487747211872
-12.698297917013726
-12.700277065484705
-12.702317192457404
-12.704906513227765
-12.706483786368052
-12.709003363360353
-12.71052656446695
-12.712620249307559
-12.714094848712813
-12.717191594306584
-12.718783989323663
-12.72025564619275
-12.721463959976033
-12.722874036966022
-12.72432349564841
-12.725229232511227
-12.727031468145109
-12.72825508092243
-12.729319183368588
-12.73000356204842
-12.73099665454032
-12.732045258436711
-12.733347114387334
-12.734141259645863
-12.735078590975734
-12.735670973235976
-12.73657458559323
-12.737425451428168
-12.738078559109654
-12.739384536633416
-12.74057468099189
-12.741570222528765
-12.742919377205988
-12.743910550500992
-12.745181065437455
-12.746632505978017
-12.747839083166634
-12.748955752339239
-12.750192703646466
-12.751475706463724
-12.752097397581213
-12.753754692616834
-12.754330983816827
-12.755046819397625
-12.755991895400525
-12.75741409351154
-12.758404460752855
-12.759558584521864
-12.760462999963428
-12.761379898935406
-12.762097898034183
-12.763240776588367
-12.76377203238414
-12.764391777152957
-12.764929786004751
-12.765535389187306
-12.766353526226958
-12.766928094703141
-12.767598952583759
-12.768532879395257
-12.768913439914286
-12.769495710292833
-12.770324648390229
-12.771026583674686
-12.771651789484235
-12.772283150115054
-12.772873815752652
-12.773220768133482
-12.77404756505672
-12.774335986478704
-12.774801268811792
-12.775745450937936
-12.776186955703352
-12.777000628675605
-12.777625972052162
-12.778256349553253
-12.778823341685042
-12.779381643827145
-12.78002454274445
-12.780511013127738
-12.780931016591351
-12.78144197427265
-12.781820570408517
-12.782315613221304
-12.782929148833006
-12.783179206962059
-12.783543676763628
-12.78418169888383
-12.784663606346
-12.785244311749798
-12.785581663326987
-12.78596618876886
-12.786454161737947
-12.78689936583139
-12.78731746247054
-12.787656823607108
-12.788035614726233
-12.78862892678524
-12.789061754156384
-12.78936206385588
-12.789880781317835
-12.790311168150172
-12.790681218681533
-12.791393070402595
-12.791738809980346
-12.792246428094048
-12.792580642213805
-12.79300444213984
-12.793330857431808
-12.793638343125739
-12.793969619332941
-12.794472302162884
-12.79470960283869
-12.795040687391019
-12.795345967663527
-12.795754024481354
-12.796095006036303
-12.79648259485186
-12.79673721749835
-12.797117119404426
-12.797401092074232
-12.797660431440317
-12.797913226883527
-12.798330355760545
-12.798643421514331
-12.798954553079634
-12.799290458296795
-12.799558986713606
-12.799889546278157
-12.800157936892628
-12.80032440129235
-12.800533160014428
-12.800832747586885
-12.801104184038552
-12.801301191459752
-12.801489607163184
-12.80168494238282
-12.801934305738744
-12.80216822271934
-12.80241337287309
-12.802595619117524
-12.802802319585437
-12.803036791990554
-12.803135698258412
-12.80332321592964
-12.803442505110516
-12.803576198157614
-12.80379326537079
-12.803952360222006
-12.80422208984174
-12.804403242344875
-12.80463141046863
-12.804832469792572
-12.805060965806266
-12.80531073546406
-12.805484310850215
-12.805672703442712
-12.805918945721173
-12.805983662266627
-12.806203014234836
-12.806310220468225
-12.806464694396041
-12.806680346608358
-12.80687429954865
-12.807202418362685
-12.807329981113783
-12.807516656106628
-12.80770117665891
-12.807932539950652
-12.808200637185227
-12.808382264995709
-12.808549906799078
-12.808716367422862
-12.808884445781471
-12.809033103101738
-12.809260296236836
-12.809406017610115
-12.809529594051485
-12.809707224740652
-12.809861626347367
-12.81014495887892
-12.810285661538007
-12.810463290310077
-12.810577959277941
-12.810716550438336
-12.810850351252428
-12.811031158982537
-12.811122261194242
-12.811211957709187
-12.811312301876129
-12.811435897278667
-12.811560115449264
-12.811625558665256
-12.811783083026834
-12.81187238289672
-12.811960840619609
-12.812069001351404
-12.812155305650112
-12.812254834082095
-12.812367796801889
-12.81243901901642
-12.812522776632525
-12.812579810561564
-12.81271880706095
-12.812781645061444
-12.81283863258685
-12.81292454500967
-12.812950466294662
-12.813161476987258
-12.813222099891512
-12.813300408166748
-12.813401731902484
-12.813531178043329
-12.813706859564105
-12.813783219694212
-12.813889968807702
-12.813995304521981
-12.814105948814655
-12.81421824454792
-12.814286645030183
-12.814400301053123
-12.814481270442613
-12.81461698906149
-12.814733364197041
-12.81487172489243
-12.814992321446839
-12.815119089271372
-12.815217123404182
-12.815333957253452
-12.81543213096592
-12.815526739436587
-12.815628693590162
-12.815718514018323
-12.815821615475086
-12.815941108180493
-12.815983509356306
-12.816110251034672
-12.816194376604436
-12.816301560341484
-12.816397551197975
-12.816511582361745
-12.816721063970391
-12.816806757911886
-12.816963064213594
-12.817035586281136
-12.817152855443382
-12.817254939500733
-12.817388031187448
-12.81746987470969
-12.817559249453208
-12.817710682198538
-12.817841677711899
-12.81795656742629
-12.818059624259243
-12.81817910065755
-12.818242295537313
-12.818447678814724
-12.818540861803054
-12.818638431538496
-12.818841253408483
-12.81895655675147
-12.81915784048584
-12.8192994297046
-12.81944453621669
-12.819585345845764
-12.819731243058408
-12.819883043358967
-12.820040712406557
-12.820206917984734
-12.820403237099914
-12.820578297061957
-12.82080704059057
-12.820983767238069
-12.821182291255015
-12.821327474419844
-12.821501001235657
-12.821526451861537
-12.821787827408908
-12.821871337877761
-12.821995646370187
-12.822186775625127
-12.822312774241768
-12.822515661908797
-12.822643641590094
-12.822800738023545
-12.82297812265026
-12.823171612231631
-12.823398184383226
-12.82355199995638
-12.823686635895909
-12.823924354534478
-12.824072711230933
-12.824271566639315
-12.824414190788797
-12.824543278843796
-12.824744985680297
-12.82489381360895
-12.825030164318378
-12.825128281695465
-12.82522007677777
-12.825344486244122
-12.825413168823598
-12.825582783276296
-12.825640210826585
-12.82572713404754
-12.825825156691526
-12.825929867863225
-12.826017141417127
-12.82611191165641
-12.826169047300365
-12.8262231839797
-12.826283286063175
-12.826332403319277
-12.826400670303036
-12.826488321567256
-12.82653538044043
-12.82661820764799
-12.826703487560643
-12.826798704564714
-12.826859340896727
-12.826941301545736
-12.827005147230345
-12.827079586243853
-12.827146018220038
-12.827209857641762
-12.827281792439825
-12.827375686698854
-12.827447065245353
-12.827510204009116
-12.827591869683497
-12.82764836040896
-12.827727019460676
-12.827809832100662
-12.827894417045988
-12.827969223874293
-12.82804952665006
-12.828129183536385
-12.828219419968406
-12.828336754258732
-12.828429148453765
-12.828512075763836
-12.828636401973485
-12.828710195094782
-12.828830615472235
-12.828909560109917
-12.828981612001243
-12.829046933090344
-12.82915766652552
-12.82921755728202
-12.829287301441084
-12.829381718554608
-12.829490462719587
-12.829582709206274
-12.829684603794119
-12.829786419905687
-12.829897586297307
-12.830022560965782
-12.830099773745916
-12.830185699014844
-12.830302404975988
-12.830390027275193
-12.830481606636633
-12.830625101496821
-12.830726333528554
-12.83084229444523
-12.830957391289576
-12.83104906756202
-12.83118393162209
-12.831372856142428
-12.831567628393557
-12.83168813223172
-12.831822699410587
-12.83191200302015
-12.832018687143703
-12.832207733719187
-12.832289893080178
-12.832385276997766
-12.832529688884664
-12.83262759718369
-12.83276283006261
-12.83291798747903
-12.832969488306775
-12.83304925308852
-12.83317020475138
-12.833295697249579
-12.83344957613586
-12.833527094304836
-12.833610674851217
-12.833684619097994
-12.833804035730367
-12.833959492427198
-12.834082347217592
-12.83421683269058
-12.83430658887142
-12.83440181361184
-12.834513652236694
-12.834638246658265
-12.834750508624321
-12.834846569141245
-12.834981934392736
-12.834999161883866
-12.835166940149549
-12.835207660113753
-12.835302657056108
-12.835413220554528
-12.83551984916776
-12.835591982551973
-12.835723639264021
-12.835804517160097
-12.835908941415514
-12.836027754033855
-12.836109983814971
-12.836191368661506
-12.836321803588087
-12.836374410523371
-12.83643044047766
-12.836522734380456
-12.836585394612293
-12.836735340698322
-12.836793284750904
-12.83689578471706
-12.83698094115348
-12.837092806335711
-12.837156857532626
-12.83726922576855
-12.837344786369604
-12.83739860628699
-12.837479005658503
-12.837580035321588
-12.83764375657753
-12.83772721969485
-12.837831033858777
-12.837954769671473
-12.83806675896696
-12.838166310376053
-12.838243737038125
-12.838338434546976
-12.838422392117653
-12.838490241703713
-12.838584350599316
