500 iters for seed 181 on 3R0.3 which is in the 94.68917846679688 percentile
 Maxcut: 20.0, MedianCut: 12.0
-12.01559112885832
-12.079810048339732
-12.134312974582507
-12.175921786475078
-12.19724999535876
-12.234257066614838
-12.257870623286873
-12.278629295385059
-12.297884764983388
-12.315098105262889
-12.329989678900066
-12.343760687598742
-12.355689832481836
-12.366046222558003
-12.37673852836359
-12.385210162790528
-12.394382942976955
-12.402501644353721
-12.409702483077169
-12.416117093300938
-12.421598973113035
-12.426831795524711
-12.431661284820823
-12.435930219777353
-12.438914720488732
-12.441858161901019
-12.444219640751895
-12.446552797712302
-12.449210029325267
-12.451121946216634
-12.452783015145377
-12.454997489522713
-12.456670523233093
-12.458861972338898
-12.461044524286402
-12.462726506905481
-12.464015658453564
-12.465461927465979
-12.466923784875071
-12.468137253997426
-12.469067622905655
-12.470241259255477
-12.471458398485176
-12.473009312906026
-12.474436943115581
-12.475871189611974
-12.477232183407878
-12.478551921105739
-12.47973308751172
-12.480474140156948
-12.48161242845538
-12.482532562250498
-12.483556218829854
-12.484510661470562
-12.48530717274758
-12.486177533317013
-12.48695091989514
-12.487780684415592
-12.488675869074491
-12.489489492535785
-12.490269649809832
-12.49077374205574
-12.491512014571216
-12.492009984932874
-12.492702092404492
-12.493093012299541
-12.493594180072536
-12.494109788573686
-12.49483901465215
-12.495299733288208
-12.495905808125778
-12.49634363984054
-12.49710621578573
-12.497674134170454
-12.49822132344903
-12.499137165959775
-12.499597948997664
-12.500334756322001
-12.500904453643955
-12.50153771879049
-12.50204371397848
-12.50252068714745
-12.50304962081093
-12.503493662810136
-12.504096092536825
-12.504722813163497
-12.50516002228133
-12.50567892288869
-12.506088329521946
-12.506690998003304
-12.507102238896177
-12.507523206356623
-12.508356645023085
-12.50869858292974
-12.509361501168536
-12.509994921017245
-12.51080342133053
-12.51151981364938
-12.512080318625094
-12.512909836393863
-12.513487343361906
-12.514183499533651
-12.515039536136948
-12.51564742737272
-12.51628527094021
-12.517270008239366
-12.517857114506434
-12.518612702811156
-12.5192652559634
-12.519985638412432
-12.520622862744984
-12.521397514472214
-12.522303235908456
-12.523022216922378
-12.523692845404572
-12.524554454072597
-12.525088299975074
-12.525488692424748
-12.52616800184646
-12.526552306328085
-12.527001606112142
-12.527706201551148
-12.528037589426532
-12.528465077276017
-12.529231565284322
-12.529683168230344
-12.530105410017153
-12.530964187716233
-12.53139469590563
-12.531951095504049
-12.532640806379154
-12.533070259365694
-12.533475326969635
-12.53399928453804
-12.534362096541484
-12.534889360271194
-12.535304700564918
-12.535657246643309
-12.536064388317445
-12.536354377204795
-12.536682002729606
-12.537076220519932
-12.537380053934472
-12.537638237508506
-12.538005654583456
-12.538139248454502
-12.538378322540737
-12.53843221058087
-12.538779821903326
-12.538924627708365
-12.539099214377327
-12.539352547580627
-12.539571583217352
-12.539941379513857
-12.540219620393023
-12.540536181546543
-12.540743692464128
-12.541011635656893
-12.541225418689988
-12.541416239473868
-12.541574693997566
-12.541788020083352
-12.54197341861573
-12.542156397527917
-12.542428855971337
-12.542739610483203
-12.542938154441797
-12.543206073889586
-12.543397874947614
-12.543612570955442
-12.543931764718115
-12.54408582778148
-12.54426880258584
-12.544659353386292
-12.544858137260864
-12.545107919172597
-12.545370880541128
-12.545636254911974
-12.545763296361317
-12.545990561635879
-12.5461205938217
-12.546297276215395
-12.546428625900448
-12.546530153384051
-12.546712767448525
-12.546843754712672
-12.54697751649721
-12.547080301999152
-12.547189378592474
-12.547244162927473
-12.547402994596615
-12.547457394364862
-12.54755525541664
-12.547696456214725
-12.547827774935492
-12.547940365246403
-12.54804553477029
-12.548136291262502
-12.548238699765498
-12.548348278098173
-12.548428656790293
-12.548514434334317
-12.548598097614772
-12.548688148742514
-12.548786660639387
-12.548870292363334
-12.548987950459919
-12.549103431319557
-12.549201264214474
-12.549327294243247
-12.549435072182106
-12.549549106042077
-12.54965259230834
-12.549752211546464
-12.5498854196598
-12.55005179825434
-12.55014060285188
-12.550283759257763
-12.55035932807407
-12.550481030818078
-12.55059373782556
-12.550692231539239
-12.550883761455612
-12.5510068111286
-12.551142913846867
-12.551232714323797
-12.551334666599018
-12.551438047264968
-12.55155767944268
-12.551638145435142
-12.551739338923841
-12.551834022634809
-12.551981409057806
-12.55205425168138
-12.552135160416624
-12.552248932007661
-12.552338559639898
-12.552442124213837
-12.552521224462506
-12.552597428328852
-12.552766766352311
-12.552898870984949
-12.553009477661618
-12.553109657884676
-12.553196713615671
-12.553328997797783
-12.55345054586846
-12.553575011306783
-12.553666661972834
-12.553817574480815
-12.55393954734196
-12.554043789711097
-12.55419017303995
-12.554308719797689
-12.554497334748573
-12.554630308932822
-12.554757285900278
-12.554925654329514
-12.555066860967122
-12.555228321805705
-12.555443393060022
-12.55559383559048
-12.55575494493382
-12.556002443480617
-12.556142999464996
-12.556291119273029
-12.55647120735148
-12.556578597520847
-12.556711883927404
-12.556937499470294
-12.557071881031298
-12.557172111471996
-12.557328142774288
-12.557453657917716
-12.557557636794625
-12.557790003468451
-12.5578940806715
-12.558059159382912
-12.558154541658364
-12.558370009307326
-12.558500977631272
-12.558632516850443
-12.558843005434518
-12.558892898430226
-12.559117433539228
-12.559180157484377
-12.559312875817554
-12.559422184168275
-12.559587533437108
-12.559710173030258
-12.55981562950849
-12.560032596213398
-12.560143437976206
-12.560291744978127
-12.560428818264393
-12.560599324577037
-12.560781420143806
-12.560967082373244
-12.561192658302172
-12.561374125145912
-12.561621444678645
-12.56181182293615
-12.561977284423882
-12.562162287494987
-12.562365011164397
-12.56258082857083
-12.5627751490516
-12.56294515767808
-12.563133187835124
-12.563322142359727
-12.5634674810692
-12.56361448398567
-12.563795574015677
-12.56400695755308
-12.564229328806547
-12.564398284389178
-12.564551156176055
-12.564673784164757
-12.564798220136744
-12.5649421320964
-12.56506170293745
-12.56517617977432
-12.56527600987393
-12.565398480767902
-12.565495866889705
-12.565619224365864
-12.565700570924577
-12.56580612038968
-12.565872248517426
-12.566007025979912
-12.566085351086748
-12.566152408597521
-12.566249041560297
-12.566271550000378
-12.566444481409473
-12.566495564468582
-12.566581642138843
-12.566685255684227
-12.566758666740666
-12.56684435476438
-12.566900263605877
-12.56696261693951
-12.567021875895996
-12.567105780577233
-12.56715387561164
-12.567216487429393
-12.567322126763678
-12.567396274857387
-12.567482041298085
-12.567548269474715
-12.567621771706609
-12.567675694836892
-12.567792984469547
-12.567840436087
-12.56790513746051
-12.56800625901014
-12.568093947819053
-12.568181879640711
-12.568254838733747
-12.568327146803343
-12.568385730150293
-12.568493604773884
-12.56853607072065
-12.568607682473981
-12.568708094214218
-12.568760909693006
-12.568837006733292
-12.56887832326897
-12.56893976290707
-12.56899506805097
-12.56906287804719
-12.569108917870176
-12.569158296791196
-12.569206708481262
-12.569261529153376
-12.569314163384947
-12.569351894117471
-12.569433631437263
-12.569518824062179
-12.569573814352868
-12.569632631750864
-12.56967172026101
-12.569712148694034
-12.569766397644745
-12.569796396235729
-12.569852841151139
-12.569861123500116
-12.569928295583855
-12.569951192649581
-12.56998717934375
-12.570032434359632
-12.570063426128065
-12.570115467175295
-12.57015987503236
-12.570219803907122
-12.570250789285247
-12.570314109212802
-12.57035498424654
-12.570397758860775
-12.57045821838165
-12.570515288210506
-12.57055849992168
-12.57059837342122
-12.57063501395566
-12.57069284403901
-12.570732097375034
-12.57075997090074
-12.570796908056353
-12.570825071764975
-12.570861346886955
-12.570898572441136
-12.570931015474688
-12.570979900931338
-12.571032937508079
-12.571067890923167
-12.5711287956861
-12.571151054365679
-12.57119279410865
-12.57122553415638
-12.571250949381785
-12.571308299836321
-12.571347857465417
-12.571423357947854
-12.571481670535857
-12.5715319880799
-12.57157219300545
-12.571611354097136
-12.571665448600346
-12.571715144224717
-12.571749498037551
-12.571807943458712
-12.571826371338958
-12.571876872984667
-12.571913087905362
-12.571944136758258
-12.571991026339179
-12.572014905119865
-12.572059221137781
-12.572088922571915
-12.572125292019287
-12.572153733401487
-12.572181068465593
-12.572216689014397
-12.572240629179216
-12.572257331366874
-12.572290424309898
-12.57231300239171
-12.572340889255528
-12.572369449017911
-12.572390383652321
-12.572408630763354
-12.572439907305274
-12.572456502505508
-12.572475409343236
-12.572495325513277
-12.57251576142719
-12.572536125225405
-12.572566828733763
-12.572583232646101
-12.572602896262703
-12.572620616748166
-12.572643259041618
-12.572660383482333
-12.572676613916094
-12.57269202635846
-12.572711371644882
-12.572734768648914
-12.57275204658194
-12.572766520597913
-12.572786858003067
-12.572798285784174
-12.572814316000443
-12.572837587986864
-12.57285952467631
-12.572871773292466
-12.572885933623654
-12.572899268019205
-12.57292208667984
-12.572938604248904
-12.57296261091109
-12.572974503944833
-12.5729909768835
-12.572998586245408
-12.573021370968437
-12.573033777475153
-12.573047303149057
-12.573069428475165
-12.573083277051893
-12.573109241438205
-12.573126013777042
-12.573142566630267
-12.573156088524367
-12.573171896953097
-12.57318831497591
-12.57320397068532
-12.573217586927807
-12.57323226479007
-12.57324590339827
-12.573255369803537
-12.57326917816897
