500 iters for seed 64 on 3R0.3 which is in the 78.54690551757812 percentile
 Maxcut: 21.0, MedianCut: 12.0
-11.824773461718769
-11.836963418665626
-11.846741805481413
-11.933836821084633
-11.976434889249486
-11.998280600501843
-12.055787526519065
-12.063346782729617
-12.114669488888136
-12.137643993722296
-12.163110873199301
-12.180451747669593
-12.201296593543045
-12.215072556334995
-12.227571639819306
-12.24115821577621
-12.256359183756318
-12.270701238350878
-12.281133346977994
-12.2891545764634
-12.295683405871987
-12.301252873256763
-12.307112630864388
-12.312723929138588
-12.317375364598437
-12.321864768394697
-12.327469443394783
-12.331821722975558
-12.336759022863276
-12.341302048862723
-12.344817801254333
-12.34854870142807
-12.352243946374239
-12.354248585315535
-12.356658014745356
-12.359064432610792
-12.361546889171333
-12.363446704689316
-12.365250702513684
-12.367217961756523
-12.369680660859064
-12.372168508447025
-12.374751417405271
-12.376871969046636
-12.378923661544459
-12.380354278921232
-12.383228382016272
-12.384528227450858
-12.385980958944781
-12.387647100210092
-12.388907109103004
-12.39020303494664
-12.391409124259733
-12.39219668349292
-12.393059298924024
-12.394272408517075
-12.39493810039616
-12.395705657250074
-12.396675309584493
-12.397480843061029
-12.398173812134738
-12.399536603603169
-12.400226684651697
-12.40134770321605
-12.402906841583473
-12.404382815614543
-12.406128829700174
-12.407898023014896
-12.409270958764894
-12.41116132279785
-12.412775840208
-12.41421523728562
-12.415770378132429
-12.416604277728895
-12.418039233472685
-12.418804163281967
-12.41989517355923
-12.420950036607522
-12.422257293293894
-12.422791752960212
-12.423664062649067
-12.42431948334328
-12.425141534157682
-12.425809674786942
-12.42638061657268
-12.427477052786738
-12.428008934017049
-12.428890148452215
-12.429714606918528
-12.4304871182268
-12.431344087741957
-12.432258183486441
-12.433177890193441
-12.433860656910321
-12.43457187529416
-12.435533930245365
-12.436115932929063
-12.436614967908183
-12.437145773935761
-12.437647928064848
-12.438514031496666
-12.438852755502698
-12.439780610917856
-12.440200640317906
-12.440795575081722
-12.441502448401954
-12.44216688681475
-12.442573698711566
-12.443127665890596
-12.443519267831213
-12.444000645163415
-12.44458985912197
-12.44491149924699
-12.445250558784345
-12.445908467363761
-12.446278695577748
-12.446490953737225
-12.447324853970954
-12.447574612447266
-12.44808823441007
-12.448606413492795
-12.449175523304131
-12.449583153262735
-12.450145537412535
-12.450585199787398
-12.451137086262008
-12.451754959824363
-12.452165884646055
-12.452510614268087
-12.453131747588332
-12.45354454780409
-12.453904438103619
-12.454365549355204
-12.454693435056614
-12.454909478729462
-12.455442512423884
-12.455626555660894
-12.45592534327114
-12.456191332434157
-12.456524088218856
-12.456854370778453
-12.45711046549463
-12.457562858182968
-12.457968426425623
-12.45823436865275
-12.458595124979496
-12.458877185927728
-12.459221391287315
-12.459739091677683
-12.460011354566483
-12.460265520092314
-12.460521931154595
-12.460756882963931
-12.461093387718753
-12.461407955885722
-12.461784911773945
-12.46202844755399
-12.46229036403545
-12.462604308147714
-12.462810423586287
-12.463158873258083
-12.463401191048966
-12.463647080065652
-12.46389018583144
-12.46416477864582
-12.464599382322302
-12.465010642863735
-12.465277391902385
-12.465610665532992
-12.465846715145139
-12.466112007533425
-12.466447354328382
-12.466646807812355
-12.466800562239367
-12.467139790868867
-12.46733164958369
-12.467573570305808
-12.46781627749997
-12.46803746500394
-12.468192036815527
-12.468479924792996
-12.468542389621906
-12.468824970096705
-12.468967147281571
-12.469134717399797
-12.469370530244879
-12.469509595449335
-12.469792836687445
-12.469979846010585
-12.470198280881938
-12.47033200037549
-12.470503577371389
-12.47067921816562
-12.470795389173652
-12.471048686265036
-12.471229114235562
-12.471372961435314
-12.471520556279668
-12.47168374842895
-12.471814458163202
-12.472051906321951
-12.472151916545906
-12.472257618286948
-12.472411804048816
-12.472566499849908
-12.47266074466803
-12.472785608678599
-12.472883983349785
-12.472997663919958
-12.473213001165899
-12.473268465491316
-12.47339026561486
-12.473504822547323
-12.473631900629478
-12.473831412697162
-12.473949053452143
-12.474107882733044
-12.474210475650622
-12.474346968731759
-12.474496586587799
-12.474654633693099
-12.47480317322965
-12.4749564486846
-12.475188208558416
-12.475359215104886
-12.475550790408974
-12.47568932823312
-12.475838327841068
-12.475942807911618
-12.47610038029499
-12.476205612281412
-12.476311172422957
-12.476410257337918
-12.476568176210824
-12.47664900947645
-12.476742615617923
-12.476863572523323
-12.476986605756643
-12.477069207683918
-12.477172657747008
-12.477266041684786
-12.477385715973718
-12.477508391090957
-12.477616300892159
-12.47768360430452
-12.477785122858792
-12.477848969855103
-12.477912183322774
-12.478004778839162
-12.47806155696849
-12.478178568272147
-12.478258728495184
-12.47832840793161
-12.478410324543619
-12.478487697984843
-12.478557543935656
-12.478648391771369
-12.478691286104556
-12.478767707380433
-12.478834889176108
-12.478913162768794
-12.478962926026686
-12.479010136183389
-12.479056665160178
-12.479104407919483
-12.479145619333634
-12.479182777515666
-12.479228511129385
-12.47928865806686
-12.47932572460672
-12.479374016079923
-12.479396530273592
-12.479457522380228
-12.479490010480777
-12.479523371757695
-12.479584108425477
-12.479616972046847
-12.479671770538655
-12.479709468982772
-12.47976268883799
-12.479805891129311
-12.47984626717832
-12.479898212319835
-12.479939469461119
-12.480003552265376
-12.480042899172389
-12.480100879303688
-12.480135166456815
-12.480177917647772
-12.480200180892641
-12.480262019757026
-12.480289878740239
-12.48032720120865
-12.480381230819896
-12.480408408995384
-12.480459499230959
-12.48049710165685
-12.480547863979895
-12.480590063166792
-12.480630231630908
-12.480691894371983
-12.480728625042705
-12.480771116446572
-12.480823119318782
-12.480883301836924
-12.480914408818913
-12.480979580182522
-12.48098923589841
-12.481055595214631
-12.481091140137078
-12.48113770655728
-12.481196796140862
-12.48125155953726
-12.481299201748632
-12.481336774884008
-12.481377812090042
-12.481420945967146
-12.481476364112591
-12.481503148403544
-12.481544302434362
-12.481590896018366
-12.481650639784718
-12.481692205341425
-12.481728495095599
-12.481772781254682
-12.481825287209881
-12.481863879073536
-12.48191709397483
-12.481939791130037
-12.48199649745023
-12.482035913638532
-12.482072450198833
-12.482138190919526
-12.48217720158293
-12.482235467185767
-12.482274861874199
-12.482326263922982
-12.48236689852101
-12.482427777556214
-12.482478026894228
-12.482523850702053
-12.482585538690687
-12.482653819948805
-12.482705391090342
-12.482773913171252
-12.482812462462869
-12.482855189413417
-12.482925866839325
-12.482962470017206
-12.483013825865667
-12.483081706990985
-12.483123565762877
-12.483191170947471
-12.483225367275272
-12.483299677781986
-12.483356884779967
-12.48341121259323
-12.483513768799964
-12.483560509359974
-12.483649191392661
-12.483717538186127
-12.48380292704283
-12.483870649809989
-12.48392902970446
-12.484002200923296
-12.48405868251444
-12.484141713773674
-12.484203559730428
-12.484249595409603
-12.484318278920838
-12.484370464672487
-12.484432462710892
-12.48449107199033
-12.484538030651951
-12.484585537249856
-12.484647331792072
-12.484696225562555
-12.48474386939433
-12.484794064512677
-12.484837465752841
-12.484876459643859
-12.484930005865156
-12.484966058914775
-12.485002578085211
-12.485060930514774
-12.485114374104366
-12.485146994924497
-12.48518398485448
-12.485217056041849
-12.485264861525609
-12.48530314768615
-12.485328190645692
-12.485364251514628
-12.485393552132017
-12.485425920480697
-12.48545232379343
-12.485471838001244
-12.485494434753235
-12.485524932145665
-12.485546596369934
-12.485573503073377
-12.48558142361908
-12.485621169089796
-12.485638071153502
-12.48565583102502
-12.485682179124138
-12.485726906645057
-12.48577559949346
-12.485804274921318
-12.485843383461583
-12.485858971216349
-12.485885149049833
-12.485912841452308
-12.485932551223993
-12.485975727101778
-12.486000274824198
-12.486036244971793
-12.486066536295727
-12.486093706808013
-12.486121071992628
-12.48616072357787
-12.48618728405806
-12.486216362233584
-12.48624791348047
-12.486269200316727
-12.486292837188472
-12.486327158158108
-12.486348188473071
-12.486368131314071
-12.486391658166268
-12.486406985675213
-12.486427990158154
-12.486444512855597
-12.48646926393667
-12.486482650140488
-12.486508064759876
-12.48653493555128
-12.486568328694084
-12.486594670053645
-12.486617328463588
-12.48663927717739
-12.48666468068592
-12.486688224513651
-12.486706789840525
-12.486721092208441
-12.486744986574731
-12.486751685299778
-12.486776103944178
-12.486789428382268
-12.486804103548423
-12.486826326282504
-12.486842163397256
-12.486867266259587
-12.486885196333544
-12.486908113193891
-12.486926316600979
-12.486948437461898
-12.48697260124441
-12.486990548699502
-12.487011959260103
-12.487036615237223
-12.487047396542678
-12.4870653233755
-12.487080497430036
-12.487097571873015
-12.487123284307954
-12.487140069900349
-12.487153939053776
-12.487172450626261
-12.487191619967128
-12.487199543362074
-12.487218967472774
-12.487235850610842
-12.487250285874724
-12.48726842718504
-12.487284724528532
-12.487300734412162
-12.487314123909355
-12.487339525793242
-12.487353294811172
-12.487369942391954
-12.487384288474633
-12.487401455948199
-12.487419087669478
-12.487436923624045
-12.487456881908127
-12.487476901345119
-12.487508243811627
-12.487517438970386
-12.487536348141028
-12.48755129196488
-12.487564694494209
-12.487587530143475
-12.487603539323475
-12.487633942456062
-12.48765581411104
-12.487676687173208
-12.487695826693937
-12.487717035865106
-12.487741309764775
