500 iters for seed 46 on 3R0.3 which is in the 78.83834838867188 percentile
 Maxcut: 22.0, MedianCut: 12.0
-12.00249175679469
-12.03235621884147
-12.111610041802994
-12.130403188211758
-12.176507436635431
-12.205973167741828
-12.23950606156253
-12.267069380220466
-12.28983539873257
-12.309023005834794
-12.32512902628591
-12.338388612654615
-12.350923333346854
-12.361958971072626
-12.373054645345176
-12.38179582371339
-12.387858121318157
-12.393482092206817
-12.40007619118921
-12.404633247142291
-12.409016467940985
-12.413144805458245
-12.417112752011814
-12.421856452734502
-12.426468490613086
-12.431235442086212
-12.434940544750242
-12.439296403133559
-12.443000497781142
-12.446677864518549
-12.4504326598318
-12.454795592724299
-12.457919779322417
-12.461618399036595
-12.464905390005235
-12.467217280614467
-12.46956549959425
-12.471505708359395
-12.473077064605434
-12.475082609297708
-12.476976708439828
-12.478841554397242
-12.480432267151812
-12.481742490064308
-12.483667211121661
-12.484838060089178
-12.486259455491517
-12.487249609006064
-12.488267597994197
-12.489179697890467
-12.490655054468448
-12.49138951439891
-12.492275766929566
-12.493330425236486
-12.494392083384534
-12.495152975118867
-12.496028581303259
-12.49689022510976
-12.49796201520572
-12.498851709088004
-12.499617282997136
-12.500321168723108
-12.501502887646787
-12.502453240268135
-12.503353409748085
-12.504616071702849
-12.505368170088978
-12.506405931755255
-12.507366866465997
-12.50825561196794
-12.508927927437181
-12.50960223187171
-12.510223162366264
-12.510926930492982
-12.511568688130035
-12.512049318220463
-12.512741723181804
-12.513087398651258
-12.51400240932279
-12.51440140931549
-12.514870958884964
-12.515540372731166
-12.515842504012717
-12.516810372023613
-12.517265835698144
-12.517827430691622
-12.518745005327993
-12.518919223283831
-12.520009224390925
-12.520382667731472
-12.521033517635015
-12.52170911654921
-12.522596790051647
-12.523142933977883
-12.523626711859563
-12.524123676793726
-12.524749054818075
-12.525257455695684
-12.525689576144483
-12.526193993099735
-12.526701351086842
-12.527214991937921
-12.527547166414337
-12.527991982964044
-12.528361991118796
-12.5289162169986
-12.529187707850202
-12.52966899174702
-12.529885739280195
-12.530429974394153
-12.530698805242512
-12.530995671851242
-12.531474393250857
-12.53161586463047
-12.532236601329721
-12.532420323681864
-12.532742181637586
-12.533191106369387
-12.5336225432054
-12.53397135984319
-12.53444065663718
-12.534716163490117
-12.535047618970808
-12.535560906143512
-12.535776429360713
-12.53598817127406
-12.536447374672754
-12.536590471864873
-12.536759619547214
-12.537013324570431
-12.537170780428312
-12.537520747420407
-12.537722148133964
-12.537971083580882
-12.538207038308679
-12.538436564114912
-12.538684258442483
-12.538956427034327
-12.539155849321471
-12.539356766761678
-12.539546789668313
-12.539819862913562
-12.540038112157733
-12.540244037516945
-12.540677695858687
-12.540850551678064
-12.541021250405667
-12.541277546813374
-12.54139887545345
-12.54158863238344
-12.541761572001864
-12.541890195111677
-12.542172393615417
-12.542309458546475
-12.54251714108695
-12.54269396094274
-12.542901117795637
-12.543086226101373
-12.54325759841843
-12.543471353754567
-12.543649276789019
-12.543806018302053
-12.544023643247119
-12.544193718805902
-12.544307007413089
-12.544582792608045
-12.54470141741101
-12.544807513051195
-12.545101651824396
-12.545191751143724
-12.545298462984787
-12.545572753288857
-12.545652891274262
-12.545786315105607
-12.54592161690188
-12.546034099061856
-12.546215906787015
-12.54631297751365
-12.54648525073233
-12.546573095936191
-12.546702137388081
-12.546898272883176
-12.54705787434032
-12.547187214839365
-12.547316475627039
-12.547423389305546
-12.547560027425625
-12.547665542803019
-12.547777342384144
-12.547912441516578
-12.548011673946675
-12.54812357431689
-12.548263057486821
-12.548372674644558
-12.54851902693881
-12.548649578184754
-12.548787989104953
-12.548915479850237
-12.549038080479813
-12.549139780620685
-12.549233271484587
-12.54932825888149
-12.54942286660872
-12.549518900321598
-12.549613854322727
-12.549707043259382
-12.549792615136464
-12.549869047626522
-12.549952946675845
-12.550031558564433
-12.55009062887424
-12.55016985149305
-12.55022563735977
-12.55028718481274
-12.550352483033036
-12.550392757968481
-12.550448612258137
-12.550510479900646
-12.550581663178559
-12.550617806832374
-12.550694088873803
-12.550728377896542
-12.550788211389277
-12.550838291427436
-12.550887179117204
-12.550954850305533
-12.55102384591373
-12.55107124151302
-12.551133148278936
-12.551174646512965
-12.551224738071062
-12.551299270495011
-12.55134513284521
-12.551419879751286
-12.551473804293146
-12.551519216170037
-12.551574872720316
-12.551613153629201
-12.551657997984668
-12.551704609645501
-12.551746205309971
-12.551783002435062
-12.551829386739868
-12.551856748786802
-12.551887095120827
-12.551916125586587
-12.551961801346666
-12.55198606240891
-12.552014402042019
-12.552056962908882
-12.552087395719209
-12.552133241182739
-12.552161995459521
-12.552198171198814
-12.552265946271492
-12.552300142131674
-12.552347523187857
-12.552387488661497
-12.552424276507296
-12.55245522549081
-12.55249501472403
-12.552533917140435
-12.552565527818315
-12.552624190270256
-12.552667974137963
-12.552699660400071
-12.552733344853406
-12.552766838172731
-12.552782454532386
-12.552840637765225
-12.552860454754613
-12.552889821325985
-12.55293266570064
-12.55296263601899
-12.55300979740454
-12.553049687161025
-12.553090540305037
-12.553130373113719
-12.553179353907739
-12.553236248992524
-12.553276237245255
-12.55331931706997
-12.553364438152554
-12.55340601979702
-12.553472751889418
-12.553530109800672
-12.553558747963141
-12.55361514204865
-12.553667991896301
-12.553734573548754
-12.55381565633455
-12.553857339295575
-12.553917722363764
-12.553967141837612
-12.55406766533332
-12.554100435720967
-12.554157649745985
-12.55418265393382
-12.554251556779528
-12.554296125354819
-12.554338124099619
-12.554414746780385
-12.554459274737058
-12.554519948742007
-12.554565352988819
-12.55462687462423
-12.554677699813134
-12.554724474685536
-12.554781310758203
-12.554822101681815
-12.554876471943643
-12.554967351997709
-12.555009408956082
-12.55507778011784
-12.555135583411674
-12.555204982943895
-12.555266019150025
-12.555317647911256
-12.555375500483402
-12.555441180926241
-12.555503928680327
-12.555563400649726
-12.555633610450293
-12.555695249450704
-12.555767187398429
-12.55582180601268
-12.555880173626985
-12.555939781537218
-12.55600528242611
-12.556043086369181
-12.556138971961888
-12.556180026486512
-12.556234546622374
-12.556310560639172
-12.5563532018433
-12.556400682553438
-12.556451081139523
-12.556510368742638
-12.556542667166287
-12.55657626480362
-12.556628964574987
-12.556664862317136
-12.556678067663748
-12.55675850921995
-12.556780788226908
-12.556819926890697
-12.556851245004976
-12.556896796859608
-12.556926406318603
-12.556953079179507
-12.556987853545959
-12.55702807072642
-12.55706302488844
-12.557108075159263
-12.557125583230205
-12.55715945736209
-12.557182112083767
-12.557205463964376
-12.55724892873723
-12.557273222769247
-12.55731202749546
-12.557339633280664
-12.557373141556818
-12.55740621755206
-12.557436269113065
-12.557477461467036
-12.557500630939609
-12.55752685823953
-12.557561948311834
-12.5575862865587
-12.557601145118719
-12.557665289517228
-12.55768483441298
-12.557712596222322
-12.55775054085071
-12.557771567774775
-12.557817067383791
-12.557835005935756
-12.557864227977477
-12.557884148364236
-12.557917684381973
-12.557940092490659
-12.557961927849158
-12.55800548281672
-12.558023330663838
-12.558055355659352
-12.558083529725057
-12.558117862465803
-12.55814088294962
-12.558168212187802
-12.558196511682368
-12.558218313357276
-12.558247394413458
-12.558293905876056
-12.558321003109313
-12.55835455773124
-12.558393517631952
-12.558442391858794
-12.558482452828931
-12.558525055537244
-12.558559821510212
-12.55858877229538
-12.558650103828471
-12.558664885237475
-12.558695398745769
-12.558723799036727
-12.558747917667969
-12.55878561401425
-12.558817127319164
-12.5588558566978
-12.558884383250097
-12.558911618988986
-12.558947307865179
-12.558983818119223
-12.559012192843621
-12.55902716793236
-12.559050919525578
-12.559073805741185
-12.559098332054475
-12.55912182155118
-12.5591374712466
-12.559165542657361
-12.559187327176462
-12.559203445492518
-12.55922076561639
-12.559239778218812
-12.559263922135708
-12.559276694959939
-12.55929347145085
-12.559310519514623
-12.559328845440685
-12.559359860663424
-12.559374398937264
-12.559395637734967
-12.559413293342645
-12.559433749102247
-12.559454434793343
-12.559474683273647
-12.559491605730198
-12.559505834200243
-12.559527107422449
-12.559545736619869
-12.55956768421595
-12.55958670222492
-12.559606715564934
-12.559627842206881
-12.559651528331372
-12.559673382884093
-12.559686890147084
-12.559701281470419
-12.559713281838864
-12.559734274806534
-12.559746981478213
-12.559760587256338
-12.55978532751392
-12.559790524482853
-12.559822379301185
-12.559833544350138
-12.559852890741453
-12.559881025713015
-12.55988672308303
-12.559937674145202
-12.559953696865463
-12.559971860326868
-12.559990755218877
-12.560013699612682
-12.560031796552895
-12.560048158538393
-12.560067583611954
-12.560093137177917
-12.560112579685843
-12.560133135446137
-12.560153939099324
-12.560184654175817
-12.56020781586787
-12.560227222396403
-12.560247250562036
-12.5602630567037
-12.560278849893937
-12.56029669776872
-12.560313964965669
-12.560331792389187
-12.560350883264478
-12.560362847473124
-12.560380999947823
-12.560386100030252
-12.560409493918844
-12.560418528955053
-12.560430609845675
-12.560448491047415
-12.560467942042816
-12.560484607622804
-12.560503489931001
-12.560515541845762
-12.560531552293988
-12.560552022139067
-12.560566550327081
-12.560583026367325
-12.560605818588805
-12.56062145794918
