500 iters for seed 97 on 3R0.3 which is in the 94.89212036132812 percentile
 Maxcut: 22.0, MedianCut: 12.0
-12.003178888976898
-12.00485015293362
-12.009648672938132
-12.119972220314631
-12.140722807129972
-12.16785924472827
-12.214811622703525
-12.230861333937268
-12.241439330493284
-12.273994539846356
-12.289667961172036
-12.304368095488009
-12.32010075850871
-12.336136794818689
-12.350349240095671
-12.360487549656595
-12.369894884964067
-12.377381935786703
-12.38611553026482
-12.390497685260613
-12.400300990068883
-12.405562678349726
-12.411152707242644
-12.414954279734362
-12.41966166598775
-12.422620780680383
-12.426381614417258
-12.430444205330835
-12.434502186603826
-12.439255971065075
-12.442965910710061
-12.445608267657366
-12.448701470406684
-12.451403805920027
-12.453969262582511
-12.456473572655948
-12.459727455484785
-12.462055316484049
-12.46495663941698
-12.467610945247284
-12.469463609496678
-12.471715295049272
-12.474161608213254
-12.476229973050891
-12.47779068936072
-12.479774465228067
-12.481189521050577
-12.482274344342976
-12.483265541617193
-12.484209370793387
-12.485338605587842
-12.486432291765764
-12.487496935864975
-12.48869299613867
-12.489847589267285
-12.490991895611687
-12.492200447561297
-12.49322554351313
-12.494157600021866
-12.495321354769606
-12.495872224728254
-12.49702923758939
-12.4975202693273
-12.498796171211135
-12.4992914514522
-12.500039580463842
-12.500484840763196
-12.501360890862873
-12.501845809494995
-12.502357545569804
-12.503293037630957
-12.503857445565792
-12.504699009979731
-12.50532840071732
-12.505972893761658
-12.506573965683582
-12.507090504783733
-12.507781145303309
-12.508317330449469
-12.508840865903945
-12.50953683556602
-12.509908786742022
-12.510276104948689
-12.51084752437756
-12.511108895535843
-12.511713411512385
-12.512151611357856
-12.512436360048522
-12.512769487642181
-12.51316509638191
-12.513480768106826
-12.513797290870361
-12.51402390865062
-12.514234855867953
-12.514495539581137
-12.5148541775661
-12.515079473798174
-12.51533251510752
-12.515700794996294
-12.515761950645748
-12.51620249419948
-12.516330585755068
-12.516598137283273
-12.516768219433496
-12.517095089457005
-12.51728366876962
-12.51748627610486
-12.517795660553636
-12.518107101233667
-12.518359058837882
-12.518717456899093
-12.518970212270714
-12.519318335748016
-12.519643553589507
-12.519995782795757
-12.520280505223191
-12.520658248150777
-12.521114593011964
-12.521354205182902
-12.52182164647623
-12.521998687945738
-12.522588271949992
-12.522895615893269
-12.523254371481418
-12.523679389217136
-12.524162006447177
-12.524555317820912
-12.52501429608048
-12.525276566178732
-12.525567834368797
-12.525894096238106
-12.526085548586991
-12.526300603530288
-12.526725458271564
-12.526876258110553
-12.527166299167845
-12.527222587991474
-12.527616398022735
-12.527762167904186
-12.527954569294533
-12.528234787753929
-12.52841644865872
-12.528787161527646
-12.528921209735246
-12.529113532145388
-12.52928247672838
-12.529472418003397
-12.52968989882082
-12.529824484418622
-12.530002699908776
-12.5302442608914
-12.530373714061245
-12.530569392213268
-12.530915834586189
-12.531096041207084
-12.531394594557826
-12.531627698750441
-12.53190338821813
-12.532171235689619
-12.532468712291646
-12.532776874546595
-12.53309285865142
-12.533402323544813
-12.533735048597624
-12.534069029706796
-12.534423579788571
-12.53490572916603
-12.53536247092301
-12.535712101378495
-12.536254896136114
-12.536690007729149
-12.537007869529567
-12.537397697441877
-12.537671388865522
-12.538015044837472
-12.538434331856651
-12.538727619747547
-12.538919792974703
-12.539229585220196
-12.539410367652106
-12.539628586935002
-12.539907784724953
-12.54008507400282
-12.540386873967943
-12.540581164149327
-12.540832852594306
-12.541004883360811
-12.541178942299009
-12.541354644115408
-12.54162900336955
-12.541774988576229
-12.541940028255247
-12.542083624264494
-12.5422990367618
-12.542451260401075
-12.542594695298458
-12.542820982462743
-12.542913219875317
-12.543190685342292
-12.543310773485052
-12.54347552271366
-12.54373518343876
-12.54389578844811
-12.544114561919883
-12.544248304326919
-12.544396897890321
-12.544743139989901
-12.544961331249329
-12.545198427246294
-12.545441168190573
-12.545658544204558
-12.545921125886835
-12.546159580877942
-12.54637924419483
-12.54656372646846
-12.546834131256508
-12.546981119334703
-12.547231108899684
-12.547399691874698
-12.547634906501298
-12.547906393349841
-12.54807801163237
-12.54830766924333
-12.548495364324475
-12.54866824869108
-12.54886097949837
-12.549066267247728
-12.54922683148246
-12.549369815068356
-12.549534762352504
-12.5497082647222
-12.54986636598937
-12.550063697531685
-12.55019002582831
-12.550370270279105
-12.550536846779632
-12.550718116770252
-12.550923864413411
-12.551055829098104
-12.551251018491458
-12.551406866273986
-12.551528257737926
-12.551690335818549
-12.55178451763087
-12.551974977601075
-12.552100555971613
-12.552231322119734
-12.552281551127502
-12.552496741507236
-12.552591313787602
-12.552688542263347
-12.55283448264143
-12.552888037383523
-12.553174123682963
-12.55325371270106
-12.553372859414164
-12.553484819835221
-12.553635920564941
-12.553799358228352
-12.553956990730203
-12.554118897917464
-12.55433746169342
-12.554501139311634
-12.554713633917798
-12.554849808329937
-12.555041606730374
-12.55520745749009
-12.5553278864384
-12.555554507495781
-12.555725112564822
-12.555853688540434
-12.555995557267579
-12.556133778935735
-12.556341130452532
-12.556553058683733
-12.556712225354895
-12.556856102468975
-12.55698997902456
-12.55718177835752
-12.55732970456117
-12.55752216248187
-12.557649415352472
-12.557792098446185
-12.558053380765667
-12.558180227769153
-12.558335900817378
-12.55845961347528
-12.55857251527918
-12.558705848694798
-12.558854597702457
-12.558969126102845
-12.559069250622041
-12.55917121169883
-12.559299211663406
-12.559421065433577
-12.55954784437449
-12.559685291205755
-12.559805026239474
-12.559973677012554
-12.560177225899293
-12.560281486410334
-12.560455371557598
-12.560548433091164
-12.560698772356607
-12.56084210331881
-12.560929875094274
-12.561140187258967
-12.561233023924586
-12.56140751253833
-12.561543294052214
-12.561648618243
-12.561744026298246
-12.561831115870273
-12.561913718945746
-12.56207799882512
-12.562177009354727
-12.56227227653368
-12.562356031778133
-12.56244751472136
-12.562527462498586
-12.562682810307646
-12.562745329220057
-12.562839284649382
-12.562952968884659
-12.56308201151074
-12.563179145876434
-12.563264178535823
-12.563326476917467
-12.563427869616945
-12.563546150279443
-12.563652530535528
-12.563748790003
-12.56384568098591
-12.563930543288665
-12.564021060333747
-12.56410670013166
-12.564160271886072
-12.56424678941302
-12.56430882716022
-12.564364499444057
-12.564441876052646
-12.564521783324093
-12.564561870822153
-12.564620757364654
-12.564691192167441
-12.564771199116269
-12.564838453395378
-12.564893117904063
-12.564938502808385
-12.564994965054119
-12.565049905084177
-12.56508947914336
-12.56513586041333
-12.565171749618507
-12.565211947689539
-12.565251848970718
-12.565287867089587
-12.56537953122818
-12.565440341775576
-12.565499601849702
-12.565553583593278
-12.565603108755447
-12.565671971884296
-12.56573219079375
-12.565797679524303
-12.565843584357276
-12.565895380079144
-12.56595070670642
-12.566003341737119
-12.566091206706059
-12.566162020280583
-12.566219139948123
-12.5662758663623
-12.566330803466013
-12.566358716963421
-12.566447848102845
-12.56647113295871
-12.566519036085738
-12.566544461786194
-12.566608818205545
-12.566641788709767
-12.566670331950483
-12.56672169193643
-12.56676249272656
-12.566829367243358
-12.566875802336575
-12.566921146098448
-12.566961197660953
-12.567005687892243
-12.567057630066946
-12.567108937248744
-12.567156041419185
-12.567224832794906
-12.567278611256922
-12.567335504085156
-12.567393643932979
-12.567441958728509
-12.567477543753455
-12.567567700973274
-12.567589396231856
-12.567660544196993
-12.567705549867107
-12.567750656845163
-12.567811405651332
-12.56784568646396
-12.567915129573024
-12.567963298671833
-12.568014730767402
-12.568057067697145
-12.568104316024735
-12.568152041233537
-12.568202070527747
-12.568238617109095
-12.568306690621771
-12.56835910531712
-12.568424212703837
-12.568492645227172
-12.568539622837609
-12.568585437019886
-12.568646785875234
-12.568682517875523
-12.568723680074585
-12.568763764019202
-12.56880532644278
-12.568857817884249
-12.568882530304771
-12.568911935128076
-12.568973706445643
-12.568995824361833
-12.569022413522376
-12.569067906364957
-12.569093127932913
-12.569109690781648
-12.569170505031199
-12.569189638328442
-12.569217941204755
-12.569258209111325
-12.569306153375425
-12.569343009410783
-12.569377079874569
-12.569407458661177
-12.569446649751136
-12.569487419940051
-12.56951861338299
-12.56955357429465
-12.569581707779834
-12.569610305062119
-12.569644358002575
-12.569669464808126
-12.56969356427339
-12.569731951502106
-12.569755214839876
-12.56977834421441
-12.569821259630476
-12.56985564045875
-12.569874540109998
-12.569939020707587
-12.569970626542325
-12.57001052438301
-12.570054807821666
-12.570085605283914
-12.570122375417736
-12.570160165706243
-12.570198078980546
-12.570228529113583
-12.57026139550238
-12.570301297634549
-12.570342029881756
-12.570368663347374
-12.570402196706489
-12.570432450261693
-12.570469661323472
-12.57049739175449
-12.570531021668618
-12.57054919193879
-12.570582601684942
-12.570599330644262
-12.570638592472218
-12.570669173855865
-12.570696886889628
-12.570738645035556
-12.570766558664701
-12.57079755683873
-12.570820028288457
-12.570848922920314
-12.57087418880654
-12.570903320932803
-12.57092934498232
-12.570952573611608
-12.57097463425009
-12.571014826867753
-12.57103030003606
-12.571048174469166
-12.571062766720322
-12.57108472783486
-12.57110344836762
-12.571116583086694
-12.571133326912584
-12.571156982339765
-12.57117062832936
