500 iters for seed 17 on 3R0.3 which is in the 94.83718872070312 percentile
 Maxcut: 22.0, MedianCut: 12.0
-12.114877139664184
-12.172960367894778
-12.210784698898022
-12.241092616958202
-12.262864599547175
-12.280732745919545
-12.294245172055351
-12.307680904517522
-12.320574331522769
-12.330706749506968
-12.34159759276251
-12.350675767671035
-12.358629961498284
-12.366203658510662
-12.372892987388429
-12.380249819186078
-12.387860357795441
-12.394817015417079
-12.40143636307564
-12.40570939540005
-12.41157700360515
-12.41517993480852
-12.418693842107903
-12.421869086447328
-12.42650200810224
-12.428849057458223
-12.432289583865003
-12.434878436859528
-12.43853139745544
-12.440820758933532
-12.443660200392895
-12.445986935609117
-12.448653728307585
-12.450043511776782
-12.451836145859534
-12.45277486577411
-12.454637309131638
-12.45575377564888
-12.456898441804926
-12.45865357460488
-12.459830673501889
-12.461322791131211
-12.462411690381508
-12.463617820876198
-12.46464256874742
-12.466330521226912
-12.467187983334718
-12.468263713054014
-12.469999542172175
-12.470919097203256
-12.472063566558838
-12.473039444237942
-12.473926685712831
-12.474912716832634
-12.475915116669427
-12.476823865374158
-12.47771157518218
-12.478469559081208
-12.479176636926255
-12.479819976883164
-12.480672232272703
-12.481393157028913
-12.48198308865758
-12.48282342735877
-12.48353401320092
-12.484205585678227
-12.484884205654867
-12.485418738044995
-12.486048337653095
-12.486672029700145
-12.487300749920953
-12.487862090432014
-12.488582462476948
-12.489139752350582
-12.489756525059587
-12.490186276183604
-12.49081705717631
-12.491513301770183
-12.492380562431167
-12.493042445361443
-12.493693751605283
-12.494204167014846
-12.494845274465074
-12.495387286311349
-12.495827345021164
-12.496411439572737
-12.497029484389394
-12.497744704586468
-12.498286382125741
-12.498788311243375
-12.49956750395728
-12.500104944802992
-12.500845880506535
-12.501568289506409
-12.502320018005756
-12.502980128815711
-12.503662909633517
-12.504402654691958
-12.505217470274467
-12.505862105371286
-12.506688273684599
-12.50748956000292
-12.508268649660023
-12.509047305634747
-12.509720473722957
-12.51061235586286
-12.511587345531918
-12.512502568215698
-12.513345793742877
-12.51432338159653
-12.515202685272259
-12.515946644699913
-12.516693787895113
-12.5173253703542
-12.518176518259844
-12.519191573230874
-12.5198909745497
-12.520529943421982
-12.521150605393663
-12.521713753405951
-12.52233051556196
-12.523148346286149
-12.523477134607603
-12.523974922200097
-12.524240873388178
-12.524673791121199
-12.52502760895353
-12.52532453190815
-12.525797583975994
-12.526311045497705
-12.52661046293603
-12.527073609796538
-12.527351316997763
-12.527740180182853
-12.528083453334755
-12.52833113922655
-12.528705590484925
-12.529141245215339
-12.529414717176145
-12.529741310581434
-12.52997298470854
-12.530294566477853
-12.530479847503305
-12.5306942283352
-12.53085379591631
-12.531154024998191
-12.531297081913502
-12.531459776397327
-12.531709403772048
-12.53187865280411
-12.532072152528272
-12.532214131301771
-12.532382385184786
-12.532554352638805
-12.53271876379284
-12.53289234435451
-12.533052405866519
-12.533289864644184
-12.533427681691803
-12.533594119446303
-12.533733338849197
-12.53387189051925
-12.533923400439956
-12.534152599713275
-12.53422802087571
-12.534353722413949
-12.534457524282658
-12.534615285809515
-12.534734371788051
-12.534839937573343
-12.534962130322162
-12.535102397838852
-12.53522200309502
-12.535369232269089
-12.535512381763258
-12.535722363039891
-12.535894106148156
-12.536060059373662
-12.536219596787415
-12.536399129424346
-12.536522096209596
-12.53663436451861
-12.536726060561577
-12.536846442088109
-12.536991221668837
-12.537097928358198
-12.537346560589395
-12.537513106651785
-12.537694093204582
-12.53783684574671
-12.537995752411948
-12.538109303064127
-12.538347585021732
-12.538435806913206
-12.538555086639686
-12.538735142797059
-12.538827849120977
-12.538983481153778
-12.539058220943375
-12.539188617076508
-12.539288569736433
-12.5394716463895
-12.539584053007076
-12.539704332170093
-12.539919862764977
-12.540031952912033
-12.54021321566167
-12.540366627120111
-12.54053241860174
-12.540592798705983
-12.540778316985996
-12.540866924318927
-12.540965444274955
-12.54112685592643
-12.541232589658202
-12.54140837970583
-12.541506757623301
-12.541603737363062
-12.541718771495255
-12.541809098189198
-12.541984053137881
-12.542070025071707
-12.542185997912393
-12.542385455449185
-12.542441208994589
-12.542660454215385
-12.542733886480754
-12.542867624366387
-12.54299702788539
-12.543187630130497
-12.543294475398296
-12.543413617391415
-12.54355773706017
-12.543738511672968
-12.54392677169692
-12.544116584204353
-12.544309510108793
-12.544471015111345
-12.544788987821223
-12.544963085839903
-12.54509227767532
-12.545448993233476
-12.545671517541827
-12.545974068202616
-12.546272384386192
-12.546536328234083
-12.546770344075123
-12.547022563792941
-12.547261556219745
-12.547558416900898
-12.547847285346199
-12.548136848493208
-12.548289647698972
-12.548506753738389
-12.548727744606905
-12.548957659281186
-12.549134292211532
-12.549285522795934
-12.549500990772689
-12.549674120258338
-12.549911944114891
-12.550056718962844
-12.550242402859967
-12.550363672458293
-12.550595853127588
-12.550741209232568
-12.550891896898769
-12.551122138699837
-12.551271792822513
-12.55142390616363
-12.551557696560199
-12.551698843383441
-12.551812793457074
-12.551961816818594
-12.552074715841009
-12.5521971915142
-12.5524151207904
-12.552552897159396
-12.552674314376851
-12.552801886834223
-12.55292080777037
-12.553070864857517
-12.55321075584659
-12.553348003659274
-12.553466720793857
-12.553634400885098
-12.553815696595104
-12.553973177612578
-12.554101973150495
-12.554232611878342
-12.554356300429832
-12.554452418033456
-12.554588337001386
-12.554644369160552
-12.554746217429253
-12.554834112009539
-12.554901196714694
-12.555045480704278
-12.5551578161249
-12.555236898033742
-12.555308376595551
-12.555386890979317
-12.555530701650218
-12.555620637600436
-12.555713193942761
-12.555783117784369
-12.555864078197102
-12.55596927696208
-12.556098203730691
-12.556173785989625
-12.556266804593934
-12.556356015107253
-12.55646633378076
-12.556551242894068
-12.556635448003924
-12.556699986902164
-12.556834628554604
-12.556917365418212
-12.557002639891977
-12.557095410816892
-12.557179840325201
-12.557341699529319
-12.557432031080062
-12.557545157211258
-12.557640884221641
-12.557730670888628
-12.557831738947488
-12.557950827366687
-12.558013136688283
-12.558093419966184
-12.558156142529075
-12.558232420618488
-12.558295556166264
-12.558387245472954
-12.558439395052524
-12.558483881072892
-12.558557066285031
-12.558625990323376
-12.558681047033891
-12.558727355222521
-12.558771128140577
-12.558836731859422
-12.558894455747248
-12.558931012999517
-12.558985622996133
-12.559026078823607
-12.559097437446189
-12.559144641214912
-12.559186028970085
-12.559210860901647
-12.559278415446954
-12.559316999015996
-12.559359046280639
-12.55943432496928
-12.559477548214685
-12.559556194423019
-12.55960826168987
-12.55967784472788
-12.559741657988566
-12.559813657922017
-12.559875595669713
-12.559939495199544
-12.55999454662091
-12.560052724051285
-12.560102721978915
-12.560147080248706
-12.560198153724766
-12.560231115071003
-12.560299588352084
-12.56034223010347
-12.560381706092198
-12.56042050509255
-12.560462656133971
-12.560508481250837
-12.560528559211658
-12.560570860255517
-12.560600830196034
-12.560635120860933
-12.560671365596873
-12.560710427370344
-12.560747182052326
-12.560779371373233
-12.560796487112638
-12.560850850809832
-12.560870240706835
-12.56089884051929
-12.560943982032708
-12.560976635246309
-12.561035328312162
-12.5610746408385
-12.561115873793582
-12.561156540211798
-12.561222462952358
-12.561242422930748
-12.56130237499757
-12.56133342455681
-12.561370845083026
-12.561425156734362
-12.561454679488387
-12.561494718592531
-12.561529280309564
-12.561579474555154
-12.561632498515474
-12.561684448324053
-12.561749049310857
-12.561788981807547
-12.561820833317094
-12.561910907419284
-12.561936779119373
-12.561971309394659
-12.562020694021307
-12.562057221370067
-12.562107220382046
-12.562178495585945
-12.56221177045039
-12.562264481808487
-12.562279412228941
-12.562342739193001
-12.562377929047639
-12.562412398531052
-12.562468698443716
-12.562507007027676
-12.562557833301469
-12.562592499783584
-12.562639483066441
-12.562664394439597
-12.562698956847505
-12.56273535315283
-12.562768052209362
-12.562803285428458
-12.562839777134892
-12.562877687771548
-12.56290125415915
-12.562928736261428
-12.562959510522223
-12.562983800114996
-12.563010909844925
-12.563037641879845
-12.563055839901391
-12.563080968468471
-12.56311787131354
-12.563158640131853
-12.563190719798792
-12.56323198028387
-12.563253513423827
-12.563277377599139
-12.563314011556031
-12.563333064309997
-12.563370826638725
-12.563411639979554
-12.563429916819777
-12.563455044643561
-12.563478745642051
-12.563506716283621
-12.563532742837774
-12.563558149684845
-12.563583168855153
-12.56362123287496
-12.563654066717941
-12.563687232026346
-12.563734741256633
-12.563772558049706
-12.563807614939563
-12.563852917180856
-12.563879076192457
-12.563900996675661
-12.56394738869498
-12.563954384739766
-12.56399118653906
-12.564017270301346
-12.564049624415263
-12.564095336091382
-12.564136096561446
-12.564201138120318
-12.56423410924041
-12.56426555520532
-12.564294007279932
-12.564328422824326
-12.564376160916645
-12.564402875693554
-12.564427978806057
-12.564460421845697
-12.564486554399654
-12.564525627153756
-12.5645556036883
-12.56457543909211
-12.56460834352336
-12.564634981360477
-12.56466631703847
-12.564700490432015
-12.564734992829273
-12.56475961107347
-12.564802672860123
-12.564831484115285
-12.564856118760781
-12.56489650723471
-12.564927136003499
-12.56495888400669
-12.565009973455624
-12.565029875986873
