500 iters for seed 196 on 3R0.3 which is in the 99.60403442382812 percentile
 Maxcut: 20.0, MedianCut: 12.0
-11.999416007069229
-12.10350036980945
-12.16327739559756
-12.267071099595677
-12.314075437552512
-12.359473303519398
-12.388533962163205
-12.409040421458169
-12.432595418875088
-12.446742491137545
-12.460449431320482
-12.46826810524992
-12.482150735376848
-12.49672162106264
-12.509838552742744
-12.519324441690497
-12.533616462428657
-12.54161010554962
-12.550399684571266
-12.557190363539325
-12.565759613727908
-12.571856273744885
-12.578028500923216
-12.584139844390888
-12.5903109442327
-12.596378310209507
-12.602222161890962
-12.608879626256483
-12.615440414924503
-12.621233083982721
-12.625352791888535
-12.629317848756145
-12.633608137459781
-12.637205291232936
-12.640391890322897
-12.644014725966123
-12.647051707490323
-12.649634586354038
-12.652388194119647
-12.654773113332658
-12.65685411888654
-12.659104025881398
-12.661685098695049
-12.66372979742729
-12.666441850464357
-12.668279905557878
-12.670576663917213
-12.673161345686033
-12.675935351451391
-12.678022848238543
-12.680614896216177
-12.682568770589697
-12.685472279813423
-12.687400497958762
-12.689585130059655
-12.690913298857238
-12.693782380681975
-12.695072413325976
-12.69698058069843
-12.69923333146252
-12.70122121505973
-12.703131186235346
-12.705211215373332
-12.706828428261574
-12.708645675343782
-12.710475559460335
-12.71164903661348
-12.712919092652854
-12.714446697878744
-12.715253850419806
-12.716189948220215
-12.717360689942954
-12.718135209788102
-12.718699313072602
-12.719732869275001
-12.720095244373177
-12.720632509997499
-12.721164531914738
-12.72156363427704
-12.722469581356457
-12.722931881389817
-12.723534737521097
-12.724096420697961
-12.724650973603755
-12.72523056469845
-12.725722271996066
-12.726206732329102
-12.726564046573106
-12.726999037684138
-12.727558145099875
-12.727910217151678
-12.728272500156972
-12.728937438634244
-12.729316080607203
-12.729849248019
-12.730248292922802
-12.731036122987014
-12.731344274673859
-12.732006197867248
-12.732521972396796
-12.733214342921222
-12.733669135069285
-12.734097900883398
-12.73448160030132
-12.734973487383773
-12.735366328886998
-12.73577802352479
-12.736204807016803
-12.736848818437434
-12.737343361134194
-12.737889672699433
-12.738505549118312
-12.739275338818118
-12.73983998715795
-12.740487427043249
-12.741022888653212
-12.741612414210326
-12.742380249531449
-12.742847592598851
-12.743558787036239
-12.744111735139285
-12.744657642521467
-12.745386370599919
-12.746052338054614
-12.746881517698226
-12.74765258058721
-12.74837251331216
-12.748900469396176
-12.749458033837577
-12.749873725237597
-12.750263025494466
-12.75066385010357
-12.751076860899808
-12.751520762221979
-12.751883226688225
-12.752296356955796
-12.752585869289152
-12.752897970397951
-12.753404557711018
-12.75365496991127
-12.75388570414266
-12.754275462661047
-12.75453593691141
-12.754816644330575
-12.755322955879288
-12.75548919931866
-12.755771732182662
-12.755904790508076
-12.756200342860613
-12.756405077729898
-12.756598162150642
-12.756969837408297
-12.757196730685378
-12.757465116499246
-12.757693288697084
-12.757971903607027
-12.7582376661866
-12.75853469236082
-12.758795509369092
-12.75905908860436
-12.759259996815983
-12.759724538335567
-12.759971677189975
-12.760229850712328
-12.760650876875939
-12.76087618055858
-12.761302543760014
-12.761616736252067
-12.76198227942997
-12.762277810097702
-12.762537575021778
-12.762925036369566
-12.763138918117296
-12.763370944772205
-12.763825886623163
-12.764055073032141
-12.764296937724495
-12.764684982172724
-12.764887638787457
-12.765046071950998
-12.765380815540313
-12.765546926115798
-12.765746236633346
-12.76613435425343
-12.766295968631297
-12.766468389390148
-12.766747171236046
-12.766925721368331
-12.767033208667137
-12.767335337066488
-12.76744689414767
-12.767620439761371
-12.767838548065814
-12.76807856838221
-12.768226231208745
-12.768411590904108
-12.768540431398524
-12.768690249779123
-12.768887675883477
-12.768998678044824
-12.769191152253958
-12.769222705891119
-12.769429301815393
-12.769499385854324
-12.769594873206787
-12.769734762616904
-12.76979452873632
-12.76998397896668
-12.770061620753768
-12.770180426506071
-12.770362621630602
-12.770462261069476
-12.77064087136812
-12.770730056830658
-12.770840846723686
-12.771029493850397
-12.771222072683805
-12.77135771347972
-12.771522957399213
-12.771607551123576
-12.771729406903162
-12.771929820491255
-12.772030166539
-12.772211239852453
-12.772362359863342
-12.772470708353472
-12.77263486619864
-12.772785693622403
-12.772987270513381
-12.773146543710679
-12.773298588909835
-12.7735896939645
-12.773789896170001
-12.774048359663356
-12.774331152384658
-12.774540654457002
-12.774833915876961
-12.775132150082895
-12.775311918465803
-12.775583888704402
-12.775775732680936
-12.77604903617545
-12.776252544268553
-12.776443027231299
-12.776669064240334
-12.776929677845885
-12.77712027258921
-12.777364467137062
-12.777481477025237
-12.7777200783928
-12.77787679010665
-12.778035433389837
-12.778199422734014
-12.778443225665107
-12.778609033507635
-12.778772956363245
-12.778955896379937
-12.7791826992465
-12.779332836192406
-12.779505979349755
-12.779606059239683
-12.779775163476147
-12.779891748124744
-12.779990608558606
-12.780182160119521
-12.780272447322933
-12.780407174810215
-12.780511693176793
-12.780634364849309
-12.780745195775813
-12.780831452414684
-12.780930926908324
-12.781003909460608
-12.781097198140568
-12.781159347836969
-12.781240454176428
-12.781278616161435
-12.7813421649639
-12.781415923119665
-12.781494115574729
-12.781552821809612
-12.781613902549806
-12.781656781278263
-12.781714789791994
-12.78178518775212
-12.781836000445152
-12.781881703208787
-12.781994544033484
-12.782053015016231
-12.782117527633975
-12.782175920133845
-12.782234454780376
-12.78231317009425
-12.782408303509031
-12.782478264955804
-12.782564682706782
-12.782622126249752
-12.782684145492945
-12.782762993510069
-12.782812657435247
-12.782851906343051
-12.782987773943802
-12.783028885649943
-12.783116161366292
-12.783189711709575
-12.783308780433437
-12.783410653647742
-12.783469146475799
-12.78356667669924
-12.783690373264541
-12.783841734310386
-12.78394994859206
-12.78403287936376
-12.784178766875483
-12.784260061547984
-12.784357437588998
-12.78448218710045
-12.784585294260701
-12.784710006430295
-12.784827288979145
-12.784940174071856
-12.785059652877084
-12.785193121190966
-12.785327145727544
-12.78545725124918
-12.78557360539833
-12.785705506480648
-12.785823789498568
-12.785940017441467
-12.786068114515484
-12.786183576055004
-12.786281051268386
-12.786346887400795
-12.78643727399931
-12.786517305930726
-12.786650031600042
-12.786714064363718
-12.786785876165053
-12.786917405333057
-12.786960503984561
-12.78710673470777
-12.787165309651055
-12.78726105280301
-12.787376764784229
-12.787516347723464
-12.787622617733112
-12.787752817252564
-12.787852865939897
-12.787951302650152
-12.788108941209934
-12.788203482723247
-12.78831894631571
-12.788546301511195
-12.788620778223066
-12.788714388442056
-12.788850045261182
-12.78897014302721
-12.789095813575395
-12.78921539482845
-12.789338714098438
-12.78942834092455
-12.789530024453711
-12.78962359927727
-12.789735787770265
-12.789865499179356
-12.789988867553186
-12.790104976565944
-12.790204278033224
-12.790315770595093
-12.790447166928137
-12.790567859596814
-12.790655783423379
-12.790783893033952
-12.790884411194414
-12.790986065452994
-12.79114333143516
-12.791252654759802
-12.791412794667817
-12.791587257340908
-12.791766483603126
-12.791885230696515
-12.79205181590951
-12.792181208103825
-12.792269598326818
-12.792465383440005
-12.792609049176605
-12.792802444052976
-12.792968105154406
-12.793141168768614
-12.793285403248753
-12.793468537413915
-12.793661776804422
-12.79382844447955
-12.794000776968973
-12.794131679541902
-12.79424685952747
-12.794401439621712
-12.794511408826192
-12.794643062321482
-12.794824474262043
-12.794919870724426
-12.795043570625385
-12.795241590931155
-12.795341493642223
-12.795445150040031
-12.795587499479522
-12.795718471608016
-12.795848768723237
-12.796002224815457
-12.796089994302733
-12.79621467111292
-12.796298001209209
-12.79639110191727
-12.796509575132136
-12.796651914927306
-12.79673233248233
-12.796833639930346
-12.79688953695806
-12.796982455574788
-12.79707308269284
-12.7971379684613
-12.79727677250176
-12.797331598586416
-12.797432823231714
-12.797529147369556
-12.7976419789378
-12.797740837726598
-12.797822934428076
-12.79794992040523
-12.798023591778168
-12.798096007664594
-12.798218414231
-12.798296908873496
-12.798462207925699
-12.798540497690993
-12.798629853137944
-12.798696040663227
-12.798766270714621
-12.798872203688832
-12.79892774390881
-12.799020195577786
-12.799070472286875
-12.799132924342182
-12.799194386723206
-12.799279887808655
-12.799316247804644
-12.799359110020461
-12.799406143465294
-12.799461014839983
-12.799505330830794
-12.799550748582542
-12.79959475098142
-12.7996527685287
-12.79969015111451
-12.799724994235731
-12.799751930696912
-12.79978949394911
-12.799823291870815
-12.79986781261779
-12.79989767038508
-12.79992838771189
-12.79996169539864
-12.799996280731218
-12.80001866040539
-12.800044622628418
-12.800066728176935
-12.80009097039898
-12.800126879940445
-12.800144493610631
-12.800160943616385
-12.80020984753209
-12.800233608512277
-12.800272401656162
-12.800307691792161
-12.800356733709364
-12.800385624431398
-12.800423080865706
-12.800455815988684
-12.80048705699631
-12.800530324257302
-12.800562798350738
-12.800598263225691
-12.80064022137337
-12.800672500729288
-12.800701901951928
-12.800753238148403
-12.800777906374389
-12.800808048398906
-12.8008510854024
-12.800875674916103
-12.80089058517562
-12.800943258114799
-12.800958565588315
-12.800979673466955
-12.801010035748808
-12.801027754467235
-12.801066130918782
-12.801083214613925
-12.801114174904846
-12.801136158717933
