500 iters for seed 7 on 3R0.3 which is in the 78.51028442382812 percentile
 Maxcut: 21.0, MedianCut: 12.0
-11.99167382682323
-12.028675125976765
-12.079294534985161
-12.154859270884788
-12.18765728812147
-12.227873363270113
-12.254956112471474
-12.26251504765359
-12.287670987020274
-12.305273959714583
-12.32250630040324
-12.335911025858195
-12.346126602983361
-12.355912370744365
-12.365311049374123
-12.372881315228728
-12.38042314459503
-12.387304948386275
-12.393679652915255
-12.401430753716394
-12.408104869489625
-12.414938928086464
-12.42018570111954
-12.426127683176599
-12.4305835306105
-12.43502287220141
-12.438074539202983
-12.441020492151544
-12.444350530479548
-12.447453468212165
-12.450566675411357
-12.453878928031994
-12.456657410741757
-12.459112760736232
-12.46114123257315
-12.462810494522007
-12.4644978732642
-12.466249319602072
-12.467828680955442
-12.469376877866752
-12.471425159979379
-12.473035674836215
-12.474596891361266
-12.476204491704513
-12.477510197518976
-12.47927875165497
-12.480833669125689
-12.482348760072558
-12.48374417731078
-12.484979727577455
-12.485933018805722
-12.487278297003623
-12.488358201752296
-12.489430104854227
-12.490723814457331
-12.491621338284142
-12.492896119421765
-12.494011714920681
-12.495110834540629
-12.496171224052565
-12.49709753388882
-12.498088453312246
-12.4989259711896
-12.499799812078619
-12.500614401547464
-12.501412951615613
-12.502268518856537
-12.502862621804631
-12.503492500963066
-12.504197630643198
-12.504649893058431
-12.505166377811875
-12.506170895242487
-12.50659422355029
-12.507182617476222
-12.507651396805247
-12.50819002981656
-12.508787940516509
-12.509381829217967
-12.509761720432538
-12.510318743298175
-12.51072815719636
-12.511181874364942
-12.511893335469532
-12.512216828801717
-12.512665990642114
-12.51322743109338
-12.513894661584738
-12.514177494405093
-12.515035811851057
-12.515518990072028
-12.516046631226782
-12.516747423273864
-12.517209224213827
-12.517706604076103
-12.518201317599214
-12.518652575166922
-12.518983736674187
-12.519514788332051
-12.519779862232113
-12.520112106822175
-12.520389939131439
-12.520791921466905
-12.52108997721359
-12.521409909329613
-12.52186006521303
-12.522355667326943
-12.522710340448063
-12.523134752443925
-12.523408896981913
-12.523638282433435
-12.524036434545915
-12.524212229510741
-12.524437406926939
-12.52481842171715
-12.52498181352173
-12.525189183684335
-12.525370736307206
-12.525605860012348
-12.525906598529264
-12.526041302436836
-12.526263829309972
-12.526432729705206
-12.526655052174709
-12.52676350696753
-12.526981456127633
-12.52710186039607
-12.52723056515355
-12.527420346593185
-12.527591331672586
-12.527719817938156
-12.52787181102472
-12.528008395177727
-12.528242884910131
-12.528449701401929
-12.528672627886143
-12.528870890516464
-12.529090609151522
-12.529307103805568
-12.529494446544447
-12.529720361372025
-12.529884743467848
-12.530071492376296
-12.530274437758047
-12.530437860622374
-12.530680661971665
-12.530910491305006
-12.531071515593895
-12.531267944557284
-12.531394434551919
-12.531582588362895
-12.531697118734883
-12.531805049616747
-12.531981816525427
-12.532165315975632
-12.532278752505189
-12.532424335885594
-12.532522110339256
-12.532612866398757
-12.532760203394776
-12.532839143397123
-12.532941126186257
-12.533109864009191
-12.533222888660683
-12.533298904244614
-12.533443832960632
-12.533546926284107
-12.533602706864448
-12.533759551090188
-12.533821909312447
-12.533913446502497
-12.534044184311714
-12.534119454269037
-12.534231783423273
-12.534286011533784
-12.534365088340058
-12.53447457361845
-12.534598243973473
-12.534674221149793
-12.534778600597528
-12.534858905648168
-12.534968318522516
-12.535076125575815
-12.53518282140772
-12.53529106950581
-12.535400949643538
-12.535550771858192
-12.535674667560425
-12.535772498063755
-12.535987336819284
-12.536075801227042
-12.536184953508462
-12.536358610192185
-12.536471026875303
-12.536567442360257
-12.536818593967661
-12.536913523537937
-12.537078367467199
-12.537183593591847
-12.537318928794447
-12.5374596511959
-12.53757506188499
-12.537709363765543
-12.53783613556834
-12.537958571031789
-12.53805650229145
-12.538148565570694
-12.53824990995214
-12.538353200686263
-12.538448322243863
-12.538574941921198
-12.5386741417137
-12.538775036695661
-12.538875049035225
-12.538946195623746
-12.539059855472354
-12.53914748251733
-12.539229374516864
-12.539301414581951
-12.539399835375207
-12.539486620044377
-12.53956238752932
-12.539647780293855
-12.539721565630813
-12.53980600584122
-12.539874746095919
-12.539955516266502
-12.540040101556984
-12.540150339712103
-12.540249060210805
-12.540334434538206
-12.540447419115553
-12.540501223219762
-12.54061447820316
-12.540690950444288
-12.540777800603866
-12.540913748849214
-12.541006633230035
-12.541098961773791
-12.54117657353883
-12.541261733204273
-12.541317404556573
-12.541470668262395
-12.541533417354925
-12.54163294671817
-12.54177026937537
-12.541904338975353
-12.542033768628832
-12.542156013316832
-12.542260088536578
-12.542344570077546
-12.542549211712492
-12.542622440946188
-12.54275264662556
-12.54295099371041
-12.54308982229135
-12.543293515773748
-12.543473820228087
-12.543636472192613
-12.543812075783826
-12.54397986185627
-12.544156645400715
-12.54433269954621
-12.544492536172637
-12.544703202765923
-12.54486732949762
-12.545062172907537
-12.54523900091204
-12.54537401582099
-12.54546531406354
-12.545619035971843
-12.545670881660262
-12.545777786922928
-12.545853183450491
-12.545938027212442
-12.546059389104636
-12.546168897042488
-12.546359152263499
-12.546475016273607
-12.546582563110483
-12.546674820801476
-12.546794848804769
-12.546903662619671
-12.547009683672162
-12.547056157765375
-12.547144713994452
-12.547184785620765
-12.547294492792322
-12.547376151339051
-12.547457195996719
-12.547570529305219
-12.547587649263198
-12.54772482049664
-12.547771500209382
-12.547864571790978
-12.547965166532988
-12.548039117942807
-12.548090662435522
-12.548165682962031
-12.548232155307096
-12.548310418077119
-12.54837073262787
-12.548462655990626
-12.548567115233086
-12.548687597262543
-12.548777835455299
-12.548891625581042
-12.548967205993947
-12.549045156103707
-12.549174194144163
-12.549227576119442
-12.54928874035095
-12.549425251717196
-12.549479624734465
-12.549546893525271
-12.549706388686996
-12.549777080019053
-12.54989236151081
-12.54998822694293
-12.550069518479766
-12.55017965208622
-12.550256356423422
-12.55031516398524
-12.550387475446552
-12.55043103502954
-12.55049056250004
-12.550585083286203
-12.550654073388888
-12.550706226512524
-12.550826775548067
-12.550868099241718
-12.550937845340055
-12.55101340979782
-12.55107811471931
-12.551191761925676
-12.551269737856584
-12.551352828732997
-12.551430360749425
-12.551518444957445
-12.5515600402224
-12.551680951001941
-12.551729876931844
-12.551788523820038
-12.551881819082602
-12.551900847932163
-12.552041670178456
-12.552089202973091
-12.552166172030347
-12.55228528085759
-12.552355885522356
-12.55246444133438
-12.552539657813945
-12.552621149383157
-12.552706029117074
-12.55278662262537
-12.552885682171006
-12.55292914761625
-12.55301727442729
-12.553077131588923
-12.553135111909503
-12.553241908496172
-12.553306857845701
-12.553426037506487
-12.553525636310493
-12.553660958320286
-12.553728437182603
-12.553843195493544
-12.55392387022275
-12.554003987548047
-12.554084603917845
-12.554204162353688
-12.554278859369774
-12.554365542709508
-12.554440721077103
-12.554548881360427
-12.554633540594624
-12.554691645836426
-12.554768953165748
-12.554867323194857
-12.554949307352995
-12.55505453560946
-12.555116391463883
-12.555271382209487
-12.555362272277629
-12.555453748822183
-12.555552578108426
-12.555674082016195
-12.555762834868599
-12.555870074024268
-12.555930552535232
-12.556055014208269
-12.556133988553908
-12.55620585786559
-12.556308644797687
-12.556405758796268
-12.556482158161863
-12.556569848030612
-12.556638010122262
-12.556720771719464
-12.556769375622808
-12.556811118361537
-12.55686509935851
-12.556929250681055
-12.55699235501694
-12.55704701573143
-12.557103270507298
-12.55715632823161
-12.557224178196302
-12.557277159057406
-12.557324197607343
-12.557376808914903
-12.557430205084186
-12.55747217461822
-12.557532130709854
-12.557580888802345
-12.557616047257813
-12.557695594681604
-12.557730618892352
-12.557764442039172
-12.557837521570741
-12.557871631581085
-12.55791329260628
-12.55799474004782
-12.558030019173419
-12.558095184815866
-12.55812824289767
-12.558184302594203
-12.558220840151002
-12.55825520859315
-12.558311055558981
-12.558361732783787
-12.558395107147394
-12.558439251236639
-12.558471632039925
-12.55851153202646
-12.55857056900464
-12.558616401663343
-12.558651535118823
-12.558730691317596
-12.558760507486431
-12.558817617734203
-12.558873130764912
-12.558916337496944
-12.558992555362835
-12.559021785745948
-12.559086907372198
-12.559134328186818
-12.559197249099036
-12.559233539569114
-12.559274498779219
-12.55931912468562
-12.559351905998998
-12.559417741711474
-12.559463788338787
-12.559518773217409
-12.559562863591976
-12.559606022562248
-12.559648080175677
-12.559729258076489
-12.559764432932969
-12.559813168309173
-12.559837136484102
-12.559899280421671
-12.559939049114789
-12.559971368539284
-12.560027856319751
-12.560064640839846
-12.560121737374821
-12.560154368795109
-12.560188826197235
-12.560225994835168
-12.56027815061819
-12.560314901354815
-12.560365825553449
-12.560408071191027
-12.560453529011323
-12.560529780902163
-12.560572472127827
-12.560618936096832
-12.560653108008026
-12.56069198972193
-12.560744132575245
-12.56080837915251
-12.560852002638532
-12.560889020829338
-12.560936080349471
-12.560980871147331
-12.561042454038812
-12.56109447032965
-12.561145571793478
-12.561192932980878
-12.561252844317455
-12.561327390099084
-12.561407156346176
-12.561479567617008
-12.561549670779447
-12.561634804996643
-12.5616960471047
-12.561786067413344
-12.561858505041405
