500 iters for seed 86 on 3R0.3 which is in the 79.40902709960938 percentile
 Maxcut: 22.0, MedianCut: 12.0
-12.012471003745217
-12.071069895822042
-12.080623786799439
-12.200615092472164
-12.242882851877498
-12.302435937670582
-12.337943639163125
-12.368253624597742
-12.393003264891151
-12.424308403057985
-12.444627752611904
-12.463628664322428
-12.481408640570809
-12.499192859371153
-12.514743307235806
-12.527602319560204
-12.54096482535682
-12.552522477037154
-12.562829458243751
-12.572378207553946
-12.58167617421762
-12.5902089011861
-12.597337714233523
-12.605458462040124
-12.612538747526449
-12.620154210772242
-12.627091903414115
-12.632453684955182
-12.63810432647735
-12.64365729015135
-12.649439301063836
-12.654750405936312
-12.65957216964296
-12.662931184988338
-12.666641396395582
-12.669529235461312
-12.672151949098733
-12.675042612670802
-12.67759221321459
-12.680534842597991
-12.682994244115147
-12.685237506527532
-12.687869161030925
-12.690347303966993
-12.692882918678663
-12.69461163980008
-12.69709091615124
-12.698826349894322
-12.70120052678681
-12.703180501222196
-12.705231925945743
-12.706458295463094
-12.709492499062435
-12.710731915750875
-12.712181516188188
-12.713934657099813
-12.715616189100272
-12.71684725064299
-12.718604615352344
-12.719758398412873
-12.720970632788605
-12.722482615184914
-12.72351072736892
-12.725082214572362
-12.726173365637827
-12.72716710027698
-12.728678331047401
-12.729778769723659
-12.731019693578624
-12.732108881007346
-12.733209998871772
-12.734335530303136
-12.735589996741718
-12.736779339428542
-12.737964434029772
-12.739154206661649
-12.740418738044454
-12.74173501377612
-12.742944075745637
-12.744097205663987
-12.745262173888355
-12.746087946899374
-12.747024668467933
-12.748022729950492
-12.749069214751668
-12.749888804789311
-12.750780471204685
-12.751900005082687
-12.752952375029954
-12.754003283121119
-12.754714905008996
-12.755566409918146
-12.756740064305868
-12.757428015480135
-12.758249961805221
-12.759324422944605
-12.760113417841012
-12.760988835691032
-12.761627058965008
-12.762221857894655
-12.762953915410998
-12.763496896635107
-12.764384439134616
-12.764843567232315
-12.765397543375522
-12.766255295512448
-12.766781610065234
-12.76738170136264
-12.767894447947363
-12.76839657918665
-12.768911144090008
-12.769353701303313
-12.769770353554852
-12.77015532962999
-12.770641145568224
-12.771037303746132
-12.771308863454816
-12.771754843588997
-12.772145856636723
-12.772489049513617
-12.7730049014426
-12.77331160562758
-12.773722620466241
-12.774275840882375
-12.77464930841558
-12.774968904653
-12.775643229859632
-12.775910910375693
-12.77647219769353
-12.777043306202582
-12.777356589397826
-12.77781497942198
-12.778082494760119
-12.778440971569388
-12.77878005111492
-12.779302800544114
-12.779646837398465
-12.780082297248812
-12.780646629686501
-12.781311048507236
-12.78173745302681
-12.78222024874997
-12.782656036824763
-12.783170213113905
-12.78363463693959
-12.784055007670428
-12.78450835677907
-12.78494685734826
-12.78540108013393
-12.785739231722667
-12.78611415704169
-12.786478212209039
-12.786805077649998
-12.787226026129487
-12.787580071065724
-12.787971807653015
-12.78833294798921
-12.788642873321367
-12.788966074377425
-12.78934676398691
-12.789646179953547
-12.789918107934627
-12.790284807958628
-12.790501056252456
-12.790720865715354
-12.791072005551346
-12.791350072989008
-12.79186830439421
-12.792237877202266
-12.792588261227275
-12.79290363317721
-12.793193047162912
-12.793470696642428
-12.79378238255351
-12.793961240552203
-12.794230113533256
-12.794458154171195
-12.794855048935407
-12.795061625675094
-12.79523843809099
-12.795526436357921
-12.795723288432006
-12.79604504296144
-12.796220344504189
-12.796478436629164
-12.796657959122918
-12.79693957827147
-12.797180372631708
-12.797418295772607
-12.797610616091248
-12.797839776262249
-12.798067771110588
-12.798245697015748
-12.798382432396886
-12.798738183047112
-12.798907860121563
-12.799106996006898
-12.799430929790724
-12.799582139271182
-12.799878640196443
-12.800077817778462
-12.800345880522704
-12.80053405992176
-12.800773900028092
-12.801005704936092
-12.801196630206022
-12.801454880358554
-12.801728487035145
-12.802023502096814
-12.80225806941426
-12.80248504882869
-12.802754596307542
-12.802981294894714
-12.80319900988134
-12.803449043585147
-12.803705682811017
-12.803965022324403
-12.804178931883586
-12.80441593168355
-12.804662803192786
-12.804857137460857
-12.805059777965365
-12.80539186635672
-12.805535041071288
-12.805704659203428
-12.8059343037228
-12.806215033281743
-12.806459652923985
-12.806678466903492
-12.806883767074424
-12.807056564479723
-12.807345725944234
-12.807498942800402
-12.807642960432936
-12.807921516675226
-12.808097644701789
-12.808412407956745
-12.808692582491378
-12.809002924706789
-12.809262718202671
-12.809531560208784
-12.809819787447866
-12.810050675810704
-12.810391088529926
-12.810716783950937
-12.81094820516812
-12.81128621341156
-12.81148928029825
-12.811762412550555
-12.811993026856248
-12.8122029282535
-12.812537343276816
-12.812835843439835
-12.813009044516104
-12.813255795228024
-12.813443574411663
-12.813691225490398
-12.814031266705465
-12.814212056053456
-12.814540325734516
-12.814842446612285
-12.815079096736143
-12.815431733218972
-12.81566913505861
-12.815920427163757
-12.816191308668344
-12.816445710949782
-12.816768475527311
-12.817132998496726
-12.817487245405854
-12.817786914638258
-12.818146424766416
-12.81846766901531
-12.818786798472027
-12.818988665300763
-12.819146495610731
-12.819360701933142
-12.819624773032519
-12.8198703334292
-12.820097342136606
-12.820307233698358
-12.820572453953583
-12.82077716879742
-12.820982816784596
-12.821345328252264
-12.821470303718861
-12.821688048753076
-12.821865506712921
-12.822040442933396
-12.822391689730814
-12.822568797480493
-12.822880021144291
-12.82308690162723
-12.823303944780722
-12.82347977878679
-12.823643304414544
-12.82388272923229
-12.824051571488035
-12.824263691952705
-12.824407495832194
-12.824567485186192
-12.82475530832183
-12.82493663575087
-12.825068113853042
-12.82534651600346
-12.825469279824869
-12.825641087059404
-12.825765597298789
-12.825950499934823
-12.826095562037965
-12.82621165169796
-12.826383300707267
-12.82656919082512
-12.826697790833304
-12.826896237550258
-12.82700185637046
-12.82713851165133
-12.827311951724578
-12.827429808883856
-12.827732636978691
-12.827881979528085
-12.828017588400233
-12.82814338223842
-12.82828876788559
-12.82845367697529
-12.828653591670246
-12.82876987434533
-12.828932442461575
-12.829093841752378
-12.829281654472341
-12.829476453646992
-12.829636550377444
-12.829827673061153
-12.830027507689993
-12.830234645241237
-12.83036496110978
-12.83050662070285
-12.830725001926327
-12.830862435158311
-12.830998930682943
-12.831182138479402
-12.83133323347888
-12.831424151522302
-12.831746395484892
-12.831865467965603
-12.83204060958453
-12.832261233915045
-12.832488820926265
-12.83264824732055
-12.832849020669425
-12.832968320768273
-12.833112903139453
-12.833299468083888
-12.833426449671814
-12.833565944876268
-12.833720390835337
-12.833832181966304
-12.833907851811588
-12.834108756632407
-12.834150569417911
-12.834299880617413
-12.834401868872744
-12.83452297661626
-12.834705805422276
-12.834799124680345
-12.834984483551558
-12.83510596134894
-12.835225647674914
-12.835322964971924
-12.835429381887892
-12.835614828115665
-12.835735408861844
-12.835829037701505
-12.835937516038513
-12.836033056492257
-12.836125116637573
-12.836331940128993
-12.836411726827052
-12.836505414633615
-12.836620028195586
-12.836673095340567
-12.836827110528073
-12.83687567678289
-12.8369531218291
-12.837018473923049
-12.837107115865132
-12.837180996401383
-12.837234603871112
-12.83733154905091
-12.837398536098595
-12.837466743925605
-12.837526702515898
-12.837589726112466
-12.837654264119283
-12.837759294272416
-12.837807351151033
-12.837891341140564
-12.837973724461449
-12.838064961474121
-12.838128497011137
-12.838197456194038
-12.838255032206416
-12.83831395483774
-12.838393615073675
-12.838450349630108
-12.83851023576124
-12.838604070144592
-12.838654317339214
-12.838724592517313
-12.838786532391957
-12.838822378201062
-12.838872055619392
-12.838907749853444
-12.838986097136488
-12.83902620749724
-12.839070313843177
-12.839143433321079
-12.839184168543758
-12.839257347653975
-12.839303281778456
-12.839348322694873
-12.839390823586418
-12.83942471516964
-12.839481659850064
-12.839507844463386
-12.839547988332427
-12.839586050945245
-12.839617267051992
-12.839679918807473
-12.839721015377407
-12.839762919786814
-12.839792204747997
-12.839830424306836
-12.839873556723273
-12.839917643012802
-12.839945723361222
-12.839976609100512
-12.84001332752557
-12.840049978800923
-12.8400935510892
-12.84012392965803
-12.84015105581809
-12.840198714214866
-12.840222142712303
-12.840269811103735
-12.840298120996279
-12.840329456978044
-12.840361592026106
-12.840391289326384
-12.840417876208232
-12.840447093742839
-12.840464610053962
-12.840490470078883
-12.840511473315823
-12.840539268007603
-12.840563153389894
-12.840589693652241
-12.84060473858151
-12.840633211536709
-12.840648771330637
-12.840666868146249
-12.840685238770401
-12.840710694529623
-12.8407297786455
-12.840746994344315
-12.840775515114842
-12.840801681848781
-12.840822839994576
-12.840844264597033
-12.840862689811194
-12.840894678918
-12.840918192008195
-12.840939946561972
-12.840966568137485
-12.84098242864864
-12.841004513380316
-12.841020572654255
-12.841036719401929
-12.84107072895322
-12.84108592079042
-12.841111634713437
-12.841133013363141
-12.841155477243973
-12.841179120299154
-12.841204523977703
-12.841230103648446
-12.841250684704507
-12.841267357463039
-12.841286952927277
-12.841300333070429
-12.841323811415405
-12.841336221230476
-12.841351758039401
-12.84136172855795
-12.841374538511511
-12.841398655166463
-12.841411466391223
-12.841435275247692
-12.84145355998111
-12.841469016071862
