500 iters for seed 172 on 3R0.3 which is in the 49.451446533203125 percentile
 Maxcut: 22.0, MedianCut: 12.0
-11.9959517833829
-11.999777675088708
-12.027041296595524
-12.06880229104888
-12.109217729769139
-12.140475341486452
-12.186807521931243
-12.221767182742973
-12.24074858429858
-12.271827929432996
-12.292431844508675
-12.310966181308098
-12.326376874295093
-12.340083754399116
-12.351429087873061
-12.360852736534506
-12.368616675621908
-12.375303015806974
-12.38107988676093
-12.386300919503954
-12.391351002840056
-12.3968781412113
-12.400991555931999
-12.406523920088414
-12.410959196819135
-12.414863442849832
-12.419172707168338
-12.42344618945905
-12.42735248139543
-12.431155109480256
-12.434322773741934
-12.437220710955687
-12.44021302493271
-12.442456225666747
-12.44507076433865
-12.44737362579309
-12.449265926546202
-12.451104305608872
-12.452912014621894
-12.454821900082948
-12.45662865862878
-12.458326612688905
-12.460017059203938
-12.461665454583514
-12.463864418999744
-12.465826437897803
-12.46779937349882
-12.469749029591942
-12.471434278478707
-12.47314749765287
-12.474794788978693
-12.476422090552518
-12.47800970174318
-12.479294729560744
-12.480823343252908
-12.482497917049011
-12.48421199974809
-12.485615521989644
-12.48694807151683
-12.488512379512233
-12.49014652544373
-12.49140041382861
-12.492430087040773
-12.493704850596696
-12.494810890795467
-12.496050039859092
-12.496882468531275
-12.497966836673132
-12.498873604082446
-12.499883686080889
-12.500676217606777
-12.501466563033919
-12.502096114945681
-12.503129778068374
-12.503624205194729
-12.504348949323559
-12.50474645205129
-12.505673186069727
-12.506120205168337
-12.506706052572774
-12.507657814372614
-12.507808227060208
-12.50951359547194
-12.510025341010838
-12.510664703602414
-12.511402993963994
-12.511964938145923
-12.512555405864255
-12.512954081032682
-12.513408548789643
-12.513897774007573
-12.514365557189766
-12.514948969599274
-12.515397566299672
-12.51591510335884
-12.516352832757754
-12.516749594780174
-12.517005767180827
-12.517383034415522
-12.517527328239284
-12.517839271134996
-12.518024764590962
-12.518244514093045
-12.518583850771888
-12.518790828420347
-12.519070568673767
-12.519281010400217
-12.519483963578947
-12.519694057070021
-12.519900263692257
-12.520141577102727
-12.520356297048696
-12.52054446422778
-12.520932462699331
-12.521104761730758
-12.521280875435984
-12.521471498898574
-12.521611563399585
-12.521840509341708
-12.522060593022779
-12.522220548456014
-12.522377648954242
-12.52254081437216
-12.522752520739896
-12.522928186824757
-12.523139128776366
-12.523386544396184
-12.523668227345597
-12.523931773870729
-12.524232381420047
-12.524465593503074
-12.524722608322485
-12.52500688441601
-12.525243605002075
-12.52546119736973
-12.525761104076032
-12.525995738739205
-12.526170719807368
-12.526574235244713
-12.5267977824985
-12.527062599043074
-12.527517598398017
-12.527741905330307
-12.528127236348832
-12.528389407060644
-12.528616024540497
-12.528852326059809
-12.529077610968653
-12.529323152335289
-12.529535876926552
-12.529725245485297
-12.529940155076206
-12.530147239949914
-12.530360132929705
-12.530520753104344
-12.530685862986303
-12.530907292337984
-12.531126669715936
-12.53128929201256
-12.531535562932316
-12.531685397378574
-12.531869103125903
-12.532003380308424
-12.532129197045528
-12.532155073731044
-12.53241277467432
-12.532484602704589
-12.532602436290967
-12.532748268691114
-12.532921904765065
-12.533068389327045
-12.533220385816218
-12.533358373449888
-12.53348945360659
-12.533744035217945
-12.533780573177705
-12.53402871644916
-12.53415616976238
-12.534314687926257
-12.534499661918774
-12.534605086039374
-12.534757467350115
-12.534858491976625
-12.535001802380837
-12.535117389558733
-12.535209425327041
-12.535324431302826
-12.535410387664875
-12.535563587129522
-12.535647179641714
-12.535749559331212
-12.535856924070988
-12.535964256564904
-12.536118250170972
-12.536290126834015
-12.536397804858236
-12.536533460165165
-12.53659436396748
-12.536682849357613
-12.536800709471414
-12.536871331219714
-12.537035489372247
-12.537105855245002
-12.53725251899833
-12.537325805037081
-12.537427036179311
-12.537548023921426
-12.537679979899979
-12.53776453820235
-12.53787978287067
-12.53797459801418
-12.538081491310436
-12.538252639539763
-12.53833553351509
-12.538431836373755
-12.538633800902971
-12.538740034860199
-12.538909168365159
-12.539081888199055
-12.539270139864799
-12.539429566806394
-12.539631590923932
-12.53982337832012
-12.539974794035304
-12.540210639664588
-12.540384482816997
-12.540602731005844
-12.540886794439892
-12.541127091943046
-12.541252445464433
-12.541492966964
-12.54168929143206
-12.541885554405884
-12.542115740545519
-12.54230235500097
-12.542516617751916
-12.542722999785502
-12.542903664208284
-12.5430635927595
-12.5432374774206
-12.543419354007042
-12.543606960699881
-12.543772294575835
-12.543929981118918
-12.5440880029989
-12.544224583705502
-12.544374153317056
-12.54446610599123
-12.544599028509625
-12.544737557751347
-12.544919424838524
-12.545040124838078
-12.545176366605594
-12.545239137275782
-12.5454195297865
-12.545518699059059
-12.545623659203692
-12.54579275470196
-12.545908195561601
-12.546102602951095
-12.546238059304327
-12.546406737901412
-12.546539377091053
-12.546676355932128
-12.546890468321047
-12.547038109695709
-12.547290271446627
-12.547468384251658
-12.547632151196211
-12.547832739879654
-12.547998755104373
-12.548194236085681
-12.548365372644499
-12.548556308802578
-12.548726934112155
-12.548928694460203
-12.54911197700078
-12.549281016393463
-12.549467627227225
-12.5496349228129
-12.549797619009075
-12.549930832070936
-12.550090461897382
-12.550230139355097
-12.550367046051498
-12.550564909581503
-12.550695787876956
-12.550880168328959
-12.551002362288248
-12.55112494901119
-12.551255187326616
-12.551372721903611
-12.551504050319005
-12.551632828011185
-12.551755108224041
-12.551888513471827
-12.552019699986596
-12.552165852721085
-12.552288156489837
-12.552374197342239
-12.552507669522612
-12.552602711353249
-12.552710680073963
-12.55290476448514
-12.553006030606914
-12.553156348798776
-12.553280734390789
-12.553450696733378
-12.553532667250174
-12.553672695030375
-12.553693447014618
-12.553830922164392
-12.553884688196547
-12.553961181491518
-12.554067756258997
-12.55413417210707
-12.554252853117786
-12.554331467174457
-12.554426613979699
-12.554497812231457
-12.554569468159471
-12.554684257853985
-12.554756648764382
-12.554876431357242
-12.554990721414974
-12.555131165564752
-12.555240469764017
-12.555346538953273
-12.555453251340742
-12.555540964991721
-12.55565534276371
-12.555758898060056
-12.555917236594766
-12.556045749487195
-12.556170292999324
-12.556301523712568
-12.556407202668982
-12.55652188189694
-12.556646823167993
-12.556737290990501
-12.556848089697036
-12.556967126281435
-12.557070539104881
-12.557153834592443
-12.55727381774117
-12.557356043166926
-12.55745403333427
-12.557580987422252
-12.55764414310283
-12.557711795083087
-12.557816143696208
-12.557877777981334
-12.557957996522235
-12.55807730008566
-12.558142648688602
-12.55820922658559
-12.558360647722836
-12.558447018302543
-12.5585650682648
-12.558651340933094
-12.558726939879417
-12.558803961772481
-12.558865779093548
-12.558926208028657
-12.559000835606144
-12.559054399327096
-12.559132820852046
-12.559221104032085
-12.559307536727099
-12.559369119931027
-12.559447174494863
-12.559506785198177
-12.559564874286625
-12.559667104772162
-12.559713616714573
-12.5597668465325
-12.559870297669303
-12.559923292239434
-12.559997200013898
-12.560076655937259
-12.560132314009582
-12.560172244481167
-12.560254500737138
-12.560272668593663
-12.560329277235757
-12.560373253331123
-12.560426628425198
-12.560504997851586
-12.560553376165714
-12.56064677719455
-12.560709637432176
-12.56078038503119
-12.56083859441285
-12.560899761803354
-12.56099196158061
-12.56105514711043
-12.561165920109662
-12.561233512001467
-12.561339643136836
-12.561388809631772
-12.561450643226925
-12.561490744944996
-12.56159571955603
-12.561647039799782
-12.561699462778869
-12.561779116436396
-12.56180671990017
-12.56192670231011
-12.56196662047774
-12.562034865785833
-12.562109114890568
-12.562195279237331
-12.56225966297192
-12.562340787175968
-12.56240020862117
-12.562458156739671
-12.562536220968525
-12.562581705627668
-12.562672249018807
-12.562703275678668
-12.562763350630199
-12.562806491571264
-12.562854767239084
-12.562932464326991
-12.562964122360697
-12.563027892504094
-12.563076165437888
-12.563126068223301
-12.563170009316966
-12.563208702714604
-12.563258888671776
-12.563304063522711
-12.563349106573018
-12.56340028588405
-12.563437076345675
-12.56348448781418
-12.563528761075386
-12.563574184886944
-12.563605246672417
-12.563647551108627
-12.563670097112787
-12.563708556389514
-12.563738397354227
-12.563766329603196
-12.563816142386475
-12.5638493311542
-12.563880985345234
-12.563908278555497
-12.563935958434154
-12.563966162610438
-12.563994278980056
-12.56402264026862
-12.564043657564039
-12.56407387358668
-12.564107325993065
-12.564136446108783
-12.56416070166803
-12.564188736840046
-12.564209147257502
-12.564234549099073
-12.564263937983783
-12.564291519923692
-12.564319997943372
-12.564357914248255
-12.564380740382571
-12.564409827156929
-12.564437923181277
-12.564458682078637
-12.564480255941342
-12.56451564836889
-12.564536084817043
-12.564559963631531
-12.564572357230805
-12.564600163302206
-12.564616185898199
-12.564630802600666
-12.564656017027403
-12.564670706099703
-12.564698546945746
-12.564719130049422
-12.564744306475008
-12.564764108445337
-12.564781638672702
-12.564811744924949
-12.56482928879163
-12.564847522683767
-12.564881822353374
-12.56489909082629
-12.564915615476599
-12.56495166885117
-12.564970693772228
-12.564987227468652
-12.56502022734802
-12.565041600114244
-12.5650500945107
-12.565090888542338
-12.565105305533276
-12.565130454706374
-12.565158279012804
-12.565192003803316
