500 iters for seed 163 on 3R0.3 which is in the 94.85855102539062 percentile
 Maxcut: 20.0, MedianCut: 12.0
-12.11891811436126
-12.185305157139315
-12.22696682155686
-12.262004805919029
-12.291461495813397
-12.310040750863287
-12.328993403228338
-12.343894750422386
-12.35338725371837
-12.363900441443928
-12.374194462675154
-12.382093907870841
-12.39014945849631
-12.396966427877944
-12.403933603626735
-12.408938978316447
-12.41592714282912
-12.41942468278961
-12.422956353338177
-12.424968977014407
-12.429423836165018
-12.431145382441454
-12.433910565208766
-12.436400693304746
-12.439141441835627
-12.440920414451101
-12.442782770195036
-12.444111181232234
-12.446644582273256
-12.447857496742316
-12.449265664660832
-12.45156764122089
-12.453092289430998
-12.455284627221124
-12.457188848841177
-12.45868395147765
-12.460204435155827
-12.461615549666508
-12.462805917498335
-12.464042721242214
-12.465398529874454
-12.466732859420294
-12.467818185925312
-12.469371995774928
-12.47075683387978
-12.471846567101657
-12.473611834773399
-12.474721320143182
-12.476076307521694
-12.477302930005063
-12.478102831083355
-12.479652716790838
-12.480987693381651
-12.482095272686008
-12.483175167366234
-12.484285291457162
-12.485234339913783
-12.486098387724166
-12.48705745768716
-12.488263888732833
-12.489406901101926
-12.490257420941942
-12.491131491973611
-12.491793764112003
-12.492626581097642
-12.493257794117518
-12.493983588881765
-12.494645219774448
-12.495414203314539
-12.495871265586548
-12.496842038159171
-12.497306882722881
-12.497792715798973
-12.498523360164556
-12.499233449718798
-12.49992762326986
-12.500499021147565
-12.50096530075506
-12.501700547674947
-12.502292425973216
-12.502909080623269
-12.503388462659931
-12.504170458455551
-12.504704379991816
-12.505301741386745
-12.505844879982945
-12.506338037223323
-12.50687354993915
-12.507798245049988
-12.508226567117857
-12.50880829333682
-12.509133325827687
-12.50971313171301
-12.51013779946287
-12.510538359649832
-12.51131234128117
-12.511452637466478
-12.512429609194603
-12.512738981291168
-12.513241049562257
-12.51404832378535
-12.514580590188842
-12.515229767952007
-12.515753546895295
-12.5163239665968
-12.51687220604407
-12.517301842628461
-12.51772928898397
-12.518059475123748
-12.518496224492564
-12.519106782557214
-12.519842410983024
-12.520331974701568
-12.520813771325482
-12.521170748890299
-12.52155722874737
-12.52204191733138
-12.522466487426732
-12.522860643236395
-12.523172109139827
-12.523554283320783
-12.523838524286909
-12.524184679618779
-12.524402368219887
-12.524673791215037
-12.52504223600636
-12.52525316903457
-12.525481942560202
-12.525659630880245
-12.525840788933245
-12.526058762045231
-12.526325522264449
-12.526569195569625
-12.526839181480472
-12.527094215532864
-12.527351435814186
-12.527621300007334
-12.527859252880411
-12.528286756707885
-12.528466585127521
-12.528741680822343
-12.528967507520663
-12.529189643917654
-12.529543459393082
-12.529805296493114
-12.530021110509333
-12.530204291785061
-12.530394987394999
-12.530663707946767
-12.530844366817753
-12.531013255414793
-12.531186246167833
-12.531433382418236
-12.531647376681722
-12.531997223904147
-12.532213086050586
-12.532480049959416
-12.532789402508202
-12.533134698292336
-12.533396678789
-12.533628666174351
-12.533867374115907
-12.534080859175637
-12.534412942359916
-12.534782046601006
-12.534998264806019
-12.535314568250843
-12.535515619526373
-12.535818945556972
-12.536066889131275
-12.53632897383585
-12.53656196797623
-12.536752017959051
-12.536923901452678
-12.537248485790991
-12.537407225719353
-12.537601174669607
-12.537792210001196
-12.538001211481943
-12.538208966950236
-12.538400094235222
-12.538550833048678
-12.53875945355841
-12.538939012319773
-12.539107724973274
-12.539267168478302
-12.539415961117156
-12.53964085291356
-12.539756862967138
-12.539905747746536
-12.540109822134564
-12.540226963513145
-12.540403050918275
-12.540566333373985
-12.54073122313069
-12.540906130542918
-12.54106247719255
-12.541236442127275
-12.54137880885743
-12.541498800589505
-12.541632194158353
-12.54183763822876
-12.54193176516613
-12.542065455078223
-12.542244492015437
-12.542441579097492
-12.542596803408612
-12.542772262622474
-12.542953001438285
-12.543207963667689
-12.543437597814165
-12.543611281431845
-12.54382559812554
-12.544049292206392
-12.544238551862545
-12.544522998436676
-12.544678384929203
-12.54484592741246
-12.545090616968782
-12.545231207267662
-12.54545058532581
-12.545755188882152
-12.545844632565625
-12.546138516068565
-12.546268558713157
-12.546468145621398
-12.546724161829648
-12.546910736233484
-12.547154318689065
-12.547347436047598
-12.547567287857332
-12.547712903565348
-12.547907817125427
-12.548039663987355
-12.548160076389413
-12.548307033722068
-12.548517444900105
-12.548693839075316
-12.548841564686109
-12.549137738445092
-12.549293414343742
-12.549464989358803
-12.549614255129093
-12.549787848740365
-12.54996175692098
-12.55011583950207
-12.550281724990827
-12.550378385111664
-12.550492524652036
-12.55067724037318
-12.550773468875864
-12.550881212139604
-12.551071111329758
-12.55121047491244
-12.551299267917265
-12.551467106176476
-12.551569116333162
-12.551700806936928
-12.551827299152428
-12.551953812021862
-12.55206140596042
-12.552190535075503
-12.552243922569332
-12.552336407095876
-12.552401966247924
-12.55247786093278
-12.55260563865359
-12.552701721376694
-12.552867326254638
-12.552987696465351
-12.553092246136204
-12.553179490671129
-12.553305144786064
-12.553402976195052
-12.55349761239743
-12.553593995830454
-12.553672185111443
-12.55373206479586
-12.55383448422322
-12.553901241438414
-12.553953469195832
-12.554089409826826
-12.554154469127646
-12.554236168163431
-12.554343650318206
-12.554392480623395
-12.554465282527431
-12.554565747509937
-12.55464148276764
-12.55481049524379
-12.554890856348765
-12.555032603108033
-12.555131109009714
-12.555232464136758
-12.555319356950706
-12.555402098830934
-12.555482581891354
-12.555562474326265
-12.555646460459903
-12.555732613637366
-12.555805153676944
-12.555905137947859
-12.555976931224299
-12.556043132489833
-12.556096832092368
-12.556155327387732
-12.556202392817509
-12.556294635504582
-12.556341996629634
-12.556402907914647
-12.55645832325322
-12.55654307126802
-12.556614537508853
-12.556672878593265
-12.556800357036101
-12.556851376216661
-12.556944675186358
-12.557026893427738
-12.557118398606427
-12.557196665165005
-12.557254964204256
-12.557334902022536
-12.557390096502017
-12.557449410876362
-12.557532292202634
-12.557576258766685
-12.557614593863232
-12.557686152413376
-12.557720693038858
-12.55776285615873
-12.557849109118095
-12.557930994032633
-12.557965775964398
-12.558061680318753
-12.558091866497481
-12.55817292542055
-12.558216856014148
-12.558265089214286
-12.558331676218259
-12.558373838428544
-12.558422239161567
-12.558454495304305
-12.558494303394726
-12.558541686167814
-12.558602696961012
-12.558654576628712
-12.558704146338437
-12.5587632536328
-12.558818815449776
-12.55888328760158
-12.558938131386132
-12.559006987836863
-12.559049386104073
-12.55909281933602
-12.559168679965115
-12.559214540269824
-12.559280598622804
-12.559323861160113
-12.55935771616968
-12.559396120285971
-12.55944131934824
-12.559498876498472
-12.559555212956427
-12.559596825709912
-12.559659712963587
-12.559715869053745
-12.559783526458403
-12.559850427211291
-12.559905226189096
-12.559950064963461
-12.560003851651372
-12.56005667584967
-12.560084684767768
-12.560147861197379
-12.560178595630994
-12.560217748410015
-12.56027995905638
-12.560328085259272
-12.560396230430834
-12.560443770638837
-12.560492277368972
-12.560566627957511
-12.560633275191329
-12.560698960097838
-12.560746071433309
-12.560792124196158
-12.560861336448506
-12.560901056105518
-12.560949329090276
-12.561015638974576
-12.561057167367272
-12.56111816769236
-12.56118624687139
-12.561233010294886
-12.5613018339707
-12.561359687493342
-12.561419037380364
-12.56150745242962
-12.561551401190107
-12.56158941616973
-12.56164413897497
-12.56169177728231
-12.561776307203235
-12.561853401140919
-12.56190012779381
-12.5619647394112
-12.562019755238387
-12.56209469495571
-12.562133189299402
-12.562211008720762
-12.562245817557374
-12.56232185304492
-12.562408352223253
-12.562463652624393
-12.562536441048593
-12.562595149960963
-12.562669156028926
-12.562747341009135
-12.562828184497274
-12.5628907776971
-12.562946023706841
-12.5630065219845
-12.56308288849387
-12.563133509777195
-12.563179595826703
-12.563225341920056
-12.563275797321266
-12.563321929610215
-12.563371636339996
-12.56339211289032
-12.56348448684471
-12.563511327654513
-12.563551638624133
-12.563608163901062
-12.563649947454167
-12.563694137450485
-12.563719933195351
-12.563751969892989
-12.563788244367151
-12.563825415979503
-12.56385813984975
-12.563888856284084
-12.563969499369913
-12.564002025054085
-12.564043289295785
-12.564079767214062
-12.564117767926074
-12.564165744725972
-12.56421476654339
-12.564264297868938
-12.56430103464379
-12.564339128710873
-12.56438651284845
-12.564425565058757
-12.564470628407678
-12.564520029062367
-12.564560100981875
-12.564596409453394
-12.564628361897295
-12.564664381220569
-12.564682341534525
-12.564737363693101
-12.56475727993687
-12.56478760461332
-12.564832154670237
-12.564850737371035
-12.564907230542826
-12.564932577730056
-12.564968969635524
-12.565021096743163
-12.565057703634906
-12.565111786109219
-12.565147416547997
-12.565181157573727
-12.565252421318238
-12.565291291583568
-12.565334927146335
-12.565376397150134
-12.56541659186053
-12.56546055852851
-12.56550258512548
-12.565561192424314
-12.565603005789972
-12.565649235932128
-12.565693801186265
-12.565732928415047
-12.565765923898518
-12.565827520796857
-12.565857435611205
-12.565916009232762
-12.565956367149978
-12.5659925802922
-12.566046018359533
-12.56608344475565
-12.566133312704226
-12.566168119204951
-12.56621882443251
-12.566263265267787
-12.5663051215319
-12.566356405549197
