500 iters for seed 55 on 3R0.3 which is in the 79.05654907226562 percentile
 Maxcut: 22.0, MedianCut: 12.0
-12.002015871650478
-12.01301107825621
-12.109440850167795
-12.158562938706785
-12.20146860883412
-12.232503736943277
-12.258181043059572
-12.273364134243346
-12.294243398184062
-12.311167790095396
-12.328177053183769
-12.343361061915754
-12.360119774470927
-12.369148735746528
-12.378891149724597
-12.386975480661684
-12.394264140559782
-12.403985988678688
-12.412438338638847
-12.42161493318642
-12.42922642041838
-12.434632754006145
-12.44009192853149
-12.444420786029104
-12.44834899338215
-12.452081927395929
-12.45499280037354
-12.457379331558311
-12.459640161621644
-12.461730741405706
-12.463723099855189
-12.466054572550032
-12.468164061252846
-12.47036517185381
-12.472500146320936
-12.474163697777506
-12.476020611277612
-12.478364649996719
-12.480048686508402
-12.481557885890801
-12.483450576652276
-12.484850867642356
-12.486290758621134
-12.487491572994035
-12.4886866729617
-12.490104338451522
-12.491496907774234
-12.49273641009128
-12.493731544550473
-12.495022778740864
-12.496036638654221
-12.497173536356424
-12.498361310388296
-12.499464617932453
-12.500232672580214
-12.501767254948387
-12.502460930717238
-12.503570740434862
-12.504430113331113
-12.5057277189288
-12.506582593994501
-12.507538407241238
-12.508359611902888
-12.50928332176842
-12.510000895415498
-12.510631619642345
-12.510845195856154
-12.512077474682563
-12.512496729098185
-12.513111331605993
-12.513959775584825
-12.514569030893934
-12.515461811212287
-12.515983352711652
-12.516557159886666
-12.516982022827353
-12.517405168383803
-12.517882991168314
-12.518268323024643
-12.518669660200043
-12.519461763837942
-12.519769484257765
-12.520233689027306
-12.520769711908573
-12.521315560764101
-12.521690036915324
-12.522233363650724
-12.522530857178001
-12.522878102927276
-12.523331186122206
-12.523610248002925
-12.523965531712701
-12.524513967284067
-12.524718006795663
-12.525016569684558
-12.525406130378284
-12.525842734086293
-12.526387687961076
-12.526725481885412
-12.52725896692493
-12.527720594475808
-12.528144948904234
-12.528630808236569
-12.529054451883688
-12.529501908658503
-12.530007330989832
-12.530373704773046
-12.53073888595254
-12.531095223384737
-12.531380010820332
-12.5317628572141
-12.531977823036444
-12.532379066191941
-12.532564401668804
-12.532864421780348
-12.533204759400805
-12.53355027037357
-12.533759265666275
-12.534005170110738
-12.534180658857748
-12.53438962258126
-12.534682096667606
-12.534855930200678
-12.535132122826678
-12.535364640315077
-12.535671750313018
-12.535867586921196
-12.536064396822377
-12.53634831954024
-12.536685959422872
-12.536913496916686
-12.537184534094777
-12.537424217840035
-12.537674782878437
-12.537964931808782
-12.538156570660696
-12.538294317025287
-12.538556446337314
-12.538741459046788
-12.538904535705615
-12.539224652561543
-12.539371953804597
-12.539586286213948
-12.539881513532187
-12.540167971654078
-12.540380490743228
-12.540621480982441
-12.540795863477964
-12.541041998948183
-12.541280883138462
-12.54146243724949
-12.54162319915661
-12.541917771921584
-12.542019483313656
-12.542242976563413
-12.542362347689929
-12.542550971417628
-12.542820863448652
-12.54296897082844
-12.543169917277554
-12.543313238915122
-12.543468823161195
-12.543605533487957
-12.543787064368372
-12.543967026291325
-12.544095224359861
-12.544268097500938
-12.544448465830907
-12.544608732530822
-12.544791330436283
-12.544872674789314
-12.545103676579032
-12.545188176052418
-12.545302294072464
-12.545492654007377
-12.545607740179374
-12.545787197842364
-12.545920992455034
-12.546090680824241
-12.54618468590807
-12.54630103342308
-12.546378440997259
-12.546470128210256
-12.54666311772149
-12.546797014886591
-12.546944820495419
-12.547054594421462
-12.547183692604836
-12.547293764423305
-12.547466885233515
-12.547558875238753
-12.547658519541336
-12.547822034753874
-12.54799847859188
-12.548118784092999
-12.548249876549425
-12.548368300836042
-12.548504890839085
-12.548708914234613
-12.548859276554104
-12.548982178540765
-12.549205684537167
-12.54934088040401
-12.549468847467118
-12.549702281047413
-12.549816022725269
-12.55005809075001
-12.550119348480257
-12.55028492924372
-12.550358187023168
-12.55046733738926
-12.550608176647085
-12.550705539128398
-12.55086476560918
-12.550967959894
-12.551078109510506
-12.55116035816594
-12.551229989171869
-12.551334212365047
-12.551397971826804
-12.55149912992549
-12.551591842468685
-12.551698186306167
-12.551782129161836
-12.551862659859605
-12.551943766800095
-12.552014116329644
-12.552086766117299
-12.552146836932712
-12.552220740599324
-12.55230323435947
-12.552379024334888
-12.55243822881937
-12.552524599290095
-12.552576295111423
-12.55264562955568
-12.552725652241733
-12.552791584936507
-12.552848609980856
-12.552937192128356
-12.552996475338913
-12.55307638550271
-12.55315365788538
-12.553225739881755
-12.553333071621376
-12.553414918295442
-12.553493739389069
-12.553624550681153
-12.553685093468697
-12.553737629809575
-12.553840417023505
-12.553897259827545
-12.553936583791044
-12.554062963064773
-12.554101807203105
-12.55418132762693
-12.554206895248921
-12.554320998411935
-12.554362310063226
-12.55442170830515
-12.55450454650295
-12.554624045299832
-12.554741482958008
-12.554821370710304
-12.554909771412532
-12.554927591252802
-12.555007704415914
-12.555076465238924
-12.5551464110933
-12.55524983922527
-12.555343307093818
-12.555498335617777
-12.555596031046028
-12.555692519753057
-12.555788009774432
-12.555896524328352
-12.556012847403414
-12.556118260733228
-12.556230140802253
-12.55638714256169
-12.556458011184356
-12.556518494984523
-12.556574122831083
-12.55662541139626
-12.55668615576268
-12.556783726643165
-12.556835834357969
-12.556895760605833
-12.556949101853881
-12.557011680875124
-12.557057044054256
-12.557135144319961
-12.557174250778619
-12.55722750117004
-12.557262382559731
-12.557330768210836
-12.557358460349654
-12.557388313084322
-12.557428342603917
-12.557472321948339
-12.557525794343686
-12.55755985717297
-12.557599324747095
-12.557650954878593
-12.557688403545743
-12.557738740202062
-12.557776300440032
-12.557820419520127
-12.55784635932146
-12.557897487071969
-12.557927901788151
-12.55795658688748
-12.557982628518058
-12.558015102493478
-12.558048656009616
-12.558073284235169
-12.558121337450553
-12.558142980970143
-12.55817870437349
-12.558199870658692
-12.55823445244306
-12.558285288383061
-12.558314818212505
-12.558350115362401
-12.55837888467265
-12.558397621039898
-12.558422955726968
-12.558452275327227
-12.558468765135778
-12.55850236988703
-12.558522986454417
-12.558544854849046
-12.558569201956564
-12.558594504124382
-12.558603691792058
-12.55864265492616
-12.558654956456389
-12.558672265855568
-12.558699503581572
-12.558718785610951
-12.558743169460412
-12.558761417024987
-12.558784144340821
-12.55879567666685
-12.558823865733272
-12.558838488501063
-12.558856046149515
-12.558886747981425
-12.558914499280466
-12.558944816056535
-12.55896748784781
-12.558994952921015
-12.55900073360983
-12.559048023674203
-12.559059667543458
-12.559077253383462
-12.559088253533881
-12.559108110832309
-12.559120116902335
-12.559132393732794
-12.559155591908258
-12.5591595672878
-12.559198904345614
-12.559210168850115
-12.559232721441749
-12.559249285995914
-12.55927085496452
-12.559282834627371
-12.559296665903718
-12.55930545409161
-12.559322466254404
-12.559336223289538
-12.559349680228038
-12.559369710291461
-12.559386280835852
-12.559396823086471
-12.559408029505072
-12.559419482635654
-12.559436321689109
-12.55944957845254
-12.559463324009085
-12.559475283559834
-12.559491506082276
-12.55950249836929
-12.55951699034462
-12.559527870007917
-12.559539819564524
-12.559567683884373
-12.559581899768657
-12.5596065241545
-12.559627873665434
-12.559644884790771
-12.559660673736339
-12.559677677179923
-12.55969367841271
-12.559709706247816
-12.559721847094554
-12.559739026802173
-12.55975343841484
-12.559765983123805
-12.559784031995305
-12.559796673403362
-12.559815192852607
-12.559827994557676
-12.559843125879675
-12.559850060433593
-12.559868036351226
-12.559879093547888
-12.559900839815539
-12.559917823765797
-12.55993239822742
-12.559941931647947
-12.559957816114657
-12.559972209970852
-12.559986541137942
-12.559998649697384
-12.560012530194335
-12.560037503679254
-12.560050475170568
-12.560067387688633
-12.560086673802212
-12.56010275766498
-12.560123388527241
-12.560148578264277
-12.560165980584841
-12.560186144689837
-12.560204209386994
-12.560224767528558
-12.560253585822565
-12.560271225037257
-12.560288413477297
-12.560315774409222
-12.560333441852856
-12.560361520344639
-12.560381869810234
-12.560401695537042
-12.560424126536905
-12.560444793119142
-12.560467748851163
-12.560483669764174
-12.560497512565565
-12.560515600430474
-12.560532250661709
-12.560557228603981
-12.560569395271887
-12.560588566376603
-12.560616220982283
-12.560631022636706
-12.560660037988454
-12.560673855865804
-12.560693613754438
-12.560707535068932
-12.560727831391077
-12.560745716523698
-12.560765355897116
-12.560784536734456
-12.56080662292157
-12.560824763688641
-12.56084258546009
-12.560860116015283
-12.560884204176944
-12.560900858507836
-12.56092128938187
-12.560945789245647
-12.560977179603688
-12.560994769555537
-12.561010599087567
-12.561028168765404
-12.561050225634071
-12.561084286050768
-12.561094140196738
-12.561120287939117
-12.561135222711513
-12.561157252000076
-12.561181632458386
-12.56121290675906
-12.561234116918799
-12.56125502636347
-12.561274888165888
-12.56130118481362
-12.561327555800872
-12.5613475266622
-12.56136930213572
-12.561393215715892
-12.561418823226992
-12.561444471321416
-12.561464636454161
-12.561504136881965
-12.561519450038285
-12.561539221662425
-12.561556218230718
-12.561581070658029
-12.561598861993364
-12.561613417151309
-12.561635899963477
-12.561657274902405
-12.561673614388752
-12.561687050882691
-12.561707295767373
-12.561740565318413
