500 iters for seed 161 on 3R0.3 which is in the 78.58352661132812 percentile
 Maxcut: 21.0, MedianCut: 12.0
-12.130272677157066
-12.183574198321141
-12.22301621724933
-12.255580157572444
-12.279073947054801
-12.295470876400396
-12.313944342640891
-12.326227901947007
-12.338384896722351
-12.352022286833385
-12.36086484757599
-12.37136062941173
-12.38047288007806
-12.388073030407988
-12.39671459935133
-12.40329097676891
-12.409530831754733
-12.413819636193576
-12.418781035844388
-12.422437445897009
-12.427302122854094
-12.429653838740968
-12.43372740064362
-12.436427101313843
-12.439366181986806
-12.442446486003009
-12.44538704185366
-12.447713515659412
-12.451488502513357
-12.453528589885527
-12.456237029203892
-12.458483299852098
-12.461370422196092
-12.463466816300006
-12.46572800170188
-12.466643517292932
-12.469647866201136
-12.47065048660327
-12.472519336864247
-12.474116987019988
-12.47610873542123
-12.477310837718996
-12.47862539563144
-12.480480600137081
-12.481421505257888
-12.482784394726206
-12.48369129745986
-12.484485584355488
-12.4852523018203
-12.486107997288466
-12.48685694224457
-12.487631558213778
-12.488335818155237
-12.489082340840675
-12.489759703963827
-12.490636120019783
-12.49146282049735
-12.492373206845048
-12.493155123223982
-12.494001643105626
-12.494939865634548
-12.495780836144526
-12.496467450670337
-12.497033592980813
-12.497574086299085
-12.49843455786872
-12.498922230414449
-12.499604657722067
-12.50008968220596
-12.500728319994593
-12.501161171834404
-12.501948313835449
-12.502317101895972
-12.502806640290094
-12.503426688682419
-12.50399610574081
-12.504395672494837
-12.504869344850244
-12.505318259853418
-12.50595180388988
-12.506425922290212
-12.506909744737156
-12.507269905269212
-12.507766843967818
-12.508192692338984
-12.508758369329232
-12.509205786998352
-12.509646913857178
-12.509924292567906
-12.51073318739235
-12.511013468388393
-12.511401016765998
-12.5119091030695
-12.51224351100062
-12.512757953338296
-12.513013603393679
-12.513458600307906
-12.513846477547764
-12.51435431923516
-12.514620227900371
-12.514987969946908
-12.515277619105634
-12.515647412122629
-12.516024359547572
-12.516299973734354
-12.516540916305992
-12.517064883944936
-12.517293935525414
-12.517609880997405
-12.517951803570217
-12.518381067879552
-12.518661997021473
-12.519003455249617
-12.51939431765541
-12.519842071249455
-12.520160012696692
-12.520458507855944
-12.520700503983633
-12.520968656216224
-12.521322321880172
-12.52157524461404
-12.521837673933053
-12.522226463605643
-12.522455528277774
-12.52254313460141
-12.523174308953678
-12.523317442190622
-12.523576190618998
-12.523930797052628
-12.524084391018459
-12.524702679823225
-12.524931269275239
-12.525269217473866
-12.525646347073105
-12.526006904436858
-12.52630039065269
-12.526585788173058
-12.526782935751577
-12.527036818383802
-12.527233959795161
-12.527409361675657
-12.527595894940859
-12.527862400044597
-12.52813947153252
-12.528336185926943
-12.528617006679603
-12.528743913744927
-12.529064361685744
-12.529248553666463
-12.529438200398692
-12.52973602284758
-12.529922259635711
-12.53011600295873
-12.530261704164324
-12.530444434671175
-12.530607421069087
-12.530767799868254
-12.53095123305923
-12.531101165308957
-12.53137569712108
-12.53160019830053
-12.531754568809484
-12.53193604005001
-12.532086094837263
-12.53230127354622
-12.532475774101759
-12.53263788121823
-12.532774074214373
-12.532956222729164
-12.533122933812042
-12.533279473892113
-12.533518704564159
-12.533677691904165
-12.533896933155063
-12.534062605133546
-12.534248084036332
-12.534337613217385
-12.534700087577841
-12.534871518345684
-12.535084013103674
-12.535330784769881
-12.535635886968619
-12.535931186363424
-12.53625218877637
-12.536507597098996
-12.536785287892714
-12.537138429942058
-12.53735307598652
-12.537694834596891
-12.537934394604328
-12.538136662108341
-12.538440809415732
-12.538674243236194
-12.53892048269285
-12.53915313498561
-12.539395045489528
-12.53962415105312
-12.539924142111975
-12.5401626835737
-12.540352635581932
-12.540674415467752
-12.540925279103389
-12.541185287769794
-12.541572399803496
-12.541754941345744
-12.541932625785533
-12.542251423256054
-12.542347289012351
-12.542484405195111
-12.542683221084877
-12.542828411714593
-12.543142694507527
-12.54324361822605
-12.543514413224962
-12.543598648753262
-12.543764140804416
-12.543959134594036
-12.544156724947545
-12.544297751619242
-12.544476110967798
-12.544605988226978
-12.544753775288346
-12.54493037348163
-12.54505361811326
-12.545182533820796
-12.545364994561421
-12.545399226441448
-12.54554710618013
-12.545617892377205
-12.545714383462329
-12.545845369160228
-12.545953337211797
-12.546123744357441
-12.5462448437201
-12.546380168103775
-12.546482436798797
-12.546579072218186
-12.546665570607038
-12.54674699385412
-12.54685544914647
-12.546954057628568
-12.547051518813475
-12.547134671319373
-12.54722112702007
-12.547319064858605
-12.547382402733067
-12.547453199346666
-12.547509110049827
-12.547561633381884
-12.547609543319908
-12.547702086048053
-12.547746587730082
-12.547794771322263
-12.547854885973265
-12.547918563461756
-12.54797089668062
-12.54802294021231
-12.548084782524926
-12.548145818270708
-12.54820076292858
-12.54826787562215
-12.548315271340531
-12.548364968416836
-12.548426057155485
-12.548475779207573
-12.548519934719279
-12.548617942301178
-12.548634115044585
-12.548700470579933
-12.54873939430743
-12.548792629400403
-12.548853815522307
-12.548895252941193
-12.548970898267926
-12.549007147484499
-12.54906160472882
-12.549109089514712
-12.549198188702096
-12.54924378261597
-12.549297536931038
-12.54937223478209
-12.549415557453631
-12.549502613614203
-12.549540377111624
-12.549603215364176
-12.549705132040113
-12.549748453967585
-12.549826299798603
-12.549885450754154
-12.549949825497809
-12.550016626419797
-12.550089001431946
-12.550163219906652
-12.55021963125167
-12.550280975091654
-12.550392134182179
-12.550464092688852
-12.550544307891764
-12.55064797165942
-12.550659297355057
-12.550738588028562
-12.550770967844892
-12.55083059673288
-12.550897557115599
-12.550945427239018
-12.551012119300676
-12.551049680700446
-12.551101750130906
-12.551143942371139
-12.551225973762156
-12.551268816510962
-12.551310025559204
-12.55139069646759
-12.551450164909753
-12.551532314155757
-12.55159690952796
-12.551649201086455
-12.551705787975143
-12.551759069237756
-12.551831408488452
-12.5518896858513
-12.551939794899681
-12.552032471359247
-12.552059450484684
-12.552117800302408
-12.552168590164378
-12.552205167751097
-12.55226777507309
-12.552305061746306
-12.552425959084427
-12.552465446444558
-12.552518443601684
-12.5525767725477
-12.552651895662722
-12.552722456563487
-12.55277552357286
-12.552814500340633
-12.552899065911816
-12.55292933931991
-12.552988315258128
-12.553031198980008
-12.553071819502772
-12.553135096656938
-12.553163472359762
-12.553197381550667
-12.553228643927024
-12.553262838395186
-12.553302619952001
-12.553341189879275
-12.553363254735432
-12.553385970788712
-12.553430661280665
-12.553462682723177
-12.553525241935857
-12.55355874116344
-12.553594574611258
-12.55363137208402
-12.55366771999294
-12.553718715126106
-12.553752153039312
-12.553798881772526
-12.55382900631866
-12.5538820065307
-12.55391840914087
-12.553988198188126
-12.55401731989656
-12.554056869758979
-12.554097795796984
-12.55414521530256
-12.554198607291834
-12.554239515571265
-12.554295042380842
-12.554351440185368
-12.554406195835476
-12.554461583887722
-12.554506002451456
-12.55456289406332
-12.55460186582016
-12.554641524558662
-12.554688291838644
-12.554760258668178
-12.55479385958077
-12.554839181835897
-12.554900298883249
-12.554962088546395
-12.555006947942761
-12.555053212164818
-12.555089925600775
-12.555145325493706
-12.555193797334455
-12.55523239629618
-12.555268811889242
-12.555322945926658
-12.555366682830973
-12.555407532736139
-12.555445866216129
-12.55548743566149
-12.555528455192954
-12.555594745373028
-12.555628416359264
-12.555677678364033
-12.55569885143921
-12.55575009957192
-12.555779951956351
-12.555809302382249
-12.555860238731881
-12.555890658078315
-12.555929417963235
-12.555955560639338
-12.55598408830424
-12.556017214309694
-12.556048838477928
-12.556086947345463
-12.556109475361332
-12.556133436908159
-12.556167268713754
-12.556189481015375
-12.556221807319423
-12.556250665366619
-12.556279078675532
-12.556304028371137
-12.556333442728079
-12.556356225690838
-12.556381010712236
-12.556403378942413
-12.556437629858896
-12.556462840414119
-12.556497993043317
-12.556525592458602
-12.556549165151704
-12.556587460690682
-12.556604978713324
-12.556642539329832
-12.556658613176825
-12.556682095993315
-12.556704003749841
-12.556734480238699
-12.556756097507439
-12.556776795596294
-12.556800833730374
-12.556826054815712
-12.556855218416596
-12.556875142800461
-12.556903984531099
-12.556930146461994
-12.556954184678336
-12.556973761842055
-12.556999386461243
-12.55702213942109
-12.557042838136828
-12.5570635395766
-12.557085554030735
-12.557110861061041
-12.557149808959476
-12.557174827884621
-12.557210430328347
-12.557231018412404
-12.557252718732803
-12.557267161765239
-12.55730373744283
-12.557318665122244
-12.557334808584415
-12.557364207742705
-12.55736908204336
-12.557412522075236
-12.557423418077963
-12.55744362379407
-12.557470936557833
-12.557503476248257
-12.557538068422781
-12.55756527196821
-12.557592420977738
-12.557614976969601
-12.557646541310646
-12.557660994263573
-12.557688773749604
-12.557709538762643
-12.557728114563643
-12.557757404383267
-12.557785578420722
-12.557805627221038
-12.557825087983153
-12.557845689377144
-12.557885107111415
-12.55790802078472
-12.557938442652668
-12.55796144320851
-12.557984305598898
-12.558007192337717
-12.558044903838477
-12.558064529954107
-12.558086330528699
-12.558092507610022
-12.558120499805431
-12.55813438172258
-12.558148034358393
-12.55816844621421
-12.558181698096185
-12.558205747222765
-12.558219724156377
