500 iters for seed 6 on 3R0.3 which is in the 95.28579711914062 percentile
 Maxcut: 20.0, MedianCut: 12.0
-12.005107530831374
-12.0575556229294
-12.105534243958893
-12.161814818968708
-12.212423399369056
-12.238021629659912
-12.272852064391964
-12.290983533556904
-12.302807241269864
-12.320538826830504
-12.33318903429546
-12.344983500877976
-12.35977427648883
-12.371164048625417
-12.38287469907404
-12.393819585495994
-12.401865601334043
-12.408732707532515
-12.416271222451986
-12.420330590399585
-12.424574683113345
-12.428183524541193
-12.431031774070743
-12.434245391988052
-12.438324981167753
-12.440850944835962
-12.443568481969765
-12.447356832052208
-12.44978320215419
-12.453042353191831
-12.456497297786962
-12.459467478956888
-12.461997607772279
-12.465429999804295
-12.467498841260037
-12.470212791593955
-12.472693171732637
-12.474572511538177
-12.476713063315202
-12.478882478431522
-12.480185902569422
-12.481498123506725
-12.48302849761847
-12.484497641153634
-12.485721090779354
-12.486858376623747
-12.488086492150327
-12.489270944935598
-12.490420341094097
-12.491432456361226
-12.492335016786091
-12.493457575758821
-12.49420106442846
-12.494943332359922
-12.495896905495547
-12.49653970081759
-12.49744547303843
-12.498395336830674
-12.499266715164993
-12.49994293945759
-12.500742810150237
-12.501307553530213
-12.501807296506444
-12.502365896710511
-12.502772280022791
-12.503330013502822
-12.503785489105557
-12.504155800241758
-12.50468162856598
-12.504944118927636
-12.505361623145998
-12.505706300924768
-12.506032305328148
-12.506690273291438
-12.507018665797887
-12.507500970784259
-12.50796607345205
-12.50847873690903
-12.509038904947309
-12.509584569088434
-12.510082256957926
-12.510471623505742
-12.510871370599652
-12.511256108376015
-12.511664794953429
-12.511939254157284
-12.512422186633062
-12.512485610404404
-12.513013650037013
-12.513229907140348
-12.513484994059347
-12.513841212137171
-12.514090485068904
-12.514468430380191
-12.514719596576008
-12.514990480692653
-12.515210571124241
-12.515368433808336
-12.515646384050486
-12.515800984727854
-12.515984478113273
-12.516280568557928
-12.516473575267774
-12.51677982748733
-12.51701115503867
-12.517275135025681
-12.517544775377482
-12.517754058133253
-12.5179922020558
-12.518214012070894
-12.51850246954521
-12.518737957271957
-12.518990119753335
-12.51935286272533
-12.51961075770569
-12.519863871884585
-12.520261250590808
-12.520474316160238
-12.520733256844542
-12.521037340136722
-12.52123609385239
-12.521510013875131
-12.521773927595838
-12.522018126373155
-12.522223932285101
-12.522514024201115
-12.522777858440316
-12.523059455569273
-12.523314221913434
-12.523558515818097
-12.52380959770876
-12.524017788408731
-12.524217976811594
-12.52441646232115
-12.524645051839288
-12.524826045691503
-12.524982497531669
-12.52512980743614
-12.525293084448572
-12.52543481819162
-12.52557153821784
-12.525718239554358
-12.525843702647252
-12.525980801326778
-12.52609904029019
-12.526281878531224
-12.526424487514277
-12.526594399113241
-12.52673335376647
-12.526893532229064
-12.527012005925979
-12.52723409463292
-12.527371848126469
-12.527512797618183
-12.527704238864759
-12.527878691853704
-12.527997265585112
-12.528145906130346
-12.528258925374283
-12.528408215375142
-12.528603686151257
-12.528721613719716
-12.528822512802227
-12.529027258457145
-12.529114496402602
-12.529218723988265
-12.529399719762326
-12.529492838600227
-12.529556301112178
-12.529746263609049
-12.529800910861258
-12.529924822185261
-12.529998325528343
-12.53015973716526
-12.530261201518941
-12.530356615617091
-12.530512146794361
-12.530626064052793
-12.530760312592292
-12.53084829621681
-12.53096570051349
-12.531079887235117
-12.531214126757412
-12.531302182315722
-12.531395319715555
-12.531559568749822
-12.531708231967746
-12.531827747208297
-12.531982688849531
-12.532087852834124
-12.532239392040763
-12.53252823376179
-12.532640745575902
-12.53284538156804
-12.533016660931255
-12.53322149066258
-12.533475546717803
-12.533720570009255
-12.533877673752453
-12.534108593677725
-12.534336371993572
-12.5346598103855
-12.534954109001351
-12.535338647117225
-12.5355126271133
-12.535834239257518
-12.536011686444263
-12.536199119414409
-12.536392622865488
-12.53656562104939
-12.53679980401511
-12.537008171109061
-12.537216129582822
-12.537392769689465
-12.53765284555719
-12.537883330857493
-12.538107687087535
-12.538435482964873
-12.538591036511079
-12.538791721531393
-12.5390330697071
-12.539197803175
-12.539282835637664
-12.539623809854715
-12.539725261472558
-12.539924429390556
-12.540170144700785
-12.54042646698863
-12.540601134537903
-12.540750197510086
-12.540881944790218
-12.541005737802399
-12.541203791552263
-12.541315132060664
-12.54142868162083
-12.541610281393517
-12.541712842534626
-12.541832152051851
-12.542008368120067
-12.542080868361893
-12.542207531139326
-12.542298465577286
-12.542445713330567
-12.54253154681338
-12.542598958562996
-12.542720426266504
-12.542788503401676
-12.542898323747487
-12.54300268323827
-12.543103925312337
-12.54320884589719
-12.543312783001177
-12.543465597101717
-12.543567458860966
-12.543683782315851
-12.54387675386555
-12.54398078971036
-12.544084718074236
-12.544223434464572
-12.544302309645003
-12.544388247970407
-12.544556012552304
-12.544647052797249
-12.544732513607022
-12.544913741019851
-12.545004708223768
-12.545150291859493
-12.545275260250857
-12.545410791284926
-12.545515355018026
-12.545628942874758
-12.545747293116891
-12.545855395827502
-12.545990194940057
-12.546092949612465
-12.546206177538199
-12.546367249486057
-12.546479402195073
-12.546584889741094
-12.546744289237722
-12.546857001502236
-12.54701718411541
-12.547216057720288
-12.547305364864426
-12.547458245271331
-12.547550625109285
-12.547696357289036
-12.547797288900874
-12.547895916326025
-12.548102654349355
-12.548187041265136
-12.54833152828823
-12.54845139616902
-12.548575274069036
-12.54868073268471
-12.548766975383574
-12.548858911295632
-12.548927733103396
-12.549019021028885
-12.549083913907436
-12.549156381909825
-12.549245483982705
-12.549325390419842
-12.549363861459753
-12.549461455754152
-12.54949479115576
-12.549542769886477
-12.549608834014101
-12.549683422787512
-12.549744332148661
-12.549830800994203
-12.549892492089239
-12.549956415696819
-12.550048086786413
-12.550091761971903
-12.550135365428993
-12.550221482466833
-12.550264781341802
-12.550305200738652
-12.550349104111454
-12.550393006827523
-12.55045511270226
-12.550536222888615
-12.550610320945767
-12.55069129831169
-12.550753062743684
-12.55080367826739
-12.550899434817087
-12.550938213051529
-12.551013385173258
-12.551085445502194
-12.551141893400601
-12.551220778431441
-12.551299743380557
-12.551342065546118
-12.551401305451684
-12.551454752408695
-12.551521374565583
-12.551609170414565
-12.551654346612688
-12.5517109155659
-12.5517797732044
-12.551839181541986
-12.551869451567784
-12.551941659134167
-12.551962715377293
-12.552025267144726
-12.552062327042279
-12.552102550264163
-12.552169246921219
-12.552220820235593
-12.552282367528033
-12.552330384331938
-12.55238998425844
-12.552451530361264
-12.552501427680966
-12.55255341887197
-12.5525923013996
-12.552638132415302
-12.552706254614277
-12.552769057613213
-12.552820645440043
-12.552925654868787
-12.552963165873315
-12.553049666782979
-12.553120850428556
-12.553182814325094
-12.55329656723626
-12.553367116984004
-12.553444910456568
-12.553511476685053
-12.553582994631824
-12.553664668745869
-12.553759223013197
-12.55383967539061
-12.553913991665077
-12.55398782229926
-12.554066125976256
-12.554115597898088
-12.554233974934622
-12.55429139015708
-12.55437599423643
-12.554487816880485
-12.55461435338114
-12.554701553105486
-12.554780284742323
-12.554839716663404
-12.554926182579853
-12.555008876071561
-12.555076189268243
-12.5551193805242
-12.555202815093562
-12.555277179080264
-12.555377280504098
-12.555477076993643
-12.555566647924348
-12.555644959229923
-12.55575126602414
-12.55583329756744
-12.555886774891105
-12.555965024662708
-12.55602742101873
-12.556108274864224
-12.556194227003731
-12.55626009185129
-12.556353290187849
-12.556444227049438
-12.55651801997185
-12.556572930053907
-12.556652292961425
-12.556706848359452
-12.556757165762555
-12.556843636309008
-12.556903848576184
-12.556981426709607
-12.557044957281068
-12.557108752847432
-12.557169888632092
-12.55724413921767
-12.557307733749395
-12.55736980160869
-12.557473091386067
-12.557548469184535
-12.557630390594895
-12.557740998855632
-12.55778416201691
-12.55784021628783
-12.557918909136145
-12.557973904655267
-12.558086159848642
-12.55818582807709
-12.558248979341295
-12.558313568716608
-12.558386048591746
-12.558496790848157
-12.55858660469503
-12.558647336986418
-12.558736725062332
-12.55880286697777
-12.558903566754033
-12.558982257521167
-12.559058388473952
-12.559116078117864
-12.559176480833976
-12.559251084384444
-12.559312534716184
-12.559371326116695
-12.559427772471684
-12.559505121410428
-12.55958089165723
-12.55963539237278
-12.559705047074942
-12.559760915797433
-12.559824140287594
-12.55991654658376
-12.559963334809948
-12.560013527287929
-12.560077594659646
-12.560115212541104
-12.560202614296562
-12.560251734070867
-12.56029423961701
-12.560320159851692
-12.560359877992411
-12.560410002578365
-12.560467139730264
-12.560512526423842
-12.56056762170709
-12.560629055998751
-12.560701716616759
-12.560764826531976
-12.560837105412082
-12.560890436016754
-12.560937561130643
-12.561009185400387
-12.561032070266197
-12.56106589780139
-12.561107200589987
-12.56113859712864
-12.561209162288375
-12.56124888808461
-12.561302530677619
-12.561348608726924
-12.561396028278443
-12.561446051262726
-12.561491820824024
-12.561532001732765
-12.5615659347501
-12.561597260812107
-12.561653515884228
-12.561691122065811
-12.56172774581837
-12.56179321741945
-12.561829252963278
-12.561859484017187
-12.561906763282938
-12.561944888648618
-12.561959171762096
-12.562043065400188
-12.562071123705131
