500 iters for seed 178 on 3R0.3 which is in the 99.21340942382812 percentile
 Maxcut: 22.0, MedianCut: 12.0
-11.982512955264898
-12.01216899693892
-12.064588856352838
-12.101660467294776
-12.167595225327059
-12.24083651825419
-12.27366387630409
-12.308642134487517
-12.33401343933387
-12.350401668737474
-12.374984624271534
-12.391128135000873
-12.412167360666675
-12.439220428767767
-12.462583328148652
-12.481302044121877
-12.500422624288316
-12.513528989916102
-12.528599508289288
-12.538896240133832
-12.547293078725128
-12.553277914877597
-12.560402117175892
-12.56552616304481
-12.571284315371202
-12.575971539245232
-12.5801781827081
-12.585869699967095
-12.590830912903666
-12.59590871720567
-12.601161525032541
-12.60682190525529
-12.611412829820585
-12.61537278577193
-12.619714117639631
-12.624145673219928
-12.628660961558623
-12.633658375775898
-12.637396145976533
-12.641023152915533
-12.644182372265456
-12.647694157205216
-12.650817491524364
-12.653834748507801
-12.656248381896543
-12.658597090993467
-12.661316447759798
-12.663531878582873
-12.66571358704188
-12.668329112987449
-12.671083485035016
-12.673151030367094
-12.67534319582165
-12.677612527659967
-12.680013009421444
-12.681888136465282
-12.683922796063142
-12.685811247948902
-12.687748357240439
-12.689589729575179
-12.690824423534405
-12.692389387165889
-12.693538097969894
-12.695534081707244
-12.696134095274399
-12.697915074688632
-12.698384896131818
-12.700489177001009
-12.701245862978622
-12.702375584566052
-12.703813494260114
-12.704530272952972
-12.705416764678212
-12.705996942504747
-12.706691092846919
-12.707327059437185
-12.707955260951412
-12.708568210320777
-12.709129124858013
-12.709961428609427
-12.710761873058132
-12.711183769659092
-12.711850147509224
-12.712168750137039
-12.712728411498825
-12.713080923308862
-12.713444571249829
-12.714084717494284
-12.714497439336338
-12.71491988609059
-12.715293542179701
-12.715721769932772
-12.716262204425794
-12.716726010877888
-12.717092386315946
-12.717513789354214
-12.718061625030881
-12.718595818809613
-12.719108224189542
-12.719553451780161
-12.719998955861081
-12.72053244966795
-12.72095931347556
-12.72141437006932
-12.72184097128995
-12.722652857879277
-12.72287499074449
-12.723601663067164
-12.72409669488445
-12.72468403093933
-12.725613038402656
-12.72632216907671
-12.72746183572146
-12.728306887030303
-12.729138284116345
-12.729878122424095
-12.730536002920864
-12.731409774405023
-12.731940096461491
-12.732551532034083
-12.733129236888498
-12.733591149419922
-12.734173426332463
-12.735045071054145
-12.73543843441017
-12.736002059531216
-12.736574125658379
-12.737216668829317
-12.737835816712238
-12.738418515629892
-12.738973925526878
-12.739460698605313
-12.740054999600833
-12.740460891006245
-12.741003994033571
-12.741515586241302
-12.741803982184564
-12.742695018839289
-12.743202259658798
-12.743916461692987
-12.744691943818511
-12.745299655915074
-12.745933291764242
-12.746550375794493
-12.747098221788367
-12.747597706650629
-12.748025397702051
-12.748560722365943
-12.748852630680659
-12.749239814706772
-12.749787932369156
-12.75007034317981
-12.750876905073653
-12.750976028531571
-12.751831516533095
-12.75217086792839
-12.752701071218832
-12.753261066824347
-12.75378011181526
-12.75415220206564
-12.754594913816256
-12.755031308176667
-12.7555529681694
-12.756016824777152
-12.756210698492925
-12.756582999498287
-12.757002735554162
-12.757395208842317
-12.757653633278276
-12.757922709882605
-12.758151829151998
-12.758400889464706
-12.758703375598785
-12.758952248787788
-12.759327747178464
-12.759635915165305
-12.759944891310996
-12.760239616631242
-12.760493647156233
-12.760755509583033
-12.76101714869301
-12.76121116721076
-12.76140067146383
-12.761640568475002
-12.761851053268744
-12.762171526868515
-12.762438112215643
-12.762726957101757
-12.762972421162306
-12.763185165126611
-12.763411627508802
-12.763650466401742
-12.763872661692517
-12.764132791393642
-12.76434756688904
-12.764563946074158
-12.764820881456256
-12.764995161669269
-12.76521467812278
-12.765352175814353
-12.765511674702367
-12.765693495958272
-12.765929281807706
-12.766135724617598
-12.766378919581966
-12.766577131060444
-12.766804889600534
-12.7670757029789
-12.767265883029898
-12.767313076114446
-12.767717072506981
-12.767811624080913
-12.76798815350482
-12.768126889826933
-12.768332543819806
-12.768486059376988
-12.768628573210503
-12.768793371867796
-12.768985119279833
-12.769133341908946
-12.769333128332146
-12.769462968218424
-12.769666863036218
-12.769832952062972
-12.769972664792148
-12.770201463826055
-12.770323897603513
-12.770510682484765
-12.770611859176787
-12.77074080543465
-12.770850525621881
-12.771068508010234
-12.771168984254308
-12.771299684370236
-12.771495292258045
-12.771625912837465
-12.771862106374403
-12.772059976439895
-12.772235447269901
-12.772398650951517
-12.772568746192029
-12.772769045923896
-12.772929973567717
-12.77303786557192
-12.773209715681535
-12.77333323781651
-12.77349080783707
-12.773789033851516
-12.773917938567195
-12.774052878782406
-12.774188996986707
-12.774329627918004
-12.774589139819716
-12.774676178028027
-12.774914048410437
-12.775010072661983
-12.775134550666275
-12.775280443762401
-12.775418763515557
-12.775622083495835
-12.775755272435372
-12.775894566610042
-12.776157718414627
-12.776275833313118
-12.776452136423847
-12.776588388759006
-12.776746765306969
-12.776857938799315
-12.777024300829616
-12.777145127443491
-12.777350076801167
-12.777465401721175
-12.777592061547773
-12.777747864932099
-12.77791388565015
-12.778064780959019
-12.778209737305112
-12.77834632234286
-12.778431963286314
-12.778571778752957
-12.778662068644467
-12.778765122946806
-12.77886047340935
-12.77894069800681
-12.779026669716368
-12.779140227467716
-12.77920741189805
-12.779300118326388
-12.779366018323838
-12.779454161206246
-12.779544975833677
-12.7796292749806
-12.779764062453667
-12.779851771168047
-12.779964815988063
-12.780032931548181
-12.780117698451669
-12.780149064616985
-12.78030444067889
-12.780359464342666
-12.780442398763139
-12.780586449843637
-12.780680904085715
-12.78080321402788
-12.780884430631623
-12.780985951871013
-12.781111324995107
-12.78125622719583
-12.781347569361131
-12.781479948625229
-12.781562028082629
-12.781711151694536
-12.781840372151438
-12.782007044723613
-12.782160394537707
-12.782290933868554
-12.782378604889646
-12.7826121156437
-12.782721613289894
-12.78283886685056
-12.783002321343432
-12.78306793880776
-12.783289643193564
-12.783366125543889
-12.78352404499733
-12.78359254124197
-12.783785537592916
-12.783881194258576
-12.783997614165575
-12.784179534002513
-12.78430896437636
-12.78447027105295
-12.784629794922044
-12.784779199505358
-12.784948688055582
-12.78516640616802
-12.785293775416298
-12.785477062088138
-12.785611365195791
-12.78581848740155
-12.785979199167343
-12.786143616434392
-12.786305685061231
-12.786493539105038
-12.786672771782207
-12.786846577626745
-12.787041008759623
-12.78723690730839
-12.787501527864432
-12.787664612120349
-12.787822013022865
-12.788114063174229
-12.788262074213725
-12.788502694083759
-12.788654118874803
-12.788812015519108
-12.789000208429233
-12.789145932120938
-12.789308643524945
-12.789451323662597
-12.789573829470077
-12.789684274788476
-12.789813642007635
-12.789929755312198
-12.790076261726163
-12.790182795689827
-12.790279642033145
-12.790433800654867
-12.790519840296335
-12.790628075457338
-12.790717642848442
-12.790867907676175
-12.790905423227361
-12.791052853760505
-12.791125868903645
-12.791189678544347
-12.791281141686069
-12.791343829408175
-12.791412919411519
-12.791495316149767
-12.791563315513844
-12.79163986830572
-12.7917843377222
-12.791840454217313
-12.791920785812083
-12.79194988833845
-12.7920407835861
-12.792097235227645
-12.792158174915997
-12.79226874364495
-12.792348500088496
-12.792478997324892
-12.792573462342299
-12.79267983517569
-12.792749302254078
-12.792849162738726
-12.792936684917501
-12.793019396921792
-12.793097856106868
-12.793229987084406
-12.793306872582129
-12.793399468652167
-12.79347525571127
-12.793593760040427
-12.793708836089474
-12.79378681393679
-12.793987489861856
-12.794268077105313
-12.794319424192567
-12.79461960846577
-12.794703153076867
-12.794836109786178
-12.79499702401779
-12.795150970087676
-12.795316970435133
-12.795446567847094
-12.795595822191451
-12.795771932965113
-12.795960958830111
-12.79606757855695
-12.796309496219276
-12.79638800111438
-12.796681448806943
-12.796847838235891
-12.7970111732714
-12.797257084251267
-12.797506611150759
-12.797752839211768
-12.797960743863355
-12.798207607200546
-12.798327658519232
-12.798915889039131
-12.799085714939963
-12.799327926831364
-12.799646460310168
-12.799833384671789
-12.800173052492228
-12.800363054681911
-12.800599104976895
-12.800773967390473
-12.80095583155339
-12.801226986002254
-12.801453412531645
-12.801802833109724
-12.802015619414396
-12.802229381904754
-12.802514916571665
-12.80274549850683
-12.80307919376743
-12.80336035997972
-12.803675917975342
-12.803916715388484
-12.804099620047358
-12.804326382836242
-12.80448201049329
-12.804662768206072
-12.804831437810112
-12.805093708693512
-12.805259567431591
-12.805449666668043
-12.805716751243743
-12.80600414378532
-12.806179824561942
-12.806410573082347
-12.806554792512786
-12.80674382111835
-12.80698510547683
-12.807103009033147
-12.807296914240956
-12.807553596780995
-12.807790515924625
-12.807942431870476
-12.808275021379584
-12.808422766430777
-12.808605607541665
-12.808888633333423
-12.809071151160355
-12.809279442447018
-12.80949051281918
-12.80964809251087
-12.80983412591833
-12.810002585354754
-12.810197965454094
-12.810339591371434
-12.810460993091485
-12.810657848615651
-12.810749291096503
-12.810854092121398
-12.81101320343778
-12.811124013225308
-12.81130130703632
-12.811511982295
-12.811618539648077
-12.811750924618948
-12.811826681969166
-12.81191443298694
-12.812015365522917
-12.812079989430565
-12.812263886112385
-12.812300304253649
