500 iters for seed 144 on 3R0.3 which is in the 78.50723266601562 percentile
 Maxcut: 21.0, MedianCut: 12.0
-11.75938350626064
-11.823574337496428
-11.906303832103498
-12.027350456737588
-12.067530038435809
-12.117654087537904
-12.150420638340913
-12.181295130994254
-12.212535498233587
-12.240261300217552
-12.268971030488697
-12.28828176508766
-12.305714473687459
-12.323065239998309
-12.337953916703379
-12.35326572585311
-12.364083418265551
-12.372390717297982
-12.38027904298996
-12.387067834419145
-12.393307432884635
-12.399275206315194
-12.404839719202696
-12.409691314044025
-12.414994136262765
-12.421085104225476
-12.427451933307204
-12.43183195915984
-12.43727089390578
-12.440766215737852
-12.445299887089336
-12.447761715695886
-12.452472585413195
-12.454587732674526
-12.457431315563927
-12.460033236965915
-12.463431134792287
-12.465123674287803
-12.46756918569958
-12.469560710371878
-12.471765076643312
-12.474008143121889
-12.475500522740406
-12.477267945977552
-12.479222886596522
-12.481142653710842
-12.48287594096564
-12.48437816251517
-12.486051312217597
-12.487576005463275
-12.488909860930228
-12.490011784915986
-12.49088046924919
-12.491806412252966
-12.492630793203496
-12.493342669812963
-12.493946601005641
-12.494601013623917
-12.495268096649454
-12.495963763507014
-12.49686952117364
-12.497543040103732
-12.498037079386439
-12.498785205602223
-12.499341499603586
-12.500104803558582
-12.501058429361297
-12.501819986661271
-12.502403066588897
-12.503555728408141
-12.504038864768432
-12.50491579282452
-12.505596485916504
-12.506192085517819
-12.506769780087822
-12.507656485848091
-12.508169143039469
-12.508826609039039
-12.509833353556925
-12.510324576851136
-12.511654544945596
-12.512255017097061
-12.513080600698443
-12.51337363228829
-12.514492706572833
-12.515011870673936
-12.515562355359833
-12.5163850392968
-12.516967623891595
-12.51778525168678
-12.518321400753695
-12.518945456986957
-12.519604203370271
-12.520336530407247
-12.520961561143642
-12.52155661643176
-12.522265377911369
-12.523004047970844
-12.523732380016469
-12.524306779289777
-12.525007864208835
-12.525632127986874
-12.526328570984298
-12.527063496576964
-12.527503479493387
-12.527962683422519
-12.528643551294653
-12.529027515706543
-12.529497004982126
-12.530361967036772
-12.530637453143484
-12.531011831450613
-12.531411261271177
-12.531801945414852
-12.532292824334133
-12.5328076848433
-12.533142802344207
-12.533691000621301
-12.534015353459328
-12.534434418800158
-12.53497104205845
-12.535262822958813
-12.53542466920316
-12.53617595034553
-12.536368639582653
-12.53674241268065
-12.536981005994221
-12.537391008229607
-12.537668003946814
-12.537913590813575
-12.538467003401863
-12.538821405017949
-12.539406196580428
-12.539829544395285
-12.540268218164611
-12.540657245250154
-12.540998813660423
-12.541602420932357
-12.54194514735432
-12.5423979228257
-12.543035837897229
-12.543455510856825
-12.54372745868806
-12.544518585661907
-12.544804260296058
-12.545193956568644
-12.545789519781895
-12.545879935009083
-12.546505793561437
-12.546668650166803
-12.546991781514569
-12.547202841250282
-12.547534603250018
-12.547730144267959
-12.547912350177008
-12.548075129898153
-12.548329837864543
-12.54847196133505
-12.54863574350108
-12.54893092106515
-12.549155302576603
-12.549403979566632
-12.54958496548747
-12.54979113759962
-12.549970076571041
-12.550201090224512
-12.550389719574326
-12.550576654462152
-12.550658157072977
-12.55109580355916
-12.551249273184936
-12.551429196797038
-12.551688995986222
-12.551762397202745
-12.552317732771485
-12.55247737014501
-12.552714359948617
-12.553037309083408
-12.553119295048212
-12.553687480250453
-12.5538692627992
-12.554107499135307
-12.554455644226135
-12.554670081629453
-12.555014756312655
-12.555290699958583
-12.555664483545744
-12.555952588415607
-12.556214491912524
-12.556504522411874
-12.556704634639594
-12.55704501182393
-12.557284249184706
-12.557561841557618
-12.557831040324468
-12.558094948505728
-12.55818676319126
-12.558645080038652
-12.558792775093503
-12.559079063850428
-12.559392064169316
-12.55972737360407
-12.559959951064023
-12.560228973655391
-12.56045395305351
-12.560727432079227
-12.561201129288701
-12.561430816909507
-12.56163362075187
-12.562136118266112
-12.56232290642417
-12.56255662227299
-12.562951653620896
-12.56320543707934
-12.563683283486618
-12.56405165322435
-12.564307371769193
-12.564498655745174
-12.564726413711163
-12.565064304930063
-12.565403164136043
-12.565676906959023
-12.565902396001025
-12.566142142244308
-12.56644270428248
-12.56672414083987
-12.56694890502293
-12.567228714911751
-12.567443256643735
-12.567710072482308
-12.568043241712507
-12.56829171470541
-12.568494385227373
-12.569032963818499
-12.569220641305643
-12.569581877363273
-12.569892512515185
-12.570369950290003
-12.570721829796414
-12.571021550029549
-12.571526296478277
-12.57172500386119
-12.572193160963158
-12.57239088742304
-12.572701662496097
-12.573188957768783
-12.573436313815234
-12.573753573071324
-12.574006101233964
-12.57424400731892
-12.574525167011682
-12.574800703648304
-12.575102475615278
-12.575334083258738
-12.575606578501084
-12.575899931681032
-12.57612951140242
-12.576352835244755
-12.576650570138613
-12.576883974671931
-12.577128332718786
-12.577369197663332
-12.577559313533849
-12.577755200129952
-12.577944546626615
-12.578070572721273
-12.578237153894555
-12.57833867473685
-12.578549701703928
-12.578649422901993
-12.578804091965806
-12.578994256153862
-12.579180361026843
-12.579315064297607
-12.579489612369933
-12.579619900638074
-12.579802664969192
-12.579942309190663
-12.580085738699713
-12.580252098028334
-12.580440260570972
-12.58061205832267
-12.58077935239772
-12.580917960811936
-12.581062004233099
-12.5811132224518
-12.581343945704281
-12.581419948071796
-12.581538827946547
-12.581708861705177
-12.581812047854163
-12.582007317747784
-12.582166549715032
-12.582348768123385
-12.582507498658291
-12.582711621245906
-12.582898051400496
-12.583088740417388
-12.583259283796988
-12.583428993416415
-12.58371161251483
-12.5838868606135
-12.584038522614975
-12.584276677349479
-12.584401404517328
-12.584544795417616
-12.584803410127341
-12.584904320542407
-12.58501870016209
-12.585305687258817
-12.585427831855826
-12.58555110334899
-12.585776931921746
-12.585906453641364
-12.58617833171181
-12.586275642698473
-12.586536582834363
-12.586655484379744
-12.586791266116034
-12.586975505302512
-12.587193339775826
-12.587349819902055
-12.587519454450119
-12.587670521474905
-12.58781718871557
-12.588044279830523
-12.588174645170426
-12.588266322270403
-12.588463440011662
-12.588568284022747
-12.588735064807926
-12.588825132913744
-12.588969676350601
-12.589056335897242
-12.589167891451197
-12.589302112814353
-12.589454845610284
-12.589555017835629
-12.589665614598673
-12.589773552684225
-12.589901463203324
-12.590035579185392
-12.590127616582937
-12.590234618096193
-12.590394137912165
-12.590468910414565
-12.590577280762608
-12.59066401728353
-12.590755169834623
-12.590818195653162
-12.590944291582927
-12.591016319871763
-12.591097927952614
-12.591205695373338
-12.59133781835712
-12.591446904197925
-12.591575229997144
-12.591678698982095
-12.591752090134122
-12.591886865739895
-12.591943398182067
-12.592027630824166
-12.592126550305634
-12.592185871146947
-12.592222570756192
-12.592330740605144
-12.592372214920156
-12.592428538823699
-12.59251027061154
-12.592557376212104
-12.592645040860226
-12.592683524127258
-12.592747818593171
-12.592832288064008
-12.592919215291836
-12.59296853797624
-12.593032409281308
-12.593075199638719
-12.593125012654722
-12.593217399015776
-12.593258781803645
-12.593314062152922
-12.593366882279408
-12.59341613240956
-12.593440396852964
-12.593490159098153
-12.593528793735246
-12.593555172703581
-12.593601647257946
-12.593642463598009
-12.593691823027276
-12.593731314458308
-12.593760302251933
-12.593801609998797
-12.593825687900516
-12.593868905240077
-12.593895338442579
-12.59392441949707
-12.593972775230217
-12.5940057564449
-12.594044521198814
-12.594076176113582
-12.594103869058815
-12.59416741723904
-12.594200196223976
-12.59423987452971
-12.594276603749217
-12.594307698757483
-12.594343039707828
-12.594375921079983
-12.594405909556649
-12.594440703214449
-12.59447139613969
-12.59450948262327
-12.594541653035192
-12.594577549797263
-12.594616949751428
-12.594673494432623
-12.594708155041289
-12.59474733896867
-12.594769556400127
-12.594817150130547
-12.59485162206506
-12.594883817429945
-12.594939730116215
-12.594975473388384
-12.595032952988289
-12.595067870280674
-12.595115487434438
-12.595190804938703
-12.595241723732471
-12.59528706129484
-12.595324437805063
-12.595362412802992
-12.595397251531157
-12.595470751454192
-12.595504636600468
-12.595541773759182
-12.59559592386019
-12.595639951643788
-12.59571447083114
-12.595767854181958
-12.595819841339495
-12.595868200732248
-12.595927126422641
-12.595985251945736
-12.596046912789461
-12.596095861265633
-12.596155251399429
-12.596208379822652
-12.5962521011575
-12.596306075105634
-12.59634768886016
-12.596391528092614
-12.596433718951983
-12.596469714931315
-12.596504423226284
-12.596553427016785
-12.596587162358233
-12.59662084317438
-12.596653347410534
-12.596684511411446
-12.596699779697216
-12.596764886303102
-12.596785645687207
-12.596816881032058
-12.596845609822306
-12.596885555567994
-12.596923357481632
-12.59695947092797
-12.596991099342796
-12.597043154635912
-12.597079675865338
-12.597119071421286
-12.597157422975027
-12.597212851066544
-12.597251489189745
-12.597290998319433
-12.59734007161518
-12.597395856551405
-12.597433588506917
-12.597476526156816
-12.597519755225747
-12.59757823249382
-12.597632721138858
-12.59769639824061
-12.597732188850138
-12.597796666407904
-12.597827067720615
-12.59788880329391
-12.597941234556588
-12.597982990533117
-12.598052689938738
-12.598084751312083
-12.598144170066433
-12.598189035232819
-12.59823734308546
-12.598285769015634
-12.598321663752367
-12.59837188087117
