500 iters for seed 16 on 3R0.3 which is in the 50.243377685546875 percentile
 Maxcut: 22.0, MedianCut: 12.0
-12.11675991752437
-12.179325258860118
-12.208752446345937
-12.235338891633011
-12.262932310138046
-12.286310100157639
-12.302383981170433
-12.315833069703883
-12.327668471361322
-12.339463341910944
-12.348439869236028
-12.357186460839406
-12.36777659380364
-12.372038780270156
-12.380088605648684
-12.384800585711654
-12.390127840710088
-12.395945627210184
-12.400378798971635
-12.405658510539467
-12.409671610566537
-12.415543590863706
-12.419375652758227
-12.425855360090447
-12.429721159194433
-12.435406784530153
-12.438624656085269
-12.443740801306653
-12.44763973939816
-12.451513329844177
-12.455743140837235
-12.459571098561055
-12.461798547581083
-12.465103437859769
-12.467008947112014
-12.469961064125755
-12.4718616682647
-12.474012815410362
-12.476381013247295
-12.478699884943541
-12.480831437905106
-12.482642756261068
-12.484673923689964
-12.486400845841095
-12.488005917652755
-12.489513339578938
-12.4911262004294
-12.492368830828598
-12.493882331028548
-12.495339190363685
-12.496798498683164
-12.498086271574097
-12.499254126745893
-12.500737136797381
-12.502143384418968
-12.503397059235619
-12.504513082612014
-12.506081400506023
-12.507187298141199
-12.508236222559114
-12.509423138015542
-12.510336879111556
-12.511344240665586
-12.512115401036448
-12.51286667890416
-12.51367654662053
-12.514318308137735
-12.514964707741365
-12.515464907026477
-12.516086591883461
-12.516792788279245
-12.517531537072419
-12.517943328586854
-12.518581307860522
-12.519067616354548
-12.519677680125604
-12.520419141592475
-12.520862609305345
-12.521242388758353
-12.522050075046337
-12.522312563387533
-12.522761579542387
-12.523053581529634
-12.523417091687243
-12.523719540592793
-12.523989198594869
-12.524388761587009
-12.524805820606812
-12.525063324054084
-12.525492187279486
-12.525699912221691
-12.526013565527055
-12.526333458499373
-12.526590699500236
-12.527089376788833
-12.527311949583707
-12.52758402920918
-12.527844271070437
-12.528163786367575
-12.528486249904589
-12.52876926855311
-12.529032141539979
-12.529283201997444
-12.529661214470508
-12.530048559138148
-12.530362627411309
-12.530654867234386
-12.530943957775001
-12.531244624345486
-12.531494735101418
-12.5316943917237
-12.532010782717544
-12.532292074849547
-12.532518261514337
-12.532787978552852
-12.532998401262732
-12.53325301675612
-12.533444953679606
-12.533605279623165
-12.53378176025502
-12.534055078558767
-12.534204068021303
-12.534403555823175
-12.534588847446846
-12.534828061685621
-12.53498529889613
-12.535158080859391
-12.535286666448197
-12.535482615787071
-12.535634634220862
-12.535782458445798
-12.53605986218082
-12.536154820527054
-12.536472628017224
-12.536592166911252
-12.536773920736934
-12.537052972814646
-12.537239052504981
-12.537469585326729
-12.537640384872478
-12.537826899509984
-12.538091179715611
-12.538443135839826
-12.53863630908353
-12.538847863080415
-12.538984173774457
-12.539156402875795
-12.539314516031851
-12.539411998105363
-12.539557348465994
-12.539739754055503
-12.53984213320826
-12.539977582437357
-12.540132676941832
-12.54032791075051
-12.540482415302872
-12.540619280092963
-12.540759830296162
-12.540927705411278
-12.541067066274092
-12.541193739227102
-12.541329694942851
-12.54146443114338
-12.541622985470816
-12.541716831095119
-12.541832772664385
-12.542010059305262
-12.542150913225923
-12.542237044176703
-12.542449714518577
-12.542508951477933
-12.542629684651379
-12.542737127125465
-12.542851281456194
-12.5429865960359
-12.543147971613452
-12.54324434710688
-12.543363255761497
-12.543456153908249
-12.543574856221547
-12.543706752439796
-12.54380530180039
-12.543943459313427
-12.544091131830251
-12.54424100595796
-12.544391063592256
-12.544469274174757
-12.544718635406454
-12.544813905323945
-12.544965745419809
-12.5451516420495
-12.545343412816965
-12.545484943106757
-12.545679874451485
-12.545788546367922
-12.545936713142398
-12.54614105236286
-12.546250225513742
-12.546412293878985
-12.54669410572232
-12.546810219517107
-12.546982416167255
-12.547022789151212
-12.547235126282192
-12.547322124530242
-12.547421630206955
-12.547579581495565
-12.547857794783548
-12.547939293937176
-12.548199496159864
-12.548283963772306
-12.548428543638078
-12.54855623750755
-12.548771076922044
-12.548895516941343
-12.549022870372106
-12.549169175277964
-12.54934582380736
-12.549479363190498
-12.549634221042307
-12.549737315972763
-12.549855480964407
-12.550008429655895
-12.55009057453459
-12.55017107229369
-12.550419445255493
-12.550506330353906
-12.550640315225975
-12.550823342190107
-12.551030416805276
-12.551184894979551
-12.55134636187532
-12.551462623806405
-12.551593549623373
-12.551742623890682
-12.551854558180064
-12.551988984402456
-12.552175972556057
-12.552310974702149
-12.55240113418056
-12.552516458258268
-12.552599648718118
-12.552712232194606
-12.552826275587096
-12.552900584085123
-12.552963791277726
-12.553054855207654
-12.553127290922433
-12.55322496590425
-12.553308498174546
-12.553399927779338
-12.553504151874652
-12.553606943155936
-12.553720060638096
-12.553841851277994
-12.553938689609307
-12.554049820836912
-12.55419177252129
-12.554316240565395
-12.554469376029802
-12.554617368449449
-12.554756260527185
-12.55488557900572
-12.55502106810833
-12.555152572711927
-12.555298199782253
-12.555405380743853
-12.555532923995749
-12.555693830833276
-12.555812626564467
-12.5559035014309
-12.556049815466483
-12.556165295648352
-12.556317365606828
-12.556449446003429
-12.556545952013472
-12.556655166232172
-12.556761045076946
-12.556856715919219
-12.55698597465538
-12.557088766978136
-12.557195606179675
-12.55736580433941
-12.557427878091225
-12.557519990366286
-12.557610696251613
-12.557703543911469
-12.557848900691425
-12.557928260280448
-12.558030217933672
-12.558109820148697
-12.558229553269664
-12.558335810117667
-12.558451188719175
-12.558572272546712
-12.558651320860427
-12.55877970137188
-12.55889415426729
-12.55900887609753
-12.559116807239459
-12.559197587430354
-12.559300310233528
-12.559378516316976
-12.559435523507046
-12.559498149222703
-12.559574118738315
-12.559627716654262
-12.559674826753827
-12.559801615735456
-12.55984571188819
-12.55997574588504
-12.560033423283235
-12.560119282476855
-12.560246036385186
-12.560272771148357
-12.56039707489874
-12.560435412089314
-12.560501821407327
-12.560560301267063
-12.560656524890767
-12.560721334244892
-12.560768420398501
-12.560838658576772
-12.560917569951153
-12.560987006694189
-12.561076268923276
-12.561122439084402
-12.561179469047868
-12.561269452104051
-12.561320214863832
-12.561395947283922
-12.561454875219795
-12.561515193048889
-12.561580625149471
-12.56163281076725
-12.561680594766628
-12.561729162158079
-12.561768973621056
-12.561819985496976
-12.561872165589204
-12.561914141991808
-12.561976688423105
-12.562036939667637
-12.562089094307197
-12.562143242081468
-12.562198994947966
-12.562260996026204
-12.562309436426984
-12.5623557647335
-12.562401157569617
-12.56245504403765
-12.562484006473277
-12.562550308155384
-12.562589198403222
-12.562635168100984
-12.562694188762062
-12.562752648542133
-12.562793039238237
-12.562846959706112
-12.562882161436985
-12.562922107378817
-12.562985795069647
-12.563015748908915
-12.563067498715716
-12.563104447730453
-12.56315349834312
-12.563186041464045
-12.56322136298968
-12.56324579350461
-12.56329741960138
-12.563329663781134
-12.563368178436122
-12.563431343655854
-12.563467739027999
-12.563534879696157
-12.563580299588779
-12.563621876607291
-12.563662769687905
-12.563698546185794
-12.563737005533696
-12.56376134149662
-12.56379865329112
-12.563830389926594
-12.563861957922654
-12.563924569628075
-12.563962568679548
-12.564008654409403
-12.564044273614492
-12.564083212018277
-12.564127758863966
-12.564169212372741
-12.564209139491567
-12.564239487814866
-12.564286035752417
-12.564321855668659
-12.564383438943569
-12.564408402826714
-12.56444847420517
-12.564493596956389
-12.5645514548575
-12.564606748279862
-12.564659025331721
-12.564714644093028
-12.564766858255915
-12.56481545505481
-12.564865144875803
-12.564908713767387
-12.56497976326546
-12.565022812115991
-12.56507541260326
-12.565140592861443
-12.565182570072544
-12.565251114600251
-12.565345783707372
-12.565392183005011
-12.565463823819472
-12.565490655234683
-12.565561066344852
-12.565600376049881
-12.565636602258685
-12.565681973705086
-12.56573593532081
-12.565778161032704
-12.565820733291782
-12.565857959912098
-12.565885271439438
-12.56592905931835
-12.5659549374566
-12.565994881917941
-12.566026223785546
-12.56605309880089
-12.566098900802324
-12.566150102105103
-12.566185457675035
-12.566230288048668
-12.566268994725647
-12.566313179296747
-12.566385536277505
-12.56641922476495
-12.566451337003636
-12.566492985956643
-12.566532826598124
-12.56659142881532
-12.566653209451054
-12.566695136094923
-12.566751656345323
-12.566804976422244
-12.56687600811388
-12.566937235123763
-12.566991457037837
-12.567026840575032
-12.567104062062889
-12.567140110507756
-12.56719290064315
-12.567236644564062
-12.567286765255936
-12.567368798858116
-12.567408865828279
-12.567487507999624
-12.56754173338857
-12.567593885910215
-12.567638327154988
-12.56769061483212
-12.567748564711511
-12.567807203778534
-12.567856774810501
-12.567921634631517
-12.567969602024185
-12.568019325381346
-12.568080834787173
-12.568118424914019
-12.568183661362806
-12.568192664207308
-12.568268203894752
-12.568293004983053
-12.568328190003971
-12.56837562687015
-12.568410310560733
-12.568465025768996
-12.5685060285811
-12.56854988902528
-12.568584541188704
-12.568632600347499
-12.568676916255379
-12.568706982722587
-12.568731781996982
-12.568785828399086
-12.568811720955289
-12.568841204857103
-12.568887289236294
-12.568920882053543
-12.568971930879616
-12.568993777252023
-12.56902599417824
-12.56905089549161
-12.569099204998656
-12.569120717988623
-12.569147919894462
-12.569183052952253
-12.569220656097885
