500 iters for seed 147 on 3R0.3 which is in the 50.148773193359375 percentile
 Maxcut: 22.0, MedianCut: 12.0
-11.998232047517913
-12.047003780957127
-12.127320276143237
-12.159603670982289
-12.20706613657738
-12.234934318267555
-12.25395298208359
-12.281614635664935
-12.29689209651919
-12.31115757059097
-12.325066915087502
-12.339270259755201
-12.351846477495942
-12.359905544323203
-12.367519391877686
-12.373527462588005
-12.379342794593315
-12.38525560488131
-12.390951369119723
-12.396628821600425
-12.402503497653285
-12.407624446663345
-12.412416637407057
-12.418128291221308
-12.421066380766403
-12.424656954770867
-12.42789298848059
-12.430112199566764
-12.432439484724098
-12.434959523536342
-12.436987688777887
-12.438954556534284
-12.441244267218266
-12.44331775895676
-12.445626038598812
-12.447817234628262
-12.450152837850059
-12.451940796783166
-12.453769670287786
-12.455870041315345
-12.458106181435937
-12.460318841026426
-12.462498459503003
-12.465119156658222
-12.467490582291923
-12.469563248420055
-12.471845168836035
-12.474079021350423
-12.476001299692012
-12.478721038513543
-12.480705563188819
-12.482880102776239
-12.484646142303415
-12.485830534482142
-12.487097172290582
-12.488446307415687
-12.489360310922626
-12.48999165536294
-12.491288234592853
-12.492160355627242
-12.493089376544969
-12.494074249414302
-12.494839878673053
-12.495804636088522
-12.49679933556283
-12.497594551373481
-12.49832148311597
-12.499465496148975
-12.500377765212983
-12.501382111873713
-12.502438998594045
-12.503250376503637
-12.504406218133486
-12.505246030721345
-12.505964805029553
-12.506834451461877
-12.507419484840359
-12.508111113613344
-12.508821345656107
-12.509354403236348
-12.510173348682073
-12.510856429940459
-12.511308795598696
-12.511926976725789
-12.51236959878883
-12.512891791233493
-12.513561014140171
-12.513954283226106
-12.514752398332654
-12.514919554519047
-12.51574382475691
-12.516060316926335
-12.516553815771113
-12.517255186697376
-12.517611776951108
-12.518172404629333
-12.518577803680625
-12.519054012319586
-12.519376552359734
-12.519902322579489
-12.520290378442258
-12.520630492287381
-12.521199929006425
-12.521571795490592
-12.522052718065533
-12.522306761718852
-12.522577336096669
-12.522807370799313
-12.523255177866298
-12.523453248240362
-12.523699581691975
-12.524034920485109
-12.524281637598499
-12.524627452101075
-12.524894693063308
-12.52519248722865
-12.525412676870303
-12.525787055809388
-12.526025467935835
-12.526248703551222
-12.52656515742395
-12.526831786130003
-12.527100927533708
-12.527382676667997
-12.527665272331278
-12.52793158881919
-12.528499279789042
-12.528734243872147
-12.529037650066412
-12.52944938502643
-12.529726755721013
-12.530152586338641
-12.530487821524755
-12.530873908291106
-12.531266023292876
-12.531719064213194
-12.532081887427623
-12.53238930014004
-12.532669485337317
-12.533041733831164
-12.533354699170427
-12.533620935845725
-12.533966874550234
-12.534334405951626
-12.534579874697066
-12.534911555754146
-12.535186503842269
-12.535487953866424
-12.535995628881427
-12.536305824525108
-12.536569938112754
-12.537034818240132
-12.537331921192223
-12.537645337663935
-12.538102774799668
-12.538397201073083
-12.538768524289281
-12.538932548964507
-12.539212969789265
-12.539385927490962
-12.53954252368501
-12.539770516428275
-12.540022530946171
-12.540204201161067
-12.540443914210991
-12.540615709553023
-12.540778203052708
-12.541050511073399
-12.541189704732096
-12.541344997178754
-12.541688353022813
-12.541814798445882
-12.54196306299692
-12.542148146801978
-12.542290702539832
-12.542553360015761
-12.542726493172896
-12.54299670925851
-12.543140334186663
-12.543276243458976
-12.54339847914817
-12.54355756451
-12.543694253689159
-12.543827214814739
-12.5439639955599
-12.544097735650718
-12.544223737236607
-12.544353755805261
-12.544494625223187
-12.5446172128334
-12.544759832119432
-12.544867505435269
-12.544967680099681
-12.545120162446421
-12.545201784931182
-12.54530058845993
-12.54547442345746
-12.545572328136526
-12.545646539658595
-12.545747431349573
-12.545829230997555
-12.545900605492704
-12.546017075818497
-12.546086888393777
-12.54615820005133
-12.5462621409824
-12.546330252180054
-12.546426414318825
-12.546487639374433
-12.546573723707574
-12.546636898776324
-12.546717496029512
-12.546786424136783
-12.546859864172736
-12.546933373237238
-12.547021757302222
-12.547101985249576
-12.547185561005163
-12.547257350041022
-12.547352614106
-12.547438464887305
-12.547528611130627
-12.547602657524445
-12.547725204043026
-12.54779687973606
-12.5478661257862
-12.547954212372993
-12.548059011768744
-12.548119590548973
-12.548196335101009
-12.548264988025924
-12.548358562071709
-12.548456965975673
-12.548546975265417
-12.548643746733438
-12.548748843448942
-12.548840884998995
-12.548924750587307
-12.549018541139612
-12.5491214418235
-12.549217881023125
-12.549334971806005
-12.549421863606106
-12.549533640771964
-12.549649350619616
-12.549744454095933
-12.549863153894059
-12.55001245107831
-12.550182076040088
-12.550344420913515
-12.550476907949815
-12.550668748010258
-12.550823764606083
-12.550965240240108
-12.551133046156977
-12.551286511292348
-12.551370138516013
-12.551589723794022
-12.551650217567708
-12.551807591154741
-12.551926550233883
-12.552034747479386
-12.552191969174297
-12.552311376155778
-12.552445043233275
-12.552534923012285
-12.552654192811914
-12.552756348188447
-12.55298004319666
-12.553073323320936
-12.553189116795966
-12.553332345634033
-12.55343683283353
-12.55362195146783
-12.553707505062935
-12.553834441539863
-12.553929438816995
-12.554068542400403
-12.55420038429224
-12.554334664129389
-12.554464841339053
-12.554588789153895
-12.554761833677517
-12.554894435703353
-12.555029628817696
-12.55523455040683
-12.555382762732146
-12.555455019223672
-12.555781027046923
-12.55586054652214
-12.556022352707892
-12.5561225198078
-12.556250885459947
-12.55635935799619
-12.55645533594001
-12.55662375682568
-12.556808289047312
-12.556916861385602
-12.557068509894558
-12.557186166923994
-12.557296705598576
-12.557495272672897
-12.557573298334269
-12.557668496896333
-12.557851082442212
-12.55795217346026
-12.558103443581544
-12.55832312817768
-12.558404139083292
-12.558513894926696
-12.558632697128491
-12.558775635202563
-12.558918179595953
-12.559026731562263
-12.559150803609572
-12.5592816071133
-12.559390568337976
-12.559463540768775
-12.55957276451226
-12.559644312496093
-12.559769528971898
-12.55984486803161
-12.559917196390881
-12.560046860466976
-12.560147985608705
-12.560272764473154
-12.560364677920994
-12.560475752270575
-12.560542632445312
-12.560749871975252
-12.560839710802917
-12.560946662221223
-12.561101114014802
-12.561191864158642
-12.561342234617216
-12.561403436060525
-12.561511186377995
-12.56165419779611
-12.561795351843642
-12.561875740901923
-12.561981606940636
-12.562055200195683
-12.562128832788732
-12.562234394092696
-12.562282786099724
-12.562331807767245
-12.562462981096125
-12.562508470996287
-12.562563202523311
-12.562678459311055
-12.562724527825363
-12.562788443101446
-12.56286122452887
-12.562907121366822
-12.56297211034384
-12.563022592473814
-12.563072856746668
-12.563123560037464
-12.563164786405427
-12.563225564660353
-12.563268536303706
-12.563318488806662
-12.563361804780033
-12.563410425985664
-12.563448422350596
-12.56352017744676
-12.563557274293299
-12.563603707211666
-12.563664536023667
-12.563733987698974
-12.563785835733821
-12.563853313414313
-12.56389961678072
-12.563939930810008
-12.564017616233398
-12.564046816848741
-12.564084308543016
-12.564162995565859
-12.564199201572714
-12.564240163739703
-12.564299895167103
-12.564330006230973
-12.56436869599849
-12.564419972205833
-12.564468638476281
-12.564495133822131
-12.564549569114906
-12.564560246037972
-12.564612293621417
-12.564641492591948
-12.564673567197168
-12.56472497194993
-12.564759851152001
-12.564814420774171
-12.56484505076354
-12.56488791615699
-12.564925279333508
-12.564966250940659
-12.56501828087514
-12.5650527414725
-12.565092129394085
-12.56512949873313
-12.565171259253724
-12.565191949733968
-12.56522911282937
-12.565244236693625
-12.565283545652754
-12.56530835037639
-12.56533529455063
-12.565356550518018
-12.565393156904875
-12.565413289093843
-12.56543279185094
-12.5654691457951
-12.565493221501338
-12.565531239797672
-12.565560614564362
-12.565601235343312
-12.56564056199708
-12.565678958180957
-12.565724582766459
-12.565762140864594
-12.565784894363695
-12.565823015771493
-12.565839363668893
-12.565866498511719
-12.565894648336819
-12.565912042239496
-12.565953534012966
-12.56597511129921
-12.56599851225255
-12.566023009287425
-12.566057780188947
-12.566077702184042
-12.566111085641534
-12.566133251533083
-12.566153712923152
-12.56618299489086
-12.566211905245563
-12.566231605957626
-12.566256854796794
-12.566276158158539
-12.566296065516747
-12.566324281952491
-12.566348613497562
-12.566376160356732
-12.566400399402765
-12.566420753023062
-12.56644223376601
-12.566465044641138
-12.566492978758975
-12.566510569091765
-12.566527416304288
-12.566550809556704
-12.566566982087357
-12.56658289176993
-12.566606476638075
-12.566616745077788
-12.566634253497762
-12.566645913858876
-12.566665579960675
-12.566680357986476
-12.566693448693618
-12.566725036712315
-12.566741883177684
-12.566771921619466
-12.566796813060721
-12.566828517182708
-12.566856767666453
-12.566885417762364
-12.566926382443345
-12.566952608874224
-12.566988532810544
-12.56701766320611
-12.567047298904834
-12.567077539888356
-12.567115261307645
-12.567150163455079
-12.567201524412196
-12.567232574124917
-12.567267992588842
-12.567289689060075
-12.567328311641266
-12.567360275833396
-12.56738880702135
-12.567441117409743
-12.567472904650304
-12.567518479031133
-12.567560297262634
-12.56760368486329
-12.567644625668759
-12.567688394752281
-12.567727391221924
-12.567761513726902
-12.567795953846842
-12.567844896872188
-12.567872622424257
-12.567904937489565
-12.567957067586356
-12.567986459781533
