500 iters for seed 54 on 3R0.3 which is in the 94.75631713867188 percentile
 Maxcut: 22.0, MedianCut: 12.0
-12.018690416107958
-12.063238065136062
-12.138230512190184
-12.169489575176025
-12.212876212748393
-12.236027146473576
-12.253688808994712
-12.276561672214681
-12.291848825241493
-12.304970775252304
-12.319885561579214
-12.334533261110678
-12.346223125628974
-12.357379085633337
-12.364157328678683
-12.37224378526793
-12.379415704246002
-12.386045818984337
-12.391874105313768
-12.398849626910453
-12.404904093486493
-12.411722394046105
-12.417949044045722
-12.423450988827359
-12.429549658872283
-12.432926983311996
-12.436898666731652
-12.439957889038604
-12.443230497471173
-12.44534583090855
-12.450312903137618
-12.452725055050106
-12.45588730008552
-12.459193913680458
-12.461864325315416
-12.464581055029633
-12.46684699344463
-12.469074893215652
-12.471196799658186
-12.473537449328767
-12.47506509602447
-12.477637192521334
-12.478337729666553
-12.481168834476126
-12.482125269968412
-12.483664985576969
-12.485510750458818
-12.487068029269514
-12.488580402942429
-12.489823032287457
-12.490892618693774
-12.492428128827008
-12.494016539816283
-12.495228632004018
-12.496229932036071
-12.497127494277079
-12.497971712394067
-12.499130014924608
-12.50016322296409
-12.501102825888612
-12.501908264187655
-12.502861190761202
-12.503924748741365
-12.504944741770036
-12.50589805807665
-12.506908517784135
-12.507824322286766
-12.508635600829392
-12.509439112661523
-12.510264699848248
-12.511253507823149
-12.512058269666236
-12.512782154126496
-12.513403971242205
-12.514049266016688
-12.51464321833677
-12.515221342067965
-12.515831535620693
-12.516514485277515
-12.517136420570715
-12.517705348750077
-12.518260923990852
-12.518739891499909
-12.519105209335947
-12.519855856482263
-12.520222093076637
-12.520615281113429
-12.521203216143693
-12.521663345705438
-12.522165030879567
-12.522577376190744
-12.522967027791271
-12.523310814828978
-12.523806977294695
-12.52415073622243
-12.524427981322237
-12.524814899590037
-12.525135131068474
-12.525520373628954
-12.52585263391754
-12.526139917731964
-12.526396505297257
-12.526722451620554
-12.527024223093903
-12.527296189030393
-12.527615469036864
-12.527895062001095
-12.528159260060841
-12.528562270533246
-12.528739680939445
-12.529004689456146
-12.529203404859107
-12.529530468428334
-12.529793341839234
-12.530029958941789
-12.530113586157608
-12.530551094318941
-12.530733283098067
-12.530965403735326
-12.531340612415562
-12.531608213011653
-12.532069614641996
-12.532386996443323
-12.532797972705358
-12.533135975998487
-12.533458394644809
-12.533882849073663
-12.534136474572074
-12.53454827398503
-12.534826149898391
-12.53511320609409
-12.535410429169971
-12.535663738426317
-12.535993250349474
-12.536304285224919
-12.536634318583905
-12.536915705522865
-12.537201952851207
-12.537528677233944
-12.53796804032043
-12.53838145578958
-12.5388793350675
-12.539246026539185
-12.539763496632878
-12.539967972068984
-12.540569065851875
-12.540813269583337
-12.541108284961991
-12.541379814392439
-12.541712961675017
-12.541914107082262
-12.542135594969764
-12.542284671390469
-12.542491738470924
-12.54266182464011
-12.54282261364441
-12.543111660965007
-12.54334075391183
-12.543521054057589
-12.543711381013761
-12.543888950292503
-12.544143991312414
-12.544365259995695
-12.54452111221916
-12.544677766834841
-12.544855254442982
-12.545028045475092
-12.545239782793036
-12.54539331686278
-12.545621960914819
-12.545826461312688
-12.546045211787767
-12.546239452995225
-12.546431927510946
-12.5465358289809
-12.54684461006207
-12.546977330712842
-12.547131230030404
-12.547292374050722
-12.547493558449888
-12.547669780286071
-12.547805126050868
-12.547933288218811
-12.548088201737833
-12.548246112860268
-12.548300649456644
-12.548509920713112
-12.548590955646311
-12.548711482328248
-12.548860980270952
-12.549029540964643
-12.549147320487307
-12.549262255002269
-12.549361290762022
-12.549454185713971
-12.549624506988868
-12.549648729903552
-12.549756557890346
-12.54981240475843
-12.549897164473073
-12.54998665977275
-12.550027174499757
-12.550247554573769
-12.550311578578969
-12.550392446619574
-12.550492541388362
-12.550590608464246
-12.550720714847687
-12.550777994701727
-12.550854188339114
-12.550948879405105
-12.551040203982103
-12.551110243799059
-12.551173071010671
-12.551247100197529
-12.551313712161864
-12.551420715679274
-12.551485984509513
-12.551565764186263
-12.551628379851383
-12.55170239790342
-12.551777530132544
-12.551833836547376
-12.551916376267092
-12.551994537254492
-12.552058525518488
-12.55213529275115
-12.55223278939348
-12.55232938811283
-12.55244052980731
-12.552529514035378
-12.552625362238588
-12.552721402816061
-12.552787842990393
-12.552850174073374
-12.552911502323019
-12.552968423932743
-12.553023011268406
-12.553098376535434
-12.553151446492649
-12.553203857615857
-12.553274204455281
-12.55332929412736
-12.553398449377596
-12.553528367795206
-12.55357200569467
-12.553654124601417
-12.553695617113448
-12.55375688590518
-12.553822345198808
-12.553906219873873
-12.553971653500046
-12.554066222723147
-12.554157583371625
-12.554202880587827
-12.554298290237112
-12.554323005122779
-12.554419657236368
-12.55447110614353
-12.5545302912918
-12.554621596747277
-12.554678300741081
-12.554770316219617
-12.554838616119788
-12.554917751884524
-12.554993284095362
-12.555060824009036
-12.555156729854314
-12.555219723176538
-12.555280527922665
-12.55539971816835
-12.555460855163531
-12.555532835970801
-12.555654022157782
-12.555703859448565
-12.555757063157486
-12.555914431930663
-12.555986828996748
-12.55602183526556
-12.556185509612876
-12.556231445904546
-12.556359607249947
-12.556380841240655
-12.55652757771278
-12.556568527640911
-12.556653439137012
-12.556744950142079
-12.55685287818257
-12.556932293068169
-12.55701064623181
-12.557082935990914
-12.557172668547741
-12.557251441570337
-12.557328140312208
-12.557382491537323
-12.557485534013356
-12.557547322752395
-12.557622714957276
-12.557723574334789
-12.557792215914038
-12.557958766741715
-12.558043678690552
-12.558128836984606
-12.55820910394907
-12.558273037997882
-12.558368705890743
-12.558412258982308
-12.55853032350292
-12.558574550535118
-12.558642512833952
-12.558713249836666
-12.5588028392281
-12.558870920090683
-12.558946193075784
-12.559061179513758
-12.559123764448099
-12.559224338191873
-12.559291668040062
-12.559368784787566
-12.559436549127009
-12.55949253517355
-12.559565273966658
-12.559609189957339
-12.559653583744776
-12.55974565243817
-12.559797222783473
-12.55991487356786
-12.55999434530581
-12.560073850765892
-12.560158880641522
-12.56021942107745
-12.560300680667718
-12.560392209571882
-12.560449175749111
-12.560541490056067
-12.560550727803182
-12.56064971302264
-12.560688452486954
-12.560734849692846
-12.560796843233483
-12.560824119931995
-12.560918890393049
-12.560951767473359
-12.560999625597683
-12.56108286801827
-12.56113348939953
-12.561196171381793
-12.561247154066852
-12.561310594725144
-12.561357577543374
-12.561407464446123
-12.561449256966688
-12.56148039171467
-12.561498745549008
-12.561565464211133
-12.561586145635683
-12.561617553563371
-12.561665239896556
-12.561681067406365
-12.561752029255048
-12.561774903777737
-12.561808738792374
-12.561862627079876
-12.561872572242239
-12.561958166488635
-12.561984303913778
-12.562022223635784
-12.562076614653684
-12.562089550335365
-12.562171889939307
-12.56220035986166
-12.562255977154251
-12.562284768115184
-12.562360489335086
-12.562399064759818
-12.56243917170097
-12.562499402118984
-12.562529391831205
-12.56259781662331
-12.562624932191351
-12.562665391448727
-12.56275338513291
-12.562808008125511
-12.562886000036054
-12.562960568113516
-12.563043014152663
-12.563120577422954
-12.563194365788846
-12.563277907662803
-12.563339339057727
-12.563438765833391
-12.563485891608464
-12.563590321988784
-12.563652863593392
-12.563723322344753
-12.563838149820565
-12.563879901364851
-12.5640011244853
-12.564052646174314
-12.564145541576082
-12.564252568086346
-12.56439172688659
-12.564486477039257
-12.564606224640663
-12.56468698166676
-12.564805578855808
-12.564944942062075
-12.565020939742052
-12.565113104620242
-12.56520939434172
-12.565319936684968
-12.565420038761815
-12.565502586197873
-12.565614860554849
-12.565691484394247
-12.565772383605657
-12.56584263038302
-12.565916966018376
-12.566007390453635
-12.566062842854421
-12.566088765379355
-12.566214911947373
-12.56624770026545
-12.566313115815095
-12.566351712224083
-12.566428535554552
-12.566484578178923
-12.566530600898874
-12.566618348151197
-12.566662442286416
-12.566748892503902
-12.566821922349268
-12.566907047963756
-12.566976003596134
-12.567036269705408
-12.567109201218091
-12.567161378656044
-12.567216104412761
-12.56731808834536
-12.567372565105895
-12.567414636169644
-12.567487625069758
-12.567537377990396
-12.567596730966915
-12.567692070031477
-12.567737868027097
-12.567807898767754
-12.567894823835339
-12.56796943272521
-12.568021747700556
-12.568095177696925
-12.568136272817277
-12.568189511838874
-12.568264323758873
-12.568314832200697
-12.568383371019824
-12.568456303014921
-12.56850230648648
-12.568572015426756
-12.568643859952898
-12.568739119610829
-12.568790578626334
-12.568855167026681
-12.568900856551668
-12.568964768851151
-12.569032400679776
-12.569073992836422
-12.569090683969138
-12.569180182321142
-12.569212712820239
-12.569263956808863
-12.569339991476115
-12.569427398786221
-12.569520922934824
-12.569608027631
-12.569698300173602
-12.56976409349262
-12.569871946381095
-12.569927167509972
-12.570002715888329
-12.570074028112867
-12.570187771442798
-12.57025221124846
-12.570315684577444
-12.570416701154677
-12.570491704600608
-12.57058946450686
-12.570643173461242
-12.570718288471333
-12.570772414656252
-12.570911581772005
-12.570976683002836
-12.571066926633117
-12.571183277073533
-12.571309378347461
-12.57142162511429
-12.5715328237175
-12.571645642530019
-12.571801784410656
-12.571828013085605
