500 iters for seed 115 on 3R0.3 which is in the 99.39346313476562 percentile
 Maxcut: 20.0, MedianCut: 12.0
-12.00363663951178
-12.038209877832372
-12.07218648466619
-12.161107343307782
-12.19654216436004
-12.236468298607015
-12.250143328359163
-12.270937604632365
-12.290380943948044
-12.304918445073357
-12.316141189451198
-12.330437716384408
-12.343048229230982
-12.355324823484338
-12.36509659380749
-12.374931662301876
-12.382753903790597
-12.389543735161347
-12.394694883694616
-12.398454393385087
-12.40262043014884
-12.406091697396622
-12.409534459410176
-12.412885901205744
-12.415807345059438
-12.418931578531538
-12.421490803260408
-12.42458575381991
-12.426594863375344
-12.430232725863153
-12.431731823479659
-12.433878034025804
-12.435325312972378
-12.437040241126423
-12.438540720590257
-12.44029500194823
-12.441825470632265
-12.443396212374186
-12.444883993419163
-12.446104728343519
-12.448349591895555
-12.449836920023824
-12.451049116119611
-12.452517809046643
-12.45357795153516
-12.45488139176864
-12.456180170839701
-12.45735749130747
-12.45933376443618
-12.460583963735154
-12.462188046884823
-12.463495485365266
-12.464566196859858
-12.466624742418444
-12.46761984210913
-12.469220970478705
-12.470074904119024
-12.4712639541143
-12.47345012045462
-12.474080582162635
-12.476038059116503
-12.476855995102422
-12.478030812606175
-12.479497042829571
-12.480715812935106
-12.481758756737815
-12.482736753009588
-12.483898062730674
-12.484845106402028
-12.48579497929895
-12.486672510121126
-12.487838540928722
-12.488767194996203
-12.489514150076698
-12.490268968101306
-12.490987924951547
-12.491561835753886
-12.492572454769974
-12.493076445957708
-12.493738492237602
-12.494261448693962
-12.495028091118394
-12.495691633058392
-12.496207070570726
-12.49745373522219
-12.497836607435747
-12.498568096578367
-12.499121228161691
-12.49970304926778
-12.500184097175907
-12.500613253685582
-12.501099763855853
-12.501577346966556
-12.502057247194585
-12.502434355478659
-12.502737396131144
-12.503091905679147
-12.503476918180636
-12.503755781861278
-12.504013425754307
-12.504447395475186
-12.504867984039656
-12.505246008390792
-12.505673594476471
-12.506161908307252
-12.506640956346978
-12.507107231840036
-12.507500707000665
-12.507911282613012
-12.50837915141975
-12.508734649696482
-12.509175931656314
-12.509528562360577
-12.509929665532203
-12.510369112349686
-12.510709976503103
-12.511044949286891
-12.511470357038032
-12.511899798065578
-12.512116776256667
-12.512623143364385
-12.51285058952994
-12.513083838963048
-12.513437168654562
-12.513726384194177
-12.514044015625412
-12.514440617169067
-12.51468416708059
-12.514978772435182
-12.515349583091318
-12.51559045417339
-12.516031433660512
-12.516204631658397
-12.516520734913732
-12.516674056534372
-12.516917297086177
-12.517196778832325
-12.517468144937553
-12.51779157925051
-12.518082311724143
-12.518430770952424
-12.518758334950434
-12.519014739647972
-12.519275265186087
-12.51959244982355
-12.519848935839004
-12.520132105656133
-12.520376270373403
-12.520636319732464
-12.52088633293603
-12.521059936303816
-12.521333479890153
-12.52164351356096
-12.521777478675887
-12.52198913133502
-12.522129254180486
-12.522377236529831
-12.522569040867753
-12.522725287129209
-12.523066927664663
-12.523215216274684
-12.52348158966415
-12.52370237621657
-12.523922554043297
-12.524143648799175
-12.524378688584672
-12.524593573056254
-12.524769126045877
-12.525005685997002
-12.525129714906221
-12.525291969907382
-12.525443591896105
-12.525650243526886
-12.525809728737018
-12.525931408893847
-12.526114228046405
-12.526218554084428
-12.526343451023623
-12.526519495154574
-12.526649400571907
-12.526872219360163
-12.527077024550136
-12.527242381592101
-12.527477074875634
-12.527608573621164
-12.527748911549194
-12.528020190384137
-12.528132065772786
-12.528272425499434
-12.528548882306312
-12.52870923282961
-12.528786433212007
-12.529183990139995
-12.529268897149592
-12.529433455671107
-12.52966430217688
-12.529794825627231
-12.529932231400382
-12.530056136472837
-12.530207890210303
-12.53041334524054
-12.53060464004892
-12.530782015778264
-12.530943839896745
-12.531096757929117
-12.531366419752175
-12.531533440283905
-12.531702712352839
-12.53202595593644
-12.532243894702727
-12.532483504646464
-12.532708471410027
-12.532906241848261
-12.53320411064976
-12.533535509575174
-12.533753115455983
-12.534024825625256
-12.534240123198026
-12.5345010281302
-12.534822065926791
-12.535011322285342
-12.535203828689731
-12.535537513780133
-12.53575196495894
-12.535889124070199
-12.536352978412499
-12.536497127043056
-12.53676352733088
-12.537069532860619
-12.53729420669444
-12.53770969208999
-12.537931635064062
-12.538304576512571
-12.538554778642144
-12.538825185269882
-12.539104049968994
-12.53951672893404
-12.539730543107156
-12.539944279590262
-12.540178111914063
-12.540408417422565
-12.540498546237398
-12.540948997195745
-12.541096853376382
-12.541299950898944
-12.541556394664667
-12.541740929530665
-12.542113232508314
-12.542267929661348
-12.542534766386897
-12.542804265187023
-12.543123094752158
-12.543362108910209
-12.543623250824577
-12.543910233346754
-12.544227733952484
-12.544618103619834
-12.544870865539359
-12.54514118850295
-12.545359103309332
-12.545553431687354
-12.545775435276786
-12.546087132889815
-12.546385494761
-12.546544164261633
-12.546756189169246
-12.546959132126096
-12.547207396580387
-12.54752334246262
-12.547702241668263
-12.547997038518679
-12.54805529461621
-12.548448738168414
-12.548591259732875
-12.548811842951553
-12.549170382412267
-12.549383215381503
-12.549736530870765
-12.550012955753447
-12.550238043930111
-12.550449872499653
-12.550609710341428
-12.550889697315142
-12.551178067991522
-12.551394549376413
-12.551672398947902
-12.551846822122318
-12.552021821585894
-12.552231695154834
-12.55243101466646
-12.552587559713746
-12.552706029071821
-12.552823305697675
-12.552939640443308
-12.553072686956298
-12.553231488812497
-12.553350869955956
-12.55345550868218
-12.553597477177535
-12.553666322984903
-12.553765406823898
-12.553867319058554
-12.553936678158408
-12.55407655027361
-12.554158016079334
-12.55428102725573
-12.55433850023445
-12.554419038045765
-12.554516957165733
-12.554608417690643
-12.554679944645764
-12.554752748637107
-12.554850984405265
-12.554971059113551
-12.555045664146993
-12.555130090027532
-12.555214622951924
-12.555298998164004
-12.555380410160446
-12.555452966830028
-12.55549964913871
-12.55565686971468
-12.555702261177409
-12.555791032973152
-12.555857396754671
-12.555938476755943
-12.556064948376157
-12.556140565782602
-12.556279787489228
-12.55636027746518
-12.556434815755347
-12.556514762601164
-12.556580331314203
-12.556669333776146
-12.556758709086171
-12.55685559497092
-12.556945855427035
-12.557051485937668
-12.55713104811717
-12.557223916496103
-12.557338460410971
-12.557459559344016
-12.557512535242576
-12.55756319406054
-12.55763007899619
-12.557715064045286
-12.557780851758862
-12.557820185160717
-12.557879504846703
-12.557949769820706
-12.558014266354668
-12.55809706997155
-12.55815404569099
-12.558231975332259
-12.558301046591314
-12.55837368626927
-12.558420733018567
-12.55848996891226
-12.55856483713071
-12.558639204979091
-12.558705714696043
-12.558752286945982
-12.558817008461933
-12.558883391446043
-12.558934982091284
-12.559017970384422
-12.559062868564242
-12.559158697279186
-12.559206096534627
-12.559260692841649
-12.559340644999502
-12.559377562727116
-12.55945139169086
-12.55950220626766
-12.559545646430294
-12.559591068296506
-12.559651582008762
-12.55969333363539
-12.559743486873268
-12.559790779873762
-12.559854165127135
-12.559912235257661
-12.55996029039057
-12.560019549289853
-12.560061193179834
-12.560106997153053
-12.560145871160286
-12.560186365034037
-12.560228583563187
-12.560265589781855
-12.560308951630903
-12.560334401366587
-12.560363192488925
-12.560398220871473
-12.560425460802268
-12.560489910245218
-12.560519773910775
-12.560577673293503
-12.560619016416718
-12.560661981217274
-12.56069789339943
-12.560734811698985
-12.560788986096105
-12.56083082111201
-12.560865098647058
-12.56093170588024
-12.560979804898103
-12.561024372389298
-12.561109677801703
-12.561136234123776
-12.561218647669868
-12.56126936461364
-12.56131304782203
-12.561395362121582
-12.561479949428316
-12.561564900574185
-12.56162330347632
-12.561677172328979
-12.561739616433107
-12.561826261211726
-12.561893458327603
-12.561953293960737
-12.56201324024413
-12.562093036164544
-12.56217637963427
-12.562247620988131
-12.562332623241973
-12.562421519060079
-12.56251655001739
-12.562604807520522
-12.562679253823674
-12.56274874434759
-12.562854384005574
-12.562911576597191
-12.562981110232354
-12.563067368666221
-12.563129294053487
-12.563190090422701
-12.563329800887526
-12.563357455413861
-12.563465905702959
-12.563525321013502
-12.563591128910193
-12.563678606560275
-12.563734527097727
-12.56382194945799
-12.563896307826074
-12.564003293946001
-12.56406787612271
-12.564147397231507
-12.564229027721566
-12.56429837595712
-12.564377491697867
-12.564478014160969
-12.564539394507651
-12.564615352329827
-12.564659906556908
-12.564726141308618
-12.564783026380264
-12.564838705244606
-12.564956566392144
-12.565019852971744
-12.565123979105433
-12.565194925243176
-12.565284653370073
-12.565325059523659
-12.565389564710259
-12.565460040915465
-12.565526536821846
-12.56559751234975
-12.565696395924373
-12.565734155125496
-12.565796456375464
-12.565856525825984
-12.565925185475702
-12.566003597165084
-12.56605314771184
-12.566106235995074
-12.566145278209186
-12.566236472443277
-12.566280204160039
-12.566330515837075
-12.56640564082416
-12.566472830116687
-12.566557592076045
-12.566608566506307
-12.566702519951072
-12.56675093258473
-12.56684816510153
-12.566907922237473
-12.566963151761325
-12.567074009260379
-12.567142869138557
-12.567267226290687
-12.567354839912696
-12.567436606729336
-12.567523209958276
-12.56762024797031
-12.567693654763966
-12.567783079035403
