500 iters for seed 187 on 3R0.3 which is in the 99.23782348632812 percentile
 Maxcut: 21.0, MedianCut: 12.0
-12.008141908027039
-12.062747382313425
-12.114763367208456
-12.166343671531976
-12.189907495751228
-12.2757892235067
-12.316393920381659
-12.35201988388274
-12.378497699190381
-12.396017216432625
-12.418792569024134
-12.441084998537399
-12.459920268002442
-12.481787954550938
-12.498504368257073
-12.515004302994546
-12.528635181127894
-12.541435598870585
-12.550562979934423
-12.557823984384518
-12.565997970970763
-12.572105642021572
-12.57811258781755
-12.584909389819913
-12.590724483069746
-12.597301290013984
-12.606087939557721
-12.611531064934555
-12.617873935049555
-12.623675871021032
-12.627983707798213
-12.63280331584233
-12.636884759298667
-12.639771774048816
-12.642923870861488
-12.646242297370659
-12.649537152691083
-12.651950788491613
-12.655568717474157
-12.657639830920266
-12.660473081201443
-12.662903381657742
-12.664967208253007
-12.667365000604804
-12.669868907222778
-12.67195964278196
-12.674590099498555
-12.67690556084723
-12.679290656343376
-12.681482003709082
-12.683036684280017
-12.684820134491076
-12.686372027297246
-12.687716773786835
-12.689043122164566
-12.690942286471357
-12.69205918394802
-12.693321260164215
-12.69481495850424
-12.695863658695817
-12.696753835343328
-12.698515256984136
-12.699171662445211
-12.700484686102865
-12.701389174689657
-12.702760706491595
-12.703733662699268
-12.704597499957927
-12.705782098791978
-12.707165385452758
-12.70823545969045
-12.709701001812814
-12.710561332533612
-12.711857246655564
-12.713100035754177
-12.71418255970407
-12.715383140820828
-12.717117442046057
-12.718149919181712
-12.719318810620834
-12.720340047014098
-12.721830934179017
-12.722999751206693
-12.72411090498758
-12.725116508993764
-12.7269340154164
-12.728118386271136
-12.729526131187576
-12.731589066557122
-12.732820535794366
-12.73419816651301
-12.735389681475029
-12.736335849568503
-12.737546736509975
-12.738401627177808
-12.739302257653907
-12.739948849184186
-12.741049743514454
-12.741425755904851
-12.74274514597364
-12.743328574988945
-12.74399377053631
-12.745023368681709
-12.745598559128915
-12.74659195840879
-12.747316114299927
-12.748240645625216
-12.74899798535566
-12.749882227219302
-12.751078430572486
-12.751817699340844
-12.75293905985341
-12.75394052023644
-12.754835230358408
-12.755677464055118
-12.756628964949169
-12.757551117063615
-12.75825422072056
-12.759060588991273
-12.759707372403973
-12.76048471086993
-12.761652469005767
-12.762222922865533
-12.762776938142006
-12.763437270848279
-12.763918207766034
-12.764216464241239
-12.765120950127912
-12.765407929704189
-12.765911977272655
-12.766502701431545
-12.767027485419028
-12.767374613080534
-12.767705564286478
-12.767993343814794
-12.768502671615895
-12.768953817445757
-12.769494198214
-12.769979794153977
-12.770401593958436
-12.770871239984768
-12.771262651541434
-12.771763947598684
-12.772162202950616
-12.772559718941272
-12.77314130528353
-12.773498177483424
-12.773932965332866
-12.774550720382122
-12.775002317005429
-12.775324031406841
-12.775909140274248
-12.776255023350766
-12.776675878425628
-12.777268575815848
-12.77762315708722
-12.778072965077332
-12.778931371290035
-12.779204167931702
-12.7797206738956
-12.78012424459854
-12.780647808230029
-12.781119466367322
-12.781523474522848
-12.782359646914152
-12.782748752340446
-12.783396860873996
-12.783943628005542
-12.784494702523917
-12.785018234482006
-12.785513868771641
-12.786186501712617
-12.78668842991316
-12.787269964168175
-12.787952104735373
-12.78855010319597
-12.78888681891824
-12.78961517035755
-12.789913626652693
-12.790412614980816
-12.790837075056817
-12.791176241912869
-12.791721478663508
-12.792261544646799
-12.792629293225133
-12.793177800724367
-12.793491249160011
-12.793845039652759
-12.794271650899137
-12.794549257853362
-12.79511266256142
-12.795476034723478
-12.795799582033657
-12.796132570957969
-12.796426574547837
-12.796775238808808
-12.79718646651172
-12.797410970185659
-12.797745571016502
-12.79805611003063
-12.798442523690259
-12.798812840721434
-12.799130909804706
-12.799485979575357
-12.799936565215193
-12.800235556116471
-12.80048544778055
-12.800741781952105
-12.801014254618906
-12.801198585367516
-12.801541809039424
-12.801693319841823
-12.801905095046802
-12.802181128385813
-12.802489558166972
-12.802733599611777
-12.803007036138139
-12.80320084546199
-12.803384254117143
-12.80368571973629
-12.803836069904566
-12.803973068842877
-12.804293939803316
-12.804434141586636
-12.804603927553364
-12.804907628254613
-12.805031972419986
-12.80532457521646
-12.80552362100605
-12.805718259211645
-12.805895626888619
-12.80602224708415
-12.806221579594741
-12.806414601617941
-12.806545197176167
-12.806743850708521
-12.806841347861445
-12.80700788169588
-12.80712012409083
-12.807214688908214
-12.80738469830764
-12.807443286068047
-12.8076439787434
-12.807723872599338
-12.807848636491288
-12.808018958057648
-12.808196318312795
-12.8083095123454
-12.808444969134129
-12.808550397002778
-12.808666791469996
-12.808826202667486
-12.80888631975655
-12.80898504658008
-12.809082766262017
-12.809179757015732
-12.80935592585017
-12.80939663433415
-12.809587408056647
-12.809645636794887
-12.809748897090515
-12.809847591328317
-12.809974297128871
-12.810042632885231
-12.81012117719136
-12.810279304978307
-12.810382985368385
-12.810492723751196
-12.810612062020805
-12.81070290542155
-12.81077306128443
-12.81094783060555
-12.811012132980993
-12.811121374373341
-12.811193198430628
-12.811336161426341
-12.811434160721063
-12.811520508903898
-12.81168907856825
-12.811771814033566
-12.811904963541703
-12.811981017759855
-12.812077802410938
-12.812168832499907
-12.812267150506878
-12.812404639825486
-12.812497457679779
-12.812589931768041
-12.812742194155755
-12.81280896175008
-12.81286996145584
-12.812975197873126
-12.813021992330366
-12.81307700134247
-12.81320302045291
-12.813224978013903
-12.813271162289112
-12.813318776557416
-12.813363760358014
-12.81344053111236
-12.813489119652198
-12.813585761140635
-12.813656615592643
-12.813736532591584
-12.813806873904667
-12.813893778650389
-12.813980869045125
-12.814077589942329
-12.81416757996276
-12.814253918755126
-12.814350417737971
-12.814406703080067
-12.814496159336574
-12.814550000584502
-12.814623706675423
-12.81469913692719
-12.814748449892944
-12.814840612952858
-12.814920557340075
-12.81497038377261
-12.81504062383735
-12.815117172980543
-12.815235376583018
-12.815336615340813
-12.815415489198045
-12.815499118772884
-12.815584364715125
-12.81567791852819
-12.815776521377838
-12.815839262568215
-12.815903762385819
-12.815998311854319
-12.816057053383837
-12.816156573198564
-12.816239676997222
-12.816326372398702
-12.816385047981633
-12.816474028363738
-12.816538218143515
-12.816588617226698
-12.816655680396027
-12.816716567027898
-12.816788762827882
-12.816866845216873
-12.816902484837254
-12.816950823009376
-12.81699110346701
-12.817040194722335
-12.817091578877465
-12.81713206009887
-12.817229663653098
-12.8172860026874
-12.817343585711587
-12.817425439842594
-12.817485094922924
-12.81756454181729
-12.817644349493333
-12.817717676940573
-12.81777926163051
-12.81788705421453
-12.817980184062915
-12.818034694070121
-12.81811590652393
-12.818175617363968
-12.818247248310705
-12.81832055148716
-12.818372392321272
-12.818431566756047
-12.818521294398153
-12.818588609327223
-12.818638432884127
-12.818707638902202
-12.818769822256773
-12.818848762368637
-12.81891924781921
-12.818982952522042
-12.819040160170124
-12.819134323316446
-12.819195193402217
-12.81927260807788
-12.819359026202726
-12.819424511667002
-12.819459747198323
-12.819563394088313
-12.819606519381153
-12.819675885074208
-12.81978233119515
-12.819891050743328
-12.81997280121804
-12.820063910974834
-12.820131337257756
-12.820222636291536
-12.82037583985899
-12.820448216085296
-12.820530672135284
-12.820661768702315
-12.820743508840192
-12.820845836948552
-12.820928424984597
-12.821009940797726
-12.821089292436207
-12.821210025631444
-12.821313897961234
-12.821391300918371
-12.821485340214029
-12.821535633704078
-12.821656962994709
-12.821734640699068
-12.821807710337257
-12.821932440555969
-12.822018156553357
-12.82212907148569
-12.822229815227688
-12.822327240035666
-12.822435856182363
-12.822558983538615
-12.822681260403497
-12.82273732064616
-12.822956144092052
-12.823053531498886
-12.823177953350497
-12.823335915100452
-12.823451663254874
-12.823563511448329
-12.823655467375929
-12.823748917460165
-12.823856785211223
-12.823948948662593
-12.824013806753516
-12.824105991548866
-12.824163464267977
-12.824237889592224
-12.824299162571815
-12.82434304384789
-12.824406858675927
-12.824471515576155
-12.824530000362525
-12.82458478531057
-12.824638620493849
-12.824684025220225
-12.824729094758306
-12.824773560503367
-12.824808681073678
-12.824855592345255
-12.82487538122
-12.824908550379778
-12.82493299932027
-12.8249778792671
-12.82500472652583
-12.8250327037806
-12.825058186191121
-12.825093676245569
-12.82511464767854
-12.825138917198265
-12.825173653101684
-12.825197858389812
-12.825225308856673
-12.82524155055724
-12.825263737355336
-12.82528148108416
-12.825322247157231
-12.825341400667341
-12.82536597673764
-12.825395898160853
-12.825429931315837
-12.825454603480598
-12.825486660813134
-12.82551161731409
-12.825535231224551
-12.8255728586053
-12.825593667335724
-12.825611731752502
-12.825647604943772
-12.825666571855763
-12.825706104856566
-12.825734075503544
-12.825762712320916
-12.825788413344648
-12.82581310778217
-12.82584614168774
-12.825883320940115
-12.825918540028594
-12.825955396314612
-12.825993094178681
-12.826032113856744
-12.826075199369832
-12.82610884632725
-12.826151101612393
-12.826185657039968
-12.826222498934914
-12.826273991767234
-12.826302254359888
-12.826327752004886
-12.82637268452359
-12.82639827417965
-12.82644390590861
-12.82647909545473
-12.826513588143026
-12.82654683890665
-12.826574084085465
