500 iters for seed 24 on 3R0.3 which is in the 99.29885864257812 percentile
 Maxcut: 21.0, MedianCut: 12.0
-11.995392970445716
-12.01271084862815
-12.015356456968847
-12.109922169472554
-12.139359513867534
-12.190416906632132
-12.214486984026172
-12.239905012146739
-12.261435010291997
-12.278545806982292
-12.298639732063648
-12.311316534675296
-12.32539713941741
-12.336183921412584
-12.345856780130504
-12.354608517108714
-12.362801697875167
-12.369979702784233
-12.377539940813001
-12.383708646823502
-12.390159485798561
-12.395731577532837
-12.40061615516303
-12.406306596737124
-12.411393221528034
-12.415701876182613
-12.41985309178299
-12.42310564743264
-12.425883330835262
-12.428528172474573
-12.430525541881535
-12.432712253046592
-12.434747345870214
-12.436841000700879
-12.438700820833402
-12.44052999596758
-12.442777828056375
-12.445175656953177
-12.4475557342739
-12.44960947383368
-12.451405028059728
-12.453331734368133
-12.455042741018755
-12.456756992272158
-12.458389625100121
-12.459960587122481
-12.461302892162253
-12.462475014812892
-12.463522621248549
-12.464621719747974
-12.465565638867202
-12.46649194773859
-12.467851907473463
-12.46821409500374
-12.469238641568795
-12.469738042437648
-12.470511920795035
-12.471654333481988
-12.472309817561307
-12.472957597515897
-12.47353581033469
-12.474081331076087
-12.474758066279572
-12.47538143157698
-12.475996643010228
-12.476647207281708
-12.477378900568802
-12.478194035665384
-12.478643506471327
-12.479333545335813
-12.479914862124298
-12.480498624194972
-12.480917873135265
-12.481319706089373
-12.481694001492727
-12.482424283633453
-12.482741066846835
-12.483088779615365
-12.483465631809475
-12.483978817098066
-12.484551177624603
-12.48497999771654
-12.485998484471338
-12.486495247167097
-12.487166774866555
-12.487931433582105
-12.488663795783172
-12.489514124050848
-12.490437297859309
-12.491144741132791
-12.491931082721326
-12.49216703352602
-12.493185620992442
-12.493713772939838
-12.49425780858613
-12.495019236277376
-12.495617477173266
-12.496181453092753
-12.496652963081349
-12.497258987160574
-12.497775678997261
-12.498680937426935
-12.49919234766291
-12.499833359714135
-12.500320897304753
-12.501142526181033
-12.501691375847109
-12.502206172709313
-12.502671006399042
-12.503281856749698
-12.503779857188654
-12.504189482811295
-12.504818183378319
-12.505494501780285
-12.505948076849066
-12.506531054043137
-12.506965118240778
-12.507421905297862
-12.508202486357384
-12.508661299859035
-12.509363011818081
-12.509638180432091
-12.51071769076515
-12.511117090468392
-12.511845470850574
-12.51250551518047
-12.51319748804525
-12.513818146761093
-12.514367806133945
-12.515182274913126
-12.515981702802538
-12.516605395934295
-12.517378519267218
-12.518019515704744
-12.519028340208116
-12.519545572423901
-12.520166386820705
-12.520578653832608
-12.521029051623213
-12.521523441730103
-12.52193471324383
-12.522424536378692
-12.522821975401229
-12.523308700449096
-12.52388487018326
-12.524318447813918
-12.524760982382118
-12.525317877150773
-12.525722401146183
-12.52626902082005
-12.526668858604163
-12.527075626764846
-12.527455482240432
-12.527892815098069
-12.528361437253814
-12.528843462600852
-12.529388862104446
-12.529857812516843
-12.53035825597188
-12.53084817074254
-12.531226578648694
-12.53175362143136
-12.532197549678965
-12.532627121625321
-12.532953564325611
-12.533307048831846
-12.533594022239871
-12.533915051085927
-12.534220775512953
-12.534506879980627
-12.534802258472052
-12.535012183387483
-12.535153914288458
-12.53554432274894
-12.535653272114542
-12.535900276140735
-12.536124299175421
-12.536386138345986
-12.53660983633975
-12.536784624421774
-12.53710282377565
-12.537343789003934
-12.537573946983258
-12.53778353883873
-12.53797952091525
-12.538277698379304
-12.538655439467904
-12.53883022485706
-12.539099983477481
-12.53927158384361
-12.539508152947795
-12.539744770402406
-12.539941865690267
-12.54018232369505
-12.540477300422635
-12.54069074125274
-12.540908225519114
-12.541120818293738
-12.541326484740399
-12.541559711167494
-12.54169656851501
-12.54187958726864
-12.54211462163633
-12.542252346833072
-12.542358584501297
-12.542566864426743
-12.542705805105857
-12.54288272912326
-12.543083777320048
-12.543199719422834
-12.543345425242952
-12.543482476945028
-12.543627350097843
-12.543794955751533
-12.543906028459226
-12.544105820626353
-12.5442430696448
-12.54440707056538
-12.544514689812152
-12.544614470958845
-12.54475922116739
-12.544909876182873
-12.544995009565671
-12.54514363129254
-12.545251653580262
-12.545386867753992
-12.545499492564373
-12.54560771125121
-12.54570672981919
-12.545847678801536
-12.54598458571345
-12.546112210771318
-12.54619769979103
-12.546335806869795
-12.546406167449875
-12.546509960240313
-12.546593017687
-12.546681437158497
-12.546751000785312
-12.546913294917243
-12.546996449405881
-12.547092646757621
-12.547219394796763
-12.547358439506013
-12.547457309256822
-12.54759049304682
-12.54767561409537
-12.547772511138486
-12.547955997457285
-12.548061991622045
-12.548242751815774
-12.548299783797091
-12.548531748616185
-12.548628145477128
-12.548756656505784
-12.548937146638162
-12.548967129664748
-12.549328928341529
-12.54945259890816
-12.54963595092816
-12.549735300198847
-12.549924668523143
-12.550063001328255
-12.550179099176843
-12.550405427244678
-12.55052901337411
-12.5507184065873
-12.55086369676999
-12.551010095304205
-12.551167603249741
-12.551361407776103
-12.551554867803912
-12.551698519152055
-12.551814411752057
-12.551974932534566
-12.55209440297035
-12.552243525256337
-12.552405072788847
-12.552504926464675
-12.552679300842916
-12.552825763017307
-12.55294352407546
-12.55309384224385
-12.55321695330577
-12.553388570168433
-12.553499847421108
-12.553629282965327
-12.553747659787557
-12.553877901909855
-12.554041551960825
-12.554238661442902
-12.554374660277311
-12.554554874526616
-12.55464901437827
-12.55478165174766
-12.554933057326377
-12.555031045755632
-12.555255297195748
-12.555382540740908
-12.555506782019867
-12.555626051584431
-12.555729412341488
-12.55585125684351
-12.55595718219196
-12.556046906950517
-12.5561656533861
-12.556244543119247
-12.556388780716436
-12.556482018503026
-12.556581141040937
-12.556745748343658
-12.556847656030854
-12.556962270134703
-12.557031231238224
-12.55711847272732
-12.557224216609285
-12.557377279561557
-12.557450991087897
-12.557549902661174
-12.557644800201965
-12.557752812221892
-12.557837686829316
-12.55791434478518
-12.557992029472132
-12.55809226869545
-12.558189656789251
-12.55827614443104
-12.55835617938055
-12.558462544617939
-12.558533989331558
-12.55861753127099
-12.558745529351171
-12.5588297754794
-12.558932938187862
-12.559041477452283
-12.55918482829643
-12.559332323095697
-12.559496954315895
-12.55962307110968
-12.559800743264258
-12.55987153406085
-12.56008416902814
-12.560171312523108
-12.56027602397468
-12.560427636233772
-12.560589413578601
-12.560692593894553
-12.56079212973706
-12.560861160638186
-12.560988529301845
-12.561068431605431
-12.561130915878636
-12.561238526016918
-12.561303712994125
-12.561401037760152
-12.56148132197606
-12.561584451926818
-12.561641121669815
-12.561726568267913
-12.561787590388935
-12.561866410650318
-12.561944283572053
-12.562005160756126
-12.562067680587663
-12.562142467294882
-12.562197075666134
-12.562237440099054
-12.562299041114844
-12.56235015174327
-12.562423596313232
-12.562480031466992
-12.562541636602782
-12.56258691747537
-12.562649537638642
-12.562704721118024
-12.562777935985688
-12.562836862748846
-12.562886414641977
-12.562991611268947
-12.563051335513286
-12.563142500154557
-12.563221743943476
-12.56329457885699
-12.563374524455643
-12.563449418476354
-12.563515038224708
-12.563563936995243
-12.563638056364038
-12.563675327648399
-12.56373383900307
-12.56378592287073
-12.563829466205252
-12.563910486630956
-12.563954734457011
-12.56402387094084
-12.564090419060905
-12.564159826843017
-12.564226417605717
-12.564301793047528
-12.564369290014973
-12.564437710455831
-12.56450614916842
-12.564585106763172
-12.564667616258891
-12.564736231236173
-12.564815259564226
-12.564878497283411
-12.56494909158178
-12.565042058625007
-12.565104459212536
-12.565172014396556
-12.565255942968593
-12.565327004867445
-12.565430970742188
-12.565509947733723
-12.565579729582037
-12.565660485177183
-12.565741859063165
-12.565819014045568
-12.56590129258528
-12.565997223048482
-12.56611438613103
-12.566224422804124
-12.56633852969164
-12.566429324375603
-12.566501386215023
-12.566587576599947
-12.566665670531961
-12.566738417890624
-12.566814298304287
-12.56686711172735
-12.566945030447148
-12.567012651848946
-12.56710128614706
-12.567142580639814
-12.567231802901425
-12.567297216189537
-12.567384565360356
-12.56744866198778
-12.567500139847798
-12.567541120079671
-12.567608537454909
-12.567651080139441
-12.567690523451299
-12.567717964273484
-12.567756452297246
-12.567798911232112
-12.567831664310441
-12.567867131410878
-12.567918652089498
-12.567957663248675
-12.567993798956138
-12.568024690925927
-12.568062506531334
-12.568094032042346
-12.56811361368064
-12.5681590780122
-12.56817514264316
-12.568205214989373
-12.568233881688226
-12.568271370952468
-12.568303291766728
-12.568330664444172
-12.568355556644937
-12.568393138206432
-12.56842831155618
-12.56846551115737
-12.56850177970724
-12.56854671502279
-12.568587879182887
-12.56863243571623
-12.568668066723154
-12.568713423251836
-12.56875276664376
-12.568789020067342
-12.568853154613018
-12.568917019155045
-12.568956874226325
-12.56900620399152
-12.569048488504382
-12.569110302610712
-12.569180689564083
-12.569218987006275
-12.56927832027468
-12.569330807658382
-12.56938140480186
-12.569429016205257
-12.569471858242053
-12.569518372118603
-12.569560320740454
-12.569599649912833
-12.569655085375413
-12.5696817924288
-12.569729880396256
-12.569760463855985
-12.569805869688912
-12.569849806244749
-12.569888455289354
-12.569925532378484
-12.569957670976242
