500 iters for seed 112 on 3R0.3 which is in the 49.417877197265625 percentile
 Maxcut: 21.0, MedianCut: 12.0
-11.997146490392824
-12.042968694167842
-12.129343360041982
-12.168406974244492
-12.209313476831175
-12.244364037255847
-12.269193755380037
-12.29230948742537
-12.311741575569794
-12.323847155384945
-12.339815698703559
-12.350065761546404
-12.358553684859213
-12.369799612322119
-12.375797239334887
-12.381707220821246
-12.38888746804235
-12.39443249854142
-12.40081692442313
-12.407108418755904
-12.412132930117199
-12.417325050749533
-12.421379416257908
-12.425172369223814
-12.428661748656076
-12.431555298458242
-12.434349139127878
-12.436960755896065
-12.440332655073336
-12.443757939672448
-12.44650908951093
-12.450013217983711
-12.453339856595434
-12.455817588172042
-12.457920500257197
-12.460848380525416
-12.462885897434205
-12.46509016646793
-12.467450313004225
-12.46915523886947
-12.471296398856595
-12.473111239356575
-12.474817334459084
-12.476522131981824
-12.478060215144726
-12.47930421678065
-12.480409471378696
-12.481577264303755
-12.482861979875779
-12.483842646242582
-12.484814631992336
-12.48580182806931
-12.486975676338874
-12.487992865641873
-12.488977592394676
-12.489709065113306
-12.490511895893606
-12.491416836719948
-12.492444007420449
-12.493297658689185
-12.49510614234551
-12.49609393248703
-12.497250590228631
-12.498597639914767
-12.499890337368408
-12.500928778627108
-12.501968309707493
-12.503022506916379
-12.504312923411561
-12.505715976927785
-12.506771111018633
-12.507818184367363
-12.508974831571672
-12.50985822900223
-12.510553157431616
-12.511578485475798
-12.512205028922486
-12.51272463068446
-12.5135705851364
-12.514033703081967
-12.514646971150132
-12.51567186590731
-12.516176913042088
-12.516748359209181
-12.517507894337145
-12.517982108337064
-12.518616547674045
-12.519117835012576
-12.519623377677377
-12.52017761307558
-12.52061437393171
-12.521145134409213
-12.521509005693712
-12.521918725442063
-12.522174009572218
-12.522661306027489
-12.522893412127434
-12.52318895931907
-12.523379340075358
-12.523851151576268
-12.524090964582767
-12.524328898416996
-12.524680962068658
-12.524926484514214
-12.525319483798702
-12.525521061642916
-12.52576786529319
-12.526259229365744
-12.526515362549322
-12.52686706526375
-12.52720429027712
-12.527563228010854
-12.527982751692573
-12.528414681092533
-12.528845393096606
-12.529208434108897
-12.52958673056955
-12.530050305163158
-12.53028663280985
-12.530713567322492
-12.530968768846803
-12.531198971423184
-12.531604205263212
-12.5318696328015
-12.532251880778565
-12.532449524187593
-12.532660210716934
-12.532823300926506
-12.533040852881497
-12.533209518837479
-12.533377870392714
-12.533528994540315
-12.533686811791222
-12.533858617472315
-12.53400278484649
-12.534208144427785
-12.53439804486019
-12.534537493748644
-12.534733923466238
-12.534926677430422
-12.535096007583217
-12.535346441482588
-12.535486445974723
-12.535660100462522
-12.535903577229117
-12.536028169562512
-12.536241073820594
-12.536519294775093
-12.536623148386543
-12.536762803486237
-12.536912053955202
-12.537077404009569
-12.537219086933149
-12.537358631777469
-12.537497771655513
-12.53766209571242
-12.53781643153777
-12.537960844350568
-12.538101964461104
-12.538234453450583
-12.538352791389347
-12.53846468841283
-12.538625652589271
-12.538749298232286
-12.538915480112884
-12.539040107206205
-12.53919618893859
-12.539239823894317
-12.539532858253292
-12.539638881485608
-12.539793161300489
-12.539989487768382
-12.54022015082235
-12.540407003796378
-12.540640377948714
-12.540813140218638
-12.541019126216627
-12.541238267571202
-12.5414034414361
-12.541599566420443
-12.541912128200098
-12.542152865661851
-12.542333626172052
-12.542580956752492
-12.542777738024274
-12.543063349124383
-12.54336837441066
-12.543647587826037
-12.543886016839641
-12.544253511541228
-12.544497280619208
-12.544820509001093
-12.545110489967213
-12.545401800792632
-12.546011862234302
-12.546408158464416
-12.54683154170845
-12.54719457349154
-12.547436360903406
-12.547719952553782
-12.548156317533474
-12.548402178075449
-12.548614542197438
-12.549082343249149
-12.549322104305803
-12.549567944912113
-12.550020701171146
-12.550172534717449
-12.55035667045566
-12.550761687630947
-12.55090246970116
-12.55111169662006
-12.551371335379121
-12.55155075864425
-12.551933234078597
-12.552143452431242
-12.552329488686919
-12.552505026149767
-12.552698679390186
-12.552940207510385
-12.55315088636105
-12.55334583759688
-12.553563275010116
-12.553762681233136
-12.553989851554919
-12.554188911450431
-12.554383867327015
-12.554575235627913
-12.554868990960971
-12.555068464800312
-12.555249545942772
-12.555291742310464
-12.555584946308024
-12.555680234731206
-12.555809984498882
-12.555988277102706
-12.556056640186087
-12.556348281381931
-12.556429250608005
-12.556544416577676
-12.556685793416948
-12.556826713430594
-12.556953309252124
-12.557051551866195
-12.557139931850381
-12.557227907483467
-12.557350609121025
-12.557427834534243
-12.557512783299433
-12.557601117120043
-12.557711606163746
-12.557759463862695
-12.557877587669408
-12.557931907803729
-12.558024479871007
-12.558151470476371
-12.558232782017642
-12.558386581631092
-12.558499167592876
-12.558634251672336
-12.55874507573986
-12.558862643106599
-12.5590098490495
-12.559106735152696
-12.559250969328682
-12.559366555609886
-12.559488190692024
-12.559608200501799
-12.55972774891002
-12.559868279797756
-12.559999373828301
-12.560109091102698
-12.560186516271854
-12.560311710954306
-12.560371328226386
-12.560448044781985
-12.560545381588337
-12.560644369245205
-12.560696059326284
-12.560775198181144
-12.560845006117296
-12.560927609684185
-12.561016879295842
-12.561084369809912
-12.561165396545524
-12.561243969986355
-12.561325743403346
-12.561395648591152
-12.561500866650423
-12.561549541638794
-12.561637803456916
-12.561698212824542
-12.561756499885568
-12.561857054831693
-12.561907994414593
-12.561979450253894
-12.56203730068021
-12.562115026817189
-12.562176274356666
-12.562247006869818
-12.562307837392089
-12.562359170021692
-12.56242756656591
-12.562516314618899
-12.562563851381068
-12.562632806847851
-12.562692249688052
-12.56276292589385
-12.56281789931208
-12.562872738707052
-12.562925624955927
-12.562979491916561
-12.563051829873224
-12.563097554577316
-12.563164693502918
-12.563201670738945
-12.563263333087692
-12.563303376009735
-12.563367774912043
-12.563453394835975
-12.563507711859357
-12.563608394917491
-12.56368188273649
-12.56375368155243
-12.563822501366346
-12.56388167336557
-12.563951330925786
-12.56401243132579
-12.564069425237951
-12.564167694734078
-12.564229241837584
-12.56429702388331
-12.564397992192866
-12.564450951809325
-12.564576121187374
-12.564607116892674
-12.564732780483192
-12.564783978007252
-12.564842934525485
-12.564937509373861
-12.56500019125947
-12.565117688018397
-12.565229413287463
-12.565359854225342
-12.565480663583378
-12.565623729568125
-12.565785728386114
-12.565918878554225
-12.566044424750089
-12.566169662899577
-12.566288593341353
-12.566380436065774
-12.566514213235697
-12.56666607704075
-12.566794028840873
-12.566913130513885
-12.56707061700343
-12.567254274729597
-12.567400259382662
-12.567542104768954
-12.56774227693469
-12.567880198237596
-12.568061732668877
-12.568201474269319
-12.56832672757845
-12.568453946908399
-12.568554016542276
-12.568694318636773
-12.56877420995926
-12.568900773250256
-12.56904914107569
-12.569194217677984
-12.569291769341163
-12.569394049598333
-12.569479834566408
-12.569606818846722
-12.569712786190426
-12.569864810478824
-12.569929568721872
-12.570057401012619
-12.570099084259533
-12.570223603489495
-12.570306757060472
-12.570393336736656
-12.57052300067396
-12.570582456793694
-12.57070422899471
-12.570788830261781
-12.570911037609106
-12.570949317190586
-12.571068705374792
-12.571134955700305
-12.571206757999253
-12.571297845908104
-12.571408243975661
-12.571508086953818
-12.57164513847547
-12.571671637241053
-12.57179275323742
-12.57185692862517
-12.571930710809845
-12.572032375018376
-12.57209560006964
-12.57221236867767
-12.572259656555095
-12.572329560343078
-12.57238626573627
-12.572456016488884
-12.5725137510104
-12.572568300160286
-12.572603879079224
-12.57267321592744
-12.572710903081612
-12.572758666418146
-12.572813906275229
-12.572879070606458
-12.572921594589692
-12.57296520469539
-12.573011980083237
-12.57306432115418
-12.573124016836609
-12.573159645360228
-12.573191624641465
-12.573256058724642
-12.573290964910962
-12.57331614554305
-12.573364017614194
-12.57340578790113
-12.573451689090696
-12.573499298193608
-12.57354058874623
-12.573582643306668
-12.573609707003762
-12.573674115295788
-12.57370502287397
-12.573746303146896
-12.573784297452848
-12.573838854921966
-12.573877880222138
-12.57392073944479
-12.57395915162244
-12.574016543672624
-12.574059684032393
-12.574102839596442
-12.574165771103656
-12.574176334571273
-12.574242318428752
-12.574260032205133
-12.574294758753881
-12.57434004076666
-12.574389658876317
-12.5744333613909
-12.574484679679607
-12.574517448971756
-12.574550120475681
-12.574611579548755
-12.574647022020638
-12.57468163157286
-12.574739934820544
-12.574768590144382
-12.57480067362902
-12.574866732372817
-12.574888430173525
-12.574910413455411
-12.574960391669045
-12.574975988620942
-12.57499739722061
-12.575039719770116
-12.575060631386876
-12.575095925120088
-12.57512133395046
-12.575142947721709
-12.575169788279055
-12.575194666686876
-12.575224460312876
-12.575246133799869
-12.575265231898447
-12.575291395257224
-12.57531479707706
-12.575340128249788
-12.575361673403744
-12.575383434346856
-12.575407328939097
-12.575436140874519
-12.575461492582175
-12.57548399115727
-12.57549955130811
-12.575519043244432
-12.575532015528747
-12.575553458350626
-12.575567323227625
-12.575578679476042
-12.57560088253374
-12.57562020810239
-12.575637892797037
-12.575654052531887
-12.575669918561776
-12.57568744910634
-12.575718475033995
-12.575734676066192
