500 iters for seed 63 on 3R0.3 which is in the 94.81582641601562 percentile
 Maxcut: 21.0, MedianCut: 12.0
-12.020220651797706
-12.09220877832676
-12.142449282738987
-12.205370188918321
-12.244015832390863
-12.272486030248366
-12.29505635605674
-12.307515851083735
-12.322093295244267
-12.333140392213899
-12.342416914050919
-12.351323533608374
-12.359410670049716
-12.367639649996853
-12.376724352545388
-12.382640017077133
-12.38878206514808
-12.394557725610223
-12.399679313685374
-12.405070573975578
-12.410897778690291
-12.415894372726145
-12.420635647178738
-12.425932892627248
-12.430701517888147
-12.43554748441682
-12.440567354453577
-12.445241777242844
-12.450372904351218
-12.454872513562895
-12.458859139340024
-12.462687634945164
-12.465719746105892
-12.468426578589632
-12.470849854919077
-12.473404182395658
-12.475360419203051
-12.477675222260629
-12.479018975487788
-12.480462438143586
-12.480856665532954
-12.482509069879713
-12.48299962677854
-12.483751549843682
-12.484834252918501
-12.485399048674406
-12.486361582630703
-12.487049312230342
-12.487865517782502
-12.488601248526889
-12.489473247495289
-12.490502746938796
-12.49130098667873
-12.492258767289657
-12.493313928427504
-12.494243227838925
-12.495075834975061
-12.496071034586864
-12.496942307892418
-12.497877586825995
-12.498668132423186
-12.499573651361464
-12.50014958167445
-12.500808581623781
-12.501459002830567
-12.502167055708322
-12.5026285741154
-12.503550470210211
-12.50398591263692
-12.504643842243508
-12.505664434305586
-12.506345131690551
-12.50729731935601
-12.508240907206472
-12.508959918878851
-12.509867988367283
-12.510819424726908
-12.51160808038052
-12.512337875820464
-12.51369652622199
-12.514804304202745
-12.515912631455928
-12.516761142354982
-12.517509906105285
-12.518209426391959
-12.51897359466246
-12.519514880037011
-12.519964216335527
-12.520601050820172
-12.520998154654382
-12.52141153073054
-12.522089427456294
-12.522503377368384
-12.52299326449952
-12.523515545386182
-12.524016309031586
-12.524260407301787
-12.525044714914342
-12.525162132814392
-12.525715948770966
-12.525939421729149
-12.526341260521406
-12.526715104107272
-12.527167363129271
-12.527515241668034
-12.527824513234238
-12.528136670352636
-12.528463543227634
-12.52894853204031
-12.529075496506533
-12.529544430022941
-12.529813119104848
-12.530159787336661
-12.530686199911475
-12.531084374500812
-12.531752525699353
-12.532244581320974
-12.532894153157535
-12.53335083039235
-12.533843854021288
-12.534320850126235
-12.534614304099367
-12.535004652996703
-12.535375109964564
-12.535736559303533
-12.536016197330786
-12.536357006143575
-12.53674373864778
-12.537139250879257
-12.537499065417798
-12.537903517387907
-12.538293528527568
-12.538744500099945
-12.539084464304578
-12.539408816703215
-12.539823438851592
-12.540250832536064
-12.540686447528419
-12.541064497419589
-12.541449296022545
-12.541719885704854
-12.542272728347527
-12.542524750802034
-12.54289335477564
-12.543302549479591
-12.543748426720065
-12.544011503804327
-12.544344623817903
-12.544546594732747
-12.544806909477156
-12.545097614995417
-12.545291241672142
-12.545429015591822
-12.545822680541386
-12.54598267275103
-12.546245980851728
-12.546638063614024
-12.546920830823286
-12.547240227392065
-12.547462458681263
-12.547712280000662
-12.547798711393002
-12.548252598372436
-12.548409352347713
-12.548606341306478
-12.548910776754399
-12.54912608886014
-12.54948866867468
-12.549705041137276
-12.549903711893029
-12.550087912273495
-12.550338097222484
-12.550525086581478
-12.550668760459542
-12.550838024427463
-12.550970625309253
-12.551127253108566
-12.551294605222816
-12.551437616789162
-12.551639532454168
-12.551831928281116
-12.55203625706508
-12.55226006894366
-12.552495453994393
-12.552747596148055
-12.553060608389572
-12.553253817813088
-12.553475418178127
-12.553750333202409
-12.553939538193854
-12.554321580936145
-12.554533285754212
-12.554753906876105
-12.554883956413743
-12.555078953646078
-12.555193938701155
-12.555457183802222
-12.5555635582568
-12.555716813058776
-12.555929103780498
-12.55610545991506
-12.556302187227516
-12.556438037334617
-12.55659997280847
-12.556871896221812
-12.557154045821138
-12.557337666189113
-12.557526529143631
-12.557698900204745
-12.557902481446279
-12.558170362244354
-12.558324050206373
-12.558470035791226
-12.558738197322628
-12.558869576618791
-12.558973889398246
-12.559078386510542
-12.55919629855493
-12.559363238280751
-12.559466201634052
-12.559605424119697
-12.55971976811371
-12.559876758073727
-12.559964748831256
-12.560141667470356
-12.560245913629306
-12.560351600123514
-12.56055286514314
-12.560652778875223
-12.560824029394034
-12.560973455984838
-12.561171976697722
-12.561335634851531
-12.561471046029006
-12.56166409190654
-12.561773384630346
-12.561892233423857
-12.56210551003987
-12.562177730443905
-12.562310195601155
-12.562404633001181
-12.562497438691402
-12.562638692068425
-12.562685714534982
-12.562902509334437
-12.562965949438752
-12.563080194691052
-12.563230003554704
-12.563362405575495
-12.563459195655073
-12.563584262675164
-12.563665519298327
-12.563785709733068
-12.563915408982949
-12.56403430409483
-12.564131331501194
-12.564282769357293
-12.564374133091707
-12.564475902701187
-12.564569788939115
-12.564647310911202
-12.56474151268463
-12.564871819632064
-12.564944479186895
-12.565042907125303
-12.565100784720086
-12.565222678125089
-12.565297277649586
-12.565377242990845
-12.565503227408708
-12.565565741937341
-12.565659668132412
-12.565728521894911
-12.565821435655891
-12.56586971212678
-12.56595700204268
-12.566005303179939
-12.566052581352508
-12.566141844331352
-12.566189121137107
-12.566251225891271
-12.566301522197811
-12.56636054613644
-12.566387240082156
-12.566458362590515
-12.56649750887989
-12.566537679306409
-12.566602571697405
-12.566634738499445
-12.566699517146084
-12.566751080280369
-12.566807295199194
-12.566853272093747
-12.566900178729647
-12.566957207542327
-12.56699422108285
-12.56705947773817
-12.567121789268212
-12.567160301422035
-12.567212234215038
-12.567256764353434
-12.56729754714009
-12.567375319424286
-12.567407087775758
-12.567448415077179
-12.567506659164422
-12.567535081151558
-12.567543734874562
-12.567631366300429
-12.567654193707849
-12.567692562223833
-12.567749752020562
-12.567801153758314
-12.567850628941539
-12.567888356773048
-12.567931703359905
-12.567974727147886
-12.568024400495142
-12.568062842060321
-12.568108124928635
-12.568139227504563
-12.568218517565017
-12.56824944421605
-12.568286193226383
-12.568327913096692
-12.56837881445391
-12.568419677920915
-12.568461229018164
-12.568499687746417
-12.568533352719129
-12.568579630396908
-12.568607217532337
-12.568632743231397
-12.568694796089975
-12.568717888863794
-12.568748893855943
-12.568782205599787
-12.568806916822709
-12.568849392203774
-12.568873331597189
-12.568906451353776
-12.568921234601675
-12.568946366750193
-12.568962566697708
-12.568999654001649
-12.569016340371517
-12.569038125885868
-12.569069749964877
-12.56908063758438
-12.56912303944066
-12.569139931018782
-12.569164985984855
-12.569204291308415
-12.569229490528079
-12.56926380383883
-12.569290358634637
-12.569317054290245
-12.569347118553837
-12.569374447773637
-12.569400614688444
-12.569419541296188
-12.56944403811333
-12.569466150307349
-12.569493265231603
-12.569509818318155
-12.569535326542264
-12.569573260887971
-12.569597605419498
-12.569637666620388
-12.56966763336871
-12.569698531393094
-12.56972933591675
-12.56976245902605
-12.56979388303289
-12.569824359124365
-12.569853295858895
-12.569882479350202
-12.569912904542841
-12.569940981286571
-12.569977097804086
-12.570006930893527
-12.570034409725995
-12.570068292790147
-12.570100425921352
-12.570128819888707
-12.570156044677265
-12.570185354994198
-12.57022019615386
-12.570246782016284
-12.570275910574345
-12.570310345880715
-12.570347164359145
-12.5703847938842
-12.57041719996475
-12.570463657085293
-12.570502189633636
-12.5705336008278
-12.570574754760898
-12.570615270546638
-12.570661315030666
-12.570702832888516
-12.570740425479492
-12.570786182560518
-12.570831790436527
-12.570877415253632
-12.570932154724648
-12.570979438320894
-12.571032537133338
-12.571080095506323
-12.57113496012845
-12.571210830723977
-12.571286790547909
-12.571329362477773
-12.571391552736312
-12.571438175861827
-12.57149153958998
-12.57155167004069
-12.571585854949122
-12.571647345966044
-12.571687605500276
-12.571738766264579
-12.57179136522849
-12.571835680842813
-12.571905913158545
-12.571980843386676
-12.572028290854275
-12.572105698336987
-12.572171106696437
-12.572263715227576
-12.5723676571616
-12.572436053404822
-12.572486073425615
-12.57256850089109
-12.572629578792313
-12.572691266982599
-12.572744778617324
-12.572805092824977
-12.572869383197531
-12.572921798905156
-12.573007157243003
-12.573039532329096
-12.573085568517097
-12.573130944666431
-12.573184619233476
-12.573227005444068
-12.573268924644807
-12.573318586270517
-12.5733843845186
-12.573431775749164
-12.573483160132636
-12.573518697391195
-12.573569467827214
-12.57363465684103
-12.573682274528533
-12.573735021039608
-12.573802891341128
-12.573831330500221
-12.573883723218955
-12.573921013722194
-12.573966962522114
-12.574039842877434
-12.574074500430601
-12.574141833091854
-12.574192374409904
-12.5742454133925
-12.574292640116568
-12.574343276384132
-12.574379342225125
-12.574422624928
-12.574464210353328
-12.574502929959115
-12.574526062859546
-12.574580685424648
-12.57460220955674
-12.574634026613154
-12.574682179966059
-12.574733538256462
-12.57477382534939
-12.57481786533198
-12.574850323220902
-12.574894476177507
-12.574941263875468
-12.574975777885857
-12.5750073413328
-12.575049834877696
-12.57509301814062
-12.575110533981288
-12.575143122437687
-12.575161874646334
-12.575195927825046
-12.575222477353813
-12.575244575910427
-12.575293226449176
-12.575317567816672
-12.575345443477541
-12.575365609964697
-12.575389533950924
-12.575415003379494
-12.575440428824622
-12.575472532034334
