500 iters for seed 128 on 3R0.3 which is in the 49.452972412109375 percentile
 Maxcut: 20.0, MedianCut: 12.0
-12.140327640025609
-12.192107482412109
-12.22708634525399
-12.256833900770687
-12.281135310995687
-12.303007599674444
-12.324619035950368
-12.342120115828715
-12.35586922684245
-12.370367504220678
-12.381323050534029
-12.390285776433878
-12.399440728689195
-12.407895962985975
-12.414147320431654
-12.41964324404964
-12.424740804186177
-12.428729966071135
-12.432699921632555
-12.437451790261504
-12.440803981548937
-12.443945478940199
-12.44775379753714
-12.450118364641867
-12.452832412078886
-12.455557341535314
-12.45748801770786
-12.459950060340068
-12.461946997458757
-12.4637949483194
-12.465392129286965
-12.466946102905462
-12.46849444243487
-12.470415085915244
-12.472372828055818
-12.474545822909274
-12.47684524262478
-12.478550464667364
-12.480553581314773
-12.482916061866826
-12.484767647901112
-12.486765470049795
-12.488577112973253
-12.490142797759981
-12.491806937667015
-12.493196099964596
-12.494276338186722
-12.495173018583614
-12.49595093548622
-12.496772356755223
-12.49749486993115
-12.498325918900825
-12.499295739745765
-12.499985122142917
-12.500853101958686
-12.501646181194822
-12.50234143807032
-12.5028573348854
-12.503517867362463
-12.504148106771538
-12.50478787751837
-12.505652125957322
-12.506189273983038
-12.50690325776431
-12.507724801834375
-12.508430557762253
-12.50946347355475
-12.510653856956791
-12.51147849547622
-12.51257340689493
-12.513158100397522
-12.514165571080541
-12.514913555783568
-12.515552948607029
-12.516449735233081
-12.517336079812585
-12.518094932801763
-12.518808908545626
-12.519406257687073
-12.519978391744202
-12.52061109905707
-12.5209532796525
-12.52141765605279
-12.52225785671219
-12.522466682053844
-12.52338488284697
-12.523758675903617
-12.524261703848747
-12.52486727936261
-12.525493461468127
-12.525903775921478
-12.526293699484562
-12.526643301958536
-12.527182978368486
-12.527458882156468
-12.527899029249683
-12.528082235117404
-12.528409693782296
-12.528690578974276
-12.529047478400027
-12.529307150486854
-12.529534581169626
-12.529888177241302
-12.530117442862242
-12.530380336190085
-12.530601865511631
-12.53081438320334
-12.53106091516189
-12.531352102312443
-12.531573182725623
-12.531765514746672
-12.532009197227733
-12.532260516359601
-12.532564735092663
-12.532805549635047
-12.532987569988938
-12.533289937538212
-12.533491003618645
-12.5338276154694
-12.534009136500863
-12.53420946626511
-12.53444671102664
-12.534723835388702
-12.534968895530545
-12.53523856623285
-12.53530625765587
-12.535746344835077
-12.535937638155529
-12.536171224617812
-12.536512016116495
-12.536722912788425
-12.537106925585853
-12.537348844819492
-12.537663197362821
-12.537800966224893
-12.538058546265741
-12.538266094876391
-12.538439412552469
-12.538738981230122
-12.538910193374793
-12.539196784229432
-12.539349505044328
-12.539534255594306
-12.539903537625129
-12.540042638253375
-12.540368912737303
-12.540516909166083
-12.540724654130184
-12.540899321715454
-12.541214113774197
-12.54139515288785
-12.541556900646686
-12.541831448595968
-12.541973458919001
-12.542373180073115
-12.542498266126948
-12.542673949884753
-12.542809341813067
-12.542992631870918
-12.543197358856728
-12.5433503831588
-12.54348538473411
-12.54381920429976
-12.54395627665587
-12.544126571898719
-12.544368884712764
-12.544632093262788
-12.544824967820615
-12.545044646287458
-12.54520832333001
-12.545413825422106
-12.545652429965417
-12.545852002400968
-12.546002529769044
-12.546255469833332
-12.546393719958765
-12.546558908575518
-12.546796915836165
-12.546942141954862
-12.54711756796024
-12.547271938853061
-12.547418307153661
-12.547549297293294
-12.547711849195284
-12.547799132882734
-12.547896548639619
-12.548064877128388
-12.548085865974603
-12.548286878712378
-12.548343496386734
-12.54844621967666
-12.54855845859517
-12.548689529025511
-12.548791663215223
-12.548887815592504
-12.548992296293441
-12.549107977076403
-12.549278660563884
-12.54937506915283
-12.549488166872347
-12.54966670300919
-12.549733241281029
-12.54983105167865
-12.54993854123895
-12.550022104250843
-12.550148789581423
-12.550260866725353
-12.550342161454928
-12.550429617953776
-12.550517304539099
-12.550651996924644
-12.550758776742963
-12.550866369249317
-12.550954728977597
-12.551071451070593
-12.551187815504896
-12.551305548474087
-12.551452307529415
-12.551547906060414
-12.551667965862393
-12.551758880151889
-12.551842922491263
-12.551913062383719
-12.552001451978711
-12.55209131311997
-12.55218543668176
-12.552292396409163
-12.552382031015728
-12.552503657516636
-12.552631861569548
-12.55272051668095
-12.552818913704401
-12.552894637258934
-12.552999652900846
-12.553114485166057
-12.553195605871501
-12.553316273692882
-12.553467792877989
-12.553545402939882
-12.553694291546202
-12.553782741799804
-12.55389039774288
-12.553992312047349
-12.554076747149102
-12.554207001805356
-12.554359654638175
-12.55442674231428
-12.554524288302384
-12.55461114125824
-12.554694323670097
-12.55482243732727
-12.554870716396653
-12.554953925380186
-12.555025985192938
-12.555100641713805
-12.555170634292397
-12.555287760018057
-12.555361668917861
-12.555433568067057
-12.5555691704057
-12.555665353655435
-12.555811726696367
-12.555924006568741
-12.556056692907163
-12.556188941058494
-12.55632851433395
-12.556475020666985
-12.556574922848037
-12.556712415977582
-12.556842239081078
-12.55697248727671
-12.557109059993325
-12.557222502607786
-12.557358761459598
-12.557439137647265
-12.557527426578607
-12.557616027486102
-12.557717872807107
-12.557792807123404
-12.557862817969237
-12.557970550320436
-12.558083495972774
-12.558149609290501
-12.558237924024539
-12.558311384769308
-12.558388821950418
-12.558502195646787
-12.55857005407383
-12.558627877276468
-12.558723216431193
-12.55879338601614
-12.558887477052473
-12.558987462078807
-12.559034237138366
-12.559104341052278
-12.559171718480249
-12.559265280358678
-12.559329998460242
-12.559373685043361
-12.559461373680866
-12.559516225959507
-12.559581899913413
-12.559649645057554
-12.559707151501456
-12.559793336425024
-12.559894457267545
-12.560004295391911
-12.560096518873221
-12.560166722943157
-12.560277646701522
-12.560361093861346
-12.560432311070272
-12.560556064277291
-12.560635302812267
-12.560709421919139
-12.560848879820341
-12.560924098758772
-12.561066778761006
-12.561153603017704
-12.561259206996116
-12.561336532682198
-12.561431017297544
-12.561554940839297
-12.561674826325735
-12.561763998260233
-12.561872946545929
-12.561962331743741
-12.562099217089308
-12.562188895564107
-12.56226941734958
-12.56235695494664
-12.562436092965646
-12.562522569169246
-12.562607890066303
-12.562687312687379
-12.562781873991467
-12.56287327694874
-12.562952791615057
-12.563035628140913
-12.563112339788209
-12.563198365016337
-12.563262616292201
-12.563316433604848
-12.563340924935803
-12.563457623089148
-12.563492529842762
-12.563539941031124
-12.56361543323249
-12.563656972510348
-12.563723172832018
-12.563773234353313
-12.563837138451388
-12.563886861806463
-12.56392219825696
-12.563968568865203
-12.564008165316835
-12.564077437556023
-12.564118435765941
-12.56417679662162
-12.564214597577974
-12.564247659171087
-12.564280977377518
-12.564323493521144
-12.564362134433807
-12.564399750660586
-12.564473404437088
-12.564516569609344
-12.564559250742676
-12.564597160154282
-12.564628719860531
-12.564668237378275
-12.564710463397017
-12.564743524156068
-12.564776489315264
-12.564810319406524
-12.564845721318546
-12.564875646033308
-12.564907976586941
-12.564956187645306
-12.564980123507766
-12.565012762000213
-12.565042843181907
-12.565071198525592
-12.565088412619394
-12.565134340175025
-12.565155348718072
-12.56518314243021
-12.56521337209519
-12.565251717645468
-12.565287181137984
-12.565320159115682
-12.565351724441697
-12.565381072596404
-12.565424488481842
-12.565455190809915
-12.565478423536183
-12.565523011400725
-12.565541465251544
-12.565564601675199
-12.565603324768261
-12.565627369449171
-12.565677373853273
-12.56572661119444
-12.565754930567143
-12.565791547252802
-12.56582267987524
-12.565867025290652
-12.565919106018601
-12.565968219290731
-12.56601070099733
-12.566066218248656
-12.566098172777068
-12.566135447201574
-12.566162519452883
-12.566193392518834
-12.566212431194382
-12.566258977642907
-12.56628017920755
-12.56630620498669
-12.56633966500433
-12.566378346034512
-12.56640801766235
-12.566439162426596
-12.566469298782241
-12.566502979917013
-12.566550295506616
-12.566577616373552
-12.56660013487838
-12.56663761645656
-12.56666332229111
-12.566695150259802
-12.566735560963702
-12.566754276321934
-12.566778920235906
-12.566793243208968
-12.566831246599543
-12.566852567374339
-12.566873190983301
-12.566911135517955
-12.56694253386322
-12.567009929116022
-12.567035911108821
-12.567064153846898
-12.567097183880117
-12.567137244645949
-12.567166007921326
-12.567197101057895
-12.56722042342139
-12.567248238839095
-12.567288352976476
-12.567310924613423
-12.567329635294536
-12.567367550685683
-12.567378285663668
-12.567400277768087
-12.567420065131808
-12.567439665637092
-12.567467086703152
-12.567483333602063
-12.567513157572275
-12.567535041204255
-12.567567545463486
-12.567585892342793
-12.567613378656178
-12.567635504533694
-12.567654413270766
-12.56767520947851
-12.567700831457769
-12.567714744066116
-12.567733091491515
-12.567759631995003
-12.567775833090185
-12.567804642619024
-12.567820027408436
-12.567839529672131
-12.567855180579471
-12.567887095020359
-12.567902471591264
-12.567917387718872
-12.567943134149179
-12.567957760332686
-12.56798222974656
-12.567998720379599
-12.568020335604137
-12.568034140619895
-12.568054058406823
-12.568069622588798
-12.568086200348425
-12.568110122091204
-12.568125279346201
-12.568142876848864
-12.568155279156459
-12.568170383601316
-12.568192612736231
-12.568220497837856
-12.568234892431633
-12.568250160320991
-12.568266533925568
-12.568289106665262
-12.56831283836409
