500 iters for seed 76 on 3R0.3 which is in the 50.316619873046875 percentile
 Maxcut: 21.0, MedianCut: 12.0
-12.043089816460276
-12.13192189780058
-12.161980543013904
-12.231086712060453
-12.27789508528839
-12.318772481850885
-12.357845108784947
-12.389413946945876
-12.41838848255908
-12.442182860479098
-12.468815043690856
-12.48977244673521
-12.505413421253907
-12.518475919722372
-12.531254011681794
-12.54111508081978
-12.555447816759171
-12.563313975042526
-12.571207830487477
-12.579554462698075
-12.587228930725106
-12.59296446548692
-12.59751257646548
-12.602024339551305
-12.606441484110235
-12.610418042971311
-12.613920389886815
-12.617037735722638
-12.619736676897379
-12.622226266301443
-12.624559018856369
-12.627884561353314
-12.630706524411341
-12.633377249730897
-12.636317073167152
-12.639042525865339
-12.64214951893787
-12.644922367016598
-12.647312420004656
-12.64993026796556
-12.652219539059246
-12.65420714400576
-12.656037622004956
-12.658017464231724
-12.659952714643758
-12.661425839788238
-12.662882956673897
-12.66410899367201
-12.665610576595068
-12.667332574483044
-12.668569881866048
-12.670494307270504
-12.672082741783054
-12.673317036815389
-12.675100592794344
-12.676624876411998
-12.67821659293691
-12.67980039417656
-12.681344826434733
-12.682764067760418
-12.684381819628955
-12.68520761200415
-12.68673164377423
-12.687647827623925
-12.68876508316129
-12.6902875637128
-12.690999269994554
-12.692179298938907
-12.693089636486551
-12.69410538049716
-12.695052064820077
-12.6960864795956
-12.697362668401139
-12.698254423881933
-12.699130326386292
-12.700512742191801
-12.701570413909753
-12.702300266249333
-12.703577295989327
-12.704095789859752
-12.705000875094285
-12.705711528910294
-12.706411615053298
-12.707338074407222
-12.708418344620895
-12.709129152965467
-12.710274070892527
-12.710885318723772
-12.71177874901906
-12.71283589265719
-12.71353771242501
-12.714643075639891
-12.716010705762681
-12.716753711279152
-12.717873987035716
-12.718809156745927
-12.7197049717794
-12.720722204408013
-12.72145665878695
-12.722407879378128
-12.723354357080424
-12.724194661186221
-12.724909732638451
-12.72595894360019
-12.726565920459601
-12.727185826175072
-12.72777053568794
-12.728418636127712
-12.729524373331017
-12.730069980041813
-12.731045138253004
-12.731590142473813
-12.732262920582636
-12.732876292116595
-12.733908373074753
-12.734478224094437
-12.735071683892631
-12.73591247292406
-12.7366542081589
-12.737202222353574
-12.737730480448404
-12.73826477780423
-12.739217158904413
-12.739895046330892
-12.740471650488086
-12.741120165835946
-12.741679725291906
-12.742217203479585
-12.742750808181617
-12.74316074140223
-12.743630497096905
-12.744097401181833
-12.74444310299511
-12.744868217700995
-12.745573133109193
-12.746034202416471
-12.746616932100146
-12.747281134668969
-12.747900761514362
-12.748375067271805
-12.749072879746018
-12.749582784512915
-12.750050819674144
-12.750731739670604
-12.75105923089662
-12.75147831194646
-12.751986457443179
-12.752263705155949
-12.752797074004164
-12.753299429468122
-12.753548827363463
-12.753985659419206
-12.754185268580407
-12.754515519943165
-12.754755825381404
-12.754962977334406
-12.755307801632753
-12.755563436309902
-12.755830230268666
-12.756076897931042
-12.756343305364895
-12.756564193209414
-12.757013094951397
-12.75717088315602
-12.757446059096702
-12.757614620905873
-12.757887469025114
-12.758070742251421
-12.75822847221134
-12.75842542473375
-12.758649176196592
-12.758801323202091
-12.75899761758894
-12.759158943724277
-12.759296645415464
-12.759495600735178
-12.759580492364432
-12.759707557458578
-12.759842168410216
-12.759936061512981
-12.760110924084577
-12.760292188104108
-12.760424542198697
-12.76063110793632
-12.760750955783259
-12.760927747902645
-12.761111606583345
-12.761215258332944
-12.761452402009402
-12.761659543167852
-12.761803555920919
-12.762012440846316
-12.762156600259022
-12.76235223140844
-12.762484349851231
-12.762605971982673
-12.762734778351227
-12.762872668436906
-12.76302663993728
-12.763162652556456
-12.763312165283697
-12.763456329482334
-12.763611975604588
-12.76373384059272
-12.763838881766498
-12.763982435932569
-12.76412089846973
-12.764244555887046
-12.764383174113158
-12.764476755080441
-12.764587272274628
-12.764706038312294
-12.764797159747959
-12.764901498046003
-12.765011818041604
-12.76510147367916
-12.765208440881013
-12.765349416965623
-12.765455560142929
-12.765520281514416
-12.765617742017477
-12.765703715575938
-12.765807275144002
-12.765900188602734
-12.765996989644782
-12.766092508382323
-12.766238769296947
-12.766286791247904
-12.76644268716276
-12.76651268686038
-12.766610110231975
-12.766726257932357
-12.76679499569304
-12.76691641163206
-12.766971993110115
-12.76705415215522
-12.767113826600085
-12.767191217438288
-12.767267325146955
-12.767347531507168
-12.767427281883025
-12.767518472204896
-12.76761602182436
-12.767688120951698
-12.767779486120013
-12.767868342569175
-12.767952091681217
-12.768029970252046
-12.768115000925768
-12.76819359948953
-12.768235592571727
-12.768309658675902
-12.768379885419495
-12.768449679290162
-12.76850390921355
-12.768562930963215
-12.768660520433698
-12.768776063896839
-12.768849794050652
-12.768929331156144
-12.768993272421422
-12.769057443224426
-12.769149042768605
-12.769202639749537
-12.769265865877475
-12.769358970847488
-12.76943989719112
-12.769489962156886
-12.769620620086494
-12.769647570366356
-12.769735959010251
-12.769795004690616
-12.769887581077738
-12.770000672217122
-12.770109565891975
-12.77020766433251
-12.770292601154452
-12.770369129551575
-12.770487566767725
-12.77058427912798
-12.770678647051351
-12.770770954814868
-12.770879663392872
-12.770988788486381
-12.771069143422325
-12.77117664000714
-12.771258185915357
-12.771343087417737
-12.771456558797794
-12.771523869223778
-12.771633344073365
-12.77171434087041
-12.77180300228454
-12.771875498290372
-12.771968853663129
-12.772005554123691
-12.772138407679638
-12.77219171266705
-12.77226426647427
-12.77236259220012
-12.7724115266282
-12.77253217379314
-12.772578272283708
-12.772647717676383
-12.772722312957285
-12.772818120667296
-12.772897471695256
-12.772970160021938
-12.773023103032834
-12.773124534233862
-12.77318564172418
-12.773253774126612
-12.773384999243724
-12.773456001075958
-12.7735508023623
-12.77361705648545
-12.773702253205695
-12.773772940326632
-12.773839038529083
-12.77392209263482
-12.773982139862163
-12.774083141874478
-12.774165947368191
-12.774224536720043
-12.7743088426893
-12.774404217426197
-12.774521233080055
-12.774697036858568
-12.774804300921328
-12.77492221288887
-12.775113914460832
-12.775205294029677
-12.775316396813146
-12.77545472009273
-12.77554957058165
-12.775636104596023
-12.775793414741365
-12.775880688956992
-12.775995326025921
-12.776091085522467
-12.776247350972232
-12.77633637381828
-12.776428484039961
-12.776579350274751
-12.776624424923968
-12.776846851540753
-12.776914724407332
-12.77703271451665
-12.777178642042943
-12.77731807628228
-12.777434300913216
-12.777572970704195
-12.77767353564759
-12.777831054934671
-12.777908527444815
-12.778026327055677
-12.778107912009693
-12.77823107603908
-12.778405891696636
-12.778438250708238
-12.778638936364732
-12.778705339723304
-12.778812983372923
-12.778970699810486
-12.77907721319807
-12.77922882955128
-12.779336033181545
-12.779436901792561
-12.779547239582307
-12.779669002092934
-12.7798404529255
-12.779938396785663
-12.780030182957095
-12.780148446213374
-12.780244989967095
-12.780349474249512
-12.780522220023165
-12.780603242993077
-12.780713023852833
-12.780778532683422
-12.780935251584221
-12.781050831845063
-12.781135931284068
-12.781281165571677
-12.781371371461892
-12.78153173136213
-12.78162681989572
-12.781758254034674
-12.781828933185988
-12.78192075823835
-12.782011385209339
-12.78208207178563
-12.78216644945457
-12.782258052436148
-12.782328728086517
-12.782395832089943
-12.78252454247959
-12.782626343330909
-12.782704126496064
-12.782789336204562
-12.782865089857372
-12.782991010582261
-12.783083987343783
-12.783167700817462
-12.783238497582776
-12.783327208837399
-12.783396950068926
-12.78347399866275
-12.783531346228934
-12.78360682960599
-12.783686786487358
-12.783798485195565
-12.783865440357697
-12.783951523706262
-12.784056812838976
-12.784171584282495
-12.784251199389232
-12.784345278837996
-12.784424867980078
-12.784517814704389
-12.784615260356919
-12.784698548743535
-12.784764611039567
-12.784865685700764
-12.784929020223355
-12.785028502297934
-12.785098737762205
-12.785156353526608
-12.785235396334699
-12.785309705827208
-12.785360163197687
-12.78541404705593
-12.785454811218658
-12.785518208389423
-12.78557396802709
-12.785627890537961
-12.785669690385403
-12.785723896323436
-12.785785131477294
-12.785853056175965
-12.78591853029334
-12.785973249976234
-12.786029388687876
-12.786101867436987
-12.786167360894282
-12.786215091864836
-12.786283297156187
-12.78633383864383
-12.78640042059158
-12.786493506881996
-12.786541496397174
-12.786615578066145
-12.78670201399531
-12.786787750060721
-12.786825740790018
-12.78691348586973
-12.786935390449608
-12.787025283291133
-12.787067700244517
-12.787125576021413
-12.787222256912417
-12.787280087388083
-12.787370441553117
-12.787432920843099
-12.787517008566471
-12.78759926684087
-12.78768161401343
-12.787784883108909
-12.787862652330332
-12.787984264945056
-12.788066569419774
-12.788224357970709
-12.788313062201643
-12.788428404350313
-12.788564254444736
-12.78869309433307
-12.788803934339548
-12.788913299969005
-12.789018107350035
-12.789170094188286
-12.789287101183529
-12.789400506974317
-12.789507660905192
-12.789660857540227
-12.789771575026018
-12.789868219633028
-12.78995250053039
-12.790039002366166
-12.79015742571919
-12.790328930514113
-12.79045313806437
-12.79060875099625
-12.790683672118515
-12.790850480865474
-12.790960678127567
-12.791074101075708
-12.79121772847001
-12.7913617930761
-12.791457335772982
-12.791586481840827
