500 iters for seed 94 on 3R0.3 which is in the 95.09201049804688 percentile
 Maxcut: 20.0, MedianCut: 12.0
-11.972362020530596
-12.052423229927621
-12.088538654483846
-12.12139785698005
-12.153138804031396
-12.175680867549396
-12.199993411816612
-12.215463023135223
-12.231941763077392
-12.244736088563654
-12.25738185207201
-12.26608532212748
-12.275588183316344
-12.283733431051944
-12.292241004441687
-12.299537944533954
-12.30628682358911
-12.310979426725032
-12.31701182826046
-12.320225754881875
-12.324843464420045
-12.329707963210375
-12.334752151981133
-12.338414259877437
-12.341428024608787
-12.344642238795284
-12.34761416918357
-12.350956692150252
-12.353882198326758
-12.35666417597583
-12.360437647950192
-12.363083887546024
-12.366329459013096
-12.3697589276362
-12.371764300502985
-12.373998079693338
-12.37677146034461
-12.378288493400898
-12.37969539118142
-12.381285661163336
-12.382408807907343
-12.383900076410026
-12.38578091736549
-12.386947619153373
-12.388387152131392
-12.389598753678278
-12.39103423540253
-12.392631335658871
-12.394389043728605
-12.395417916736164
-12.396856537779541
-12.397861043011735
-12.399139291329432
-12.400303161466669
-12.401165180040717
-12.402317603263421
-12.403733783841425
-12.404542302358747
-12.405752572805925
-12.405952687943532
-12.407789418952124
-12.408558158821116
-12.409475615779622
-12.410718333472909
-12.411360008975452
-12.413213389055057
-12.413787354426393
-12.41473370080863
-12.415188837031442
-12.41619754167583
-12.416703071722392
-12.417290774443662
-12.417837047664433
-12.418613059640743
-12.419143169554495
-12.419646350615288
-12.420415416891743
-12.42086844104663
-12.421543217941636
-12.42190590916191
-12.422377545994728
-12.423015116619379
-12.423737997290033
-12.424135101039976
-12.424646624669656
-12.424933836580419
-12.4253313878878
-12.425801540050845
-12.426103428166606
-12.426299836893815
-12.427081540990363
-12.427345266766245
-12.427697371478532
-12.428195746880617
-12.428581865697609
-12.428990996127038
-12.429233722691523
-12.429574580388408
-12.429896228903177
-12.430366228287797
-12.430675281470863
-12.43098314697558
-12.431467226958462
-12.431729696681664
-12.432090765796428
-12.432277651694488
-12.432587537144542
-12.432973691183065
-12.433391182083643
-12.433671321172655
-12.434084643276408
-12.43439187489555
-12.43478566161542
-12.435428361882419
-12.43579431734818
-12.436392893357993
-12.436957275960966
-12.437337724287298
-12.437878154131026
-12.438375337249704
-12.438945266273596
-12.439553985991306
-12.440081649996305
-12.44072479173725
-12.441213111072756
-12.441632152220095
-12.442010815426226
-12.44251116161671
-12.442838962124446
-12.443366868672982
-12.443746941933885
-12.444174863184235
-12.444660493226525
-12.44528133462716
-12.445680121454256
-12.446171305235048
-12.446688450472559
-12.447426258128885
-12.448067099583099
-12.448571967618815
-12.449145659242735
-12.449779956539388
-12.450289416770689
-12.450970318336115
-12.451533049428686
-12.452030212234702
-12.45282349233979
-12.453282797005143
-12.45377444845444
-12.454668205713281
-12.455126844135625
-12.455652729033462
-12.456269207825592
-12.45663170347623
-12.457264369661846
-12.457525341988775
-12.458157354731101
-12.458520853300737
-12.458924106813836
-12.459595897572408
-12.459995949078905
-12.460464340876975
-12.460834555330756
-12.461222795027133
-12.461599552246724
-12.461973581978997
-12.462297680920376
-12.4625843241108
-12.462824876198138
-12.463378106540452
-12.46357154775921
-12.46385082169787
-12.464262997860247
-12.464541153743754
-12.464935758936157
-12.465144742396117
-12.465406881815532
-12.465616677809303
-12.466049001892229
-12.466243391017546
-12.466446811367295
-12.466734671752821
-12.466922974255882
-12.467242557015375
-12.46743377336012
-12.467663500237398
-12.468166734206097
-12.468430512196976
-12.46891067650805
-12.469305073538475
-12.469732155633018
-12.470086773100503
-12.470441077100048
-12.471043165519562
-12.471511405342953
-12.472063077797788
-12.472636974336432
-12.473032100719388
-12.473453324790297
-12.473994464676661
-12.474286064621086
-12.474670493193523
-12.475002915808483
-12.475304526890671
-12.475547732348018
-12.475874346155058
-12.476129385338265
-12.476432117936328
-12.47661537265424
-12.476816931029573
-12.476988586984252
-12.477259430154739
-12.477432830473294
-12.477632438055757
-12.47802855815268
-12.478294992249639
-12.478560157363502
-12.478808453731833
-12.479050950348947
-12.479377018019457
-12.479682060099254
-12.479922655162847
-12.480162596921453
-12.480371852499648
-12.480576259242078
-12.480796949332873
-12.480954314824594
-12.481212435191958
-12.481411030403674
-12.481607016787372
-12.481753873947607
-12.48190226444021
-12.482073003639272
-12.482228150497846
-12.482383191143693
-12.482512084402352
-12.48262024926941
-12.482774722598203
-12.482885151415267
-12.48299669769563
-12.48316608668906
-12.48326534661398
-12.483377184187296
-12.483563776970826
-12.48364341307407
-12.483730758936115
-12.48392704858904
-12.484036100266696
-12.484211549151782
-12.484384343980176
-12.484534602999608
-12.484701685290409
-12.484835534024812
-12.484973509441918
-12.48524135082029
-12.485369260426275
-12.48554261444201
-12.485761152006754
-12.485896278837632
-12.486064009763489
-12.486279847940759
-12.486426275810363
-12.486614366368023
-12.48665511726406
-12.486944980912149
-12.487036866247477
-12.4871733588653
-12.48735612758078
-12.487476129671057
-12.48767427952489
-12.487803995855536
-12.48795473381173
-12.488058758371844
-12.488196619868827
-12.488292213447787
-12.48838218409972
-12.4884718678886
-12.488584811986424
-12.488648794084652
-12.488720081107617
-12.488784465100306
-12.48885927258712
-12.488936911645126
-12.488985757124532
-12.48906734222037
-12.489145611345966
-12.48922568204275
-12.489288446457216
-12.48936919369698
-12.48945083232478
-12.489540040557094
-12.489616018737838
-12.48970560819547
-12.48977904329177
-12.48985374068564
-12.489941617410825
-12.490010476673422
-12.490071101614426
-12.490125791981562
-12.49018183077412
-12.490241331570445
-12.490315778048355
-12.490388715863164
-12.490461318304842
-12.490535464124736
-12.490601298605789
-12.490674594031974
-12.490729605996263
-12.490815535176694
-12.4909098943925
-12.49099780962896
-12.491074761881345
-12.491178877740197
-12.49125320927275
-12.491349422750407
-12.491458663071453
-12.49154019891899
-12.491593051730682
-12.49172971453575
-12.491785396893308
-12.4918771740892
-12.491977011853994
-12.492100101000506
-12.49219684935436
-12.492311922730215
-12.492408246994293
-12.492503028847027
-12.49264578967741
-12.492730824705012
-12.492851458329262
-12.492941472529107
-12.493132641562248
-12.493206478706803
-12.493351133733704
-12.493518172705652
-12.493664924474453
-12.49380912728149
-12.493932825740925
-12.4940563877938
-12.494218084929857
-12.494350587144933
-12.49448443966116
-12.494616316513602
-12.49480207708002
-12.494944232286926
-12.495048204534191
-12.495179961608425
-12.495326161622641
-12.495497115516201
-12.495632388476878
-12.495773209319406
-12.49592183529503
-12.496086029385287
-12.496233456697782
-12.496420796330094
-12.496573368870754
-12.496747029072397
-12.496919521560566
-12.497082357078643
-12.49724392358177
-12.49739831611348
-12.497532774858623
-12.4976867931411
-12.497885001924637
-12.498044522799034
-12.498175841170903
-12.498411824688702
-12.498579915813536
-12.498771044767077
-12.499075501982238
-12.49925918440164
-12.49952854547941
-12.499759684799487
-12.500004337494987
-12.500207577721689
-12.500383136894584
-12.500560319346704
-12.500749075579563
-12.500943731996463
-12.501125545605943
-12.501286587783454
-12.50146558267878
-12.501647277320723
-12.501859189934192
-12.502043230518229
-12.50221409591585
-12.502391249328594
-12.502591783588787
-12.502761256218005
-12.502948054781566
-12.503080718149514
-12.503236993075827
-12.503398739092734
-12.503517400917453
-12.503628991793269
-12.503799253021002
-12.503887864861788
-12.503993736748253
-12.50413684677743
-12.504210611243693
-12.504311784489726
-12.504404404411526
-12.504516751047593
-12.504612753425597
-12.50471960293039
-12.504822131779058
-12.504926783454621
-12.505057642441532
-12.505159742496254
-12.505263141977265
-12.505352531448585
-12.505477801764584
-12.505561686096739
-12.505725722269297
-12.505816111526585
-12.505915713434732
-12.50601139579619
-12.50615444839558
-12.506231770943424
-12.506316793956863
-12.506436705201972
-12.506522290474576
-12.506626461113237
-12.506716303847446
-12.506813982881223
-12.506920203593086
-12.507020390601987
-12.507145925389816
-12.507234104646553
-12.507333562470041
-12.507421331014012
-12.507508303532978
-12.507556506157076
-12.507657160417546
-12.507742011304583
-12.507848178873436
-12.507944455237546
-12.508005741831976
-12.508066847380242
-12.508128853964172
-12.508206009496925
-12.508266537441354
-12.5083227466881
-12.50839749783779
-12.508457850585671
-12.5085015138349
-12.508569031259817
-12.508606670162333
-12.508646138934122
-12.50869826576194
-12.508732027670279
-12.508787584047116
-12.508859425948904
-12.508896163014368
-12.508958334782694
-12.508989184684706
-12.509050084964322
-12.509097935831836
-12.50914806000275
-12.50921206149383
-12.509293468317672
-12.509348365482449
-12.509418403222874
-12.509468551684147
-12.509522899700691
-12.509586197453643
-12.509629419155072
-12.509680533782609
-12.50975604242381
-12.5097892396626
-12.50984959316468
-12.509861556456073
-12.509955782099151
-12.509991770742499
-12.510037206362057
-12.5101067038747
-12.510153621158105
-12.510228987690118
-12.510275558117284
-12.510333167999097
-12.51038758833445
-12.510439982514114
-12.510503408906736
-12.51055314075927
-12.510588147438892
-12.51064846216419
-12.510682753033205
-12.510719868683891
-12.510786185751344
-12.510821289524335
-12.510883315315663
-12.51097217543213
-12.511001836281284
-12.511049565483251
-12.511087634294707
-12.51113444439752
-12.511190830704086
-12.511224993178796
-12.511273157770065
-12.511317666085167
