500 iters for seed 127 on 3R0.3 which is in the 94.93026733398438 percentile
 Maxcut: 22.0, MedianCut: 12.0
-11.898119131915696
-11.939068658572271
-12.040392542335951
-12.09456404343938
-12.139213141979551
-12.185573164005163
-12.217674301283283
-12.244758399801766
-12.273204547859983
-12.293521489977358
-12.314503281666497
-12.331123805267808
-12.34807018521804
-12.362688296668608
-12.376076716934872
-12.389041403067123
-12.400234621376633
-12.41043198529157
-12.42014739514091
-12.427547975794567
-12.434651650579491
-12.44265545236669
-12.450462241247958
-12.455976366293196
-12.461088632810249
-12.466922506261568
-12.471891588542642
-12.476067722869416
-12.48037154328324
-12.484252693757396
-12.48804985694937
-12.492021511702749
-12.49537598178503
-12.499050065169827
-12.502491763349527
-12.505175000277747
-12.507807518322911
-12.510174984959928
-12.511992761620203
-12.513776246461012
-12.516134022659406
-12.51749049308469
-12.518869082892513
-12.520805051890449
-12.522163357946363
-12.524106247454485
-12.526127152186138
-12.527318107547183
-12.529226135875145
-12.53038542942935
-12.532043046709553
-12.533635397395669
-12.534903448284142
-12.536797196118343
-12.538684402139905
-12.539832577636979
-12.541524385287133
-12.543034922956547
-12.54487587295142
-12.546587214047488
-12.54808506217052
-12.549449545924773
-12.550718340816173
-12.551931757555142
-12.553166398680151
-12.554160935882681
-12.555283372847786
-12.55623671989585
-12.557062837014252
-12.557869485917264
-12.558916803945653
-12.559760452833807
-12.560427814022699
-12.561397480803032
-12.562121091767887
-12.562955536306811
-12.563656721739058
-12.564245643862545
-12.564968908719738
-12.565854516829493
-12.566714571625205
-12.567545948092933
-12.568341651201296
-12.569290262885206
-12.570076286424168
-12.57114228578539
-12.572075001824434
-12.573245057132745
-12.574824654193845
-12.575941234670845
-12.577418122456187
-12.57863634678477
-12.579598421708983
-12.580383382129915
-12.581275404153294
-12.582510992634333
-12.58307098406142
-12.584083364029247
-12.584569931110982
-12.585130776573106
-12.585797536260113
-12.586393754714024
-12.587194469404267
-12.587816638402877
-12.588480266084114
-12.589359832774527
-12.58982430270423
-12.590291714586243
-12.591115324540972
-12.591634158859508
-12.592663897686919
-12.593347659062367
-12.593978474970225
-12.594741097142366
-12.59540114141629
-12.59623361274233
-12.597174850686363
-12.597933729467396
-12.598622873411077
-12.599215680011213
-12.59981589865264
-12.600373573271078
-12.600907098579917
-12.601474861280728
-12.601949585000774
-12.60266627599951
-12.603228574637116
-12.603731800995511
-12.604151017760708
-12.604583501212613
-12.604930103938482
-12.605293046855218
-12.605918425972938
-12.606241118283156
-12.60672828490562
-12.607142028722238
-12.607595276408933
-12.608047035094645
-12.60850545701193
-12.609081350824193
-12.609516690317772
-12.609987376068673
-12.610515090533607
-12.610788330862038
-12.611170316600997
-12.611640449697557
-12.611928101418147
-12.61269386333004
-12.61310679496454
-12.61378177855173
-12.614327712934914
-12.614736677103313
-12.61511663090786
-12.615532816023439
-12.615950952271614
-12.616368064398051
-12.616742187437627
-12.617111242069631
-12.617374680353196
-12.617756261094145
-12.618194152145282
-12.61869171418336
-12.619212310294104
-12.619768091694354
-12.620432528908738
-12.62084965671013
-12.62127697439109
-12.621831895176204
-12.622162969364915
-12.622568570157155
-12.623000613379398
-12.62330917256729
-12.623526939949338
-12.624052486153147
-12.62423051177019
-12.62449516927758
-12.6248436204756
-12.625199254799329
-12.625473569012234
-12.625751075006578
-12.625929236943012
-12.626100546269237
-12.626409274570676
-12.626572493974095
-12.626786585539097
-12.62698725541605
-12.627268724570147
-12.627383594558113
-12.627639554732642
-12.627758793369189
-12.628012022306603
-12.628200133425802
-12.628406426323677
-12.628751669173628
-12.628901742133827
-12.629474267848764
-12.62968652318005
-12.629920051404138
-12.630253068564993
-12.630433065419107
-12.630963821887462
-12.63114139134557
-12.631397444593413
-12.631585901129036
-12.631860962239783
-12.632271766231169
-12.632483597850182
-12.632720875776862
-12.633030085801664
-12.633227364078019
-12.633437147490389
-12.633699430908926
-12.63391829136875
-12.634159626664191
-12.634385338539413
-12.634664825976316
-12.634888405169118
-12.635065888714768
-12.635283319460793
-12.635444512608714
-12.635675590756438
-12.635814876999728
-12.635982872439753
-12.636102435097607
-12.636257755815212
-12.636497824140848
-12.636652904291935
-12.636844228745407
-12.636959188559992
-12.637088206838023
-12.637187952607617
-12.637401942923209
-12.637487670512593
-12.637598145556478
-12.63769970370696
-12.637846467047623
-12.637994412303435
-12.638069503860429
-12.638279899799198
-12.638350402496755
-12.638464557614551
-12.638564824138982
-12.63872997040763
-12.63883273426218
-12.638947038797395
-12.639066562387386
-12.639157254228536
-12.63920954034377
-12.639393151164416
-12.639446927216298
-12.639546930888029
-12.639644050347414
-12.639748141897838
-12.639821270081736
-12.63989902670314
-12.639986207324668
-12.640079067296922
-12.640170944504789
-12.640255526346987
-12.640325898864097
-12.640433550212284
-12.640523929215412
-12.640583315681438
-12.640692741814451
-12.640757068229325
-12.640840239271926
-12.640950854485883
-12.641025546360497
-12.641123212440416
-12.641223150717117
-12.641317969007336
-12.64138244999445
-12.641476417933525
-12.641505358809352
-12.641604790928952
-12.641649718351704
-12.641716143451184
-12.641818327521293
-12.641880190912312
-12.641970443092905
-12.642022284667352
-12.64209192625896
-12.642165236074113
-12.642267743288258
-12.642339194960492
-12.642404335161928
-12.642492339360917
-12.642558617011147
-12.642604969086173
-12.642648743114984
-12.642691688283499
-12.642737418289213
-12.642795055969227
-12.642820981453113
-12.642866507561235
-12.642911288923699
-12.642964730425096
-12.643014340645374
-12.643059151135489
-12.643117266395153
-12.643184739751316
-12.643225586622545
-12.643280493434496
-12.643321076897596
-12.643360015469982
-12.64344562538367
-12.643488879689281
-12.643562614078103
-12.643582497552819
-12.643665901057357
-12.6437030131804
-12.643755016779696
-12.643824612927341
-12.643868415932001
-12.643945592856822
-12.643994020257779
-12.644045836057737
-12.644097479865122
-12.64417037319565
-12.644212560066597
-12.644267340898557
-12.644317611399057
-12.644361107172848
-12.644401098649773
-12.644466896018994
-12.644506586860064
-12.644557380754378
-12.644632863873404
-12.644698968297503
-12.644751248200748
-12.644795551486128
-12.6448305161206
-12.644878287220585
-12.644945746592576
-12.644984420415003
-12.645043143777174
-12.645096522930386
-12.64516067254661
-12.645198836681608
-12.645239874726967
-12.645312591374775
-12.64535769066353
-12.645408103979602
-12.645450808480348
-12.645493041422302
-12.645541703652047
-12.645588316622714
-12.645611427134511
-12.645641266146724
-12.645677462762428
-12.645707649230635
-12.64576338110415
-12.645787487154431
-12.645842084335083
-12.645883787462608
-12.645931908627382
-12.645965546450348
-12.645996294034633
-12.646052192569893
-12.646083051928578
-12.6461271280008
-12.64613220409383
-12.646180715016765
-12.646197805788894
-12.646229362934356
-12.646264723483602
-12.646300875175655
-12.646331563933774
-12.646361081042222
-12.646389792335373
-12.646416815864509
-12.646467461403246
-12.646487188100277
-12.646519390957788
-12.646559423652096
-12.646569543895081
-12.646638596722223
-12.646658372473837
-12.646688430803351
-12.646731369852288
-12.646753854048967
-12.646800358281595
-12.646835395139208
-12.646872609447978
-12.646905882592787
-12.646944585994877
-12.64698290315801
-12.647015601326647
-12.647061777724993
-12.647112388582627
-12.647153389041726
-12.647199268548185
-12.64724136280133
-12.647281029908388
-12.647337711858519
-12.647378668022952
-12.64741974900316
-12.647483030839247
-12.647514730278722
-12.64754209541897
-12.647580464035357
-12.64761136926002
-12.647674814518416
-12.647707308094617
-12.64777170911378
-12.647801228890456
-12.647849164852124
-12.64787915692666
-12.647942583426175
-12.647978452182363
-12.648021112482649
-12.648074030733655
-12.648135757488626
-12.648164101989922
-12.64820941877289
-12.648240023315694
-12.648279159229089
-12.648320628584475
-12.648350122965835
-12.648370521657109
-12.648406019989336
-12.648416965907822
-12.648441588253133
-12.648462674094919
-12.64847986325273
-12.648505696263545
-12.648530950105165
-12.64855284105764
-12.648573174587519
-12.648594488046088
-12.648606978923217
-12.648661269620344
-12.6486787867632
-12.648708150951848
-12.648745826557633
-12.648755838124234
-12.648800003635882
-12.648815057571333
-12.648846328881572
-12.648865792888273
-12.648907752799378
-12.648930251860866
-12.648954884643377
-12.64897682728781
-12.649005279981642
-12.649029815820253
-12.649051985071129
-12.649091722928835
-12.649126362679768
-12.649149553034647
-12.649178404514311
-12.649201975422045
-12.649232064679858
-12.649252724936055
-12.64927121637835
-12.649296054681436
-12.64931767969312
-12.649344861305124
-12.649363091927286
-12.6493852232595
-12.649434623624984
-12.649462344131155
-12.649493632839146
-12.64952744928007
-12.64955111293316
-12.64957735010137
-12.649604361381169
-12.649623275969027
-12.649644635053733
-12.649673117001743
-12.649690025857307
-12.649711947392206
-12.649751564796924
-12.649759261934845
-12.649801449094749
-12.649815049399749
-12.649838868516065
-12.64987569499199
-12.649895705213122
-12.649933201942082
-12.649960185181529
-12.649986481442639
-12.650008105382522
-12.650031636746398
-12.650062147479698
-12.650078959065073
-12.650113410238733
-12.650148147402755
-12.650165819340549
-12.650197626370632
-12.650225180830903
-12.650257751852719
-12.65028792098771
-12.650312375667502
-12.650332615627434
-12.650372563500587
-12.650387711179787
-12.650414287289008
-12.650439353126583
-12.650463428643402
