500 iters for seed 100 on 3R0.3 which is in the 99.97177124023438 percentile
 Maxcut: 21.0, MedianCut: 12.0
-12.112434046231732
-12.171894669388278
-12.207689349695848
-12.235848548647956
-12.264676989060767
-12.281666850885825
-12.302700714978533
-12.317308026401273
-12.330248918706365
-12.342248915008627
-12.352473207152727
-12.363750631539443
-12.372331119265322
-12.37911803472874
-12.383825822847578
-12.389754462619576
-12.394070811752563
-12.399160716935656
-12.40424587117127
-12.407926864371603
-12.413531807447114
-12.418078977025578
-12.421676441496908
-12.425207478465193
-12.428514132578787
-12.431624111206999
-12.4346697471912
-12.438311828186702
-12.440447963570081
-12.443699262433979
-12.446099517685793
-12.448738965442342
-12.451308661327506
-12.454387401346715
-12.456432207063436
-12.458235956765682
-12.460084505515493
-12.462032999223041
-12.463904530268756
-12.465634604734612
-12.46718225857978
-12.468732362800292
-12.470129847419287
-12.471349734688532
-12.47275948179256
-12.474007225211912
-12.475180311153478
-12.476540721894086
-12.478134106737091
-12.47953653881109
-12.480772019227967
-12.482055676462872
-12.483629945621086
-12.485151333053555
-12.48681021970924
-12.488636050237849
-12.490282885421669
-12.49225799133555
-12.493893232218849
-12.495237850463559
-12.496637040665776
-12.4977427761971
-12.498629404977516
-12.499496172909065
-12.500430778034588
-12.501723503989034
-12.502695768249831
-12.503572221870556
-12.50442130403853
-12.50528809397376
-12.506172774635454
-12.506878047970492
-12.507566567836697
-12.508237455655962
-12.50888682220058
-12.509638017167179
-12.510241777372253
-12.511026855435176
-12.511825874717333
-12.512508188790463
-12.512984994848829
-12.513792642053716
-12.513929696645208
-12.514795670841927
-12.515180208194865
-12.515695997312413
-12.516307433740678
-12.516898621237903
-12.517356084230531
-12.517837492299021
-12.518239044459296
-12.518756947741974
-12.519277247543103
-12.519738780661832
-12.520008850466521
-12.520544968613995
-12.520627360146754
-12.521024527194324
-12.521214958647231
-12.52149002627226
-12.521848384997234
-12.522107932749176
-12.522552664838969
-12.52282381278619
-12.523088605047224
-12.523318856972196
-12.523574805497692
-12.523944765239582
-12.524155762349311
-12.524325093352235
-12.52469590212999
-12.524861272071535
-12.525062723923812
-12.525353417788862
-12.525508164723233
-12.525687824163823
-12.525997916938305
-12.526109890820596
-12.526246653014923
-12.526412667567701
-12.526585823945844
-12.526864088617483
-12.526979898483347
-12.527222035917966
-12.52743564882796
-12.527711855889178
-12.527946314794026
-12.528131642474204
-12.52841294260297
-12.52860947539381
-12.528815573084623
-12.529133179297718
-12.529344752435492
-12.529532009426537
-12.529698480349655
-12.529919671812547
-12.530196747967034
-12.530378193797793
-12.530713603724447
-12.530949171527226
-12.531213680233336
-12.531447269628032
-12.5317154677042
-12.532014191999526
-12.53231084752502
-12.5324916169931
-12.532833773505024
-12.532891859501845
-12.533194830746408
-12.533353303352236
-12.533569641831768
-12.533875502489867
-12.534055385236087
-12.534383925234136
-12.534612816737749
-12.534897162152086
-12.535113623044456
-12.535325621133625
-12.535612818119832
-12.535772436171133
-12.536066859820606
-12.536272552268915
-12.536544855885722
-12.536749658759657
-12.536947464821358
-12.537106617483339
-12.537405372264912
-12.537546181868802
-12.537739038574614
-12.537993070263846
-12.538254978396997
-12.538443668492182
-12.538690222498044
-12.538875228966706
-12.539099130067735
-12.53932543788785
-12.539556367979808
-12.539679154383403
-12.54002603319929
-12.540118746931725
-12.540374405101128
-12.540534485187072
-12.54074606275238
-12.541039974152268
-12.541183435417341
-12.541463981105514
-12.541653440849291
-12.541878973026293
-12.542070784733204
-12.542236797960161
-12.542542672492772
-12.542698573698695
-12.542860712281215
-12.543139672461344
-12.54330814068646
-12.543510987477147
-12.543880150451969
-12.543990106269478
-12.54421727565183
-12.544414422636907
-12.544628683624913
-12.544872189665403
-12.545050552002749
-12.545256769836909
-12.545541735187573
-12.545709944754032
-12.54585786377601
-12.546081753787094
-12.5462444670882
-12.546467557158172
-12.546644751055569
-12.54678889695841
-12.546989250983106
-12.547139259932909
-12.54731228017752
-12.54747487449703
-12.547622549037957
-12.547697501719444
-12.547967943739327
-12.54805225751765
-12.548201631945268
-12.548322048334645
-12.548479721565476
-12.548583450515126
-12.548702527825343
-12.548786463041523
-12.548953087219546
-12.54905112575784
-12.54914831466929
-12.549300454648941
-12.549402371610524
-12.549506331639353
-12.549597982163904
-12.549701015010301
-12.549817513848774
-12.549924553373657
-12.55004602952516
-12.550129905250529
-12.550246165364673
-12.550334824399995
-12.550445876340586
-12.550497704503952
-12.550622076154779
-12.550704065506997
-12.550843655989803
-12.550945490077975
-12.551032723455906
-12.551170571436437
-12.551299315896138
-12.551412744634241
-12.551528248731799
-12.551633402156481
-12.551790776517741
-12.55193266782033
-12.552039812183855
-12.552163954044556
-12.55225178904963
-12.552396862895776
-12.552475010708955
-12.552574068247745
-12.552661354813203
-12.552800983767034
-12.552880613577813
-12.55298245944448
-12.55310551229974
-12.55322626050239
-12.553336580746842
-12.553448251628357
-12.553544166558037
-12.553670166561561
-12.55377022640001
-12.553874161498884
-12.553964267733054
-12.55408933278861
-12.55420685545496
-12.554333330863457
-12.554439155389794
-12.554549564915055
-12.5546442201976
-12.554732315750119
-12.554861825773836
-12.554952373242696
-12.555047930642798
-12.55516029937996
-12.55521207631552
-12.555301364483967
-12.555347109291366
-12.555442611377835
-12.555488013572324
-12.555540070370812
-12.555632615123004
-12.555645800689536
-12.555764112561883
-12.555801070258495
-12.555860996191477
-12.5559480182391
-12.55596676181502
-12.556078799732443
-12.556114475759198
-12.556168732289365
-12.55625392565096
-12.55628284790011
-12.55640236594104
-12.556446540470459
-12.556512286574826
-12.556546659635789
-12.556633141567872
-12.556681616049081
-12.556731948226389
-12.556815210376763
-12.556858547977201
-12.556948172508863
-12.557029700761445
-12.557117562880766
-12.557181038620378
-12.55724703556122
-12.55732508506588
-12.557398610584317
-12.557486452253006
-12.55758860889037
-12.557688094980369
-12.557765430670823
-12.557837877310986
-12.557907649899146
-12.557987889694425
-12.558072916842168
-12.558155391436543
-12.558246584518747
-12.558313834902998
-12.55840116138494
-12.558513433064167
-12.558592306520083
-12.558643866046063
-12.558803907557916
-12.558855489195548
-12.55893399351672
-12.559026873382255
-12.559135458245063
-12.559224676885906
-12.559361562783653
-12.559456386192199
-12.559561118230747
-12.55972767000743
-12.559823897381742
-12.559942529755558
-12.560059078033996
-12.560191819718096
-12.560260320838646
-12.56041072456758
-12.560477784981835
-12.560543118917215
-12.56064235088657
-12.560718009884601
-12.560812141465455
-12.560921562996601
-12.560992465322212
-12.561058894998894
-12.561155972780613
-12.561224329563707
-12.561311096278029
-12.561386558115133
-12.561463688985802
-12.561539317200584
-12.561634051010122
-12.5617101807765
-12.561783605320734
-12.561849248454717
-12.56192869392764
-12.56200487148498
-12.562074959195437
-12.562126892779705
-12.562209391535859
-12.562253460159226
-12.562342720222496
-12.56241126639079
-12.562467325271035
-12.562562737704397
-12.562643210445085
-12.562724924911025
-12.562781042029266
-12.562836412071558
-12.562899782187495
-12.562971888465603
-12.56302072336112
-12.563078768342743
-12.563148856366205
-12.56325354458481
-12.56332772873942
-12.563412222746305
-12.563512024249018
-12.56362028758311
-12.56369628825236
-12.56379526178673
-12.563864071220161
-12.56392107824403
-12.564026362611711
-12.564066032521467
-12.564113436705693
-12.564187188059764
-12.564230332395843
-12.564331665224959
-12.564442013953485
-12.564511254470805
-12.564601094760276
-12.564697042594034
-12.56483345972402
-12.564932125538313
-12.56503322311034
-12.565114787285456
-12.565217318656336
-12.56527501335287
-12.565418578846327
-12.565490953682705
-12.56558310425261
-12.565719221376105
-12.56579536080002
-12.565922368198382
-12.5660049115797
-12.566107865856964
-12.566190031722105
-12.566284227319306
-12.56637527976144
-12.566430444575028
-12.566491477433006
-12.566622298965603
-12.566675909320638
-12.566762169753712
-12.566823519667253
-12.566922376926843
-12.566983838354338
-12.567043808775153
-12.56714032268536
-12.567221442125803
-12.567292482672348
-12.567347715766395
-12.567397947177776
-12.567446696998541
-12.56752257054869
-12.567556179093192
-12.567602151287955
-12.56764549806757
-12.567708805976995
-12.567748282661691
-12.567788397960197
-12.567839952523325
-12.567896425718374
-12.56793294587647
-12.567986798668025
-12.56801733820095
-12.568058287004671
-12.568111139989997
-12.568147855690365
-12.568174451056171
-12.568250566682
-12.56827378600561
-12.56831119102716
-12.568357186308528
-12.568411682607568
-12.568455325007887
-12.568502771630966
-12.568536667107255
-12.568580369043476
-12.568624073383162
-12.568666608345545
-12.568695576519389
-12.568760073479222
-12.568779060936027
-12.568825176117816
-12.568862660495283
-12.568900232372247
-12.568959888892694
-12.568997817347281
-12.569051214726446
-12.569088113476028
-12.569127980409311
-12.569166158740579
-12.569201034487824
-12.5692476352252
-12.569279019796028
-12.569306584064499
-12.569348856895317
-12.569375298085376
-12.56939717018731
-12.569448684501902
-12.569468509052012
-12.569494617286045
-12.569548078162033
-12.569575768341906
-12.56959085633022
-12.569668116001491
-12.569694896110033
-12.569744462324064
-12.569780333636853
-12.569837929178242
-12.569871863684039
-12.56990709131265
-12.569954516055791
-12.570008545759395
-12.570050404855033
-12.57009352026434
