500 iters for seed 13 on 3R0.3 which is in the 94.69070434570312 percentile
 Maxcut: 21.0, MedianCut: 12.0
-12.007057634072158
-12.053481954769637
-12.072805976401172
-12.168009517364236
-12.200809517306379
-12.243594465350446
-12.272778824840874
-12.291664458394468
-12.310766004863128
-12.32448476088722
-12.334420551129455
-12.337081641144731
-12.344825027796253
-12.35309731266588
-12.358659136070479
-12.370411160730994
-12.376943948985147
-12.382956762628922
-12.390860033990613
-12.397251685174016
-12.403414893153588
-12.40800221102678
-12.412025478827799
-12.415416365875716
-12.419401402012554
-12.422349268860431
-12.425482175102925
-12.428604406431148
-12.430819883786972
-12.434720729992705
-12.43797787770641
-12.440733620857287
-12.44371100819242
-12.446314528010925
-12.448490308743903
-12.450355995906037
-12.452143676896027
-12.454099473876614
-12.455977895947775
-12.45816413880942
-12.459897077460816
-12.461079570371538
-12.462566797982078
-12.464685389946837
-12.46620980236514
-12.468207028619513
-12.46961585789603
-12.4710542945544
-12.471706258775006
-12.474280000659872
-12.475215983601736
-12.476329712764379
-12.477828781398431
-12.479215367961787
-12.480512484103095
-12.4818544558043
-12.483128584488776
-12.48485227261484
-12.486356134500998
-12.487433303855862
-12.488863641583615
-12.489415440370662
-12.490418772105695
-12.490978540095892
-12.491600335921525
-12.492205810151933
-12.493023397774753
-12.493571446668305
-12.494151227522083
-12.494745836794753
-12.495315913100242
-12.496167303519403
-12.49677420295894
-12.497608689224105
-12.49833836386702
-12.499105712365168
-12.499825024719183
-12.50051542240441
-12.501208768918534
-12.50170083856226
-12.502289465262646
-12.50297519100073
-12.503438721700146
-12.503831041158987
-12.504642247932587
-12.50526541446238
-12.505935969705256
-12.50664165898982
-12.507408996228637
-12.508070228324188
-12.508654001702016
-12.50964254302114
-12.510078589950137
-12.510534471933017
-12.51116275228164
-12.511601856412124
-12.511999131028942
-12.512557345560143
-12.512937249428324
-12.51350882598541
-12.514066841887958
-12.514664042978202
-12.515540077181914
-12.516081193737385
-12.5165481800939
-12.517320810811114
-12.517728496068639
-12.518296743291447
-12.518675381244599
-12.519109580074662
-12.51936265156391
-12.51977428813008
-12.519822236967585
-12.520307545817513
-12.52048204823632
-12.520776603027366
-12.521113691336351
-12.52136641304387
-12.52174036826539
-12.521962196135632
-12.52226589331
-12.522453267668155
-12.522713864831836
-12.522997621355177
-12.523202346510349
-12.523411661097114
-12.523741653071186
-12.523929843130114
-12.524188401266565
-12.524562893667266
-12.524851300959984
-12.525137056240474
-12.525373259606624
-12.525614613733637
-12.525948427506348
-12.526246457469291
-12.526549473014352
-12.526813365039736
-12.52716093097281
-12.527555770237846
-12.527843841634576
-12.528121730207657
-12.528437265192506
-12.52882413906025
-12.529216542268943
-12.529550489256577
-12.529895497009043
-12.530226590672303
-12.53054299750571
-12.53112776520873
-12.531374778982771
-12.531757542438573
-12.532202837113761
-12.532646996284209
-12.533061161274846
-12.53363233128754
-12.534059978933602
-12.534534378628281
-12.534788842068163
-12.535366977556599
-12.53565187384124
-12.53597506929637
-12.53613677847999
-12.536595702661826
-12.536852592819303
-12.53709406652724
-12.537481715698824
-12.53768205799158
-12.538026571252127
-12.538261776868826
-12.538632528177578
-12.538847216067724
-12.539170995115132
-12.539453932321859
-12.539664188085634
-12.540040629779018
-12.540153462856217
-12.540452648059237
-12.540569466404953
-12.54077079186267
-12.54099567667011
-12.541273968913453
-12.541452226689874
-12.541646191586992
-12.541855933319917
-12.542094324335507
-12.542391672643566
-12.54259814742772
-12.542794399051392
-12.542999832366919
-12.543175707703146
-12.543391851933116
-12.543603231657107
-12.543832042001897
-12.544036075841131
-12.544227382865193
-12.544373398961149
-12.544483650493289
-12.544652289277828
-12.544825325296857
-12.545042539835865
-12.545227280339637
-12.545419929164598
-12.545613560472322
-12.545797801282212
-12.545962260275694
-12.546107337618526
-12.546191801243397
-12.546304212852533
-12.546415280819954
-12.546498122951547
-12.54670231745617
-12.546816572867243
-12.546961860518225
-12.547087606023723
-12.547201111250953
-12.547329489913588
-12.547479927707412
-12.547626028996238
-12.547775584691799
-12.547953658079022
-12.548102777649632
-12.54820770708607
-12.5483783688481
-12.548508405140677
-12.54863199366785
-12.548801478666519
-12.548904067216025
-12.5490265512713
-12.54915157542121
-12.549240899612464
-12.54932781465142
-12.54949148526368
-12.549595340449706
-12.549730762160344
-12.549808357378549
-12.54989630203673
-12.549978043537418
-12.550075305935895
-12.550217848373007
-12.550298667539572
-12.550424578037338
-12.550511105435362
-12.550607630389788
-12.550777670323406
-12.550863339026309
-12.551016823046389
-12.551098038585003
-12.551212956099029
-12.55134408083916
-12.551523594841683
-12.551636138767313
-12.551761234247271
-12.55196037811587
-12.552069576947787
-12.5522440116151
-12.552321483099874
-12.552451691868498
-12.552540381558392
-12.552714961468377
-12.552803122094469
-12.552891026822095
-12.552984543163632
-12.553100845033798
-12.553176860008803
-12.553319204276558
-12.553394889261575
-12.553548751745254
-12.553662364307119
-12.553795645577027
-12.554040754610122
-12.554172718455856
-12.554399801134547
-12.554551585531762
-12.554708000434534
-12.554839072626356
-12.554953076425768
-12.555108702589514
-12.555228086817005
-12.555438221117367
-12.555559308354603
-12.555666751472812
-12.555770724251479
-12.555886203546795
-12.556010578574334
-12.556185861276077
-12.556287903473272
-12.556417204663958
-12.556526020205734
-12.556691853387111
-12.556873738061755
-12.55700356457164
-12.557307329946319
-12.557445995793449
-12.557726709509836
-12.557968050853427
-12.558182134841093
-12.558378178583755
-12.558571302849373
-12.55881811663553
-12.558955081511305
-12.559138418480018
-12.559267619387738
-12.559397723289035
-12.559567770122865
-12.559769560276719
-12.559882744368844
-12.56005433010591
-12.560164297293898
-12.560310905141218
-12.560445183305093
-12.56055308862673
-12.560739539539568
-12.560901205679377
-12.561026069639968
-12.561199087274659
-12.56130445669713
-12.561433656835673
-12.561590358767647
-12.561705077398475
-12.561787661925376
-12.562037446325741
-12.562094007286232
-12.562255755716748
-12.562362957599897
-12.5625023745644
-12.562691757317719
-12.562795709536553
-12.56301264292847
-12.563166961286758
-12.56332423717439
-12.563435804872405
-12.563532734332655
-12.563713235223625
-12.563785356088577
-12.563873036313904
-12.564002444324982
-12.564089916598185
-12.564117195616074
-12.56435113823406
-12.56441396853631
-12.564517451903566
-12.564653715560187
-12.564708221847951
-12.564886190379246
-12.564947125423739
-12.565043970348679
-12.565186551227276
-12.565256494615037
-12.565372434945742
-12.565462437920704
-12.565558946991755
-12.565649778346133
-12.565753132462936
-12.565875797342866
-12.565963598243638
-12.566047251920342
-12.56613769389917
-12.566228816241457
-12.566307747671463
-12.566401603900353
-12.566467639827692
-12.56657647154813
-12.566604456749504
-12.56676566551697
-12.56682294824601
-12.566901522659457
-12.567005148103778
-12.567100483209266
-12.567188819264688
-12.567257372898144
-12.567321326655254
-12.567387127034921
-12.56747512427195
-12.56754683202366
-12.567612072762163
-12.567783351302008
-12.567852526782927
-12.567970945265778
-12.568061689629992
-12.568164566937146
-12.568252597773283
-12.568322931000932
-12.568414162501217
-12.568477114385534
-12.568548708736895
-12.568694515044859
-12.568774985655343
-12.568846592635344
-12.568962228544313
-12.56901973562605
-12.569080831220399
-12.569195025417764
-12.56925486358076
-12.569331535120018
-12.569437198175494
-12.569501438701717
-12.569577344760127
-12.5696530053803
-12.569737000753504
-12.569814173698653
-12.569901665453669
-12.569974475238286
-12.570059299951279
-12.570116995463454
-12.570177057711241
-12.570248268339753
-12.570287779051423
-12.570327433854
-12.570387992035798
-12.570425261867614
-12.570478972382526
-12.570538372102012
-12.57057145741344
-12.570624762449668
-12.570660334977523
-12.570704010900254
-12.57074587918514
-12.570779193269653
-12.570850992725518
-12.570888757617036
-12.570933895082785
-12.570980463805203
-12.571024222385692
-12.571063084265855
-12.57110075380492
-12.571130147815476
-12.571158114335201
-12.571203638149687
-12.57124655322647
-12.57127279266766
-12.571316613057638
-12.571355992513098
-12.57139964393521
-12.571445277859436
-12.57147392956904
-12.57150857806785
-12.571553487324751
-12.571590253574445
-12.571621364289445
-12.571661734209101
-12.571702949332963
-12.571747255982586
-12.571787731365943
-12.571822386494828
-12.571856682920677
-12.571887780425886
-12.571929129049725
-12.571954118256743
-12.571986935022691
-12.57201687670994
-12.572055412081284
-12.572078871420311
-12.572109311753465
-12.57212968362152
-12.572167360518062
-12.572200213997194
-12.572225169626517
-12.572280967447554
-12.572307127553307
-12.572354301001596
-12.57239443903143
-12.572453310096552
-12.572475994030135
-12.572527327011235
-12.572553881835077
-12.572582198969057
-12.57261254265332
-12.572651739209318
-12.57268571076185
-12.572716149948223
-12.572758098595068
-12.572801800224553
-12.572840246344128
-12.57288349334529
-12.572914743167928
-12.572939671671236
-12.572989493436335
-12.57302508039535
-12.573066892302315
-12.573094612288804
-12.573119670551797
-12.573151753224117
-12.57319062175087
-12.573220331503105
-12.573256560712743
-12.573291703830996
-12.573332086444815
-12.573363932423058
-12.573393329276206
-12.573421751887656
-12.573457579457672
-12.573491886016095
-12.573510050228068
-12.573538555069897
-12.57355449366354
-12.573578173528754
-12.573604086058081
-12.573619661445347
-12.573658052200678
