500 iters for seed 189 on 3R0.3 which is in the 94.80514526367188 percentile
 Maxcut: 21.0, MedianCut: 12.0
-12.015132472709602
-12.031491459218751
-12.077126802992407
-12.103126033562452
-12.1692180769041
-12.192438525607464
-12.223608785827686
-12.245207688798034
-12.264889809791217
-12.276684045471129
-12.29678545664523
-12.308906565334775
-12.32388368375787
-12.334800339766403
-12.345597360501685
-12.354186738564557
-12.360620573779457
-12.367477911301275
-12.374847032402112
-12.380429608959089
-12.386486793229013
-12.391742911152175
-12.395396546390046
-12.400755275448233
-12.405944002808395
-12.411162182613097
-12.415372780614522
-12.419424966503723
-12.423687993038829
-12.427765214511806
-12.431182529255796
-12.435298046703233
-12.438132054681313
-12.442121474092433
-12.44428630900256
-12.447555110909981
-12.450333066886541
-12.453073478587777
-12.455641529006293
-12.457744320021112
-12.460277858592981
-12.462328859706357
-12.464049145297611
-12.466186280760542
-12.468078832403187
-12.470034242783814
-12.471750660233358
-12.473464589913972
-12.47438938378102
-12.476480141869587
-12.477353516202212
-12.47846840206352
-12.480195258202327
-12.481165241268869
-12.482190079606713
-12.483412941820763
-12.484670636007685
-12.48618436518847
-12.487582567495696
-12.48893284368345
-12.490008370879487
-12.49116259403671
-12.492239150058799
-12.492819218579296
-12.493943006089651
-12.49452086850636
-12.495102041339207
-12.49605671943456
-12.496272392887208
-12.497397675941317
-12.497758893442613
-12.498438844587941
-12.499380498990377
-12.499972769627364
-12.50093743218147
-12.50160823935816
-12.502344981330063
-12.502677919428375
-12.504093802711822
-12.504581025377357
-12.505173168043488
-12.505882112427278
-12.506696913515945
-12.507376445886973
-12.50812330814794
-12.508626234974406
-12.509138375711432
-12.509983945017618
-12.51048552418514
-12.510986126489602
-12.51182423711959
-12.512367523654778
-12.513084029523567
-12.513763815777583
-12.514350112191524
-12.51471699092631
-12.515267578544824
-12.51572068677805
-12.516028019049763
-12.516670096636663
-12.51700835242453
-12.517462998318386
-12.518189830694585
-12.518709570835174
-12.519261855868237
-12.519748065624702
-12.520246066963578
-12.520705689871765
-12.521180549178549
-12.52148866755777
-12.521771403036395
-12.52208354653817
-12.522367101402223
-12.522673448729961
-12.523026687612962
-12.523296799549822
-12.523595972302873
-12.523823016776703
-12.52424589821019
-12.524447662338474
-12.524712111503794
-12.525070866029553
-12.525319283954301
-12.52566042758112
-12.525844917302717
-12.526064774703912
-12.526313021511047
-12.526544738291644
-12.526773411923156
-12.526969131773948
-12.527187110521915
-12.527464352645428
-12.527607667261762
-12.52780993929052
-12.52812225328282
-12.528341909336756
-12.528489805352798
-12.528618350516536
-12.528768839606693
-12.52899661037721
-12.529193572629564
-12.529362191256148
-12.529548305993911
-12.529690291088798
-12.529912588816476
-12.530014117331742
-12.530138043275791
-12.530357303854501
-12.530461447181299
-12.530624989801902
-12.530780650280057
-12.530973418854716
-12.531161038654083
-12.531339387960475
-12.53152882546342
-12.531752120607976
-12.531920911728704
-12.53213939993078
-12.532321764211265
-12.532498666992575
-12.532701032513206
-12.5329013137022
-12.53305190238215
-12.533222050795043
-12.533385819872956
-12.533534478615262
-12.533707269497098
-12.533843218880246
-12.533975368426145
-12.534168996180437
-12.534269107658151
-12.534391625933686
-12.534543246657453
-12.534723402114286
-12.534788372490254
-12.535000935208789
-12.535101484092046
-12.535253849859425
-12.535339998813964
-12.535468271725803
-12.535555259056457
-12.535707926362893
-12.535818981040896
-12.535919028211277
-12.536124071838053
-12.536229994772182
-12.536350910980918
-12.536458168724486
-12.536607649369392
-12.536740702731464
-12.536890066819662
-12.536998401230314
-12.537117854172205
-12.537189620400559
-12.537336364178545
-12.537430427422652
-12.537524636481978
-12.537728768896667
-12.537827218150477
-12.5380251350923
-12.538170793863117
-12.538354442132992
-12.538497096815208
-12.538636252884531
-12.538811820067535
-12.538948600040515
-12.53911626699121
-12.539233069464895
-12.539405274681386
-12.53950628942598
-12.539710078422559
-12.539825848253187
-12.539988366784224
-12.540129474861118
-12.540246189752517
-12.540383046056597
-12.540620738846242
-12.540797672225095
-12.540995278322182
-12.54117258863737
-12.541344149505258
-12.541519567663336
-12.541662496307856
-12.541890993240397
-12.542001362428206
-12.542187661512877
-12.54238785558937
-12.542528967159775
-12.542693157932721
-12.542834133705083
-12.54296456496576
-12.543180979624388
-12.543296510327758
-12.543429126044803
-12.543545484820909
-12.5436707587794
-12.543771731077655
-12.543899680755796
-12.543998237171378
-12.544090245238788
-12.544201036462914
-12.544383163442431
-12.544473891714079
-12.544570062257389
-12.544709884133347
-12.544888616783672
-12.545053649635882
-12.545238080418752
-12.545371420196709
-12.545508102623817
-12.545634410115905
-12.545762902135536
-12.545962915166232
-12.546145131561143
-12.546270827153489
-12.546389673180853
-12.546488494464402
-12.546613144055527
-12.546783387157245
-12.546878190749945
-12.54706734542691
-12.54728505236039
-12.547370847007238
-12.547551176830448
-12.547627540330428
-12.547814977255438
-12.547927388315264
-12.548040775924663
-12.548240900422876
-12.548427753250667
-12.548670980579361
-12.548768440746233
-12.548913788021
-12.549020012316127
-12.54915291074026
-12.54928446541733
-12.549381264575795
-12.549481504396727
-12.549627847359197
-12.549692351325527
-12.54977468150195
-12.549854844370754
-12.549943956614579
-12.550032672868303
-12.550132866342988
-12.550250915336392
-12.55039798844248
-12.550472632609747
-12.550538796422254
-12.550618475363654
-12.550717672290283
-12.550813003242418
-12.550891565810536
-12.550956654859606
-12.551035852644395
-12.551094336585612
-12.551151721689973
-12.551283610788861
-12.551297720190004
-12.551396674956187
-12.551442122704813
-12.551509661596612
-12.551586475317492
-12.551663238449391
-12.55172833995725
-12.551787121179514
-12.551844424891527
-12.551909952839338
-12.552004874530388
-12.552049952271013
-12.552130403050922
-12.552183177334603
-12.55225010779196
-12.552316281669889
-12.55236200371419
-12.552474167963501
-12.552534015351277
-12.552579135716126
-12.55262675284912
-12.552676713985907
-12.552716043166107
-12.552777770568364
-12.552805619338962
-12.552848078807692
-12.552909872737626
-12.552968085723228
-12.553016730357788
-12.553070869536889
-12.553124685515293
-12.553177211571228
-12.553232857607933
-12.553264731407165
-12.553328228734655
-12.553364947296998
-12.553430235375206
-12.553491589579073
-12.55356379288009
-12.553615486953376
-12.553675774308951
-12.553737180390119
-12.553788279930856
-12.553850732111368
-12.553907014671042
-12.553961378918816
-12.553997811284471
-12.554039644053644
-12.554113425877803
-12.554159206246208
-12.554211966680107
-12.55426921432487
-12.554306066792725
-12.554375026942076
-12.554417309562043
-12.554474748061244
-12.554536257100285
-12.554585616339079
-12.554634802312181
-12.554676565386291
-12.554716676120723
-12.55475482064317
-12.554812225697983
-12.55486699498918
-12.554920530605994
-12.554970142144459
-12.555013806236593
-12.55506169572816
-12.555103812668353
-12.555135237916954
-12.55517302334436
-12.555206656338274
-12.555243635996094
-12.555282298083934
-12.555309327536081
-12.555338672716147
-12.555372154589616
-12.555407882005376
-12.555447335903272
-12.555482792294272
-12.555535326138335
-12.555562462544959
-12.555607930816958
-12.555658204619629
-12.555691518823627
-12.555761818083583
-12.55579451638122
-12.555834256292021
-12.555865165999627
-12.555908797845742
-12.555942098679411
-12.555981381719246
-12.556011996815585
-12.556037533481259
-12.55606486486726
-12.55609820071579
-12.556124046840658
-12.556151025872333
-12.556192499545318
-12.556238947423843
-12.556269720509814
-12.556309881031158
-12.55634128256038
-12.55637285729374
-12.556425782781167
-12.556459934918962
-12.556487397247745
-12.556538945949224
-12.556563205784522
-12.556586031834794
-12.556652207457802
-12.55668607134885
-12.55672541125782
-12.556822219217295
-12.556847967088672
-12.556886337649502
-12.55695848488837
-12.557003337070928
-12.557097290949642
-12.557153511142577
-12.557222509706799
-12.557289539095914
-12.557358867573756
-12.55742415813563
-12.557477809759451
-12.557547024162687
-12.557605755863277
-12.557698980167265
-12.557774472913144
-12.557835291034156
-12.557910223623642
-12.557976945021053
-12.558057302556218
-12.55812961897138
-12.55820186998286
-12.558277255997723
-12.558346119746005
-12.55840831826093
-12.55845833434206
-12.558533598303185
-12.558623879483282
-12.558709036101892
-12.558802460699537
-12.558893288291769
-12.558984892259293
-12.559069187102615
-12.559166653197542
-12.559275500637922
-12.559369669569188
-12.559452117100143
-12.559527748629067
-12.559611995233999
-12.559694121861034
-12.559766681761104
-12.559877819656666
-12.559992710746872
-12.560077983118678
-12.560180535298448
-12.560285433372892
-12.560398097983562
-12.560500973221073
-12.560578233931514
-12.560661354775561
-12.560737689573614
-12.560808489127055
-12.560864284517953
-12.560965811785321
-12.561050030378109
-12.561147720981486
-12.561230564081178
-12.561310084624319
-12.561386394932228
-12.561476927370585
-12.561572097790853
-12.561660220347214
-12.561721749047674
-12.5617769725373
-12.561830490610824
-12.5618837881835
-12.561985787939202
-12.562033775186077
-12.562110855284264
-12.562164904236198
-12.562231475249336
-12.562299813662001
-12.562367302259661
-12.56243565781544
-12.562490676744355
-12.562576795312202
-12.562658702410598
-12.562730472648344
-12.562796269497905
-12.56281206544829
-12.562892981184067
-12.56293964505641
-12.56298056785007
-12.563045580335324
-12.563167523716965
-12.563234579769228
-12.563284061019065
-12.56333614067744
-12.56338860618116
