500 iters for seed 90 on 3R0.3 which is in the 78.86123657226562 percentile
 Maxcut: 22.0, MedianCut: 12.0
-11.855866894674099
-11.926950693204413
-11.994054908423198
-12.023263646414765
-12.072854500808095
-12.115044224855689
-12.145637816336004
-12.167910449868474
-12.190686642365808
-12.210649113473973
-12.230142426631625
-12.245779185927017
-12.255573253821153
-12.261547240238475
-12.26739993365197
-12.271231752908122
-12.278080002774752
-12.285134534034206
-12.292350658766372
-12.299243158350963
-12.305210215996436
-12.310213314891001
-12.315345442281266
-12.321146134934382
-12.32646898268545
-12.33205263920937
-12.336418897161947
-12.339512622096592
-12.34304917728089
-12.347519367446418
-12.350001161157424
-12.352851227100722
-12.356395514454395
-12.358906693159039
-12.361892073272235
-12.364760046200537
-12.367090985140193
-12.369304032698578
-12.371778413706787
-12.374342690110389
-12.377026534135535
-12.379743722825467
-12.38230720276649
-12.384626498200785
-12.386813470099066
-12.388975283713739
-12.391003993601627
-12.392822186522183
-12.394954604765353
-12.396177517895621
-12.39742789672815
-12.398691309586981
-12.399858286772828
-12.401417851448752
-12.402533662356495
-12.403317789129648
-12.404190149836552
-12.405127763237694
-12.4060678080061
-12.407224120718388
-12.407769975308852
-12.408552402109745
-12.409070126534374
-12.41000197989839
-12.410548299210745
-12.411046748759283
-12.411927418360852
-12.412506014817469
-12.413490267716742
-12.414170747662846
-12.414740273797237
-12.415279068014353
-12.415974467653266
-12.416709663773545
-12.417437728859758
-12.418051739385056
-12.418848674074244
-12.41938705031145
-12.419881042370328
-12.420546081406533
-12.420984725438784
-12.42152478140744
-12.422409334271297
-12.42257651381862
-12.423271741113647
-12.423584036028
-12.424116047574204
-12.424687349756175
-12.424967348606613
-12.425736711468637
-12.426030372098836
-12.426543637615444
-12.42705487253033
-12.427669720958074
-12.428102338612305
-12.428566197461194
-12.429098893116759
-12.429940059840845
-12.43066827950511
-12.43173450565701
-12.432361883005992
-12.433205374686546
-12.433911755371494
-12.434944570462626
-12.435639389776057
-12.436374871230964
-12.437138493928975
-12.43788258293135
-12.438552636376258
-12.439150681359237
-12.439853157949585
-12.440487518403815
-12.441073449749133
-12.441622472203049
-12.44223889361382
-12.442569290968779
-12.443329218055567
-12.443494600787794
-12.444343146057065
-12.444730813460842
-12.445186701764225
-12.445813212927524
-12.446241147982157
-12.44694534926907
-12.44725239279269
-12.447659370105004
-12.448083306550496
-12.448659362184749
-12.448953399423724
-12.449335014103394
-12.449637652126537
-12.450065982997875
-12.450460597797955
-12.450841275957435
-12.451606799538958
-12.452051585175056
-12.45273938236243
-12.453286200882417
-12.45370815110751
-12.454208027606107
-12.454597816082698
-12.455142724788402
-12.45562699877851
-12.456259626535275
-12.456800013456625
-12.457396277263328
-12.457878175948766
-12.458632647574674
-12.459122596043636
-12.459543212583293
-12.4602475948652
-12.460566632588472
-12.46123873122329
-12.461512802446261
-12.461968627179974
-12.46252632097254
-12.46307965519115
-12.463554180727238
-12.46393675225737
-12.464468409399267
-12.464903757523391
-12.465362978546528
-12.465691489088986
-12.466085791921696
-12.466537308938777
-12.466793725388973
-12.467131599349184
-12.46755718832663
-12.467898175751076
-12.4682741419192
-12.468760838090425
-12.469163215752104
-12.469857728791752
-12.470107704115286
-12.470844302140497
-12.47112959752475
-12.471603584826708
-12.472034246967368
-12.472626951148365
-12.473094693688399
-12.473498966554502
-12.473821961817496
-12.474317370206705
-12.474794056449069
-12.475226743647793
-12.475571084251493
-12.476016442367943
-12.476300421346354
-12.476651411693787
-12.47694505962605
-12.477353384991176
-12.47765617395901
-12.477960832246165
-12.478181468427822
-12.47854105384446
-12.47875272214797
-12.478975709192092
-12.479119284032569
-12.479490404129823
-12.479732111340137
-12.479938131648717
-12.480263718849475
-12.48045307776491
-12.480794235470483
-12.481024207125776
-12.481322173210835
-12.481423514406531
-12.481679888832833
-12.481843430773262
-12.482034682138243
-12.482329831165995
-12.482509493674431
-12.482745172733832
-12.482924021522704
-12.483123531892602
-12.483313405934082
-12.483622524268537
-12.483809120999778
-12.484005176948035
-12.484279677749605
-12.484354557279303
-12.484796398690031
-12.484943969862845
-12.48515870661202
-12.4852996602229
-12.485577354658968
-12.48571996992132
-12.485839579136696
-12.486021291891532
-12.486130485613899
-12.486294450395945
-12.486455485703694
-12.486642265851943
-12.486845270207155
-12.487061285500182
-12.487196256837276
-12.487356934628812
-12.487481921438182
-12.487654326007434
-12.487824501642137
-12.487961012811319
-12.4880603538594
-12.48821283867108
-12.488306318599214
-12.488403291774716
-12.488511229887772
-12.488602326991582
-12.488675513344987
-12.488802323658886
-12.488862529328795
-12.488947425373466
-12.489010665915185
-12.489107931420513
-12.489187903389707
-12.489251455006372
-12.489386525914098
-12.489493069037728
-12.489579514254034
-12.489652669828956
-12.489728301094907
-12.489799521217218
-12.48991606242617
-12.489966005590757
-12.490039349344665
-12.490067527628625
-12.490183753878544
-12.490235964909905
-12.490288871917839
-12.490365112827213
-12.490406724330192
-12.490488104561155
-12.490548338008935
-12.490624100897815
-12.490668098873835
-12.49071674724221
-12.490771177041106
-12.4908189900703
-12.490891939907716
-12.490972784989177
-12.491014875485654
-12.49107425544177
-12.491127332664764
-12.491180941670859
-12.49125432861169
-12.49128979261409
-12.4913255309878
-12.491402361124583
-12.491441175982487
-12.491470462956606
-12.491576965331118
-12.491602858535437
-12.491664449895266
-12.491703269507616
-12.4917664939382
-12.491807201817442
-12.491846033216639
-12.491899497594872
-12.49196216236294
-12.492004353269031
-12.492051516683095
-12.492111077599631
-12.49218412146312
-12.492239413231497
-12.492306591673671
-12.492352457769897
-12.49240194405898
-12.492468110680585
-12.492506357782094
-12.492545275380058
-12.492639018999611
-12.492664837794951
-12.492713148359288
-12.49275213847189
-12.492819778762875
-12.492867930551458
-12.492911118589719
-12.49298415500658
-12.492998026010895
-12.49309065723402
-12.493118820326362
-12.493165838984204
-12.493234666489602
-12.493275790757384
-12.493330290874766
-12.49337016791256
-12.493413864352593
-12.493463219994046
-12.493510794150637
-12.4935602478596
-12.493599372684754
-12.493650891039973
-12.493698723176792
-12.493746278504704
-12.493795677489771
-12.493841682643037
-12.493901931907814
-12.49394192061795
-12.493978904958109
-12.494016879282999
-12.494052801633119
-12.494103003257369
-12.494141271778556
-12.494177858752616
-12.49425072037989
-12.49428863094633
-12.494351041317877
-12.494383832290001
-12.494427263258835
-12.494498897911384
-12.494535653665334
-12.494571884050814
-12.494602953446877
-12.494637060147825
-12.494683620802908
-12.494724993299393
-12.49475988922804
-12.494783827404428
-12.494813340522231
-12.494853947166062
-12.494892328578796
-12.494920590061085
-12.494945396257357
-12.494970745566397
-12.495006258719144
-12.495033635715817
-12.49506858572164
-12.495094204964504
-12.4951296060908
-12.49514250018484
-12.495192175661689
-12.49521078841155
-12.495231753504207
-12.49526450168214
-12.49528764407883
-12.495319652857614
-12.49533944037154
-12.495373157823108
-12.495394874070543
-12.49543169964706
-12.4954639926835
-12.495490299424885
-12.49552731659793
-12.495571198092627
-12.495600608519233
-12.495639734447058
-12.495672163857282
-12.495701679665826
-12.495743560766336
-12.495756590300111
-12.495781223038431
-12.495802280271263
-12.495824657770886
-12.49585580533731
-12.495888517849906
-12.495940670379337
-12.495962065084655
-12.495983954197317
-12.496002169115759
-12.496023259811828
-12.496058248562024
-12.496074996029478
-12.49610291460796
-12.49614264781498
-12.496189990023701
-12.496208705470806
-12.496239595483955
-12.49627187088273
-12.496311266681133
-12.496351170386928
-12.496372038605037
-12.496431816979936
-12.496444053794884
-12.496496786924533
-12.49651345739818
-12.496545461310365
-12.496584451619205
-12.496625605453884
-12.496653086630664
-12.496683145753707
-12.49671140530679
-12.496761988903158
-12.496778727359288
-12.496812969470414
-12.496835234981322
-12.496871091474947
-12.496919561817908
-12.496959738430684
-12.497012387871148
-12.497051287471336
-12.497093291584454
-12.497128300614946
-12.49718088963826
-12.497222034861707
-12.497259648581016
-12.497303572617113
-12.497345706549941
-12.497388843921371
-12.497401979839573
-12.49744188230871
-12.497473826463944
-12.497520652919999
-12.497575930771157
-12.497621673669556
-12.497659704634927
-12.497712568196556
-12.49774593717682
-12.497776301909672
-12.497828316041662
-12.497855607460279
-12.497895678983827
-12.497952782082237
-12.497981206886706
-12.498021712095953
-12.49804751308817
-12.498082970694067
-12.498111921444778
-12.498157924513784
-12.498187005894312
-12.498217312669594
-12.498259441760766
-12.498299617207905
-12.498328785017002
-12.498369609915262
-12.498394049223105
-12.498425686509385
-12.498466852733054
-12.498498752227366
-12.498562866142976
-12.49859867340279
-12.498642023139457
-12.498673495683617
-12.498708126388152
-12.498718410881196
-12.498768298019952
-12.498786531189745
-12.498813405078264
-12.498845882591619
-12.498884092865971
-12.49891767680144
-12.49895480126411
-12.498983240208268
-12.499023023820428
-12.499055695602188
-12.499089699317233
-12.499126085107253
-12.499154416069771
-12.49919825846014
-12.499218267961915
-12.499254082739451
-12.49929804707202
-12.499343959656603
-12.499375727409422
-12.49940207028947
-12.499431886313175
-12.499469800965986
-12.499507170869352
-12.499540252340374
-12.49958577745095
-12.499627933604367
-12.499668205056103
