500 iters for seed 166 on 3R0.3 which is in the 94.95010375976562 percentile
 Maxcut: 20.0, MedianCut: 12.0
-12.014547724373283
-12.065354141359432
-12.094986301332824
-12.187374458006104
-12.217898317485448
-12.249348877771947
-12.271645080240527
-12.293735258331713
-12.307685174746311
-12.32108530678773
-12.337832306330919
-12.351844727476728
-12.366649084756254
-12.374276163013755
-12.38261905026423
-12.389285594713277
-12.396898953946502
-12.403855898887446
-12.409070544550884
-12.413450727177048
-12.417284494106333
-12.42163535087914
-12.426712389274794
-12.43092496845334
-12.434528916098008
-12.437743035373575
-12.44082719688633
-12.444490341736708
-12.447951381825654
-12.451243349939332
-12.45392666397058
-12.456643461067706
-12.459568114531576
-12.461136629714932
-12.462888344615997
-12.46415535079787
-12.465505586850563
-12.466619373567177
-12.467716892650515
-12.469128479340164
-12.470690430342328
-12.471839945511308
-12.47328484983522
-12.474480472355987
-12.476023776849646
-12.477516654220707
-12.478532529064024
-12.479788089736614
-12.481167149465096
-12.4821882789527
-12.483452689903896
-12.484372227730505
-12.48592524757683
-12.48657136853221
-12.487546756631428
-12.48815166267392
-12.489091534370527
-12.489876878564603
-12.49051772255134
-12.49174355262458
-12.492260783900761
-12.493137233049149
-12.493770918810519
-12.49430571000892
-12.49484965196942
-12.495574806957984
-12.496110896771754
-12.49658150442868
-12.49752134901373
-12.498139651152485
-12.498762764480693
-12.499706624153008
-12.50036525390837
-12.501068513470992
-12.502261427830627
-12.502751046021821
-12.503585480520561
-12.504073687621087
-12.50502356430756
-12.505613112010138
-12.50620255476993
-12.507141572850783
-12.507712199864049
-12.508601385513463
-12.509386702644925
-12.510309272566648
-12.511190526653298
-12.512147478344403
-12.512916097040943
-12.513580459847148
-12.51432207126559
-12.515085283794102
-12.515978812375247
-12.516672926541013
-12.517493961946013
-12.518448683728465
-12.519072762160953
-12.519815963334686
-12.520503174017687
-12.521141454561679
-12.521570559727419
-12.522339865052231
-12.52253960692876
-12.523278614054329
-12.523659595870361
-12.524082320330697
-12.524662389421568
-12.525073644476258
-12.52545434170022
-12.525770826459873
-12.526053151535347
-12.526371765844361
-12.526684023255983
-12.526969256139692
-12.527282171849496
-12.52764612594801
-12.527956815924325
-12.528255437137894
-12.528483484380219
-12.528905392025004
-12.52913700888172
-12.52936773419883
-12.529643893348789
-12.529992864420825
-12.530228054831788
-12.530492310336253
-12.53077128634028
-12.531091630000706
-12.531342038832872
-12.531607682143227
-12.531848462844565
-12.53207225025821
-12.532449942929002
-12.532693789699788
-12.532901105442264
-12.533273484341283
-12.533478058076257
-12.5337659973189
-12.534118146545962
-12.53439541740641
-12.53457124996429
-12.534886482960282
-12.535081418585593
-12.535351671954514
-12.53558125122877
-12.535799187417034
-12.536026399078992
-12.5364534874543
-12.536632924286309
-12.536889317170548
-12.537121795779798
-12.537418423491502
-12.537663371865808
-12.537910966245523
-12.538226792476117
-12.538566295668144
-12.538842834234073
-12.539176974482487
-12.539404313202839
-12.539766075059193
-12.540023192333724
-12.54028316934353
-12.540674164742317
-12.54096347004178
-12.541254066112657
-12.541457125754174
-12.54167725173349
-12.541913259160696
-12.542271845998899
-12.542428973994161
-12.542676980271514
-12.542886892985202
-12.543181308907773
-12.543421462665396
-12.543619388894186
-12.543967885856294
-12.54417180949413
-12.544403817939408
-12.54459093369877
-12.544767665590737
-12.544946666842877
-12.545102075807984
-12.54530783367233
-12.545468483763797
-12.54571697173195
-12.54579115928723
-12.546104802172355
-12.546214468906847
-12.546395767627349
-12.546618513162123
-12.546864177011713
-12.54706321806939
-12.547305004099192
-12.547451762648935
-12.547614855086422
-12.547851326333138
-12.547956427435567
-12.548068806431365
-12.548303933177825
-12.548391128949014
-12.54849209463368
-12.548673100545933
-12.548759777794121
-12.548859359366668
-12.549114240297806
-12.549180360748386
-12.54931123110146
-12.549436806897086
-12.549557994760992
-12.54972796149741
-12.549819552150701
-12.549993041741672
-12.550048108907482
-12.550185031625682
-12.55021731929072
-12.550417848105683
-12.550488123007405
-12.55057305166587
-12.550685206513327
-12.55084200107008
-12.550926253597853
-12.551019821461956
-12.551087382993035
-12.551172210348902
-12.55132128210364
-12.551350309403118
-12.551505626690249
-12.55156233783579
-12.551656457344412
-12.551721097618065
-12.5518281900784
-12.551909250471638
-12.551977629739959
-12.55211219002649
-12.552173177600247
-12.55229633785826
-12.552346840742764
-12.552423106684465
-12.55247759573541
-12.552591937431345
-12.552652518911696
-12.552709885269326
-12.552822194125277
-12.552876970396404
-12.55296686850657
-12.55303671105954
-12.553122166425311
-12.553192736713797
-12.553253061565634
-12.553328358254465
-12.553381398048197
-12.553453862258582
-12.553526307163592
-12.553586266675637
-12.553627307140474
-12.553714417208681
-12.553764388885185
-12.553825547093451
-12.553894235694244
-12.553941754798508
-12.55397621426902
-12.554047355232044
-12.554079881175824
-12.554120685659713
-12.554166345849591
-12.55419898589031
-12.55425300691661
-12.554317201860705
-12.55435709948029
-12.554414074665171
-12.554456365418744
-12.55450011219962
-12.554572200546605
-12.554611242383016
-12.554673068577884
-12.554708459361288
-12.554800508048665
-12.554833207153255
-12.55488099362898
-12.554937048233034
-12.55499843692442
-12.555042725720018
-12.555097944861066
-12.555134028782078
-12.55517547614967
-12.555238380210774
-12.555273126925593
-12.55533284762012
-12.555379305604092
-12.555457439305322
-12.555493620762839
-12.555542126159894
-12.555583295547894
-12.555643486429076
-12.555685200203342
-12.555719611641567
-12.555773034477621
-12.555829524182283
-12.555873120057333
-12.55592760833948
-12.555976121694256
-12.556046312184808
-12.556096711160315
-12.556145342096233
-12.55618548883483
-12.556243056674639
-12.556285467340217
-12.556357871022984
-12.556403673342444
-12.556455157111218
-12.556535690776865
-12.556578486887728
-12.556661713502699
-12.556725300200428
-12.55679492737693
-12.55685148916796
-12.55690623381102
-12.55698787289041
-12.557038309627643
-12.557129566392202
-12.557200784819967
-12.557280053990677
-12.55734362489449
-12.557396003871562
-12.557455301822177
-12.55751007192838
-12.557550636289264
-12.557607478347196
-12.557654549799265
-12.557713732210422
-12.557775813990895
-12.557823946672148
-12.557876254899456
-12.5579523637941
-12.557988080403137
-12.558047764231965
-12.558135553069405
-12.558189612267665
-12.558255557242653
-12.558297325845661
-12.558343938443777
-12.558391509400533
-12.558439694145703
-12.558473105266073
-12.55850251752654
-12.558566918589412
-12.558628984356648
-12.558666007751416
-12.558715947320163
-12.558757610103665
-12.558805962772261
-12.558903277914894
-12.55893309517966
-12.558988188928632
-12.559027309034533
-12.55908005958584
-12.55916937691407
-12.55921278894497
-12.559288950739127
-12.559343614153148
-12.559409534911563
-12.559460513146483
-12.559509132806223
-12.559561079196225
-12.559595135145543
-12.559653916812504
-12.559712959796332
-12.559749542811101
-12.559800173259042
-12.559835829162392
-12.559883065465808
-12.559934704110132
-12.55996986021566
-12.560063772788876
-12.560081509810718
-12.5601671833407
-12.560192855289808
-12.560241423196587
-12.560276175709662
-12.56032474986606
-12.560355748281086
-12.560387679810372
-12.560446790055888
-12.560481235025753
-12.560516927970122
-12.56054900925802
-12.560580349884972
-12.560618442569307
-12.560660416362595
-12.560691451803311
-12.560717908116876
-12.560765620038056
-12.5607979469424
-12.560839609827411
-12.560896001483794
-12.560937185896162
-12.560978937385688
-12.561030597424528
-12.56106600010679
-12.561105722241347
-12.561156141867178
-12.561193958279503
-12.56124223277831
-12.56130103325172
-12.561344619546004
-12.561379349493189
-12.561426086096144
-12.561469046726799
-12.56152364695632
-12.561569019415574
-12.561612072860882
-12.561656327913072
-12.56169527793678
-12.561733196593881
-12.561766526860733
-12.56180685837413
-12.561836181474211
-12.561891404588518
-12.56192032085266
-12.561959526275313
-12.562010188994272
-12.562044388949833
-12.562080136882646
-12.562105743561666
-12.562138400737938
-12.56216260900289
-12.56221277968852
-12.56223539814039
-12.562269069312375
-12.562317407512058
-12.562351663350785
-12.562401232330963
-12.562433413991801
-12.56247309937807
-12.562561944676652
-12.562611474166383
-12.562687148435964
-12.562756495847164
-12.56281492380672
-12.562878233453585
-12.562942157250058
-12.563030851104525
-12.563085173728687
-12.563147429161942
-12.563209858781246
-12.563263561951713
-12.563331002177746
-12.563390405346453
-12.563459759022189
-12.563510402088374
-12.563574634141805
-12.563663030721457
-12.56371787838309
-12.563751784082514
-12.563837173146295
-12.56389133121629
-12.563956916089996
-12.56403389097345
-12.564096766437604
-12.564184395463561
-12.564284229999766
-12.564341697055832
-12.564412139657076
-12.564489984838753
-12.564572384124036
-12.564706858600164
-12.56478359790614
-12.564844691613567
-12.564963311828684
-12.56501576669779
-12.565083879633791
-12.565228349264377
-12.56528591258408
-12.56535139317477
-12.565440520626868
-12.565512523744271
-12.565595579461268
-12.565699594758755
-12.56575278794828
-12.56583208068119
-12.565932645388816
-12.566043211888527
-12.566128872218393
-12.566214645405703
-12.566288923028136
-12.566397814372092
-12.566496694895026
-12.566563479694787
-12.566647379954809
-12.566712378941041
-12.566812366320214
-12.566896613622902
-12.566958474783114
-12.566991565646823
-12.567093789078784
-12.567144288767869
-12.56720254023945
-12.567310853848142
-12.567384020187673
-12.567497318844094
