500 iters for seed 179 on 3R0.3 which is in the 78.63235473632812 percentile
 Maxcut: 20.0, MedianCut: 12.0
-12.11690010211967
-12.167910696116142
-12.195595318969831
-12.233235879836956
-12.26353314637851
-12.284174497982034
-12.305706919754515
-12.325920094766536
-12.341346780066754
-12.356075111213496
-12.367708474680786
-12.377479471739948
-12.386520481863698
-12.39293646217421
-12.40022062055282
-12.407638876800489
-12.413649530626492
-12.41862490116626
-12.423667356024424
-12.4281117750104
-12.431873551059292
-12.43649619307203
-12.440730216722844
-12.445207516833895
-12.449077090672263
-12.452554835739694
-12.45640213019624
-12.45979576309269
-12.463427988398717
-12.46693579094455
-12.47033770334481
-12.473162973141125
-12.47567180941878
-12.478092249689901
-12.480415081444423
-12.482488796721217
-12.484550409092787
-12.486322471772459
-12.48778485787982
-12.489176049500283
-12.49045266396044
-12.491528411809531
-12.492644443389345
-12.493594285717462
-12.494813001692078
-12.4956383310678
-12.496802322713688
-12.497637759954618
-12.498587338511081
-12.499482122741773
-12.500878745544771
-12.501628190038028
-12.502658052686327
-12.503846613506072
-12.504991061143173
-12.505912815551183
-12.50693421481063
-12.507808021836837
-12.508733121124322
-12.509562281289764
-12.51004843497795
-12.510725750685474
-12.511342399133076
-12.511989697468556
-12.512421373802052
-12.513183172075074
-12.513319318672732
-12.514296141253807
-12.514655002170137
-12.515170081679589
-12.515937370902085
-12.516191176230024
-12.51764613112846
-12.518106035594911
-12.518808738790417
-12.518972200975153
-12.519792037541148
-12.520262526765395
-12.520780554448727
-12.521542730350909
-12.52208967845597
-12.522807345539599
-12.523258671271563
-12.523750860361403
-12.52420490917179
-12.524695296707712
-12.52519855138247
-12.525549302477392
-12.526018018387406
-12.526453486802138
-12.526735766414344
-12.527108491502837
-12.527438449482338
-12.527846538339377
-12.528195420771226
-12.52850408233066
-12.52877798501579
-12.52917754489449
-12.529494095374254
-12.52986694408865
-12.530222267109675
-12.530577348682462
-12.531079043976272
-12.531339451462266
-12.53158407460573
-12.531887688446332
-12.53210240590992
-12.532280023452676
-12.532738017582112
-12.532890414027934
-12.533087945483132
-12.533293161146366
-12.533541134406551
-12.533732962057863
-12.533930743042703
-12.534147996138476
-12.534381345232712
-12.53466066066046
-12.534785585843082
-12.534939023040206
-12.535134486963944
-12.535280773413177
-12.535470338078046
-12.535675776529851
-12.535850397246614
-12.536006502307874
-12.536168178425033
-12.536373232174181
-12.53651182534452
-12.536713690872602
-12.536832417321873
-12.536970512392609
-12.537127939197605
-12.53734060268689
-12.537480181550315
-12.537644783300852
-12.537799538420408
-12.537994109280909
-12.538145036776175
-12.538294050238372
-12.538462963399441
-12.538657826316559
-12.538940916059168
-12.539111664012472
-12.539298771848754
-12.539636296463767
-12.539821321706368
-12.540076446004452
-12.54040999254822
-12.54058332300212
-12.540859406191345
-12.541033536153591
-12.541259690123258
-12.541437995658017
-12.541623794732818
-12.541815623993184
-12.542020853647799
-12.542201473668133
-12.542369505271031
-12.542541305384296
-12.542726644434405
-12.542893340081259
-12.54307338620894
-12.54325887133281
-12.543481445605833
-12.543729387912641
-12.543932557290468
-12.544121080787738
-12.544377459803863
-12.544533484743408
-12.544673653360208
-12.544873648149116
-12.545029204831433
-12.545257719406516
-12.545484654779239
-12.545679399070798
-12.545891694555724
-12.546088012734968
-12.54626441587622
-12.546497099315767
-12.546689400437911
-12.547006435528747
-12.547266194110868
-12.547546026810723
-12.547765892473894
-12.547941035125323
-12.548126122208629
-12.548282526761986
-12.548427072071636
-12.548547222724197
-12.548679292665502
-12.548844077454602
-12.548985117619033
-12.549087626084276
-12.549234978815637
-12.54931483710187
-12.549472148290585
-12.549600481687579
-12.54969738833266
-12.549872061290285
-12.549986084633591
-12.55014084909723
-12.550227416554446
-12.550355425629567
-12.550486702355919
-12.550635837814893
-12.550729833929344
-12.550824287820948
-12.55095918882623
-12.551110810939871
-12.551203700459423
-12.551344231245672
-12.551433556081621
-12.55157653392849
-12.551720890851986
-12.551829688509251
-12.552022037019395
-12.55214410877967
-12.552260060496083
-12.55235112567279
-12.55246350828477
-12.552579316877459
-12.552776758611282
-12.552873345807471
-12.55298954628772
-12.553119005120818
-12.55319868352118
-12.55332309909697
-12.553404814772811
-12.55351411487228
-12.553610900235253
-12.553706009955693
-12.553822428178133
-12.553896063856774
-12.55396615398852
-12.55406341269538
-12.554139667470784
-12.55418556780891
-12.55428057730809
-12.55433621702074
-12.55441087698178
-12.554516919098518
-12.55459949929144
-12.554652486919196
-12.554763393794198
-12.554808339398367
-12.554881517886553
-12.554958904616226
-12.555015896235862
-12.555146871187045
-12.555213337562709
-12.555347731859579
-12.555441591647437
-12.555522647165072
-12.555590626793839
-12.55566220314627
-12.555743818492953
-12.5558159487361
-12.55589776035919
-12.555982023947209
-12.556047459410202
-12.556146436410913
-12.556206309987417
-12.556257792036487
-12.556351329015023
-12.55640325596666
-12.556487837057446
-12.556541998189317
-12.55659463353948
-12.556670576967214
-12.556731971516797
-12.556804510415873
-12.556877916352242
-12.556932422559072
-12.556980871259267
-12.557053647486898
-12.557101911088997
-12.557148766121585
-12.557218314150983
-12.55727052215973
-12.557344076698147
-12.557412168049648
-12.557459157298815
-12.55751614953584
-12.557568349830877
-12.557621268193007
-12.557675989347082
-12.557717501654151
-12.557780028985757
-12.557839040926533
-12.557895768264203
-12.557935007279589
-12.557976886913469
-12.558025741461012
-12.558085764856731
-12.558140103312132
-12.55818497283791
-12.55823333060952
-12.558293791135146
-12.558336186123501
-12.55838233290556
-12.55844765284592
-12.558519625471433
-12.558561504071639
-12.558614738841634
-12.558659776502672
-12.558706763496765
-12.558757885272197
-12.558802363021801
-12.55883102477286
-12.558916693847467
-12.558945468972896
-12.559001022189223
-12.559052935149303
-12.559101804691677
-12.5591776805221
-12.559222092526092
-12.5593106130104
-12.559380330989057
-12.559459515073804
-12.559523509950397
-12.559581777357625
-12.55969498414964
-12.55976146294923
-12.55985144951614
-12.559943120650516
-12.560043259181544
-12.56012552602354
-12.560278712788174
-12.560405687288954
-12.560514953268987
-12.56064532513519
-12.560743266247517
-12.560906253340171
-12.561075490484333
-12.561221332727825
-12.561348643441185
-12.561488368537415
-12.561591230488697
-12.561720537358308
-12.561832873356263
-12.56195813100315
-12.562105248511331
-12.56224549175434
-12.562377705591883
-12.562538519441578
-12.5626634581214
-12.562823477082192
-12.562999266976455
-12.563134233954631
-12.563325901131888
-12.56345640344217
-12.563629474068998
-12.563747378165827
-12.563872068387685
-12.563947256602528
-12.564172492933412
-12.564258786949202
-12.56437675734637
-12.56452816188292
-12.564681547945735
-12.564810346130578
-12.564963570626473
-12.565074308174811
-12.565227366998617
-12.56540212210525
-12.565538786373413
-12.565635709677263
-12.565798526989425
-12.56591525938077
-12.566052390669805
-12.566183401380755
-12.566276011476155
-12.566416154975045
-12.566552784373663
-12.566683720910937
-12.566777972812538
-12.566873071282503
-12.56698220756674
-12.567082064038628
-12.567156774318715
-12.567227143787116
-12.567305616441722
-12.567382054196909
-12.567466174766025
-12.567542781702933
-12.567626316458812
-12.567706557933823
-12.56778577727651
-12.56787030562056
-12.567941790174316
-12.568011656753512
-12.568083956746221
-12.568172024991428
-12.568253636783613
-12.568334673125912
-12.568404118585498
-12.568469462537152
-12.56852198785254
-12.568632693763922
-12.568681267681473
-12.568757932884331
-12.568847225638898
-12.568954185381589
-12.56904290514729
-12.569136019749259
-12.569209729726504
-12.569285929194251
-12.569387460227933
-12.569454525416504
-12.569548008797518
-12.569614899890942
-12.569657888039611
-12.569731093144052
-12.569799259159499
-12.569877086591115
-12.569942405821537
-12.570005807493368
-12.570071245705007
-12.570152299935986
-12.570227033651006
-12.570302690840386
-12.570345355776215
-12.57043910786891
-12.570490996704974
-12.570549710191846
-12.570652679940117
-12.570715129967247
-12.570804345058637
-12.570877244242036
-12.570968824272265
-12.571040023872436
-12.5711442694443
-12.571216738206287
-12.571289190195717
-12.571367060937
-12.571462652381435
-12.571551771442682
-12.571639538724765
-12.57173835479753
-12.571866899733845
-12.571959335835164
-12.572054181856725
-12.572116162556853
-12.572240900398954
-12.572327187553553
-12.572409366384734
-12.572546886596045
-12.572567210623589
-12.572746992644756
-12.572792599506544
-12.572871632944022
-12.572997584737427
-12.573085446368864
-12.573229847262489
-12.57334116436397
-12.573453107633789
-12.5735508981118
-12.573666107151835
-12.57377745217491
-12.573856257512428
-12.573971885144704
-12.574094442115356
-12.574228605455266
-12.57433213782031
-12.574446978594146
-12.574563640113437
-12.574650697467414
-12.574749017422185
-12.574833603234682
-12.574933648905425
-12.575056588127154
-12.575120468910422
-12.575192895403521
-12.575290151067541
-12.575352895913184
-12.575426694351902
-12.575515136886644
-12.575553170424943
-12.57562233779242
-12.575666760858988
-12.575750839792777
-12.575802290515862
-12.575847874127914
-12.57593317434986
-12.575982249172485
-12.576069121696026
-12.576129242063844
-12.576188062466317
-12.576238336354926
-12.576277472790185
-12.576331626486304
-12.576368756203994
-12.576407815315795
-12.576464404993635
-12.57650005662724
-12.576554214903927
-12.576592928320622
-12.576627825989226
-12.576676366732837
