500 iters for seed 130 on 3R0.3 which is in the 95.05691528320312 percentile
 Maxcut: 20.0, MedianCut: 12.0
-12.099725819968855
-12.152755303803167
-12.198202001325084
-12.236631562223213
-12.261771476686594
-12.278418954506925
-12.296935444249874
-12.309332566243608
-12.3215515776172
-12.331973501437513
-12.342140167303116
-12.352354945848026
-12.36148808557878
-12.371567352942236
-12.381450641565007
-12.388715308081947
-12.395220929212583
-12.403358424899341
-12.407076334967053
-12.412523040044343
-12.416868498098298
-12.41994816722148
-12.424879312956955
-12.429735941610744
-12.433748244282082
-12.436829540550328
-12.439896474664035
-12.44258388563279
-12.44463156042172
-12.447637955447249
-12.449873360670423
-12.452593222392016
-12.454737023984919
-12.45690910145222
-12.459166009944939
-12.461229800584661
-12.462798454527675
-12.464572236484582
-12.46605852456325
-12.467618018518424
-12.468550927866847
-12.46943844048262
-12.470538875383708
-12.471730702224226
-12.472497344527202
-12.473849094907695
-12.474704266758142
-12.476020217867124
-12.47688085161252
-12.477787432455733
-12.479304573993375
-12.480254458891071
-12.481864493579856
-12.482949570927529
-12.484052068082107
-12.48517078549126
-12.486458186423892
-12.487488748883543
-12.488514555611443
-12.489645745265321
-12.490771603196709
-12.491605865144983
-12.492385305515532
-12.492674361085772
-12.493947068158413
-12.494299644329779
-12.494789281929549
-12.495407291132327
-12.495894656883598
-12.496404333231904
-12.496823131078232
-12.497343151085232
-12.498114638377707
-12.498794128763617
-12.499438393714012
-12.49990282440687
-12.500405124368942
-12.501262654395319
-12.501757452453358
-12.502349147584301
-12.503479106516812
-12.504002690807686
-12.504740235375019
-12.505623410283388
-12.506478405696663
-12.507680172099066
-12.50850889253933
-12.509437221852261
-12.510191072991677
-12.510966255073505
-12.511906913503598
-12.512457163630637
-12.512934056845465
-12.513363321064773
-12.513900006409859
-12.514260439765355
-12.514715351995239
-12.515190839517302
-12.515567980144418
-12.515989791875288
-12.516455622598885
-12.516873065430513
-12.517233673967072
-12.517531763477972
-12.518017989926186
-12.518367214111676
-12.518754098120175
-12.519104418245991
-12.519384551564901
-12.519543203947315
-12.52001091582365
-12.520179560479196
-12.520467060740438
-12.520872630737895
-12.52112359949331
-12.521447532270862
-12.521621820440972
-12.52183062862147
-12.522090720795486
-12.522346165289571
-12.522524322419407
-12.522714884893052
-12.52288917629696
-12.523211342439318
-12.523348816853439
-12.523530585840485
-12.52373482607695
-12.523979091977598
-12.524212629048169
-12.524432248080743
-12.524693889865631
-12.524962060101256
-12.52522508544137
-12.52544484431249
-12.525808177828537
-12.526094019566107
-12.52638200575843
-12.52662257135604
-12.52691393254267
-12.527196770226768
-12.52745056411152
-12.527783896967074
-12.528095099618522
-12.528511844923186
-12.528982765607148
-12.529289653185003
-12.529586390952453
-12.530084100524993
-12.530303616853605
-12.530559558543564
-12.530849019940263
-12.5310678916116
-12.531215624825622
-12.531660209124167
-12.531816549222397
-12.53204800776771
-12.532121104482057
-12.532412347297337
-12.532566408410517
-12.532733347832892
-12.533014855785511
-12.533152403251162
-12.533423876877999
-12.533615676732017
-12.53391199803443
-12.534040271460889
-12.534280062236771
-12.534454888634194
-12.534607820117966
-12.534914559076954
-12.535056592860721
-12.535297783242282
-12.535473298632846
-12.535649404609774
-12.535824258285551
-12.535987238866154
-12.536164010806516
-12.536294518501197
-12.536425396322485
-12.536686380091798
-12.53681069516574
-12.536933800441066
-12.537139753217456
-12.537276185328885
-12.537385167166198
-12.537741051165856
-12.537849054577451
-12.538044242920382
-12.538101529501567
-12.538359641424515
-12.538485829575658
-12.538604070790425
-12.538793434667305
-12.538947942424494
-12.5392391231111
-12.53934939781153
-12.53952361320827
-12.539665089386123
-12.53986557693566
-12.540051709755847
-12.54022186000698
-12.540442954637845
-12.540486026125777
-12.54073903707196
-12.540823043561511
-12.540933609782781
-12.5410774165055
-12.54124042931474
-12.541380975198637
-12.541523769446982
-12.541644939847611
-12.54178847705983
-12.541996069012685
-12.542143124180495
-12.542222485122057
-12.542474803051345
-12.54252598034962
-12.54270200629535
-12.54283441528858
-12.543008224477466
-12.543237542840462
-12.543361496425911
-12.543607541498865
-12.543788346492043
-12.543986568894994
-12.544144617698134
-12.544296372682059
-12.544555028633383
-12.54466288789585
-12.544793210391836
-12.545034197017003
-12.545159058632985
-12.545358200544372
-12.545497454952937
-12.545737386445415
-12.545835682076968
-12.546002784255554
-12.546135676783626
-12.546323196255484
-12.546442205074548
-12.546552334649704
-12.546728424985233
-12.546906326535034
-12.547070339326245
-12.547225527540736
-12.5473651233352
-12.54754143362471
-12.547702445764386
-12.547797959287411
-12.547938571092422
-12.548012564034439
-12.548174802655463
-12.54831141037101
-12.54841968217342
-12.54864179957104
-12.548687741954254
-12.548925372779962
-12.549005365820388
-12.549148933520554
-12.549277884456721
-12.549436445783329
-12.549526519815146
-12.54963812573995
-12.549729406259793
-12.549850802690166
-12.549980176964935
-12.55007096759798
-12.550194161809303
-12.550367192759651
-12.550456376988045
-12.550593032257217
-12.550612115182966
-12.550771029035104
-12.550843406100684
-12.550926636521114
-12.551048514544359
-12.551152946015026
-12.551313471786026
-12.551434331276328
-12.551603751921924
-12.55172979424312
-12.551922925664993
-12.552047867390186
-12.552177471422741
-12.55234699875746
-12.552495611900783
-12.552626856260655
-12.552758380476565
-12.552874966128494
-12.553031214814002
-12.553178640080336
-12.553275071588082
-12.553378277873701
-12.553495379227714
-12.55363842067418
-12.553731299854586
-12.553849358683575
-12.553931053009544
-12.554025735467423
-12.554113604311192
-12.554186147842197
-12.554267225568498
-12.554351402549603
-12.554426185539782
-12.554507921969403
-12.554594986945606
-12.554701018814118
-12.554794462182517
-12.554854403252437
-12.554962676263665
-12.555029619271181
-12.555108966152922
-12.555265279545145
-12.555327908550552
-12.555410146508853
-12.555522007934927
-12.555609227261533
-12.555761056803792
-12.555869225382715
-12.55595793305817
-12.556028266050571
-12.556112412423396
-12.55622023474964
-12.55631269376304
-12.556383674380477
-12.556458384893087
-12.556502827073926
-12.556622499921138
-12.556681082345179
-12.556743420702345
-12.556835586155936
-12.556933900189058
-12.557087317393822
-12.557150943562545
-12.55720891949436
-12.557282804905151
-12.557370675364076
-12.557443768303584
-12.557489442277427
-12.557538004430228
-12.557597137713634
-12.5576566968897
-12.557723216924382
-12.55777347189449
-12.557838720682433
-12.557909598228962
-12.557955488034219
-12.558011590033406
-12.558070290406263
-12.558130791494678
-12.558186935111133
-12.558234897235412
-12.558305937933891
-12.558370964158922
-12.558417902493629
-12.558472664675453
-12.558533078014616
-12.558600137587275
-12.558661754891343
-12.55871707365321
-12.558772247079581
-12.558822686140726
-12.558880053910743
-12.55891851765928
-12.558975170319936
-12.55905141014716
-12.55910743885265
-12.559189718741827
-12.55923148039983
-12.559303939398733
-12.559335513375817
-12.559442086559095
-12.55948774252132
-12.559544703603793
-12.559614945958094
-12.55970732379182
-12.559783185763958
-12.559852151650768
-12.559900215560372
-12.559980700364328
-12.560039735545924
-12.560094909588273
-12.560207015280943
-12.560259636734983
-12.560349364164948
-12.560413056257946
-12.560485858518135
-12.560547012944031
-12.560598595860503
-12.560664938830838
-12.560710911614866
-12.560758199131362
-12.560852838841306
-12.56086624876167
-12.56094113374822
-12.5609814515927
-12.561037785215944
-12.561101622505086
-12.561223961128759
-12.561269659500761
-12.561345041012403
-12.561372358646441
-12.561418624642059
-12.561477527903623
-12.561536254174271
-12.56158196640602
-12.561625372705924
-12.56166284302699
-12.561725914894073
-12.561789699884491
-12.561820838509039
-12.561881181932051
-12.561928453856694
-12.561990490763932
-12.562034929386142
-12.56207165261007
-12.562118775451854
-12.562170179514759
-12.562224727776956
-12.562260506738408
-12.56231370690041
-12.562373595074744
-12.56242838156115
-12.562459987459448
-12.562529844020059
-12.56253814104969
-12.562601367194652
-12.562627412588377
-12.56267094934676
-12.562704936105721
-12.562756806641422
-12.56279830957097
-12.562835504728142
-12.562895214237262
-12.56294973926924
-12.5629947689557
-12.563034159678267
-12.563072731779473
-12.563131421434575
-12.563172617085106
-12.563210882582574
-12.563259879451888
-12.56329045046445
-12.563341111030761
-12.563365332191843
-12.563391810694911
-12.563420835124813
-12.563454322033865
-12.563478869889307
-12.563502589939633
-12.563542220473348
-12.563569981010623
-12.563600421712405
-12.563624154007115
-12.563656841300054
-12.563682901609821
-12.56373182023604
-12.563753665722004
-12.563778550159256
-12.563812565431107
-12.563850748382603
-12.563879510510771
-12.563911841323524
-12.56394114643274
-12.563970622322827
-12.5640091913915
-12.564040914676836
-12.564065698197698
-12.56411984231361
-12.5641378255534
-12.56416880260845
-12.564199356522339
-12.564226966027286
-12.56426627736947
-12.564285057374963
-12.564313244462399
-12.564334925526564
-12.564360548930276
-12.5643841820894
-12.564407539889125
-12.564425102340387
-12.564447625035712
-12.564470102849567
-12.564492143528454
-12.564512284310988
-12.56453939324275
-12.564558726291521
-12.564579997844634
-12.564595805869718
-12.564615842292671
-12.56463233631121
-12.564647088670942
-12.564666525468272
-12.564681843577423
-12.564702482056587
-12.564722873457963
-12.564740929957239
-12.56475634932923
-12.564777845727338
-12.56479483823453
