500 iters for seed 129 on 3R0.3 which is in the 78.82156372070312 percentile
 Maxcut: 21.0, MedianCut: 12.0
-12.017931740056756
-12.028381789892261
-12.122906871261252
-12.161440159099078
-12.210417396567195
-12.216084989737961
-12.25168872659974
-12.27270887829399
-12.29151773680834
-12.30456169552631
-12.318418843178774
-12.331171556409318
-12.341444367426227
-12.352854570315888
-12.360211642423554
-12.369268392151648
-12.37533675830059
-12.379620166114501
-12.385721857779878
-12.388820696207583
-12.39271028305063
-12.395999987990955
-12.400303265511592
-12.406541301986733
-12.40795970409587
-12.416096077129568
-12.41947333002508
-12.42298503878552
-12.427272825730238
-12.430673015796767
-12.433660111459288
-12.437238174404438
-12.440937840953968
-12.44310946813587
-12.445501795224397
-12.447003249999696
-12.449274966477565
-12.45039945736
-12.452734885307496
-12.453882275769386
-12.455177226844064
-12.456733718385022
-12.4581308104512
-12.4593320395994
-12.460447027155043
-12.461558054278598
-12.463325604567187
-12.465020277636178
-12.46641505340823
-12.468233678198608
-12.469222959726903
-12.471318911843852
-12.472311343385503
-12.473425294847688
-12.474616635113726
-12.47585925068763
-12.476523707646907
-12.477204109695716
-12.478001823585785
-12.479006349009799
-12.479917258314297
-12.480838605293233
-12.4819810797693
-12.483041542211112
-12.48402010711643
-12.484974208940207
-12.486050861028447
-12.487102134528058
-12.487945794099094
-12.488709981961788
-12.489263116465482
-12.489975345505588
-12.49060386074476
-12.491103465518393
-12.491951509941211
-12.492761447533365
-12.49328650121515
-12.49405483279774
-12.494607437692032
-12.495285445454506
-12.496013790421477
-12.496613658546766
-12.497461647297094
-12.498172062537792
-12.498707948446134
-12.499100095748531
-12.499583288221439
-12.499909968799479
-12.500426283491063
-12.500639241995193
-12.501027277865392
-12.501467491622194
-12.502007595676632
-12.502390525576825
-12.502889721935944
-12.503376339576363
-12.503906379061792
-12.50449013284349
-12.50495587336056
-12.505449852545748
-12.506075823004952
-12.506539527523014
-12.507095378050728
-12.507607932077534
-12.508212974030812
-12.508706035292082
-12.509463455014806
-12.51008861126374
-12.510645678916285
-12.511353343627835
-12.512112717529188
-12.512619115532491
-12.513290777258588
-12.513842494402525
-12.514377627190619
-12.5148929978116
-12.51545070428324
-12.515876334165132
-12.516363022218126
-12.5167869937415
-12.517284316804812
-12.517875577324368
-12.518470281701774
-12.518844422991076
-12.519316010325387
-12.5197754782618
-12.520267445356453
-12.520864268735867
-12.521173553136205
-12.521514877237676
-12.522031235663263
-12.5224215515446
-12.52288150923888
-12.523339597208665
-12.523600457572805
-12.524029957280224
-12.524378284747021
-12.524857993009277
-12.525131679077198
-12.52539714779403
-12.525635506337352
-12.525997843024138
-12.526233578544234
-12.526492371993722
-12.5269528289014
-12.52716859421568
-12.527526266549966
-12.52777191355803
-12.528084156032065
-12.528388538466938
-12.528696342680274
-12.528981924435051
-12.52925536029637
-12.52957314249755
-12.529958052255092
-12.530200724393959
-12.53053655286843
-12.530778969235218
-12.531061602537374
-12.531424390164686
-12.531826845591059
-12.532047621442889
-12.532319921466124
-12.532530752669581
-12.532781043917915
-12.53318010380559
-12.533367277381382
-12.533763149679064
-12.534053192993671
-12.534332224120998
-12.534555328597346
-12.534764914193072
-12.534977051193001
-12.535244743605507
-12.5353733468535
-12.535552461960677
-12.535697506211903
-12.535886080449101
-12.536067009549187
-12.536194755447495
-12.536441641187405
-12.536574937495004
-12.536725910762396
-12.53683317933513
-12.536955645042655
-12.537078751905225
-12.537225936190733
-12.53733643228215
-12.537423551622815
-12.537555001887885
-12.537748333536527
-12.537834359886366
-12.537947542892233
-12.538049081734137
-12.538174582575405
-12.538308486693301
-12.538425012226503
-12.538543005110443
-12.53867033253133
-12.53882049324275
-12.538859238868437
-12.539058251731817
-12.539123064794714
-12.539227543604474
-12.539375931515135
-12.539464778347757
-12.539593214801068
-12.539677743449282
-12.539788830555484
-12.539908565293363
-12.54003668029679
-12.540157845475807
-12.540275178126022
-12.540357806154677
-12.540456308562085
-12.540533774340565
-12.540588608724148
-12.540682996234995
-12.54074327292352
-12.540846061845805
-12.540963353759288
-12.541087626111104
-12.541169617149137
-12.541251469225593
-12.54135085573618
-12.541472007260545
-12.541574457834736
-12.541669904789009
-12.541796285221778
-12.54189961085857
-12.542011579376345
-12.542149247281113
-12.542243732165785
-12.54235904183346
-12.542516557143372
-12.542624502794625
-12.542740726029356
-12.542893201015719
-12.542958598431948
-12.54304621994993
-12.543131793268337
-12.543208612540933
-12.543335766997034
-12.543430988762193
-12.543548809989359
-12.543640813700062
-12.543745067398824
-12.543902216630151
-12.544040632508544
-12.544177134880886
-12.544285822823776
-12.544438550954714
-12.544593383683228
-12.544735291371278
-12.544815926665787
-12.544946038608206
-12.545072316452913
-12.545204282435588
-12.545364971682577
-12.545464399435112
-12.54558865129286
-12.5457463854536
-12.545900396265287
-12.545990944214644
-12.546137905087583
-12.546275499523707
-12.546432851545827
-12.54654810902646
-12.54664920220175
-12.546770532650873
-12.546899231442165
-12.547011173770631
-12.547185219536107
-12.547275802844581
-12.547379680916825
-12.547489241208572
-12.547568330436407
-12.547604906963153
-12.547794235873543
-12.547852349574942
-12.547934707092427
-12.548055009436645
-12.548078417746664
-12.548298788112135
-12.54835688374076
-12.548464097970857
-12.548546579453756
-12.548645220483914
-12.548732020824959
-12.548805858827622
-12.548937818141185
-12.548958101888658
-12.549152373402947
-12.54922748407347
-12.549322713297434
-12.549457554897373
-12.54958706325247
-12.549700693033152
-12.549791002803095
-12.549885102094816
-12.549980401072784
-12.550080732223776
-12.550148751802467
-12.550220628399924
-12.550369398375397
-12.550454365670202
-12.550563651992473
-12.55068220010203
-12.550800634272235
-12.550929480116336
-12.551119540419966
-12.551218400428146
-12.55139963903845
-12.551529075903057
-12.551733733304854
-12.551963069448684
-12.55211617729345
-12.552435408876153
-12.552597239027062
-12.5527686332588
-12.552919037761665
-12.553108594636546
-12.553238800680965
-12.553473812243006
-12.553614168746359
-12.553747582965299
-12.55395674527686
-12.55415808477851
-12.554296544005252
-12.554439769886235
-12.55453827499282
-12.554654745835522
-12.554826890580916
-12.554941793860603
-12.555023352165405
-12.55518591600547
-12.55528093254994
-12.555411246142528
-12.555583761579815
-12.555734416045848
-12.555815974776069
-12.555945240088237
-12.556090799087388
-12.556250287538731
-12.556361803754825
-12.556467368731614
-12.556556469669662
-12.556645643636118
-12.556726929692461
-12.556810036381425
-12.556887462113327
-12.556993399730485
-12.557010244194402
-12.55715755507842
-12.55720628751057
-12.557267284969239
-12.557350038869165
-12.557416183595226
-12.557493740526818
-12.55754229694611
-12.557619801195788
-12.557632198046223
-12.557742288955867
-12.557785480300119
-12.557845128651541
-12.55791925206966
-12.557992211992918
-12.558050888100077
-12.55811045010174
-12.558160637947411
-12.558221468047035
-12.5582935314177
-12.558338451898566
-12.558386200253441
-12.55844441246522
-12.558498849388968
-12.558543474433826
-12.558621551723062
-12.558663250083418
-12.558706213005525
-12.558783836378794
-12.558821194510822
-12.558901141432479
-12.558960071956166
-12.559032312845838
-12.559069848800455
-12.559125452161835
-12.559183510569587
-12.559232023023132
-12.559283216134773
-12.559371722908606
-12.559418609491305
-12.55947465958506
-12.559536162441427
-12.559601312197668
-12.55965104769227
-12.55971025628533
-12.559764792723835
-12.559840890523459
-12.559888945808062
-12.55993984428343
-12.559995415362945
-12.560054240724742
-12.560112494514545
-12.560149343962582
-12.560192540143795
-12.560237509345317
-12.56028481701212
-12.560337582216636
-12.560382413722264
-12.560423142700962
-12.560484121465976
-12.560533751258017
-12.560581876013792
-12.560638430283348
-12.56067420598636
-12.560718648584563
-12.560798204286364
-12.560856724239581
-12.560895891664417
-12.56094224026839
-12.560991762529351
-12.561018039846164
-12.561100583356726
-12.561126227152243
-12.561162325653553
-12.561209661677358
-12.56126075227388
-12.56130118605324
-12.5613479081152
-12.561385642704936
-12.561440505296687
-12.561478517201468
-12.56151419656295
-12.561547879013768
-12.561582155632054
-12.56162292959466
-12.561662976449444
-12.561702150501322
-12.561740814405916
-12.561786424745048
-12.561838982276566
-12.561879633229415
-12.561930126605189
-12.561962736402918
-12.56201170134143
-12.562043246586256
-12.562078492301872
-12.562145846622208
-12.562199872853922
-12.562242901222113
-12.562290750094991
-12.562343427328392
-12.562422045570338
-12.562502907279221
-12.56254989853454
-12.562616733944779
-12.562673819827154
-12.562754063104585
-12.562807072482265
-12.562851893913832
-12.562906111586365
-12.562952331781485
-12.563009957267262
-12.563069074400929
-12.563120859138355
-12.56316822494654
-12.563215310712089
-12.563251967212125
-12.563282196134779
-12.56331219500279
-12.56335675442715
-12.563385499836475
-12.563438117923734
-12.563482352863161
-12.563523769851104
-12.563581028664757
-12.563652141202674
-12.563702990945366
-12.563765254631344
-12.563814103543955
-12.563864899051584
-12.563934900117843
-12.5639646589533
-12.563996062013366
-12.564047018304402
-12.564083787356992
-12.564165605058697
-12.564202350303942
-12.56425511400014
-12.564286445004564
-12.564320776962905
-12.564355369952272
-12.564406721153276
-12.564432050885639
-12.564464847791593
-12.564504407285774
-12.564521448183072
-12.564574141926261
-12.564592089064432
