500 iters for seed 67 on 3R0.3 which is in the 99.35379028320312 percentile
 Maxcut: 22.0, MedianCut: 12.0
-12.010381466193596
-12.02314221569581
-12.118913642894038
-12.156428479971122
-12.178566718425998
-12.209642096162352
-12.243879474290056
-12.26424358335082
-12.28817298438388
-12.30916146870548
-12.32533460399799
-12.337790378091304
-12.348544611130636
-12.358059008543348
-12.368657237206794
-12.37900630954684
-12.389260662733935
-12.398497281766812
-12.406436874005536
-12.41339862527592
-12.418939188031645
-12.423483023024472
-12.427095464411186
-12.430673189065004
-12.434407902659396
-12.436508982957934
-12.440814561987404
-12.443795930209891
-12.446861767464696
-12.450602582835433
-12.454845001515302
-12.458209586765015
-12.461247668999263
-12.464370559837391
-12.467907405118012
-12.469979848635603
-12.47217359120775
-12.474874636485175
-12.477255883050455
-12.479880332225758
-12.48201066232387
-12.48391625940597
-12.486444595044444
-12.488725429078954
-12.490499199752975
-12.493646826103234
-12.495035592318924
-12.496617295378613
-12.498674893225836
-12.499634894435111
-12.500919094794563
-12.502607139443176
-12.503593906017732
-12.505205189899684
-12.506426401498237
-12.507347698805045
-12.508372972780988
-12.509481363725829
-12.510252572623143
-12.511741616062308
-12.512499418617645
-12.513725689344943
-12.51438062556586
-12.51523541296374
-12.516203522368109
-12.517016979638685
-12.518156662211902
-12.519310904340257
-12.520487029867153
-12.521444929030768
-12.522279935141551
-12.52318506991714
-12.524240388958743
-12.52497964058269
-12.525785828465326
-12.526452072827649
-12.527043790879421
-12.52772119002119
-12.528344305789673
-12.528706634784939
-12.529350749035265
-12.5299190013107
-12.53050729379005
-12.531043190292262
-12.531575594010556
-12.5320112382149
-12.532463328983615
-12.532907297309437
-12.533313839880194
-12.533667036411245
-12.534277848361363
-12.534427230720006
-12.53483125784361
-12.535090341960498
-12.535406852425782
-12.535912221547704
-12.536217675522309
-12.537164338482748
-12.537552435639563
-12.53804446088796
-12.538580623438598
-12.539221833662499
-12.539756966726088
-12.54020883060774
-12.540615216535492
-12.541000412971904
-12.541313699915847
-12.541658811690251
-12.5419555569472
-12.54230218159468
-12.542801145405543
-12.543131802195862
-12.543834931408222
-12.544057006057608
-12.544313367177157
-12.544602955500027
-12.544943218239258
-12.545309203975428
-12.545505685555481
-12.545753858698863
-12.545981685155361
-12.546179218405374
-12.546348244595631
-12.546642059173074
-12.546879016589555
-12.547089860723764
-12.547307804130764
-12.547489033488029
-12.547686035767324
-12.547899301570371
-12.548004834055412
-12.548201200699639
-12.5483193101429
-12.548495637515913
-12.548669908378292
-12.548815836640008
-12.548960970129734
-12.549124795250306
-12.549268372347585
-12.549427459106576
-12.549569809954892
-12.549720018156258
-12.549849516153893
-12.550035926187189
-12.55012030288931
-12.550314346533241
-12.550417142990918
-12.550548633361597
-12.55065078604917
-12.550808340577216
-12.550902085342557
-12.550995807327752
-12.551174844620444
-12.551293110773738
-12.551492024232202
-12.551666097457353
-12.551873385249943
-12.552004852738445
-12.552172572856065
-12.55234370488898
-12.552487765732819
-12.552601725813576
-12.552785020282808
-12.552913964370434
-12.553087984575882
-12.553291883211829
-12.553539887704092
-12.553765357590573
-12.554020130817108
-12.554247426333362
-12.554514494776608
-12.554750219137828
-12.554969828914066
-12.555103926731123
-12.55533826759096
-12.555444656131568
-12.555584073336094
-12.55580228725966
-12.555955423178908
-12.55611728521042
-12.556284888390985
-12.556425943838603
-12.556566983631246
-12.556696755341093
-12.55682341078524
-12.556925338956221
-12.557056861339966
-12.557155468125154
-12.557240455024045
-12.557337433596992
-12.55743418009859
-12.55752293248326
-12.557603838869783
-12.55779518627415
-12.557900171587695
-12.558001583747338
-12.558111095210124
-12.558203436994472
-12.55832324583195
-12.558465450735653
-12.558564407057657
-12.558676782383666
-12.558757399301399
-12.558857124809041
-12.558946625944941
-12.559028794692624
-12.559166939430796
-12.55926314477325
-12.5593941897583
-12.559478771395483
-12.559564793052626
-12.559670846764796
-12.559789585899694
-12.559874250675932
-12.55998579661964
-12.560041030534647
-12.560110176257847
-12.560191094158014
-12.560255140374851
-12.56032728839877
-12.56042225979565
-12.560494024957512
-12.560577859550511
-12.560643692182616
-12.560713177499778
-12.56079408177443
-12.560862628250288
-12.560954913596621
-12.561012901004826
-12.561061560530899
-12.561108866454394
-12.561161655952247
-12.561244262716802
-12.561314703365662
-12.561368503620324
-12.561441757238928
-12.561496370337299
-12.561597514014919
-12.561671560972338
-12.561725460329978
-12.561797788995163
-12.561860132791264
-12.56193232661804
-12.562026965231635
-12.562087630038564
-12.562148602608376
-12.562279532921465
-12.562329920867457
-12.562386859462455
-12.562472182948076
-12.56253530732657
-12.562615449425842
-12.562699988639784
-12.562802365389633
-12.562879934738502
-12.562957360139508
-12.56306932767111
-12.563162899863872
-12.563232249621079
-12.563360660301777
-12.563461828015214
-12.563609475528267
-12.563785193695322
-12.563895408316032
-12.563963366472947
-12.564202279969944
-12.56427740284475
-12.564394917732422
-12.564558191237369
-12.56471333843813
-12.564869155481812
-12.56500570405779
-12.565137994529191
-12.56529740080866
-12.565434763829678
-12.565547650584882
-12.56569353282922
-12.565895945444353
-12.566061784229639
-12.566185399805168
-12.566369357267682
-12.566495913986389
-12.566659657226577
-12.566837811497606
-12.566978809000446
-12.56713420797902
-12.567363391044626
-12.567482637054976
-12.567617424055854
-12.567836220610678
-12.568047697438377
-12.568244157831032
-12.568405179218871
-12.568600292541312
-12.568819788098699
-12.56899987047451
-12.569142496787068
-12.569344091227073
-12.569513936237659
-12.569726714027722
-12.56994865855855
-12.570108435679641
-12.57027567305774
-12.570403242721946
-12.570588548976172
-12.570723269753316
-12.570867031210591
-12.571082201540841
-12.571224453332063
-12.571438845006007
-12.571572843678846
-12.571808087672204
-12.571917712442051
-12.57205843295464
-12.572233854911772
-12.572421672977555
-12.572542245798587
-12.57264978000063
-12.572765962317703
-12.572917374218878
-12.573130314621372
-12.57322933575393
-12.573378017747036
-12.573590993708574
-12.573705901615957
-12.573850727197877
-12.573929144499141
-12.5740469078493
-12.574146831862814
-12.574310361119807
-12.574397366957525
-12.57447902414756
-12.574565081037221
-12.574643882873112
-12.57477987570404
-12.57486667360835
-12.57501394191084
-12.575132595491173
-12.575242852736505
-12.57536828706952
-12.575459622483685
-12.575542819873597
-12.57563740986735
-12.575714439605454
-12.575778568580976
-12.575837050450719
-12.57589960457036
-12.575930084959726
-12.57603965370128
-12.57609463438687
-12.576181413723472
-12.576241601228936
-12.576282751568069
-12.576380590880369
-12.57642940397134
-12.576508125788175
-12.576563854184581
-12.576622425215305
-12.576664467382283
-12.576703845057628
-12.576741717537272
-12.576774276213424
-12.576818185947081
-12.576874508833345
-12.576899939818622
-12.576938790717287
-12.576980978696625
-12.577029390600764
-12.577066690588124
-12.577111980053132
-12.577147233479332
-12.577176502947585
-12.577215242441888
-12.57724195932914
-12.577291743192703
-12.577318402669846
-12.577354337512942
-12.57738872358715
-12.577419694961852
-12.577438621761585
-12.57748167064723
-12.577502041310872
-12.5775319120925
-12.577569441646961
-12.577609362931554
-12.577645537031117
-12.577675300239672
-12.577716829999616
-12.577738660982776
-12.577820702424066
-12.57784785152098
-12.57788725820477
-12.577935744157529
-12.577988911157224
-12.578032335599694
-12.578074122334378
-12.57810340800344
-12.578135789093613
-12.578158934639713
-12.578174673797417
-12.57819994201233
-12.578235309548242
-12.578264113145854
-12.578287924962552
-12.578320152650928
-12.578344363095757
-12.578375665503792
-12.57841027525516
-12.578437158300073
-12.578462547565032
-12.578488769289667
-12.578505235626496
-12.578522631655815
-12.578542201410505
-12.578563746609223
-12.57858195905281
-12.578613316282997
-12.578630441865123
-12.578650244599011
-12.578672957590399
-12.578700265929614
-12.578719568069955
-12.578734650125574
-12.578747399421788
-12.578761787108308
-12.578781592396549
-12.578796357970425
-12.578810038601516
-12.578832782504463
-12.57884165282442
-12.578861926913326
-12.578875951063807
-12.578889209136802
-12.578912041327433
-12.57892542452446
-12.578949203605035
-12.578964451708881
-12.578980004817438
-12.57899319043602
-12.579009634423405
-12.579027199318094
-12.579043286474324
-12.579056421943882
-12.579068072646686
-12.579087196068194
-12.579104018897066
-12.57911776360606
-12.579137569324642
-12.579149469319102
-12.579162754549749
-12.579183857102594
-12.579198888709165
-12.57921502977196
-12.579241865817352
-12.579251832239835
-12.579269819779295
-12.579276537435057
-12.57930032783544
-12.579308453190292
-12.579319682627903
-12.579337273229001
-12.579347450570971
-12.579365232018874
-12.57937535276426
-12.579385531373905
-12.579397471246319
-12.579411770198398
-12.57943044041079
-12.579444531149932
-12.579463273760794
-12.579477246583293
-12.579505092921794
-12.579524071171658
-12.579540517764057
-12.579572189708465
-12.579587567115283
-12.579613277898527
-12.579628967195134
-12.579649291672283
-12.579669756271883
-12.579698542207735
-12.579720345031273
-12.579737695398837
-12.57977816116827
-12.579795438072857
-12.57982123518524
-12.579843338242789
-12.57986697624723
-12.579896073425397
-12.579931351802735
-12.579954400052856
-12.579974171674435
-12.579993032245664
-12.58001372987984
-12.580038515987978
-12.58005590948146
-12.580078876403919
-12.580089946927542
-12.580107562555511
-12.58011745649743
