500 iters for seed 176 on 3R0.3 which is in the 94.78988647460938 percentile
 Maxcut: 21.0, MedianCut: 12.0
-11.887388484934274
-11.925686237508375
-11.978338274555417
-12.080951520517097
-12.114698666398917
-12.181201562876948
-12.197625008856436
-12.246277549926516
-12.26526746022493
-12.281695823153226
-12.304199593059586
-12.317446662715437
-12.330573399534352
-12.340590421706171
-12.348008202203452
-12.358075150984359
-12.365818963793126
-12.374417039082012
-12.3841273581167
-12.392690471513617
-12.403326467295024
-12.412961885739703
-12.42222644354434
-12.42844541901713
-12.435692214384991
-12.442234313715051
-12.448826349800264
-12.455169812977955
-12.457501776263344
-12.464171262974766
-12.466974159733157
-12.471226516525393
-12.476054989625434
-12.478603700139553
-12.482588291469481
-12.484895371176954
-12.488007681760557
-12.490182814311876
-12.494371520026881
-12.496099136418213
-12.498729039869467
-12.500840635405709
-12.503474961278867
-12.505990226868494
-12.508059248364876
-12.51101267188205
-12.5136878920972
-12.515667871101535
-12.519021080848901
-12.520934232068338
-12.523018121551372
-12.524667217147789
-12.526079948605377
-12.527817380273337
-12.529217035163175
-12.530455158238603
-12.531497773225187
-12.532776077298413
-12.533686975401372
-12.534693143652605
-12.535609336201707
-12.536327559828521
-12.537036039685312
-12.538222340195102
-12.538794209576443
-12.539600282091147
-12.539906273025865
-12.541003826907371
-12.541470243771464
-12.542004492547878
-12.542757880870065
-12.543284838679078
-12.544198724621559
-12.544759688658603
-12.545489856208196
-12.546001832795374
-12.54668949087678
-12.547441590481473
-12.548164103034619
-12.548911432734185
-12.54986894215115
-12.550597104450977
-12.551333777264203
-12.552183544316737
-12.553040326548395
-12.554096920018068
-12.55490918074421
-12.555885285173929
-12.556695006229305
-12.55752459673906
-12.558109845716004
-12.55883238931267
-12.559519309220963
-12.560059895687834
-12.560608104914248
-12.56107770302639
-12.5616441722757
-12.562053448872462
-12.562453011068861
-12.563157148817233
-12.56361986867245
-12.56425954748015
-12.564588253337224
-12.565436680294866
-12.56573567844769
-12.566341220863777
-12.567023617766077
-12.567430592848938
-12.567890735863417
-12.568167160715419
-12.568491416201805
-12.56885408034032
-12.569195961504054
-12.569492523471322
-12.569736748808072
-12.570178003136705
-12.57044461353059
-12.570734293658333
-12.570937711525213
-12.571156849681643
-12.571315649694755
-12.571704617600465
-12.57185946408675
-12.57207976395803
-12.572333440300437
-12.572611538422365
-12.572795623012471
-12.573054396517705
-12.573245962724233
-12.57346333781097
-12.573896300001133
-12.574131504397403
-12.574471148751913
-12.574830095795052
-12.575195130194523
-12.575509245709018
-12.576123347334812
-12.57653154921917
-12.576828005598294
-12.577196825388267
-12.577593155009946
-12.578138977948075
-12.578725870648093
-12.579177458644322
-12.57975807987168
-12.580153434529304
-12.580710541053978
-12.581089014321531
-12.581447129634743
-12.581771515418758
-12.582172402443529
-12.582439955631205
-12.582862724773555
-12.583068547598554
-12.583824900690725
-12.584128878461328
-12.58452939257884
-12.585077746361836
-12.585309023249067
-12.586145294074036
-12.586448470191042
-12.586909483325126
-12.587608883458579
-12.588272475107317
-12.588856431085508
-12.589453352078394
-12.589807331997221
-12.590369785403327
-12.591088058102725
-12.591688446036553
-12.592146922299593
-12.592890236286351
-12.59327684063811
-12.593724796450232
-12.594172067932323
-12.59446616364237
-12.595091096439171
-12.595459124190691
-12.59585548199043
-12.596141498847452
-12.596489791353777
-12.596829838857632
-12.597274177624087
-12.597593643800677
-12.597917894619624
-12.598255133541464
-12.598780893141567
-12.599009047592588
-12.599306666726928
-12.599671036377982
-12.600041582164533
-12.600335402139148
-12.600639970339701
-12.600854377472348
-12.601170158955656
-12.601394784162245
-12.601678827776041
-12.601808794471037
-12.602167815063675
-12.602266840128182
-12.602613086238403
-12.602775012238016
-12.602963344016613
-12.603223374322772
-12.603357081195128
-12.603742967522164
-12.603913071867934
-12.604161947856612
-12.604269094469345
-12.604683625500318
-12.604872867890096
-12.60505231961528
-12.605310044136754
-12.605454189775699
-12.605677380145108
-12.605821227295914
-12.606064002581498
-12.606274146256869
-12.606513007479395
-12.606762063971178
-12.606970503643595
-12.607204704590647
-12.607438019752408
-12.60767652256623
-12.60793623491672
-12.608151782729575
-12.608377851618489
-12.608777050604017
-12.60897387814844
-12.609259672755165
-12.609520097517848
-12.609742826241657
-12.610003199911837
-12.610339539346336
-12.610616509462025
-12.610890617028362
-12.6110370093532
-12.611542504468208
-12.611764875286516
-12.612063966795409
-12.61252790646018
-12.61282000084001
-12.61330403653247
-12.613614713924918
-12.614038407012611
-12.614411414463808
-12.614768270284229
-12.615305130427991
-12.615580136443704
-12.615877134485846
-12.616289312125222
-12.616473479008377
-12.616696188471668
-12.617016082355716
-12.61718471033749
-12.617539864877662
-12.617985229714245
-12.618214651998969
-12.618550705589744
-12.618782420438416
-12.619120787372964
-12.619449548650168
-12.619629470984862
-12.620104264124121
-12.620325946912551
-12.620728590147023
-12.621078548495538
-12.621384872373216
-12.621665068447381
-12.621953977566026
-12.6223127634968
-12.622546215310127
-12.622837376335099
-12.62325087566841
-12.62351374574905
-12.623796835344882
-12.62423488398407
-12.624469184542924
-12.624796515852719
-12.62511307376522
-12.625409488692688
-12.62564705907801
-12.625831585009404
-12.626070893604172
-12.62625884131975
-12.626419371893379
-12.626666756999878
-12.626819196951175
-12.62697341983742
-12.627162912469295
-12.62730906839711
-12.627535307026065
-12.62765399356804
-12.627872222714252
-12.627999325761651
-12.628172732978898
-12.628411170000314
-12.628546100269231
-12.628791419824669
-12.628902524871684
-12.629062884830747
-12.629110858508298
-12.629349462187644
-12.629434066191886
-12.629530306716607
-12.629681283929502
-12.62976733215236
-12.629930463299006
-12.630041464990288
-12.630179665007834
-12.630315130774736
-12.630461369765877
-12.63065363824051
-12.630803270770512
-12.630906726575773
-12.63110312457677
-12.631214395227426
-12.631359412644422
-12.631592602013637
-12.63174120193879
-12.631958009902586
-12.632123256046805
-12.632239285792709
-12.632416572620324
-12.63258439106712
-12.632770582999331
-12.632960050478829
-12.633130921819443
-12.633356357788601
-12.633563736284888
-12.63376058592217
-12.633925626458623
-12.634110628671145
-12.63426858849543
-12.63440517900962
-12.63453682965729
-12.634718052624141
-12.634886355455407
-12.634977668340062
-12.635138256620717
-12.635252177065887
-12.635387898133867
-12.635529322762768
-12.635692738952017
-12.63584288167176
-12.635990825696435
-12.636135886840885
-12.636260963749423
-12.636388793532713
-12.636503335125072
-12.636605632366486
-12.636671878967928
-12.63680490554272
-12.636915086334946
-12.63707885325947
-12.63723414659015
-12.637387326012353
-12.637509017200514
-12.637620934162126
-12.637755797278714
-12.637883833205594
-12.63797416523774
-12.638086717210012
-12.638180817342821
-12.638270895663549
-12.638344049566399
-12.638488379772415
-12.638550975856877
-12.63863785622008
-12.638759870237024
-12.638837278177764
-12.638969108718072
-12.639030190779033
-12.639117344950757
-12.639197571721464
-12.639320381316612
-12.639407496801493
-12.639486970932847
-12.639644168698204
-12.639689289923783
-12.639778020562426
-12.639848178697594
-12.639930582703913
-12.64000585255146
-12.640085662352432
-12.640175706518937
-12.640249671093626
-12.640310670733358
-12.640418156436267
-12.640454720880527
-12.640529284380774
-12.640595054729337
-12.640647913619068
-12.640742237951283
-12.640787529798015
-12.640848927393302
-12.64089211443632
-12.640959939529186
-12.640994944139052
-12.64105619815642
-12.641094011735973
-12.641135350848183
-12.641199871975171
-12.641232488231223
-12.641279281506325
-12.641313554255326
-12.641349081506247
-12.641383951902005
-12.6414315371846
-12.641471593163551
-12.64150000208314
-12.641540001870025
-12.641581618147917
-12.641626693555937
-12.641659878383873
-12.641694137796977
-12.641744533525582
-12.641773173722168
-12.641802807398316
-12.64185313247711
-12.641885263087406
-12.641927236412759
-12.641971668288853
-12.642000110627599
-12.642026932702738
-12.64205629344782
-12.64208266973316
-12.64211783666837
-12.642146114035652
-12.642189397481351
-12.642216141806855
-12.642241787780293
-12.64228717946301
-12.642314675055642
-12.642351580547412
-12.64237769744672
-12.64241996625404
-12.642434000622128
-12.642484436506736
-12.642506269690006
-12.64252838279154
-12.642549778911754
-12.642580428437704
-12.642606029647341
-12.642629241163622
-12.642670065108573
-12.642695085060748
-12.642726040859948
-12.642752308611543
-12.642791008433734
-12.642813040971987
-12.642844497890152
-12.642864745275578
-12.642882740511519
-12.6429086446798
-12.642943956508844
-12.64296545053249
-12.64299050965512
-12.643020579531234
-12.643044125774546
-12.643073520941229
-12.643092484053614
-12.64312177491709
-12.64314945914735
-12.643185879709653
-12.64321484048978
-12.643242445443063
-12.643278159247657
-12.643313300217837
-12.643344476781692
-12.643374188438715
-12.643416073837102
-12.643455436261645
-12.643488807290051
-12.643518846446197
-12.643553585094914
-12.643592600147725
-12.643616601427535
-12.643651142124211
-12.643676006577504
-12.643707207348992
-12.643737045943112
-12.643762951717122
-12.643806758159288
-12.643847721465512
-12.643872330301972
-12.643901133850163
-12.643933673777706
-12.64398444822316
-12.644031624056215
-12.644065632415096
-12.64411933494052
-12.644158912460757
-12.64420946676964
-12.644257473975278
-12.644310490132249
-12.644344525806627
-12.644406129647145
-12.644452822006018
-12.644482625620688
