500 iters for seed 58 on 3R0.3 which is in the 99.97024536132812 percentile
 Maxcut: 21.0, MedianCut: 12.0
-12.019324284800788
-12.046739991715874
-12.118482046930978
-12.122190301118646
-12.165809748010366
-12.212974281674493
-12.245734301000484
-12.270998972824241
-12.292132174159573
-12.31090608338165
-12.315315974398294
-12.331043867009516
-12.336000833537554
-12.342586530691221
-12.352230046124854
-12.358868166362107
-12.368336792577441
-12.375216318421247
-12.38195113083464
-12.387996851445479
-12.394154837350536
-12.398482331853938
-12.402681140263436
-12.40675863189646
-12.411181613489038
-12.415784599339592
-12.420113088931963
-12.423394607825658
-12.427291808708308
-12.431165385698373
-12.434911880784748
-12.438351558890751
-12.44167949759731
-12.44461068357361
-12.44747024121339
-12.449759801669853
-12.452062506699713
-12.454138849227114
-12.455680890159197
-12.457762666662338
-12.459381638728338
-12.460662690095667
-12.462075661714499
-12.463997351510521
-12.464842064475118
-12.46656626163589
-12.46735294941372
-12.4686012444297
-12.469915365785297
-12.471420973547634
-12.472318003181126
-12.473625015245503
-12.474799463886734
-12.476107249349486
-12.477155791165725
-12.477906675364691
-12.478862676458977
-12.479763075132121
-12.48067044098049
-12.481833247561848
-12.4830255525682
-12.484251016572408
-12.485522151040426
-12.486379226452005
-12.487320953746307
-12.488480257503458
-12.489300630939285
-12.490400650034383
-12.491411946337559
-12.492286566663333
-12.492991298196346
-12.493802602973073
-12.494371057057549
-12.494921963019925
-12.495718883366814
-12.496253871672414
-12.497081564770237
-12.497699505929313
-12.498291936257944
-12.49912153426253
-12.499636763759757
-12.500260290586018
-12.500965769511783
-12.501470975267399
-12.502001427028759
-12.50286500377979
-12.503234157517301
-12.503820060020622
-12.50406902274182
-12.504757681973325
-12.50509811159159
-12.50546874897472
-12.506181343329025
-12.506713606492738
-12.507702365345285
-12.508055833978522
-12.50856995245868
-12.509066164909212
-12.509603917757126
-12.510314395264393
-12.510723790360444
-12.51150999794431
-12.512044173931866
-12.512444105639288
-12.512988621762688
-12.513494306855073
-12.514102321643534
-12.514779902810869
-12.515250272882776
-12.51597355770971
-12.516372523575196
-12.516998842210075
-12.517577736525421
-12.51802575221409
-12.518565559534721
-12.519094270364839
-12.519499076307886
-12.519988939582179
-12.520274365370165
-12.520609740447451
-12.52119059603362
-12.521457305238286
-12.522084260699344
-12.522514809701004
-12.522938063168414
-12.523300405491874
-12.523553458883528
-12.523872170561678
-12.524414612507151
-12.524648452371718
-12.5250094444571
-12.525374283270091
-12.525779198183209
-12.526148038937876
-12.52647681228698
-12.526801221398447
-12.527164894272747
-12.52755229104145
-12.527780767897397
-12.52815671496962
-12.528417993137285
-12.528583643855935
-12.528766490127524
-12.528956738722078
-12.529158391371805
-12.52939914510499
-12.529567214192724
-12.529790240542535
-12.530040166891524
-12.530316790874021
-12.530533412240795
-12.53077566925272
-12.53098146349676
-12.53117748849563
-12.53144365477681
-12.531610755512153
-12.531802453996775
-12.531950270813061
-12.532331416128537
-12.532417456160696
-12.532659945812613
-12.532688589032198
-12.532934538519534
-12.533036375011047
-12.533192970062649
-12.533390017654032
-12.533682348601621
-12.533941319434787
-12.534073402326621
-12.534206456771969
-12.534340503529014
-12.534512515060955
-12.534645355840214
-12.534759335777887
-12.534869842699276
-12.534998065666471
-12.535144330413239
-12.535269517686435
-12.53538422007823
-12.53557062986882
-12.535717270799912
-12.53584485831301
-12.535987120915763
-12.536097167458369
-12.536294521579638
-12.536439063661746
-12.536574032926088
-12.536750309854117
-12.536860403657768
-12.537005338177774
-12.537182735249337
-12.537296674822306
-12.537467141988394
-12.537718160612236
-12.537851848997896
-12.538042962004077
-12.538246500179795
-12.538428222052389
-12.538561954159361
-12.538734188047314
-12.538871506080987
-12.53906202621917
-12.539300245704364
-12.539486885000073
-12.539656155706853
-12.53992370887827
-12.540123660849645
-12.540256372947793
-12.540554685841299
-12.540687555349344
-12.540874567021415
-12.541124626508914
-12.541314089940567
-12.54145673180528
-12.541807487074324
-12.541921836610783
-12.542108866299243
-12.542209930366237
-12.542412397141486
-12.542507673866133
-12.542613584502185
-12.542786347240988
-12.542835191785448
-12.543063578959604
-12.543126153004204
-12.543227508405572
-12.543380093448748
-12.54352475352229
-12.543663249511424
-12.543821100578771
-12.543938420692559
-12.544117028695258
-12.544241170373995
-12.544368000720059
-12.54448811831181
-12.54459159350762
-12.544697917808769
-12.54478592111247
-12.544875940846863
-12.544977860258367
-12.545092299025477
-12.545173168301531
-12.54526163927502
-12.54528135785529
-12.545413759028019
-12.545456437727402
-12.54553059182217
-12.545621496599672
-12.545646954796567
-12.545764278345578
-12.545799756074283
-12.54585955383325
-12.545932418465942
-12.546015822128451
-12.546077142110516
-12.546159730407824
-12.546220363481808
-12.546294011694437
-12.546403032209751
-12.546477727282486
-12.546539868827699
-12.546651624078129
-12.54669855624765
-12.546786571590228
-12.546863649318245
-12.54693883913628
-12.547059213849924
-12.547120997065129
-12.547216436531677
-12.547278838757263
-12.547347207581115
-12.547429940596249
-12.547565109018644
-12.547625336826902
-12.54771406440452
-12.547786300590715
-12.547861657508381
-12.547957151819494
-12.548049342613787
-12.54810776683508
-12.548201058744226
-12.548262758698284
-12.548346038053236
-12.548458245327435
-12.548509420650875
-12.548567209477316
-12.548686549758864
-12.548756378069868
-12.548784115225319
-12.548951905071005
-12.5489916030258
-12.549051449894856
-12.549129785991305
-12.549163952146474
-12.549279302791005
-12.54932183712841
-12.54939488426132
-12.5495224380332
-12.549604285865204
-12.54972206838243
-12.549819956295735
-12.549912194167147
-12.550013645567564
-12.550139818904764
-12.55023883827354
-12.550340273136051
-12.550441035243328
-12.550552652378624
-12.55066573340859
-12.550729866679395
-12.550850634617978
-12.55090872211522
-12.55096382346461
-12.551071976778774
-12.551124598562263
-12.5511893914463
-12.551265416525288
-12.551308952183259
-12.55139161268634
-12.551468749464929
-12.551550962730502
-12.551620813948613
-12.55169403516636
-12.5517801623004
-12.55184871252065
-12.551916105858254
-12.551983436034591
-12.552055585677193
-12.552131324038086
-12.552190092325304
-12.552242095034526
-12.552315997076278
-12.552399245197659
-12.552483969225973
-12.552596847813167
-12.552684211468762
-12.55277997285394
-12.552905526442366
-12.552980712238522
-12.553046948503505
-12.553199180766436
-12.553264494036206
-12.553343716808708
-12.553505980788366
-12.553589605542847
-12.55371309522723
-12.553909191304216
-12.553994888926665
-12.554141089178325
-12.554180602088095
-12.554354434211929
-12.55444271584032
-12.554535861032733
-12.554669685154549
-12.554736312046236
-12.554858750760225
-12.554939400348918
-12.555033269785355
-12.555113391089254
-12.555195205551854
-12.555304061943971
-12.55537664442404
-12.555453845204235
-12.555562640114534
-12.55565344489418
-12.55571594171949
-12.555835030379704
-12.55589354395099
-12.555967628659989
-12.556051732179863
-12.556117193993085
-12.55614924419161
-12.556291331670009
-12.55633855199354
-12.556412455790861
-12.556520578020155
-12.556568496536112
-12.55669946722737
-12.556752553448689
-12.556846633832649
-12.556951901694926
-12.557072723043133
-12.557148643745688
-12.557249208111696
-12.55733294334761
-12.557427156522753
-12.557593062025994
-12.557633872119215
-12.557727607570797
-12.557805937187847
-12.557889276368874
-12.558000309185761
-12.558027718191276
-12.558274570890015
-12.55834291554366
-12.55843528773244
-12.558466495124378
-12.558592678526612
-12.558658957342436
-12.558719467600849
-12.558813005131688
-12.558862241938447
-12.558958972604911
-12.559022860755341
-12.559103567654425
-12.559169098442782
-12.559238114972807
-12.559321550301837
-12.559368858068817
-12.559465998986227
-12.559538275594296
-12.5595843293641
-12.559648169504907
-12.55969571316067
-12.559748039133783
-12.559822319578181
-12.559871396829916
-12.559916089341385
-12.559981805171446
-12.560031813188605
-12.560108924714038
-12.56019238775379
-12.560264103690793
-12.560320030720908
-12.560392291228272
-12.560451178250531
-12.560529898651108
-12.56063034800399
-12.560692234841087
-12.560767707985889
-12.56086225813674
-12.560915419655931
-12.560962770019374
-12.5610249812574
-12.561074863907399
-12.561119672608575
-12.561173246643913
-12.561207248163935
-12.561251195250565
-12.561282955785154
-12.561336999478641
-12.561384263760022
-12.561431396719847
-12.56147633089038
-12.561527088164123
-12.561588206600563
-12.56164049911998
-12.56166753027748
-12.561707933557377
-12.561737307699135
-12.561770807575934
-12.561830961205853
-12.561857949888738
-12.561890599362808
-12.561961190595694
-12.561998884378887
-12.562060550927711
-12.562112270653726
-12.562176985228298
-12.56223584727322
-12.562303049369294
-12.562329492595081
-12.562383593969109
-12.562409818349767
-12.562447568200215
-12.562497758500776
-12.562552770744794
-12.562589601107089
-12.562628291672356
-12.56266312929938
-12.562721820960677
-12.562758390664214
-12.562807066801398
-12.56285331689157
-12.562891802200541
-12.562924504425217
-12.562969567960426
-12.563006064075372
-12.563045668072535
-12.56310856415532
-12.56314100059923
-12.563187782325466
-12.563208987727592
-12.563241881835802
-12.563289091662531
-12.563335516870536
-12.563364940989233
-12.563400851716537
-12.563425004255866
-12.563450840847503
-12.563494022685745
-12.563513828633845
-12.56353301337029
-12.563570967186008
-12.563591422552792
-12.563633078035156
-12.563676659654222
-12.56369946577497
-12.563731025588625
-12.5637736787847
