500 iters for seed 103 on 3R0.3 which is in the 94.82040405273438 percentile
 Maxcut: 20.0, MedianCut: 12.0
-11.971990299836781
-12.121190699910745
-12.176497822252415
-12.24310367024918
-12.29694474579405
-12.33066511585698
-12.365236786179786
-12.388540716594145
-12.418382857432446
-12.435144604084545
-12.450451219262074
-12.461383787753896
-12.473945487466715
-12.487063118461391
-12.49818419669423
-12.50823782575722
-12.51856427348806
-12.527263973879109
-12.538112228837765
-12.548449310072478
-12.555968268478345
-12.565613963243575
-12.57057833624495
-12.579497156139889
-12.583568498408624
-12.588040975965352
-12.591663255021327
-12.596295928366438
-12.599712530585196
-12.60325695106676
-12.604908655215873
-12.609714793479352
-12.611381386679453
-12.613606989001763
-12.616943994214443
-12.619374347570002
-12.6224638089696
-12.625563679462902
-12.62837964584349
-12.631555567671509
-12.634729198780176
-12.637282576338135
-12.639651663838759
-12.642165332179001
-12.644814948281791
-12.64737880178481
-12.649949115559656
-12.652764078060846
-12.65545779088826
-12.658576580583826
-12.66163162485665
-12.664704831587143
-12.667380073714343
-12.670174469240305
-12.672902904508144
-12.675361418422032
-12.677208353666806
-12.679427678641101
-12.680773952149146
-12.682714196068952
-12.684541445355695
-12.68591278771619
-12.688614814837498
-12.689809229174516
-12.691041019813989
-12.692403978775546
-12.69362813553612
-12.69529479461578
-12.696598757009625
-12.69775252148971
-12.698773709784088
-12.700001747048917
-12.701138227295655
-12.702072500557673
-12.703157107745561
-12.704059959170566
-12.705296925049739
-12.706578140655619
-12.707868060695166
-12.708693448441814
-12.710228028012777
-12.710479584060572
-12.71219009970488
-12.712928626508615
-12.71396389957563
-12.715403359330095
-12.716362873002298
-12.7180819931407
-12.719012601166472
-12.720096732016813
-12.72119316046972
-12.722306771880017
-12.72320181586204
-12.723927225930066
-12.72510899391439
-12.726211616003464
-12.727226745400968
-12.728559215383498
-12.729476601827288
-12.730872604861364
-12.731886073055994
-12.73300992228508
-12.735134176485726
-12.736141352330513
-12.737257098056107
-12.738441919070656
-12.73943825769516
-12.740728171157778
-12.741879746431827
-12.742714702491556
-12.7433579853724
-12.744114259176017
-12.744894942725137
-12.745691526251306
-12.746308122075549
-12.74701450188262
-12.74748862574298
-12.748022571465027
-12.748671422585609
-12.749139245303391
-12.749936777434046
-12.750550145206773
-12.751088047253228
-12.751834030113509
-12.752415105115082
-12.753050034666678
-12.753594264129685
-12.754019125167773
-12.754481048251169
-12.754963545627403
-12.755500126586451
-12.755825459106724
-12.756458748174602
-12.756966654120605
-12.75752832711739
-12.758177642496632
-12.75859507852349
-12.759084973209529
-12.759559910393191
-12.760010141009811
-12.760432403615978
-12.760857134859231
-12.76123810095555
-12.761559689541098
-12.761808391801248
-12.762156357409772
-12.762387314505329
-12.762665737468723
-12.762960039796953
-12.76313045706372
-12.76334080222758
-12.763710596497699
-12.763846756102222
-12.764105484255623
-12.764186426692635
-12.764503118199546
-12.764646163931822
-12.764783338142978
-12.76497371926492
-12.765179187515663
-12.76542885730483
-12.765575637398207
-12.765802950951672
-12.765939379976057
-12.766134370830272
-12.76632096375464
-12.766453815526816
-12.7667680272169
-12.76691521776431
-12.767168572513043
-12.767383542055512
-12.767585375494988
-12.76778576762369
-12.767980889062951
-12.768183065233284
-12.768371143095534
-12.768550074496904
-12.768771786863342
-12.768937061840989
-12.769111475241843
-12.769357610271323
-12.769488641609893
-12.769661603930675
-12.769836486953906
-12.770108430651987
-12.770208835973158
-12.770434984519408
-12.770621792316236
-12.77085876778062
-12.771018231876894
-12.771150147967576
-12.771272801758053
-12.771409197320782
-12.771541576854762
-12.771675854383894
-12.77183102572927
-12.771976696974567
-12.772135785581876
-12.772267385779724
-12.772440053434856
-12.772569973808146
-12.772681878129013
-12.772787231504154
-12.772943615166596
-12.773083476744507
-12.773198522519884
-12.773307094943128
-12.77339142460487
-12.773496014018844
-12.773597052327908
-12.773680329446925
-12.77375650902592
-12.773849801470025
-12.773913951151446
-12.773980401363854
-12.774074743264984
-12.774129762557
-12.77420343659767
-12.774305791290292
-12.77438520968262
-12.774444965824983
-12.774577248451305
-12.774637848377715
-12.774709980564092
-12.774811018892173
-12.774884047502576
-12.775006277574581
-12.77511545131824
-12.775177435416365
-12.775251788122274
-12.775318250778266
-12.775405332599838
-12.775508614728384
-12.775577315652756
-12.775633614887607
-12.775769394776773
-12.775833156086987
-12.77590331619267
-12.775980400096557
-12.776047238999677
-12.7761702644212
-12.776248983277352
-12.776340524756465
-12.77642375206731
-12.776512735995336
-12.776626336355928
-12.776745582996368
-12.776855907587489
-12.776951891306517
-12.77702672737338
-12.77716402161426
-12.777210966945196
-12.777347270425757
-12.7774326894475
-12.777524382416821
-12.777654844136084
-12.77779884574213
-12.777935844852433
-12.778047611513063
-12.778186298144792
-12.778317163013336
-12.77848610994865
-12.778595118944263
-12.778709100926328
-12.778917288151504
-12.77907770380782
-12.779223788486625
-12.779355301895002
-12.779470828095496
-12.779662636611231
-12.779809870124907
-12.779956229012095
-12.780116429673637
-12.780207474151025
-12.78033889395216
-12.780433344191914
-12.780523694219719
-12.780645312821239
-12.780787013633333
-12.780849575713628
-12.780950111678147
-12.78102429216913
-12.781115248109034
-12.781218091420417
-12.781289111975337
-12.781387278402581
-12.78149185251483
-12.78154780570023
-12.78163729073732
-12.781696868299482
-12.781782297185222
-12.78187576685394
-12.781949052149464
-12.78202792655645
-12.782123648503905
-12.78220577246557
-12.78229815516604
-12.782364892756153
-12.782448910615459
-12.782471258877848
-12.782604072842098
-12.782657487460003
-12.782725105168376
-12.782821971217256
-12.782894630351558
-12.782997048813707
-12.783064206664019
-12.783146609381031
-12.783218283317764
-12.783287261704512
-12.783385531977043
-12.783443464598257
-12.783513668327736
-12.783626054463767
-12.783712014272142
-12.783762959662178
-12.783849276502162
-12.783926301216269
-12.784028615509833
-12.784114852790252
-12.784194858761722
-12.784248657403527
-12.784309506275367
-12.784385750541874
-12.784447983074811
-12.784493013547463
-12.784568619045114
-12.78461754702247
-12.784679494511696
-12.784758726638508
-12.784815423475276
-12.784882908456765
-12.785004821760632
-12.785063791244372
-12.785158948327425
-12.78526570288651
-12.785388815605392
-12.78549206423947
-12.78561923326036
-12.785709771893911
-12.785780434581564
-12.785932049191429
-12.786005949961748
-12.786089819002429
-12.786233409135896
-12.786299431580929
-12.786439273936434
-12.786487874831542
-12.786570524381913
-12.786630253413202
-12.786693714752792
-12.786798370847041
-12.786842399993962
-12.786936963805097
-12.786978004643093
-12.787031175935246
-12.787116456209713
-12.787191858908994
-12.787259364824099
-12.787326143113035
-12.787382962074714
-12.78745569386555
-12.787547975302722
-12.78758514649312
-12.787637772638416
-12.787688400912929
-12.787761295769508
-12.787820429184706
-12.787878404286358
-12.787956798636424
-12.788051602652818
-12.788118362194705
-12.788194585828503
-12.788256978871827
-12.788322644131092
-12.788399100114916
-12.788450428014826
-12.788539346151676
-12.788623967748565
-12.788696699901841
-12.788751943263543
-12.788812009808886
-12.78887843396894
-12.788949890136497
-12.789001628888515
-12.789056983361636
-12.7891184107282
-12.789178541885859
-12.7892459815288
-12.789294683720623
-12.789359558552588
-12.789424889795018
-12.789487721721585
-12.789540532365411
-12.7896155027255
-12.789684585225576
-12.789731019397125
-12.789811912021449
-12.789883302699902
-12.78995965779923
-12.790041725517591
-12.790093675314942
-12.790146291907396
-12.790225476056182
-12.790277208593253
-12.790314544748032
-12.790377990542705
-12.790421208202522
-12.790473277773426
-12.790519818103894
-12.790575923567996
-12.790618471710836
-12.79066591600812
-12.790720759541363
-12.79076362501053
-12.790819597630964
-12.790870594147476
-12.790918064320433
-12.79096956251124
-12.791022655350368
-12.791075312955067
-12.791122870727195
-12.791170568062013
-12.791206908584721
-12.791268413525911
-12.791297260418391
-12.791346079198206
-12.791380268585755
-12.791440746119935
-12.791472923208143
-12.791503119819895
-12.791547835554816
-12.791589809156502
-12.791618321864101
-12.791658043157145
-12.79167920238112
-12.791704518240078
-12.791737584980964
-12.791758624865533
-12.791779824780601
-12.791825666528801
-12.791838182930675
-12.791865802389125
-12.791884478798444
-12.791914723753713
-12.791931799966576
-12.791951137052449
-12.791975972017843
-12.792006472760965
-12.792031246367662
-12.792057126861854
-12.792077070643261
-12.792093532285708
-12.792128560624853
-12.792147727456308
-12.79216818401397
-12.792197227499493
-12.792213343458592
-12.792238471279912
-12.792278989731663
-12.7922899243647
-12.792308659300375
-12.792320503527973
-12.792336806779051
-12.792351742816672
-12.79236297172894
-12.792387756222693
-12.792400642799947
-12.792418472274694
-12.792439118079917
-12.792459023445872
-12.792476694091475
-12.79250156145806
-12.792519229127269
-12.792537253073096
-12.792558793617577
-12.79258678776117
-12.792611341720521
-12.79263905851995
-12.792660354582493
-12.792689052950921
-12.792712556715781
-12.792730231946273
-12.792765323501891
-12.792791677608484
-12.79281504665272
-12.792837305407835
-12.792859449751127
-12.792879930674498
-12.792918264863145
-12.792935095900717
-12.79295723220551
-12.792985581647912
-12.793017346145895
-12.79303874146524
-12.793061052310769
-12.793081303242417
-12.793101115020407
-12.793132090850046
-12.79315076697357
