500 iters for seed 150 on 3R0.3 which is in the 78.79104614257812 percentile
 Maxcut: 21.0, MedianCut: 12.0
-11.99446854445886
-11.99663959138135
-12.042734271143944
-12.061170024426241
-12.10842448617342
-12.16300484969426
-12.182576069625584
-12.214772314405211
-12.233517629565487
-12.244151016284263
-12.267510749416417
-12.28139359453638
-12.293985519355578
-12.30427795642153
-12.318401321348457
-12.326028512800006
-12.334606327850954
-12.345953623174102
-12.354936943302622
-12.36452847074326
-12.372560278090068
-12.379160617754565
-12.383903837401817
-12.39126537820737
-12.39540735852463
-12.399985779424227
-12.4040753950793
-12.408417690676266
-12.410869112100258
-12.414482661759116
-12.416833171259235
-12.420307744602262
-12.422577826710272
-12.425238332488954
-12.429172953509184
-12.431874408188236
-12.435231004165871
-12.437760072503933
-12.440166805242638
-12.441517467932757
-12.44503972588198
-12.446475242137641
-12.448705773689184
-12.450868228038948
-12.453345144418684
-12.45528653790417
-12.457062672209139
-12.458775504093005
-12.460468919260551
-12.461848167350677
-12.463453464502848
-12.46516591802664
-12.46696106740323
-12.468029386407883
-12.469196789959403
-12.470063813939289
-12.471015737446127
-12.471779758545065
-12.472505942189816
-12.472993159250644
-12.474312720171351
-12.474809992150398
-12.475486393877157
-12.476417463297647
-12.476796335436333
-12.477965626310272
-12.478396307088087
-12.479171845347492
-12.47995890870506
-12.480947458639283
-12.481584617733649
-12.482281483502128
-12.482991621652376
-12.483838191938279
-12.484535794744112
-12.48531404588961
-12.485979375911747
-12.486649957178644
-12.487681127970367
-12.488194769755188
-12.48870227531375
-12.489897174806654
-12.490510377330994
-12.491606291479425
-12.492376118856921
-12.493126190278817
-12.4941497806247
-12.494730085852876
-12.495350074179832
-12.496232735293606
-12.496748831992377
-12.497374594935758
-12.498229694305653
-12.498766253199365
-12.499197414239182
-12.500215299380063
-12.500622928556444
-12.501077590766018
-12.50171419108431
-12.502105187430864
-12.502645091172388
-12.503448525468592
-12.503821899680853
-12.504464833050562
-12.504756453008158
-12.505450906642455
-12.505882104288062
-12.506313343243882
-12.507057163620347
-12.507421007925908
-12.508105712414364
-12.50858042981207
-12.509119002262961
-12.509547756781924
-12.509927469550306
-12.510462692891846
-12.510793699029051
-12.51124183966641
-12.511918660315109
-12.51247094522375
-12.512820301898529
-12.513374524464869
-12.513786544061855
-12.514258259494135
-12.514724750909467
-12.515055922399902
-12.515394418975093
-12.515915959505124
-12.516176101904355
-12.516576487945516
-12.516987012418731
-12.517457191405839
-12.517766838559059
-12.518133270578513
-12.518452880075817
-12.518827508593612
-12.5191527845866
-12.519406845189991
-12.519782932586928
-12.520199552751233
-12.520534975207756
-12.520950740998833
-12.521202552751488
-12.52158612760003
-12.521853964020599
-12.52211975105457
-12.522587107876006
-12.522823930407943
-12.523137460926954
-12.523407361003882
-12.52371890308812
-12.524027581145464
-12.524383086358363
-12.52470186991157
-12.524983496043127
-12.52532743195745
-12.525753693177426
-12.526039349368038
-12.52636952087004
-12.526742985435014
-12.527126613892488
-12.527386403922565
-12.52765605379865
-12.527959526519908
-12.528313022572252
-12.528850378357628
-12.52910235523721
-12.529370578449225
-12.529838340787512
-12.530048002102456
-12.530389494008306
-12.530724407309645
-12.530905312278424
-12.531311887281918
-12.53145766137974
-12.531921761882055
-12.532116036501328
-12.532343123611254
-12.53265409600131
-12.533009685629711
-12.533287573012338
-12.533626639716259
-12.53374358198274
-12.534051260065997
-12.534266520917276
-12.534473821417462
-12.53479511797444
-12.534981935164925
-12.53524983180844
-12.53539518968228
-12.53557294728674
-12.535712524368384
-12.535843076434364
-12.535988082681316
-12.536113136278951
-12.536326319748644
-12.536475939099153
-12.536688572751487
-12.536819637438494
-12.536953669271902
-12.537166837419397
-12.537363226903405
-12.537501947414656
-12.537669533609648
-12.53780148096857
-12.53798049663886
-12.538084685607316
-12.538203717764464
-12.538261966511199
-12.538398056402308
-12.53847197324262
-12.53856602294906
-12.538713732696596
-12.538810656392753
-12.538921418538227
-12.539055360437706
-12.539168309186042
-12.539283741928083
-12.539411630631164
-12.539518116156014
-12.539620662115105
-12.539711116722522
-12.53988300664398
-12.539974925608766
-12.540064232494354
-12.54023776420126
-12.540282140585663
-12.540529609373724
-12.540606450771776
-12.540751717991366
-12.540963869574403
-12.541173274461194
-12.541357009941075
-12.54152922221852
-12.541668282452168
-12.541902835680007
-12.542096757868133
-12.54224741779558
-12.542366368005002
-12.542541346095192
-12.542743528250186
-12.542893110792239
-12.543031784068146
-12.543204312384601
-12.543343819685115
-12.543516546390661
-12.543620616032277
-12.543743473887856
-12.54385478371774
-12.54401849681419
-12.544137066319962
-12.544248867003464
-12.544273213244416
-12.544443898171068
-12.544520037238541
-12.544617658945167
-12.544762699489155
-12.54486787007751
-12.545060625620593
-12.545180551326391
-12.545315963382574
-12.545433524585501
-12.54555784838141
-12.545696715100345
-12.54578809665338
-12.545875159048407
-12.546008791389642
-12.546074723450381
-12.546168337270636
-12.546296741549504
-12.546375968040774
-12.546567242264445
-12.5466549893507
-12.54682631802429
-12.54691881465104
-12.547024704345107
-12.547124663997476
-12.547276147584771
-12.547366377391791
-12.547484075818142
-12.547635667115054
-12.5478276022544
-12.54798471312523
-12.548110414875408
-12.548221279542203
-12.54832249294026
-12.548460297687106
-12.548631461245634
-12.548752005256837
-12.548900502153844
-12.54900514858938
-12.549136965447145
-12.549231184281057
-12.549358545898086
-12.549442538255645
-12.549525457523238
-12.549683739746204
-12.549834643987644
-12.549934435631389
-12.550065235100803
-12.550153222442233
-12.550240178079669
-12.550393590184004
-12.550472341744124
-12.550548096116986
-12.550720072373629
-12.550801537310253
-12.550942033713259
-12.550987567694452
-12.55112742726995
-12.551187145773598
-12.551257409169718
-12.551373490298893
-12.55143428004638
-12.551550193724852
-12.55160226040661
-12.551672893216239
-12.55178371324126
-12.55185550040617
-12.551945654236434
-12.552009846840805
-12.55207845217868
-12.552130378039571
-12.552255896780363
-12.552296674654016
-12.552348899028758
-12.552424178231448
-12.552461393110264
-12.552600099176527
-12.552649151384243
-12.55271315019779
-12.552805327915854
-12.552849597045373
-12.552930062904231
-12.552989700722621
-12.553067642294554
-12.553105575053511
-12.55316280044806
-12.553207948267062
-12.553250616068294
-12.553302393708172
-12.553382667434029
-12.553424019801051
-12.55346990673226
-12.55353122937775
-12.553599747469146
-12.553660985878384
-12.553715637275848
-12.553767885594466
-12.553821637834115
-12.553881172862607
-12.55391289105661
-12.553955555466928
-12.553986028791801
-12.554040875417328
-12.55407857700933
-12.55411966688121
-12.554198824851847
-12.554245000149768
-12.55429828235791
-12.55434386963007
-12.554395838632292
-12.554458203508064
-12.554515303321274
-12.55456503453872
-12.55460627325888
-12.554642557657573
-12.554696948685738
-12.55472765732635
-12.554761252035537
-12.554815879938834
-12.554854294017145
-12.554899121478643
-12.554934988468046
-12.554981518855918
-12.555007267192389
-12.555072651817069
-12.555098968165414
-12.555140155920455
-12.555189901352582
-12.55524901886762
-12.555295160341473
-12.555348867680152
-12.555390023090688
-12.555431517649993
-12.555498472416893
-12.555538549502437
-12.555596025865494
-12.555658020939799
-12.55572523848534
-12.555757937763476
-12.555840524135542
-12.555884726698363
-12.555923445195608
-12.556000361603314
-12.55603721070698
-12.556093166752916
-12.556161701430884
-12.556211877859294
-12.556277205328822
-12.556344518931995
-12.556402403677149
-12.556458588246036
-12.556496806063757
-12.556592032181511
-12.556634919427744
-12.556686537414233
-12.556783800411786
-12.556833699939942
-12.556914484348615
-12.556973491405605
-12.557050006886884
-12.55711928393831
-12.557190905394744
-12.557263713679527
-12.557309312709867
-12.557377134070707
-12.557431270315725
-12.557494544876482
-12.55753560002154
-12.55758881290338
-12.557611507802473
-12.557696501031632
-12.557729313399015
-12.55777882424612
-12.557854667190458
-12.557910037606465
-12.55799342643041
-12.55805636064209
-12.558124538442382
-12.558172947673448
-12.558237859958881
-12.558306534812122
-12.558351302945166
-12.558471075503824
-12.558491291508835
-12.55862239924206
-12.558672031964447
-12.558752367344297
-12.558869147829038
-12.558983163110018
-12.559084378772338
-12.559207031797808
-12.55931237540076
-12.559444367589306
-12.559588111628678
-12.55966743787086
-12.55976301305595
-12.55980539053465
-12.559943550078797
-12.559999809055983
-12.560068754264398
-12.560183653525781
-12.56023567926622
-12.560353420989186
-12.560396236813741
-12.560469370783142
-12.560526719037103
-12.560598791953824
-12.560650627209043
-12.560702876319366
-12.560806848308228
-12.560844017026094
-12.5609381189024
-12.560980285218593
-12.561039082077357
-12.561091415651893
-12.56116632526619
-12.561213946793043
-12.561263360108446
-12.561330646460988
-12.561393195571348
-12.561426751478635
-12.561469833647855
-12.561494098590419
-12.5615301497628
-12.56157781867283
-12.56160997529213
-12.561702658956387
-12.561740891860856
-12.561793641946673
-12.561841665317239
-12.561893405179394
-12.561948323144355
-12.562000174036317
-12.562047065893058
-12.562092747324588
-12.562146357308533
-12.562200013165656
-12.562266185897297
-12.562308172558149
-12.562372114252014
-12.56239483175779
-12.562462070190227
-12.562498154384304
-12.562535058282506
-12.562577641364074
-12.562624428601703
-12.562653728084149
-12.562695640321222
