500 iters for seed 174 on 3R0.3 which is in the 78.92684936523438 percentile
 Maxcut: 21.0, MedianCut: 12.0
-12.048609577165031
-12.07250679187508
-12.123728020835927
-12.15612423014274
-12.195034001507011
-12.227496226157896
-12.250783977350158
-12.272787033098052
-12.288053499627258
-12.306106943914155
-12.32379917247152
-12.342685187394048
-12.35690184759948
-12.369253539021106
-12.381794885459875
-12.3922238449133
-12.401930274139962
-12.410170430623607
-12.415197139380435
-12.424500500074412
-12.431961020197198
-12.438544055099428
-12.444950501703307
-12.451790452447181
-12.456656719636003
-12.46091462667663
-12.465221836054656
-12.469137299044286
-12.472418799775133
-12.475689420839446
-12.478637960369525
-12.481371764868918
-12.483817910356766
-12.486112114459928
-12.488444143305657
-12.490205869991648
-12.491573654628173
-12.492942382000551
-12.494304805728934
-12.495642782758237
-12.497021370520804
-12.498199271077475
-12.499061418323535
-12.500295867435202
-12.501034201495989
-12.502281513526093
-12.503165694039296
-12.503986764320715
-12.505701093897551
-12.50652504197451
-12.507870952261214
-12.509139806888072
-12.510458213498543
-12.511635377543668
-12.512819718462762
-12.51380949950206
-12.514563720227125
-12.515245041218902
-12.5162200861641
-12.516740141571299
-12.517473505345793
-12.518165638461952
-12.51908300457126
-12.51964917162975
-12.520294401991604
-12.521286791208304
-12.521907326045415
-12.522671166386878
-12.523273438189989
-12.523811517224502
-12.524474557064009
-12.525196163928824
-12.525593551297094
-12.526088982226998
-12.526547748502622
-12.527141822853595
-12.527577699901784
-12.52802153842535
-12.528276824297235
-12.528813855716805
-12.529048378012867
-12.529314535774596
-12.529668816472896
-12.529891811807055
-12.530132708062016
-12.530361347607373
-12.530607724208686
-12.53089329548209
-12.531138300974103
-12.5313951123999
-12.531601421226418
-12.531846283684203
-12.532110294518173
-12.53232214695274
-12.532490934139954
-12.532804496940441
-12.532945619737864
-12.533163134791087
-12.533345570433681
-12.533513502934237
-12.533791084015942
-12.534017201533368
-12.534209035194625
-12.534378545726412
-12.53456066936383
-12.534827130023276
-12.535049920453485
-12.535292843793957
-12.535499014578885
-12.535732912800523
-12.535988316728046
-12.536191421766159
-12.53638158377152
-12.536632233337384
-12.536802168630443
-12.536948519894692
-12.537162176992394
-12.537277350437073
-12.53742894721363
-12.537627924868358
-12.537747424311437
-12.537845962181411
-12.538116627423591
-12.538192752208973
-12.538350277988838
-12.538549594612874
-12.53874448425288
-12.538900573626892
-12.539097690989177
-12.539238698795558
-12.539451362361685
-12.539704405847832
-12.539923989923638
-12.540124103961258
-12.5403627380793
-12.540613581119253
-12.540850432407431
-12.541104454980236
-12.541372885020772
-12.541630894956826
-12.542010518576298
-12.542274366250528
-12.542549698484585
-12.542866875945217
-12.543094287443557
-12.543421110115478
-12.543816813663105
-12.544059960683946
-12.544420093031707
-12.544551467815687
-12.544975025802668
-12.545177575810346
-12.54550278696411
-12.545805298038221
-12.546198084439148
-12.546469575956799
-12.546728957930348
-12.547047964022354
-12.547394791786452
-12.547606571294303
-12.547873467133503
-12.548044370001083
-12.548248126774068
-12.54848538029953
-12.548652588106245
-12.548788560142594
-12.549046413506453
-12.549134178148659
-12.549292642026906
-12.549460172669873
-12.549649901022807
-12.549773175041919
-12.549944938220857
-12.550058575387984
-12.550174317026837
-12.55031517036959
-12.550394255535265
-12.550532306840616
-12.5506208903271
-12.550700194302138
-12.550785969707091
-12.55086265435417
-12.550955017294811
-12.551036945018241
-12.55111811080905
-12.551201433019084
-12.551274224353275
-12.551338693220215
-12.551410902033997
-12.551482323924667
-12.551586684593916
-12.55168117973406
-12.551767147550372
-12.551866385913836
-12.551965768946605
-12.552052638551029
-12.552168640737225
-12.552272762269677
-12.55240903801082
-12.552527731429294
-12.552635083021125
-12.55272607203621
-12.552820276235625
-12.552916762199862
-12.553015885956151
-12.553132638487877
-12.553250306219407
-12.553375496822959
-12.553460532168895
-12.553598042920978
-12.553649747215205
-12.553805540169622
-12.553897244958979
-12.553991155405509
-12.554148388439794
-12.55423700593623
-12.554379119649077
-12.554475743396623
-12.554594911998304
-12.554671753363845
-12.554760662666581
-12.554865791589377
-12.554949171810366
-12.555105730790528
-12.555245439744889
-12.555333985588737
-12.555455224903204
-12.555553626581988
-12.555700199150923
-12.55582273374122
-12.555943525290152
-12.556045789274531
-12.556166519736287
-12.556299751927472
-12.556415400220079
-12.556541123755306
-12.55664532116197
-12.556767962849056
-12.556885233339257
-12.556972332744332
-12.55704739717675
-12.55719685447969
-12.557285506361076
-12.557390316306197
-12.557551696555857
-12.557614981381228
-12.55768026409374
-12.557785398606743
-12.557858804676533
-12.557915920078468
-12.558079108204556
-12.558130839540956
-12.558207140162102
-12.558283625205615
-12.558384503685266
-12.558480952360645
-12.558546877360582
-12.55861800410988
-12.558704737533631
-12.558757654589659
-12.558824196023075
-12.558877581903374
-12.558951213646411
-12.559033326666937
-12.559098015906446
-12.559198547320623
-12.559303017474905
-12.55936260833753
-12.559453221560926
-12.559513117997673
-12.559598397470102
-12.55972255661067
-12.559798169607836
-12.55987948730367
-12.560023470494768
-12.56009154180266
-12.56021135189736
-12.56029193685593
-12.56042428532199
-12.56048786445702
-12.560563609537802
-12.56067589041291
-12.560760918907674
-12.560904436967554
-12.56099272702649
-12.56111607751944
-12.561165022621893
-12.561368031271352
-12.561453199441454
-12.561560791876877
-12.56172623642857
-12.561855906057364
-12.562086650010947
-12.562266685635384
-12.562434376702695
-12.562592093445986
-12.562762209214792
-12.56300505842383
-12.56314264047595
-12.56328720452486
-12.563495512522458
-12.563615427972021
-12.563717492582233
-12.56392329875116
-12.564022676841516
-12.564118777120438
-12.564316795007148
-12.564423411660453
-12.564591078311988
-12.564711369069915
-12.564830464017724
-12.56495122068265
-12.565074112692669
-12.565201093409744
-12.56531820779866
-12.565441096946767
-12.56556364281408
-12.565726231254462
-12.565875157435105
-12.566032409327052
-12.566150925985621
-12.566289790991643
-12.56644395683131
-12.56655912326747
-12.566645087516246
-12.566770569196969
-12.566874936566562
-12.567001069401721
-12.567143131328713
-12.567220314664034
-12.5672891218492
-12.567395478266219
-12.56746332460406
-12.567532966805945
-12.567670583243768
-12.567710788227249
-12.567778505641881
-12.567820156734083
-12.567872502954021
-12.567931890658262
-12.567979407632558
-12.568034623843278
-12.56810532651143
-12.568160104176735
-12.568213985549768
-12.568270079865751
-12.568331354717024
-12.56835992190971
-12.56843857973136
-12.568464557328301
-12.568504657382885
-12.568543662070397
-12.568595967539748
-12.568633422858781
-12.568673182873955
-12.568705620936948
-12.568751559102143
-12.568789930284316
-12.568821690656703
-12.568847521998066
-12.568903878235634
-12.568931501370999
-12.568963814741956
-12.569007059162653
-12.569051146453399
-12.569085259396529
-12.569127445607766
-12.569163801531207
-12.569211996584546
-12.569252640048303
-12.569300847813627
-12.569340593825197
-12.569387012437495
-12.569426212735523
-12.569466889945572
-12.569502380603064
-12.56954208163274
-12.569556076722169
-12.569622144340666
-12.569646430151188
-12.56967641072786
-12.569718296709368
-12.569752373471033
-12.569808676322252
-12.569851097639935
-12.56989846140997
-12.569941749801353
-12.569983535519874
-12.570048326934474
-12.57008988986782
-12.570121105158336
-12.570175719528429
-12.57021241547369
-12.570274721957537
-12.57031575877257
-12.57038868759134
-12.570435078048302
-12.570491861157207
-12.570561132682274
-12.570638774926199
-12.570692328067064
-12.570762551789475
-12.570828582618327
-12.57090447326513
-12.571021265583939
-12.571113620492344
-12.571180729135726
-12.57133336833931
-12.571405129778054
-12.571481388542885
-12.57157675310386
-12.571649512445878
-12.571756777769115
-12.571858967920438
-12.571951100656115
-12.572013491741036
-12.572060404067297
-12.572155844032217
-12.572218611436623
-12.572294381006929
-12.57237711056663
-12.572444402523548
-12.572498075141842
-12.572600621716356
-12.572644561132384
-12.572697860712024
-12.572782339482071
-12.572825283328383
-12.572881169750316
-12.572946821474208
-12.572979299282366
-12.573047293223002
-12.573092155046005
-12.573153294360239
-12.573211693185154
-12.573255481553227
-12.573304977916093
-12.573366721847028
-12.573409689917218
-12.573454800481574
-12.573505704487221
-12.573553105518897
-12.573606812263515
-12.57365460686497
-12.573699428477882
-12.573746608847605
-12.573791350571481
-12.57384547812631
-12.573888404889448
-12.573933307586028
-12.573988922093587
-12.574064939041211
-12.574101537751826
-12.57414660206253
-12.574181998477501
-12.57422739905488
-12.574274812503623
-12.574314483898648
-12.574382827238285
-12.574433961822555
-12.574480811265936
-12.57452829690808
-12.574559998560364
-12.574604298183617
-12.574666167920961
-12.574709689420214
-12.574759422069485
-12.574821732812955
-12.574862679680772
-12.574910204783489
-12.574961970024603
-12.575011059570878
-12.57506472251083
-12.57511504990129
-12.575183039586797
-12.575225389135644
-12.575269932365815
-12.575348596805824
-12.575391580540723
-12.57544027282369
-12.57547788654593
-12.575521282939764
-12.575545532100579
-12.575585904745092
-12.575636148228902
-12.575670517589057
-12.575710987314562
-12.575744537194836
-12.575775028130753
-12.575836637465413
-12.575864434382819
-12.575922375435802
-12.575947156301934
-12.57598199294847
-12.57601769110886
-12.576064950401973
-12.576093717256695
-12.576123370515004
-12.576149294043269
-12.57618143939602
