500 iters for seed 194 on 3R0.3 which is in the 20.798492431640625 percentile
 Maxcut: 20.0, MedianCut: 12.0
-11.852026026009284
-11.942860655404601
-11.986166044003355
-12.038321513500351
-12.078551303541971
-12.106014386913042
-12.139515377149102
-12.162980493282847
-12.183906917425858
-12.201073447826762
-12.214680892284157
-12.224773480024787
-12.234066278251369
-12.242570100344857
-12.251718075487272
-12.259965549152723
-12.268169051289084
-12.275886799413996
-12.28294499365439
-12.28947676709706
-12.296168563294758
-12.30249531780835
-12.308078451061974
-12.313501762106945
-12.319047196657387
-12.324792534414017
-12.328838410442199
-12.332040968167263
-12.335328707834496
-12.338519359584577
-12.341483221964104
-12.34400900159957
-12.347292786142742
-12.348990145954215
-12.352016691388561
-12.35391713325022
-12.356139241161683
-12.359831559101446
-12.361613239461732
-12.364370293674478
-12.367161811353965
-12.369505773963537
-12.372205145902871
-12.374866309855683
-12.376810646077196
-12.378787936227347
-12.381634946369102
-12.382672681792736
-12.384619314287399
-12.3860425081899
-12.387665765648773
-12.38899475252757
-12.39101998865883
-12.39215262118416
-12.393803485049428
-12.395175362040533
-12.396600283608318
-12.397788268150506
-12.398895281803362
-12.399843747409335
-12.401319955110544
-12.402440038515449
-12.403466666498565
-12.404474039137746
-12.405194116464228
-12.406029749672651
-12.407263599358862
-12.408214183110264
-12.40938402338833
-12.410468875423811
-12.41136325060596
-12.411977239645635
-12.41293723569364
-12.413675451218204
-12.414167351167375
-12.414995065991693
-12.415497046900358
-12.416086023904136
-12.416649818594529
-12.417116243459194
-12.41757026039515
-12.418195863868005
-12.418754796796977
-12.419286690858582
-12.419876884103008
-12.420250444415943
-12.420657812182656
-12.421305845120312
-12.42174548837508
-12.42235477289297
-12.42298823986064
-12.42358122451807
-12.424072679816746
-12.424615931395294
-12.425192249552714
-12.425834109314954
-12.426308285823046
-12.426736280926134
-12.427281608955118
-12.427830441161781
-12.42834711928782
-12.428807030609576
-12.429247690217874
-12.429862778188337
-12.430404484339697
-12.43073858117588
-12.431211571292344
-12.431497563989003
-12.431855272435724
-12.432254598325212
-12.432485275644137
-12.432918630912322
-12.433290868566637
-12.433556629125341
-12.433923184383456
-12.43421316390412
-12.434608991948556
-12.434943420169532
-12.435231884759482
-12.435690044891496
-12.435926528323
-12.436268018441584
-12.436600102645217
-12.436844575110248
-12.43743276889164
-12.437672077684597
-12.438089517114637
-12.438478223607726
-12.438852191432042
-12.439197033081626
-12.439484900223121
-12.439854838592222
-12.440060013438728
-12.440311408463865
-12.440642241183953
-12.440824231860244
-12.441126219351144
-12.441639257621487
-12.441839936683197
-12.442168211036838
-12.44248318096634
-12.442838372832904
-12.443151202210078
-12.44343698713055
-12.443752039039664
-12.444074346262829
-12.444455852594876
-12.444753257878997
-12.44504811062202
-12.445608377021275
-12.44584174901983
-12.446239074925113
-12.446573486598854
-12.446920960779522
-12.447435503351503
-12.447737293894168
-12.448122000582721
-12.448360315003946
-12.448644993510149
-12.448902916048155
-12.449379031680344
-12.449620642148227
-12.449871303879362
-12.450274088330232
-12.450740894907312
-12.451360043818209
-12.45164177577158
-12.451957291323058
-12.452299515684416
-12.452559824130503
-12.453071528647744
-12.453298667074199
-12.45360581856764
-12.453932079587283
-12.454426721365792
-12.454752848633138
-12.455013664385136
-12.455418745021763
-12.45590310997863
-12.45636909935072
-12.456805796827801
-12.457188507934665
-12.457680504637997
-12.458149781397164
-12.458483498533639
-12.458791063593488
-12.459231322486936
-12.459645718965284
-12.45986659540131
-12.46018882349432
-12.460396027222773
-12.460710572048209
-12.46103425712112
-12.461210943186064
-12.461590897604845
-12.461943077813729
-12.462129139765194
-12.462387911263864
-12.462587593601056
-12.46280725878547
-12.463035948265151
-12.463181239946898
-12.463420518197712
-12.463674205130323
-12.463836366589094
-12.46406027020634
-12.464244057975671
-12.464436070167093
-12.46460501221086
-12.464790984962471
-12.464884461454147
-12.46509782037652
-12.465252270311872
-12.465443373139081
-12.465642587245162
-12.4657586591494
-12.465913647954345
-12.466064150964577
-12.466215386725096
-12.466321016193127
-12.466516625213888
-12.466637232923897
-12.466814261315875
-12.466939171975008
-12.467080370602488
-12.467258234599274
-12.467469896412
-12.467605032842291
-12.467776612479987
-12.467864680027402
-12.46810366518644
-12.468236252748591
-12.468364714758195
-12.46858535374967
-12.468745691334902
-12.469021106209237
-12.469201104592823
-12.469387297354375
-12.469551861627819
-12.469727311992164
-12.469965555342899
-12.470142473543195
-12.470356474677482
-12.470623398174217
-12.470854510408996
-12.47102211584842
-12.471394838221308
-12.471661493333794
-12.471990481115254
-12.472325016407154
-12.472528223304248
-12.472722524279002
-12.472879771156766
-12.47307934566852
-12.473342067070162
-12.47361798974637
-12.473789712137497
-12.47402968782261
-12.474244828584558
-12.474530495019206
-12.474757504329341
-12.474953314324068
-12.475130386211859
-12.47533035596735
-12.475529861021489
-12.475672263733296
-12.475866436207108
-12.47602688191609
-12.476155659471726
-12.476295718471157
-12.476449797659646
-12.476634964222036
-12.476763111704987
-12.47686773951499
-12.477060301725228
-12.477124303162098
-12.477322596777983
-12.477433263103347
-12.477554524696771
-12.47771714669927
-12.477883019849093
-12.477990658340643
-12.478121950687733
-12.478217192314874
-12.478337597099415
-12.478493414606817
-12.47859430041869
-12.478766450881654
-12.478919091418824
-12.479189847420109
-12.479299804205715
-12.479424776195401
-12.479557092022649
-12.479733065351972
-12.479892836940271
-12.480009524606404
-12.480173524617527
-12.48034645092369
-12.480509071815217
-12.480666924511258
-12.480796438567202
-12.480970123187447
-12.481088443139216
-12.481205477696111
-12.481449505671833
-12.481545429908937
-12.481660299138127
-12.481761660823281
-12.481883238179854
-12.482009276839529
-12.482121099746747
-12.482240423839997
-12.482335646685286
-12.482525951944996
-12.482668003511886
-12.482795651325675
-12.482945876866543
-12.483077457191282
-12.48323027348587
-12.483380207737863
-12.483496798199706
-12.483618089419487
-12.48375227590035
-12.48390470559371
-12.484029756360625
-12.484127098179162
-12.484254524656249
-12.484311137075983
-12.484400305234917
-12.484490056313634
-12.484556564869784
-12.48471446359784
-12.484782053027638
-12.484902859549084
-12.484997638789876
-12.485082833490585
-12.485176583476562
-12.485294907386377
-12.48543013759802
-12.48556867115778
-12.485684065925707
-12.485816712957115
-12.485943963100006
-12.486039909838738
-12.486141190317285
-12.486262692594334
-12.486372371067956
-12.48645725744895
-12.486569680962601
-12.486651772342693
-12.486735216830363
-12.486833836633938
-12.486913735391127
-12.486996409279412
-12.487146333352452
-12.487196575827694
-12.48729777773436
-12.487349189118444
-12.487440122902182
-12.487504436560869
-12.487571672768015
-12.487645644507156
-12.48773046877806
-12.487771370090144
-12.487848642458445
-12.487894880748081
-12.487988280010246
-12.488058981805047
-12.488118422904574
-12.48820428377276
-12.488286487396259
-12.488346445446354
-12.488421827722888
-12.488468851244265
-12.488525489241892
-12.488630563928126
-12.488671141009913
-12.48872090815168
-12.488806637298524
-12.488852354759173
-12.488905740787363
-12.489035038009817
-12.489074702019762
-12.48914135336604
-12.489240746403162
-12.48931061718719
-12.48939235502866
-12.489457541723363
-12.489541064726918
-12.489625287697057
-12.489695009207416
-12.489764144614735
-12.489827879993962
-12.489925423362315
-12.489988804367766
-12.490051229571282
-12.490101971386858
-12.4901636582272
-12.490192585462715
-12.490276569838594
-12.490316338423996
-12.49037294030935
-12.490453922929758
-12.490484448731868
-12.490582331081306
-12.490614893475252
-12.490665166650524
-12.49075367965909
-12.490815165734679
-12.490908134471978
-12.49098491858635
-12.491067233843133
-12.491131991066254
-12.491207022527766
-12.491277244395325
-12.491336632278461
-12.49137831769823
-12.491455806626092
-12.491494227187545
-12.491548661707167
-12.491615470889172
-12.491687091924755
-12.49172906567274
-12.49178438707862
-12.491843477034376
-12.491912730362536
-12.491986598031625
-12.492038037350667
-12.492079849161039
-12.492169253283894
-12.492223866511857
-12.492292000054107
-12.49235402759576
-12.492396749758598
-12.492482563789011
-12.492526405998866
-12.492646343592293
-12.492705312753923
-12.492763536478403
-12.492850219569883
-12.492919441467047
-12.49302699923878
-12.493099324359843
-12.493183876316248
-12.49327774312465
-12.493396428705331
-12.493461073290465
-12.49357587228236
-12.493634663281714
-12.493719817677714
-12.493857889887206
-12.493943367755142
-12.494068604733336
-12.494160023780754
-12.494255001014421
-12.494323851243092
-12.494394192305043
-12.494465100921675
-12.494519403770559
-12.494638590733903
-12.494710002994935
-12.494804305896121
-12.49487513155305
-12.494947817545796
-12.49507400001507
-12.495200381285512
-12.495303922178469
-12.495427227143821
-12.495498010323779
-12.495589516840553
-12.495707703910277
-12.495761352193394
-12.49586533463836
-12.495920269603129
-12.496025435566777
-12.496066960321459
-12.496115344845114
-12.496183148150543
-12.496256699247088
-12.496317159152257
-12.496411341689976
-12.49647825247766
-12.496578719889568
-12.496647941733931
-12.496729884903717
-12.496798793417463
-12.496887775654463
-12.49697573933923
-12.497078670266463
-12.49714075300293
-12.497241886618644
-12.497290146845103
-12.497380745393764
-12.497447484193458
-12.497496066481801
-12.497567990935812
-12.497639835920237
-12.49769289702278
-12.497766155200228
-12.497810791699145
