500 iters for seed 43 on 3R0.3 which is in the 20.749664306640625 percentile
 Maxcut: 21.0, MedianCut: 12.0
-12.003504653307063
-12.027509374383545
-12.05651657238795
-12.146137523914815
-12.182024215561736
-12.205120624609075
-12.24743049870344
-12.272750108458931
-12.29139681381374
-12.309956512009075
-12.326400242104492
-12.34220653784513
-12.352705413407143
-12.361205831488817
-12.367416337311584
-12.375428428656292
-12.383641385806442
-12.391169104711343
-12.398520960989963
-12.405875371808229
-12.411987616125696
-12.416435637177615
-12.421520337459809
-12.42544977702206
-12.429063798800815
-12.43213100401208
-12.435652570801638
-12.43807005550214
-12.44021908990037
-12.443706609950308
-12.446101240059082
-12.449195609780281
-12.45151110351329
-12.453651913364599
-12.456115290889738
-12.458475965685272
-12.46083223908855
-12.462992049448307
-12.464967023074191
-12.466858420049043
-12.468616512977274
-12.470311314457796
-12.47192045893315
-12.473200983701089
-12.47477745695183
-12.47591912185116
-12.477468709996112
-12.478564937514369
-12.47972057552588
-12.480635600026595
-12.482299056647388
-12.483166265381541
-12.484190197028276
-12.48580910951462
-12.486515075519819
-12.487811409985522
-12.488713799438889
-12.489812925354626
-12.490829681118774
-12.491964974703142
-12.493130906962586
-12.493812339041902
-12.494531722675035
-12.495496571479848
-12.496149291987113
-12.496915359743246
-12.497939756412809
-12.498707797529654
-12.499448163641716
-12.500688280918327
-12.501234376409965
-12.501975962822307
-12.503074773248926
-12.503802427372804
-12.504980779034845
-12.505960506064834
-12.506875675488235
-12.50786171995995
-12.508829665128575
-12.509825083370034
-12.510736943196008
-12.511514472729893
-12.512542409122759
-12.51341177603073
-12.51454599461942
-12.515106282742456
-12.51591109717198
-12.51632503595262
-12.516877800879026
-12.517317042964777
-12.517784626667076
-12.518320156847267
-12.518912823454372
-12.5194033842915
-12.519850958103085
-12.520345171279454
-12.520825204134269
-12.521426709136431
-12.52191763514285
-12.52246401263952
-12.522834377980738
-12.523210734131444
-12.523514487628612
-12.523750719088026
-12.524130592851199
-12.524454449051802
-12.524739780819756
-12.525098346995902
-12.525344189321471
-12.525570625713273
-12.525770402575443
-12.525952752692936
-12.526199438204689
-12.52640499429214
-12.526650912325794
-12.526864355932625
-12.527072425102787
-12.527256029340382
-12.527410463526458
-12.527600349060984
-12.527796615380913
-12.527986333109409
-12.528162780470023
-12.528315065947359
-12.528461919086034
-12.528595657782345
-12.528737216261549
-12.528912072972828
-12.529076771090484
-12.529196136317527
-12.529391216813309
-12.529457989225131
-12.529591870137388
-12.529683427346015
-12.529790906686275
-12.529989312127292
-12.530098058290038
-12.530271753379873
-12.530413431437852
-12.530611897534394
-12.530756783797813
-12.530939483573139
-12.531145149262413
-12.531317184187676
-12.531509945441305
-12.531741778540361
-12.531894196376118
-12.532062444371743
-12.532307684908739
-12.532553840673593
-12.53273543644171
-12.532979984200885
-12.533165163265142
-12.533344862802789
-12.533646251156416
-12.533818529638673
-12.534082951674637
-12.534332818917653
-12.534608874988066
-12.534816576965014
-12.53505071677251
-12.53530570322283
-12.535547364304792
-12.535809688722853
-12.535986362186113
-12.536200222289022
-12.53649241829028
-12.536646528113543
-12.53682544030725
-12.537134277884947
-12.53733838159697
-12.537653960579377
-12.537873759277248
-12.538108740289214
-12.538285640914838
-12.538457026734738
-12.53863254412383
-12.538842326089416
-12.538989668020468
-12.539167265065753
-12.539341406503173
-12.53958392613746
-12.539714633565962
-12.539843252299688
-12.540004232092599
-12.540193934195411
-12.54040298890429
-12.540572371166474
-12.540758002273101
-12.540914457214306
-12.5410955950234
-12.541236326109535
-12.541435056544433
-12.541619730667408
-12.541771346390437
-12.541873615129843
-12.542121658010533
-12.542262227065846
-12.542417562412949
-12.542655409435348
-12.54270539765572
-12.543021764957192
-12.543096017460975
-12.543247634020071
-12.543424243373025
-12.54361160669006
-12.543738482492188
-12.543946346466743
-12.544050649516208
-12.54420708123413
-12.544399409387502
-12.54453035858115
-12.544743092828893
-12.544951252244546
-12.545164176132236
-12.54531412893015
-12.545473787761289
-12.545691943610514
-12.545846838303362
-12.545950077332307
-12.54622860978044
-12.546279559537574
-12.546436536888276
-12.546545182306643
-12.546668726189607
-12.546854963111837
-12.546891476158763
-12.547164979327919
-12.54724811513675
-12.547405041856802
-12.547529556541802
-12.547685138994808
-12.54782906045202
-12.547981651763362
-12.548115144176768
-12.548352302845057
-12.548461334628236
-12.548587559815822
-12.54878907823821
-12.548915518778646
-12.549141618151102
-12.549259892080528
-12.549404027566219
-12.549539765701166
-12.54976142692381
-12.549871702651112
-12.549987416895629
-12.550138849769633
-12.550337442051582
-12.550561768716719
-12.550751217125761
-12.550914425352277
-12.551122051234417
-12.551292886288493
-12.551489156100809
-12.551647478838998
-12.551803484906422
-12.551946844775731
-12.552135917618168
-12.552282537387129
-12.552408186453151
-12.552532994994538
-12.552702569376773
-12.552840110027386
-12.552943019313355
-12.553061736126942
-12.553193517953899
-12.553341418257574
-12.553500731675669
-12.553630324478167
-12.55375908520558
-12.55390421102878
-12.554034309964148
-12.554197904380558
-12.554342430266118
-12.554467553220235
-12.554579359906471
-12.554749603580142
-12.554865170670178
-12.555131545020402
-12.555226649941298
-12.555374901229762
-12.555600388025187
-12.555768413574876
-12.556035609345551
-12.556202988640754
-12.556399814602198
-12.556595270584443
-12.556891452403814
-12.557037698878881
-12.557218071907037
-12.557359760773203
-12.557524436304618
-12.55771460711168
-12.557832516897601
-12.557874133718993
-12.558152578084172
-12.558221107384846
-12.558341665417373
-12.558516714284705
-12.558619790870415
-12.558743370410754
-12.558839458850699
-12.55893188376473
-12.55903048704595
-12.559129427039052
-12.559209722757444
-12.559283686840969
-12.55938969501921
-12.55951004711368
-12.55956058934347
-12.559710951460993
-12.559766730778286
-12.55986227784011
-12.559943847032311
-12.560051356782285
-12.560130804850813
-12.560210367315245
-12.560279484872591
-12.560409295332196
-12.560500355297975
-12.560584911674228
-12.560662372928931
-12.560772447858465
-12.560837540076777
-12.560908644581591
-12.560994192870497
-12.561090404579893
-12.561153069030585
-12.561237645539203
-12.56129188758328
-12.561363809693093
-12.561437653069005
-12.561485073518146
-12.561560715840525
-12.561641462589925
-12.56168003424997
-12.561732770269415
-12.561776993998938
-12.561824564452849
-12.561904468773612
-12.561948891427267
-12.561987612143184
-12.56206400185047
-12.562102973728145
-12.562179395956164
-12.562240816143056
-12.562300805988306
-12.562356992725434
-12.562398680940117
-12.56244298521457
-12.5624896391617
-12.562530927766383
-12.562561491436284
-12.562616711085287
-12.562645761221148
-12.562684869618591
-12.56273393367077
-12.562757932804221
-12.562807115204931
-12.562842682894479
-12.562864233081012
-12.562890704680001
-12.56292247444033
-12.56296108511793
-12.562998968159008
-12.56303215343522
-12.563068979557501
-12.563103761715972
-12.563136033726824
-12.563169640754609
-12.563201929121448
-12.563236860011148
-12.56328569352262
-12.563309984656103
-12.563342289698356
-12.563377251517403
-12.563430238905752
-12.56346621288446
-12.563492618594099
-12.563532452089042
-12.563569227935858
-12.563598584637312
-12.563629004692714
-12.563655597942741
-12.563686928321415
-12.563738321214727
-12.563759965729687
-12.563794677135482
-12.563824052815136
-12.563860840887703
-12.563896341691256
-12.563933140851843
-12.563960279467587
-12.564008969900584
-12.564040057324682
-12.564071262512869
-12.564131116154169
-12.56417401065236
-12.564229540214495
-12.564275445255902
-12.56433086777298
-12.564367856520809
-12.564421803570546
-12.564458003226175
-12.564490143784019
-12.564506000118017
-12.56457280857876
-12.564601150532663
-12.56463527367051
-12.564685878802909
-12.564705856030077
-12.564806998571937
-12.56483926086408
-12.564884047512834
-12.56494099115471
-12.564984860090409
-12.565040187024687
-12.565076422661745
-12.565121540365013
-12.565159043683284
-12.565206308562631
-12.565254178011259
-12.56528896988258
-12.56533407130311
-12.565397337001897
-12.565438718313953
-12.565478525561067
-12.56550562898424
-12.565579330011253
-12.56561992522111
-12.56565596041329
-12.565720746684937
-12.565754511078008
-12.565887010292574
-12.565931403902198
-12.565991956762105
-12.56606520206853
-12.566110953360122
-12.56619739069056
-12.566234014237313
-12.566288882070278
-12.566301723602727
-12.566397483837404
-12.566431849068454
-12.566473154904706
-12.566529666470721
-12.566575145783013
-12.566631712102057
-12.566671557383247
-12.566723253258287
-12.566781697962654
-12.566838413001893
-12.56691393926661
-12.566955030225628
-12.567010812021522
-12.567067724402778
-12.567110168579312
-12.567160488967716
-12.567229900951927
-12.567272804625444
-12.56731689353482
-12.567383399468861
-12.567409202822468
-12.567474141567097
-12.567494255705556
-12.567526122234245
-12.567577952401441
-12.567625789731943
-12.56767313566542
-12.567727715157433
-12.567772461701125
-12.567817950224768
-12.56792070741257
-12.56796061012342
-12.568020986526722
-12.568075333028338
-12.568148052478222
-12.568206181898603
-12.568254322254775
-12.568286226348055
-12.568364458238612
-12.56840563707226
-12.568447198008448
-12.568518466138835
-12.568560726146844
-12.568639999075979
-12.56869770449957
-12.568774499182252
-12.568835798787177
-12.568892797609356
-12.568977884737432
-12.569024529888436
-12.569078331917522
-12.569172878667388
-12.569220647104434
-12.569267744039314
-12.569366997070265
-12.569417551491746
-12.569524428471235
