500 iters for seed 1 on 3R0.3 which is in the 94.73190307617188 percentile
 Maxcut: 22.0, MedianCut: 12.0
-11.887706697568436
-12.075241924158885
-12.149619655089129
-12.241285662451173
-12.296403915756507
-12.34174221162361
-12.389922692157192
-12.426847865388282
-12.461107200167456
-12.486617492134407
-12.5102133701042
-12.528851063561257
-12.545935139156427
-12.562149095460812
-12.574492762523843
-12.584575500458673
-12.598529237430395
-12.610618506126116
-12.625334770822679
-12.64090908774945
-12.650208726393487
-12.662168150256164
-12.673002301084157
-12.680607597815516
-12.691222754582618
-12.696996475362324
-12.704079627541537
-12.708240369159794
-12.713402313117172
-12.717782770097708
-12.7244350830423
-12.728472611127174
-12.732463108715883
-12.736573007232753
-12.738810002309535
-12.74256781047845
-12.74491691292592
-12.747731911555446
-12.750489309749621
-12.753807312302891
-12.755714125762438
-12.758434257201861
-12.76048694100168
-12.762778056334835
-12.764980653244319
-12.766567089160915
-12.768724967450943
-12.770931606709802
-12.773234760876857
-12.77465678966841
-12.776598746349368
-12.77802775821551
-12.780184285107952
-12.781752482458423
-12.783065995433443
-12.78478500180158
-12.786537988149501
-12.788043577704233
-12.790024029429585
-12.791262930075352
-12.792900947337241
-12.795239014676955
-12.796501148712784
-12.798941155664918
-12.80125392027366
-12.802441845776253
-12.804606811253072
-12.806460727177488
-12.808295382169353
-12.81013320761285
-12.811946697899664
-12.813865241740247
-12.816334263112857
-12.818529675998036
-12.820345285638936
-12.822620446183032
-12.824700558260844
-12.826877600416163
-12.828546118512783
-12.82989084234543
-12.83188876471272
-12.833268470617197
-12.834339412457712
-12.835466548528702
-12.837109531535262
-12.838397699053775
-12.839568901300332
-12.841163602494172
-12.842228368240104
-12.84357492506234
-12.844581575248498
-12.845355620005792
-12.846378402983525
-12.846682445337024
-12.847858975590187
-12.848357133634254
-12.848961291898023
-12.849399922572884
-12.85005669725714
-12.85060283974403
-12.851142337976004
-12.85206594029662
-12.8525868762205
-12.85315084507952
-12.853734889315549
-12.854333524812347
-12.855007074542106
-12.855626976650374
-12.85629350894483
-12.856720899228488
-12.85723713050334
-12.858122118429167
-12.858633785488312
-12.858991555232889
-12.859744525693337
-12.860071044973491
-12.86048663089606
-12.86113964625293
-12.861534457071711
-12.861903513576037
-12.8627374178737
-12.86299944429059
-12.863333548913793
-12.863829403388335
-12.864246629214186
-12.864594552005688
-12.864900360002618
-12.865293947481714
-12.86579131780763
-12.866284937157108
-12.866736867451312
-12.867085299388854
-12.867467712824999
-12.867880545160112
-12.868159224506668
-12.868527989804985
-12.868860049037322
-12.869156305033268
-12.869781126444607
-12.870171976388365
-12.870601664946884
-12.871199074366759
-12.871543957809207
-12.871912070485342
-12.872563424268469
-12.872903582849702
-12.873312383760847
-12.87393453718357
-12.874187932820321
-12.874486924018631
-12.874908764489202
-12.87530452446372
-12.87601170595246
-12.876355080511145
-12.876952159424462
-12.87743646651956
-12.87797746867301
-12.878410811884667
-12.878816545987515
-12.879424044010426
-12.879915143114857
-12.880682624699045
-12.88100069685115
-12.881506662850898
-12.88178846424734
-12.882277728957039
-12.882697746455955
-12.88321216317127
-12.883692182096004
-12.88416327462808
-12.884656242009218
-12.885158983614868
-12.88554155828145
-12.885975824233908
-12.886306023667174
-12.886728521531579
-12.886994962635175
-12.887297157421978
-12.887493474249869
-12.887991779911431
-12.888242984432043
-12.888498515300718
-12.888893089854468
-12.889156250358194
-12.88955163818437
-12.889797769451114
-12.890109101404775
-12.890351596996375
-12.89055191565798
-12.890823379468968
-12.891100234518184
-12.891428741106099
-12.891807110202386
-12.891976867412625
-12.89225279956544
-12.892445698027283
-12.892757245116627
-12.89296043537724
-12.893171685292883
-12.893423396853596
-12.893721239919497
-12.893902272768255
-12.894108825284551
-12.894376708340735
-12.894699984798144
-12.894965061126157
-12.895312972407606
-12.895493090220915
-12.895841816586156
-12.896016818097419
-12.896254277813975
-12.896531557849153
-12.896767402328106
-12.897017461220987
-12.89726720011409
-12.897511211980731
-12.897743660898618
-12.898079366743449
-12.8984266750619
-12.898844087802738
-12.89933002988862
-12.899602023438273
-12.900038645571128
-12.900210467694142
-12.90066004025682
-12.900983955048895
-12.901267036363102
-12.90165311471522
-12.901833168925375
-12.902199401812416
-12.902380533210973
-12.902604570414972
-12.903080499238305
-12.903364435942645
-12.90386521072223
-12.904242317473738
-12.90465917394641
-12.904915882141935
-12.905261010890252
-12.905651705513709
-12.90591137018062
-12.906161075648333
-12.90658960719406
-12.90690523932906
-12.907264144037441
-12.907642155008471
-12.908161519294179
-12.908481891558782
-12.909004991944068
-12.909281876352123
-12.909642671949738
-12.909935072272276
-12.91029774463446
-12.910482673476636
-12.910723069502705
-12.910822500621759
-12.91109823511544
-12.911260194476329
-12.911410671855561
-12.911555053574592
-12.911732950915138
-12.911957829564741
-12.91209679601267
-12.912449747859185
-12.912631949357474
-12.912834189150995
-12.912949714888885
-12.913109604710211
-12.91328833604396
-12.91348449577479
-12.913587394134415
-12.913695564051134
-12.913711939009659
-12.91382149383697
-12.913881143115356
-12.91393111600461
-12.91399982631723
-12.914051820501124
-12.914216940555722
-12.914271965038957
-12.914341536103144
-12.914428700008598
-12.914490423492044
-12.914610747198
-12.914660401685174
-12.914730309448123
-12.914825564632839
-12.914918506717882
-12.91497921285102
-12.91505021599635
-12.915132045797641
-12.915248382403398
-12.915322471586354
-12.91541631923431
-12.915489491910947
-12.915570338717147
-12.915659328459025
-12.915770039222277
-12.915837055047765
-12.915913737155842
-12.915926458150766
-12.916001657063184
-12.916036604313469
-12.916088030082436
-12.916146527974329
-12.916211865978823
-12.91627211594684
-12.916332972707732
-12.916386837878742
-12.916439067342827
-12.916502039727856
-12.916559060938184
-12.916601930497032
-12.916692726520065
-12.916724011986565
-12.916770242108116
-12.9168281738527
-12.916867745628245
-12.916905622642304
-12.916954592700455
-12.916990517031342
-12.917079013997741
-12.91712672141371
-12.917178276711823
-12.917234694977928
-12.91729050137564
-12.917363772096895
-12.917432304283336
-12.917487158540258
-12.917537813934597
-12.917578645570622
-12.917632744070952
-12.917684455583553
-12.917709099358037
-12.917768112474409
-12.917799141289457
-12.917836487727849
-12.917882000505232
-12.917912811781278
-12.917955494377226
-12.917992676260189
-12.918027130089868
-12.918066311270795
-12.918101961674235
-12.91814072366854
-12.918168828075167
-12.918187793284917
-12.918208078264076
-12.918240077501473
-12.918269980419183
-12.918297724470962
-12.918325904354017
-12.918351855859973
-12.91837615266126
-12.918397325782376
-12.918449926955699
-12.918469406646867
-12.918499858687252
-12.918529054528516
-12.918568286211464
-12.918600157494264
-12.918633314465998
-12.918655733632303
-12.918688981287195
-12.918721693626022
-12.918747314011775
-12.918806109501597
-12.918837966725599
-12.918876059118828
-12.91891030140075
-12.91894575669553
-12.918977409826523
-12.919006444483854
-12.919040312991644
-12.91906765229518
-12.91913094414791
-12.919167979250684
-12.919195218565472
-12.919215057837746
-12.919240419225918
-12.919273079389018
-12.919311007417338
-12.919334147306646
-12.919359639264353
-12.91937259379531
-12.919397454013296
-12.91943217203519
-12.919450524910175
-12.919494644340938
-12.919523727995548
-12.919562878415658
-12.919595050376666
-12.919641363879029
-12.91967271818803
-12.919726973084579
-12.919764496794201
-12.919799667292551
-12.919855218895739
-12.919879750693466
-12.919927589263247
-12.91996388125261
-12.919998485818294
-12.92004912920507
-12.92005975099633
-12.920138548446252
-12.920166800290161
-12.920202967126876
-12.920255952218785
-12.920293153303332
-12.920356228090782
-12.920405102013024
-12.92045892373379
-12.920515427882366
-12.920560684988802
-12.920610781710021
-12.92066168459708
-12.920724863100657
-12.920775463475326
-12.920845226884069
-12.920890934455759
-12.920957373790918
-12.921010423134913
-12.921094621877723
-12.9211496601744
-12.921203313216498
-12.921249303919383
-12.921309403283509
-12.921348702214903
-12.921381211969464
-12.921427225751167
-12.92148277313004
-12.921536660500173
-12.921597978828553
-12.921639211164065
-12.921694112265342
-12.921745131506391
-12.921778552196466
-12.921844483105735
-12.921859663646774
-12.92191357782324
-12.921950252120627
-12.921993470179759
-12.922053081846423
-12.922110086888969
-12.922178007346893
-12.92221827830582
-12.9222628522346
-12.922301068879557
-12.922389301789698
-12.922420016941162
-12.92247077516938
-12.922544246416846
-12.92259541408833
-12.922660118782956
-12.922694035554732
-12.922742540733605
-12.922775958937342
-12.92283794600595
-12.922887607751495
-12.922934897204888
-12.922986682548373
-12.923055960777488
-12.923106537100612
-12.92316584713721
-12.923209710470156
-12.923266986891154
-12.923319392635994
-12.923404479277455
-12.923452064723278
-12.923515848977093
-12.923557597669715
-12.923619681285878
-12.923700754437638
-12.923761557922159
-12.923826656108398
-12.923927962349412
-12.924007668201444
-12.924095651602167
-12.924161011232647
-12.92424217973763
-12.924291882325523
-12.924377513943833
-12.924426895045155
-12.92447682219383
-12.924509747848731
-12.924585053845577
-12.924628393195174
-12.924673629228977
-12.924763106401468
-12.924823669677618
-12.924918375820274
-12.924982662922838
-12.925051274575676
-12.925100069517708
-12.925144372282297
-12.92521693386476
-12.925269578972546
-12.925350684522952
-12.925419712790156
-12.925486634209221
