500 iters for seed 169 on 3R0.3 which is in the 78.89938354492188 percentile
 Maxcut: 22.0, MedianCut: 12.0
-11.90936242332074
-11.919340226820593
-12.034327370018053
-12.057280579604464
-12.09119179265505
-12.175752891544613
-12.214821968171483
-12.23618330535431
-12.25448934428991
-12.277534908463535
-12.295431152851085
-12.309683947362887
-12.325248422019902
-12.34134239301854
-12.355579195673034
-12.368431663642081
-12.380024496951632
-12.388342302902835
-12.394313491220554
-12.403463103659917
-12.41000623122125
-12.417594633639299
-12.422835582104518
-12.429367036594687
-12.43426785320644
-12.43981095380577
-12.444464089056673
-12.449027975938826
-12.452591582927983
-12.458159129381002
-12.461349081030125
-12.465319849594566
-12.468019679492517
-12.47207379035197
-12.474953362583554
-12.477919387683032
-12.480620736147413
-12.48337317945533
-12.485696139132914
-12.487731700711791
-12.48926456369217
-12.492483459344886
-12.493930937842826
-12.496486018801066
-12.498384872825618
-12.501396222936734
-12.503339061662981
-12.506035181273685
-12.507532184026624
-12.511032085272037
-12.513132680238375
-12.51538867722383
-12.518529928272347
-12.520995655341117
-12.523586621574378
-12.525923347740434
-12.527586787409444
-12.529651963561383
-12.531369715649609
-12.533071264750337
-12.534652858761334
-12.536092417833757
-12.537157273455596
-12.5381073252884
-12.539266774338495
-12.540319627454785
-12.541211086697665
-12.54217325376852
-12.543166713868505
-12.544180453910489
-12.545158364192554
-12.546098237515563
-12.547044184124431
-12.547828568994214
-12.54855967623722
-12.54927042686482
-12.550071432640891
-12.550854874400727
-12.551644293943058
-12.552725368710309
-12.553756900430985
-12.554728064491682
-12.555736578237822
-12.55666904461667
-12.557553397647057
-12.558323196497973
-12.55897152829462
-12.559757167485033
-12.56037956845471
-12.560917032865955
-12.561451009035865
-12.562153843422866
-12.562803326784305
-12.563427044001056
-12.564015273726671
-12.564655857701453
-12.565326152151968
-12.565837131083072
-12.566805476914944
-12.56716608674881
-12.567961763989395
-12.568544423799334
-12.569249251957824
-12.569886807069807
-12.570899055460526
-12.571559055455431
-12.572259793000446
-12.573444313318934
-12.574094183540112
-12.574948501917994
-12.575661732175048
-12.57644312262539
-12.577229179461618
-12.577968664752843
-12.578760774908302
-12.579401106458622
-12.580064794200561
-12.580715309364674
-12.581301384389432
-12.5816566226781
-12.58231169439054
-12.582731802276966
-12.583410254629214
-12.58406504828823
-12.584496518964174
-12.585465532602427
-12.58589221880376
-12.58643896130383
-12.586820914277427
-12.587244818680194
-12.58767485639405
-12.588063644161998
-12.588384407899206
-12.588607999120264
-12.588872263455166
-12.589229472400577
-12.589559009599572
-12.589925841071542
-12.590235871528925
-12.590531996552203
-12.590862881362229
-12.591325142908316
-12.591595787336932
-12.591952099758018
-12.592187566035609
-12.592525162777832
-12.592756440770902
-12.592983124034731
-12.593135857557556
-12.593490474739195
-12.59369094517631
-12.593923398812732
-12.594325591102107
-12.594578972117892
-12.594985672850191
-12.595282405995684
-12.595728902262465
-12.595871273505416
-12.596369792725032
-12.596611957348928
-12.596880502618749
-12.59721996234757
-12.59760373054442
-12.597912956983375
-12.598344111564675
-12.598564113818211
-12.598895488121991
-12.59932075714374
-12.5995243770797
-12.600054929965301
-12.600305165244414
-12.60049131515887
-12.600713827899519
-12.600923198599924
-12.601197029552646
-12.601429155786247
-12.601625513960673
-12.601774584972349
-12.602072288308557
-12.602239243564561
-12.602440286428596
-12.602633504849749
-12.60277856618839
-12.603010616345173
-12.603276162400359
-12.603461542271797
-12.603730730117993
-12.603865905305556
-12.60411012540446
-12.604296953357201
-12.604457740899278
-12.604725038641082
-12.604927541602194
-12.605111069152214
-12.605284587628462
-12.605451763087625
-12.605716777033184
-12.605980277406605
-12.606097578728576
-12.606262516148663
-12.606404428748835
-12.606597735898601
-12.606796815170732
-12.607007724477327
-12.607142061594564
-12.607297096083048
-12.607482077434533
-12.607637675093274
-12.607812363327925
-12.608011926693738
-12.608136118075475
-12.608306382469983
-12.608385674698441
-12.608542371725552
-12.608643197412112
-12.608738125304509
-12.608950779035972
-12.609070657648834
-12.609277677918499
-12.609415174633599
-12.609570741772506
-12.609705794791829
-12.609828357030752
-12.610006671541917
-12.610132788734393
-12.610263305730442
-12.61049589992008
-12.610670944637675
-12.610770687172598
-12.610985084427304
-12.611074492789236
-12.611201166831345
-12.611317674872653
-12.611423939568645
-12.611499370861308
-12.611686128108264
-12.611764812605845
-12.611847571752078
-12.6119730660135
-12.61204859988284
-12.61216670943299
-12.612245858651043
-12.612358861642024
-12.612453108405582
-12.61253559755281
-12.612658574048321
-12.612735865039824
-12.612814559002944
-12.612936421236544
-12.61301469707208
-12.613096363535643
-12.61325521352463
-12.613322503064593
-12.613395224725437
-12.61349243310356
-12.613565939206534
-12.613742324966006
-12.613822230037986
-12.61394139378477
-12.614039822773254
-12.614151080359655
-12.61425620552518
-12.61433389006239
-12.614414577196747
-12.614493960947765
-12.614597960611741
-12.614746137402133
-12.614857965175835
-12.614956903397815
-12.615080560665817
-12.61519834622605
-12.615327974473425
-12.615484396748803
-12.615588112280294
-12.615730009872765
-12.615824084610432
-12.615959454984857
-12.616036704792759
-12.616119937933245
-12.61620402423853
-12.616337741077862
-12.616415821219109
-12.616491879344252
-12.61663071634961
-12.616703911024242
-12.616782839316764
-12.616848977103539
-12.616946296048837
-12.61698839185213
-12.617125617576368
-12.617183393908105
-12.617244628264936
-12.617318178685498
-12.617401335292648
-12.617468847777927
-12.61753027012531
-12.617591716469684
-12.61765385692658
-12.617748717380815
-12.617784841616812
-12.617853933507885
-12.617904540854562
-12.617999772025307
-12.618063082001127
-12.618124114860947
-12.618215351166475
-12.618259888336349
-12.618325092527984
-12.618369518093136
-12.618430733503615
-12.618489628010753
-12.618566409526341
-12.61862814122264
-12.618706051579128
-12.618753010591888
-12.618824627651096
-12.618881993829797
-12.618926249282675
-12.61902509495135
-12.619060802565178
-12.619135724560573
-12.619191399217954
-12.619246564402216
-12.619307899200049
-12.61935952694262
-12.619411691270553
-12.619508900550322
-12.619562339696214
-12.619660355104871
-12.619749361557778
-12.619835696498006
-12.619911746163613
-12.619976813882046
-12.620046758732244
-12.620100715521673
-12.62014575256844
-12.620219138015585
-12.62027871186213
-12.62032087177834
-12.620411302222344
-12.62045778094706
-12.620521403537921
-12.62059447733574
-12.620638386793228
-12.620743247648706
-12.620755041032522
-12.620859258440351
-12.620893149266438
-12.620951139759086
-12.621032450309094
-12.621070937892894
-12.621172642970098
-12.62121026363763
-12.621262683904884
-12.621353002491437
-12.621426407115036
-12.621542198216442
-12.621615679715706
-12.621690718067935
-12.62181956083247
-12.621904587344162
-12.622006686833597
-12.62208007011143
-12.622158600452789
-12.622228786532538
-12.622299302183952
-12.622360588486828
-12.622408642222421
-12.622501412761803
-12.62259713436056
-12.622645857374582
-12.622727859070883
-12.622789566273854
-12.622858253771462
-12.622914807999882
-12.622975314131258
-12.62303475772276
-12.623112158612686
-12.623183802540815
-12.623231915313681
-12.623303156552725
-12.623350466923771
-12.623420577969872
-12.623476348653849
-12.62352428879641
-12.623588246294254
-12.623643294701292
-12.623670068603007
-12.623718639623496
-12.623772217882152
-12.623841526128507
-12.623935116126194
-12.624007521450993
-12.624066558269256
-12.624173116959549
-12.62419618925303
-12.624266711531915
-12.624294438701916
-12.6243500542578
-12.624404754384328
-12.624486022918289
-12.6245752370099
-12.624622014465253
-12.624674318357863
-12.624724646394032
-12.624793148746782
-12.624866391867869
-12.624934869449556
-12.624973234899443
-12.625085880934435
-12.62513918453889
-12.625201603647769
-12.625317104034966
-12.625386006176496
-12.625453978751233
-12.62559012216598
-12.625675278354496
-12.62574231942136
-12.625920233334726
-12.625976415473678
-12.626068946502789
-12.626151555579222
-12.626247685208195
-12.626317012116218
-12.626367406095206
-12.626437437027679
-12.626511503135617
-12.626576686397541
-12.62663984197011
-12.62669873759286
-12.626778703452475
-12.6268356046629
-12.626889865134455
-12.626940626763254
-12.626992375922054
-12.627026697332484
-12.627110274239433
-12.62714434653853
-12.627188942963107
-12.62723152982701
-12.627281162529023
-12.627329351889188
-12.627370674580463
-12.627431829674125
-12.627499963549685
-12.627539439168844
-12.627598274887283
-12.627619382406674
-12.62767638720171
-12.627715978306746
-12.627751212201035
-12.627805501057779
-12.62784255367181
-12.627892895646731
-12.62793410622709
-12.62798560463916
-12.628030762192124
-12.62809382644607
-12.62812829071688
-12.628179932102581
-12.628231571754
-12.628288319624355
-12.628333062740726
-12.62838903824089
-12.628424515632869
-12.628468674144962
-12.628531380968667
-12.628561801252104
-12.628612760368549
-12.628655242345033
-12.628722631513876
-12.628769367590518
-12.628823846482277
-12.628869415963754
-12.628931908659638
-12.628985832040668
-12.629037986704091
-12.62911751813952
-12.629190771737271
-12.62926984822074
-12.629338989398642
-12.629404627479463
-12.629496977700844
-12.629569741994324
-12.629624310415146
-12.629691149309956
-12.629788153782325
-12.629886689775605
-12.629967628409995
-12.63003905436619
-12.63011454370394
-12.630199859011526
-12.630275129615828
-12.630341720646888
-12.630398730826531
-12.6304554431561
-12.630543342601268
-12.63061227967491
-12.630709854865193
-12.630800098423776
