500 iters for seed 186 on 3R0.3 which is in the 94.84024047851562 percentile
 Maxcut: 20.0, MedianCut: 12.0
-12.124552582647802
-12.17623253672726
-12.210293966132607
-12.23764923677329
-12.262310504404809
-12.280309268110502
-12.300861735492301
-12.316020548819507
-12.32958349081606
-12.33865651972662
-12.347428445088005
-12.354908642983418
-12.36144044161442
-12.368842383338599
-12.376597470889507
-12.383171964345209
-12.390247836115046
-12.396986134903113
-12.402438079076408
-12.4067259171826
-12.411134958892712
-12.414872343203198
-12.418222122724087
-12.42136105597114
-12.424585907240463
-12.42813304044985
-12.431351296486511
-12.434434559327933
-12.437605962591938
-12.44086727430327
-12.444172855184808
-12.446919140574886
-12.449733732112975
-12.452088345717842
-12.454643800104787
-12.457099922385192
-12.458848644833896
-12.46048206899596
-12.461902587467499
-12.463711233389414
-12.464888029607017
-12.466490813330244
-12.467626122330296
-12.468846072568551
-12.470982888903572
-12.472175014882382
-12.473592814183
-12.47486833585736
-12.47601344683137
-12.477562965608469
-12.478750550012874
-12.47993344380623
-12.48106499868107
-12.482274928701047
-12.483537490477557
-12.485029026301797
-12.486090259982289
-12.487691233671635
-12.488569330886575
-12.49053988090916
-12.491698904439863
-12.492995218829485
-12.494598400815871
-12.495159576802838
-12.496611309670673
-12.49723338640957
-12.498022831601558
-12.498861372950262
-12.499855541584392
-12.500369570955113
-12.500996398289267
-12.50161982307484
-12.502302115548119
-12.502899725520244
-12.503506599506323
-12.504088809637226
-12.504723698896566
-12.505283433472542
-12.50563122729591
-12.506042491550783
-12.506441445060847
-12.50677876773498
-12.50704664404299
-12.507376092081206
-12.507834914097282
-12.50803245208064
-12.508287697466509
-12.50855668597356
-12.508920164249727
-12.509187371171018
-12.509434652179362
-12.509869707359526
-12.51013087861634
-12.51051646320252
-12.51081462432619
-12.511156262854133
-12.511539093979582
-12.512169152947619
-12.512294097820789
-12.512825726682522
-12.513100129822387
-12.51351999517392
-12.51410420064514
-12.514447970410094
-12.515064745696124
-12.51546349886796
-12.515816195874985
-12.51610349067444
-12.51642075611455
-12.516815178549386
-12.517064353773092
-12.517464348762566
-12.517833770420854
-12.518055687039015
-12.518436762443525
-12.5187716827927
-12.519185160871157
-12.519523375609078
-12.519818461046198
-12.520038275788082
-12.520250036937483
-12.520488701495132
-12.520780651158809
-12.521091237922167
-12.521341502282535
-12.521602849221793
-12.521856971683244
-12.522132752254603
-12.52237273391026
-12.522556403473581
-12.522983384421018
-12.523183448034047
-12.523402060554524
-12.523615673623052
-12.523764466689936
-12.523948268006675
-12.52413364277059
-12.524322329042379
-12.524514399572489
-12.524748119798877
-12.524962997609006
-12.525159132879256
-12.525310241451564
-12.525656203962047
-12.525835878746559
-12.525994253192621
-12.526285597645774
-12.526453967395826
-12.526736464444514
-12.526889232815071
-12.527038942175572
-12.527162931128897
-12.527297904710819
-12.527442493084797
-12.527527381136593
-12.527669979523186
-12.527763407260021
-12.527881838903845
-12.528002748621832
-12.528096083303012
-12.528180647831189
-12.52824967447471
-12.528329484165468
-12.528404334308664
-12.52851076370213
-12.528598757219273
-12.528686580628747
-12.528800241455588
-12.528875207570245
-12.528943538703428
-12.529009010752464
-12.529078210082474
-12.529132386841258
-12.529238042522312
-12.529276718786717
-12.529343152297775
-12.529431419294434
-12.529520647900565
-12.529628634200385
-12.529697406133291
-12.52980243452687
-12.529895566350131
-12.529986399132131
-12.530072647630785
-12.530161303940469
-12.530242292734922
-12.530335292252811
-12.530422248214455
-12.530518987749325
-12.530626029793561
-12.530713749595416
-12.530863875381728
-12.530979360407082
-12.531089058638571
-12.531188007332563
-12.53131964223537
-12.53144117656841
-12.531544491901691
-12.531655138828548
-12.531721465583308
-12.531810565782186
-12.531937128326549
-12.532029316488694
-12.532120063140885
-12.532281476206208
-12.532344473626903
-12.53243595500573
-12.53260044702206
-12.532695773077371
-12.532808997174454
-12.53289625795582
-12.533002737110078
-12.533126861042234
-12.53324878686608
-12.533365326630577
-12.533444414373594
-12.533508527299025
-12.533670090408021
-12.533766753435573
-12.533877520120988
-12.534042710920533
-12.534170203857995
-12.534276697386835
-12.534413303362209
-12.534529217851459
-12.534642963866307
-12.534746358196974
-12.534873171795443
-12.535066108638226
-12.535122246394641
-12.535304353164092
-12.535367380794947
-12.535465439525847
-12.535621995599962
-12.535707389823138
-12.53580662904357
-12.535905927473621
-12.536005879629373
-12.536106523487975
-12.53622223567265
-12.53633277099968
-12.53641051868446
-12.53648075651299
-12.536631194023881
-12.536683070666617
-12.536763674321802
-12.53688931217678
-12.536931257386819
-12.537072820017654
-12.537118516193338
-12.537187750631537
-12.537269722355992
-12.537364160932567
-12.537428233220888
-12.537503116303746
-12.53757257393082
-12.537665076248455
-12.537710068223094
-12.53779601880593
-12.537837053467245
-12.537891407693015
-12.537961164318773
-12.538010944119186
-12.538086314980447
-12.538144760016085
-12.538199269179422
-12.538251020710785
-12.538298216625465
-12.538348464307617
-12.538413491927116
-12.538483276276358
-12.538559930423883
-12.538643210336168
-12.538707807698064
-12.538775428862186
-12.538872137143324
-12.538937135410814
-12.539106659963757
-12.5391310679531
-12.539296748984157
-12.539353054138273
-12.539455964416513
-12.539567745775217
-12.539683828016596
-12.539838167403865
-12.539951222355148
-12.540079525688057
-12.54025099719027
-12.54033044602551
-12.540460319787389
-12.540537966478158
-12.540633527266666
-12.540798107574883
-12.540911298606048
-12.541117040154207
-12.541292476102347
-12.541471895540228
-12.541648102913369
-12.541864639776971
-12.542017667821918
-12.542190591513446
-12.542343036632294
-12.542508042929065
-12.54268999885237
-12.542884471232142
-12.543081026163609
-12.543236445915394
-12.543400494900615
-12.543603565767068
-12.54371917464583
-12.543834971687803
-12.543994674231604
-12.544156629058826
-12.544451293935936
-12.544573886877874
-12.544797474946948
-12.544975427345314
-12.545145492972633
-12.545295275156404
-12.54553558958858
-12.545733364531685
-12.545935709758533
-12.546193656942414
-12.54634836099118
-12.546569525775215
-12.546762726969359
-12.546920819438817
-12.547066827320924
-12.547297981648589
-12.547392977293976
-12.547552231094633
-12.547720953855977
-12.547856464793078
-12.548095407702565
-12.548220674793576
-12.548428842136618
-12.548578782158565
-12.548738371726811
-12.548886099612774
-12.54903584837432
-12.549204367547823
-12.549376687687435
-12.54953235072505
-12.549694213503189
-12.549839552120265
-12.55000080451491
-12.550201772273066
-12.55034273636901
-12.550553346200473
-12.550742118921052
-12.550932015300049
-12.55110652750692
-12.551253673747993
-12.551418234058875
-12.551600617568774
-12.551754565012123
-12.5518870127148
-12.552062065373319
-12.552177982713872
-12.55230693274327
-12.552465499439185
-12.552559688439715
-12.552768454981342
-12.552930484022964
-12.553050945324998
-12.553175598080287
-12.553300158270199
-12.553513499762623
-12.55366108547981
-12.55376344045307
-12.553894446764847
-12.554008626871521
-12.554176255819991
-12.554290059215772
-12.55439968270726
-12.554512899323669
-12.55464261746141
-12.554778374356196
-12.554907340909782
-12.555056380837776
-12.555187239979965
-12.555326654601823
-12.555426587694871
-12.55552725258373
-12.555618666510895
-12.555721946809573
-12.555818429249072
-12.555926929743945
-12.556036314792172
-12.556140286646627
-12.55623091878165
-12.556312630320406
-12.556400368221848
-12.556464486958635
-12.556549045633655
-12.556628488790071
-12.556708614258337
-12.556798743098181
-12.55686330367898
-12.556993764709777
-12.5570560122137
-12.557147690553771
-12.557237025999799
-12.557326695941288
-12.557439900273152
-12.55757394115086
-12.557643072435255
-12.557757292409923
-12.557818249885596
-12.557909191331449
-12.558048219147588
-12.558110662629822
-12.558217408145719
-12.558291986693547
-12.55838095377101
-12.558467499862632
-12.558560274181225
-12.55868135843911
-12.558792910099701
-12.558913053534383
-12.559042833191588
-12.559138745146889
-12.559259545331013
-12.559389041655598
-12.55949691572935
-12.559631916720173
-12.55973235490025
-12.55983959179603
-12.559949983726815
-12.560051249868746
-12.560163747298605
-12.560250009506468
-12.560313473379635
-12.560394997108812
-12.560460423115355
-12.56055387845143
-12.560607331893568
-12.560665435604884
-12.560756861185023
-12.56083217357888
-12.560882042815336
-12.56094411272558
-12.561001194936964
-12.561095745722959
-12.561162247437025
-12.561225685767795
-12.561292366925379
-12.561354321265087
-12.561436543453642
-12.561507196574741
-12.561584200678464
-12.561652227006311
-12.561717422412643
-12.561784610140847
-12.561844740458945
-12.561903607386263
-12.561985372061331
-12.562043207391781
-12.562102834816281
-12.562161884528653
-12.562203130719968
-12.562243116306103
-12.562331934453297
-12.562377851937349
-12.562432113153427
-12.56249302714295
-12.562527268857382
-12.562567993114383
-12.562628182799493
-12.562663370114265
-12.562698897558192
-12.56274243054597
-12.562774580136919
-12.562816786632705
-12.562855087698763
-12.562881899208966
-12.562909409441904
-12.562938954321993
-12.56296702415712
-12.563000994099227
-12.56302389864527
-12.563049849311925
-12.563109006964467
-12.563133289968338
-12.563164430124653
-12.56319427648016
-12.563224829497077
-12.563276400162433
-12.563305601310802
-12.563338665286757
-12.563365875098238
-12.563394891416127
-12.563428631131947
-12.563466682116875
-12.56349329250746
-12.563522433858346
-12.563569143983262
-12.563608982544842
-12.563655159200696
-12.563714184833575
