500 iters for seed 47 on 3R0.3 which is in the 50.171661376953125 percentile
 Maxcut: 22.0, MedianCut: 12.0
-11.996045140404238
-11.997101644485047
-12.035189913000927
-12.14784993707277
-12.218262812735192
-12.291316922712188
-12.333995952697606
-12.360792358891363
-12.381609271962104
-12.407706405608675
-12.431738438096275
-12.450660562496319
-12.468770468870598
-12.48343186747377
-12.49534743380152
-12.505076288065165
-12.516628776012807
-12.525386349835191
-12.534103085249859
-12.543035034867582
-12.551133020733406
-12.561597845868771
-12.570158754753457
-12.577980994054885
-12.584371019825436
-12.590265974399784
-12.595346795489597
-12.601516518172504
-12.606071523741779
-12.610360183661426
-12.61648242165084
-12.61939666980819
-12.624756711257167
-12.62742926473695
-12.631873274033945
-12.635676203400848
-12.639892495801991
-12.644137394656141
-12.648446492998376
-12.651059890694556
-12.65481806477582
-12.658844446352234
-12.66136838980735
-12.664337536359618
-12.666423260663336
-12.66924945284273
-12.670733809774937
-12.673979935448944
-12.6777210286272
-12.679871558459062
-12.683018830925217
-12.68491586955459
-12.687502619654625
-12.690068031267268
-12.692715027532003
-12.694519326243261
-12.69633801918435
-12.69743873821101
-12.700200154648119
-12.70131395566437
-12.70277485167074
-12.704498674538643
-12.70602934767656
-12.707173036774371
-12.708394030952626
-12.709625256583028
-12.711068378151634
-12.712598105653228
-12.71373825424337
-12.714548440000804
-12.715646444878612
-12.715924872122477
-12.716741719364878
-12.717205065119106
-12.717702318666772
-12.718543191460487
-12.719177406747951
-12.720235946251304
-12.720651514106152
-12.721161036559861
-12.721595349794171
-12.722149786884799
-12.72310571128223
-12.723567743580116
-12.724378367133689
-12.72508587854212
-12.726007969307737
-12.726539004995026
-12.727216808295005
-12.727905240086267
-12.72894985221901
-12.729690391146567
-12.730410043593922
-12.731615389372008
-12.732309049565902
-12.733462415512115
-12.734159902372095
-12.734944333993777
-12.735397839918317
-12.736905428831278
-12.737465386865715
-12.738091103713508
-12.739158605138538
-12.739979327709698
-12.741004423394433
-12.741589228725125
-12.74267177151572
-12.74320021794928
-12.744412972289986
-12.745125936507035
-12.745843323835999
-12.746419722683113
-12.74741049365424
-12.748115180434583
-12.748767055126097
-12.74992059736082
-12.750621132389272
-12.751420334904878
-12.7519608607731
-12.752787257228082
-12.753818595427507
-12.75470063408201
-12.755226546204366
-12.755831839840717
-12.756391757685694
-12.75718490969586
-12.758371602120176
-12.759114981908448
-12.759850555894156
-12.761143904030755
-12.761969557599723
-12.76296390173136
-12.763762603947432
-12.764460193992358
-12.765277551375801
-12.76610639188791
-12.766769497946905
-12.767352449876169
-12.767837677356036
-12.768467733706467
-12.769092924871678
-12.769630031559291
-12.770108443541464
-12.770659348781406
-12.771048482579157
-12.771516008850401
-12.772180069220582
-12.772836587672032
-12.773203426945276
-12.77370107271299
-12.774119015059828
-12.774604047538746
-12.775077210625836
-12.775332793460608
-12.775563269149773
-12.776171734120737
-12.77635000450742
-12.776657430921757
-12.77696106749326
-12.777261138531976
-12.777702142647291
-12.77808563538479
-12.778565223626078
-12.778831505893786
-12.779072959901203
-12.779344472238892
-12.779514607096841
-12.779952611660542
-12.780123189040959
-12.780339238894491
-12.780694604178773
-12.781015363099145
-12.78142763123548
-12.781689918767288
-12.78205071222858
-12.782517761509585
-12.78297238969035
-12.783294912876933
-12.783823551966309
-12.784004930764816
-12.784454128611387
-12.784802686048476
-12.785077065542772
-12.785455613848985
-12.785902531392287
-12.786213619921178
-12.786572605307871
-12.786770801194491
-12.787095733759699
-12.787339917857707
-12.787511462057518
-12.787948476967642
-12.78816852870682
-12.788593131344449
-12.788941768188591
-12.789104994555647
-12.789421357176757
-12.789577191344174
-12.789821665185453
-12.790164476292375
-12.79042293347204
-12.79079295207093
-12.790961292918993
-12.791212834198102
-12.79142721896912
-12.791702628267778
-12.791862262396519
-12.792086142517856
-12.792216770258497
-12.79250320526387
-12.792632993085425
-12.792774667055031
-12.792987895992868
-12.793373120020966
-12.79354292726079
-12.793827322666788
-12.793954324629173
-12.794135125812833
-12.794355542003835
-12.794533663687826
-12.794731092942996
-12.794855597068995
-12.795013443340025
-12.795256554507139
-12.795375808220685
-12.79553092089619
-12.79569304369217
-12.795816621224544
-12.795937822576436
-12.79612369433827
-12.796259470600118
-12.796441470002803
-12.79665532550133
-12.796755950978913
-12.796896131479054
-12.797017805569705
-12.797172410949301
-12.797315623430476
-12.797401359594051
-12.7975445472567
-12.797632567797438
-12.797762522751302
-12.797894110179445
-12.797997587632363
-12.798169709353736
-12.798272224036456
-12.798413583995513
-12.798536979628192
-12.798630751177559
-12.798738286209595
-12.798859120711747
-12.798977644813831
-12.799098262985902
-12.799211401069147
-12.799401758382851
-12.799505635007707
-12.799609714093252
-12.799780094072613
-12.799937936620847
-12.80008369854396
-12.800218871609383
-12.80037711102629
-12.800537205195988
-12.800692969309242
-12.800793475673963
-12.800905606557821
-12.800956545922558
-12.801179428992569
-12.801279116384645
-12.801404120385751
-12.801603707999313
-12.801728421269251
-12.801937053295077
-12.802078138400905
-12.802282259880647
-12.802427295015574
-12.802596484829342
-12.802767768644436
-12.80289834792621
-12.803012489602827
-12.803305666026667
-12.80340967787864
-12.803552975235142
-12.8036842234053
-12.803856256339396
-12.804029200483232
-12.804190614263309
-12.804311769609427
-12.804485856965039
-12.804623040809384
-12.804748423658369
-12.805029695061487
-12.80518740432974
-12.805391716200493
-12.805565119714107
-12.805735477028366
-12.805925942543126
-12.80609454067627
-12.806230553085673
-12.806349561349482
-12.806470478986096
-12.80663902411499
-12.80676973512862
-12.80686322410963
-12.807047722830724
-12.807158370790335
-12.807249553683082
-12.807398418570633
-12.807475857137124
-12.807628662549124
-12.807660169291102
-12.807806731573896
-12.807861184815991
-12.80793965141709
-12.808069630228704
-12.808177538721418
-12.80836930050107
-12.808457634862163
-12.80854722450269
-12.808632233282289
-12.80875255709405
-12.808871594484232
-12.808962258059369
-12.809116944884277
-12.809261082853382
-12.809356858405222
-12.80944954493754
-12.809512832639632
-12.80962768145114
-12.809734860415674
-12.809831452892258
-12.809910434012881
-12.810028241779783
-12.810124570344739
-12.810259615637316
-12.810383558981528
-12.810500921058901
-12.81059758085997
-12.810702263197424
-12.810831414732277
-12.8109637495754
-12.811081090271866
-12.811183673303379
-12.811258371184431
-12.811356683891509
-12.811475981613206
-12.811522210974074
-12.811581431692321
-12.811665065192445
-12.811745022102237
-12.811790460462863
-12.811869090781585
-12.811910114776207
-12.81196747832691
-12.812034805306599
-12.812085456414236
-12.812200551951383
-12.812271398842203
-12.812343783440593
-12.812419441788215
-12.812486959723701
-12.812560749037834
-12.81262213968936
-12.812673952660914
-12.812725158289787
-12.812799726103078
-12.81286781199389
-12.812932523554043
-12.812995808300975
-12.813050594234419
-12.813117482059106
-12.813168997574637
-12.813226668566532
-12.813299884676956
-12.813368676837325
-12.813423672622392
-12.813476187623909
-12.813529840729151
-12.81357855697988
-12.813657113800573
-12.813694251654368
-12.813774771352554
-12.813828539756711
-12.813875917254114
-12.813952516436329
-12.813979458815844
-12.814066586827918
-12.814094833684116
-12.814143753506338
-12.814211630051773
-12.81427073289862
-12.81433899913757
-12.814391472882267
-12.814453275277701
-12.814515335758088
-12.814566087674233
-12.814607017432621
-12.814679117698073
-12.814700642241753
-12.814750169379742
-12.81478990343329
-12.814833887413842
-12.814884402005227
-12.81494028698312
-12.814986574395968
-12.815055171069865
-12.815100493517038
-12.81515756927648
-12.815233435588793
-12.81527835900809
-12.815363615167238
-12.815411721398732
-12.815482269300208
-12.815534223278194
-12.815579702899647
-12.815650235338861
-12.815717733568128
-12.815766409046251
-12.815838112323796
-12.815897889409099
-12.815988325933287
-12.816063320803794
-12.816116785412172
-12.816202354121739
-12.816245992871545
-12.816321248350553
-12.816377939302654
-12.816420861073128
-12.816521499389115
-12.816570132882555
-12.81664430243328
-12.816699596462582
-12.816749002694813
-12.816805581841134
-12.816871491033265
-12.816930135000199
-12.817015761448422
-12.817099419366176
-12.81719472919361
-12.817253787096504
-12.817358892591303
-12.817434495866431
-12.81753077236438
-12.81762332291669
-12.817697104483818
-12.817776074460248
-12.817863224875733
-12.817930357877506
-12.817991875555206
-12.818114289073765
-12.818193718504965
-12.818295709313716
-12.81839721524484
-12.818514666219741
-12.818570573424816
-12.81865505324968
-12.818710521462867
-12.818781626126887
-12.818870238050552
-12.818929213734952
-12.818991635933257
-12.81909828897988
-12.819152646569268
-12.819212072043735
-12.819308183812772
-12.819373747450648
-12.819547294799436
-12.819628140337754
-12.819729407388538
-12.819814721575312
-12.819893162216072
-12.819983782745487
-12.82007730063322
-12.82014683612152
-12.82021712832615
-12.820276182096379
-12.82036634612595
-12.820391546063195
-12.820469839155507
-12.820523153190141
-12.820569186870618
-12.820628966894118
-12.820648716385351
-12.820800303622915
-12.820845117046067
-12.820906734176852
-12.820976881744437
-12.821008364377397
-12.82112183802814
-12.821159319173884
-12.821207320105227
-12.821278918415894
-12.821311166730894
-12.82137948895352
-12.821431294733017
-12.821503600283133
-12.821570544643569
-12.82165018172912
-12.821717089047743
-12.821777834627756
