500 iters for seed 5 on 3R0.3 which is in the 79.02297973632812 percentile
 Maxcut: 21.0, MedianCut: 12.0
-12.140831548836266
-12.188499814778375
-12.2271412008577
-12.256977423636144
-12.282441074517134
-12.301137705051719
-12.315285859354365
-12.32733464540996
-12.34278005620749
-12.354035163283353
-12.36615514531824
-12.377219439432967
-12.387281808363806
-12.397738730872323
-12.403763185988545
-12.411091714673246
-12.415986475345452
-12.421113166850475
-12.426209081757072
-12.431238182533335
-12.435105638910375
-12.439694260735653
-12.442620207788273
-12.445854705327179
-12.448733338104468
-12.451315323069464
-12.454094933629298
-12.456566576278101
-12.458147738906526
-12.460107898205045
-12.462004162824803
-12.463887663328025
-12.46541176232704
-12.467361590977596
-12.468942495207363
-12.470812973677173
-12.472499235697795
-12.473949204244306
-12.475828692489992
-12.4781617373133
-12.479285091237365
-12.480826597099917
-12.481890989293776
-12.483489613907263
-12.484551051832876
-12.485690590291295
-12.486994844657428
-12.488690343406473
-12.489585849955503
-12.491010488116167
-12.492051401976536
-12.493318895625489
-12.494290299861877
-12.495119099028088
-12.496304649115578
-12.49739484331182
-12.498110469853223
-12.499087936730055
-12.499630230395503
-12.500372765082803
-12.501217276825829
-12.50172971736054
-12.502101502293135
-12.503065987638369
-12.503390749596608
-12.503946123400747
-12.504813418546895
-12.505402727781116
-12.50626202802321
-12.506853964008284
-12.507517458702996
-12.50804656904456
-12.508447039360984
-12.509043430934387
-12.509476723651431
-12.509980999709123
-12.510517057475594
-12.510970643031797
-12.5113198553945
-12.511996167354896
-12.512328525475251
-12.51277016402451
-12.513183838531226
-12.513522617552148
-12.514178716786393
-12.514533373510503
-12.514896605581168
-12.51523379786793
-12.515563654037566
-12.51596982688189
-12.51631570557518
-12.516611315760457
-12.51690261106829
-12.517216850726477
-12.517587859002814
-12.517893181720178
-12.518193027276194
-12.518417476097033
-12.518928790075357
-12.519182272549099
-12.519477213324835
-12.5199601086109
-12.520202881911793
-12.520591914118532
-12.520875396381275
-12.52121537469073
-12.521521260987864
-12.521799170285828
-12.522166799708952
-12.522414814904723
-12.5227069148949
-12.523052311233347
-12.523286871179003
-12.523535366389227
-12.523889472387017
-12.524168787953684
-12.524333642343661
-12.524664356307072
-12.524888977959968
-12.525157526727915
-12.525465789779867
-12.525689465514429
-12.525929856500841
-12.526269436269029
-12.52649825073434
-12.526750739541878
-12.527155717158013
-12.527376841103203
-12.52762109091045
-12.528033815383893
-12.528263682604944
-12.528622971842177
-12.52902330277531
-12.529400012578524
-12.529688909514242
-12.53013132615657
-12.530372888012991
-12.530734679779897
-12.531060640287349
-12.531360537430889
-12.531905807248583
-12.532238767381566
-12.532570283997902
-12.532889514193355
-12.533174168206248
-12.53356849132152
-12.533954053980679
-12.534222532595326
-12.534561648790204
-12.534904696818646
-12.535281924945908
-12.535621991301667
-12.535923318570848
-12.536193781768615
-12.53648498231524
-12.53682464858694
-12.537043576363214
-12.537255407184135
-12.537568316830999
-12.537755867742584
-12.538229086941588
-12.53838106683897
-12.53858657700899
-12.538773501524243
-12.53899750282573
-12.539207446814922
-12.539391546828892
-12.539617355687492
-12.539793497582131
-12.539992250036978
-12.540253155877679
-12.540418106503768
-12.540563653288697
-12.540788147732929
-12.54092707724822
-12.541113867265238
-12.541343927224151
-12.541472919744189
-12.541690127340237
-12.541820410344126
-12.542041606838833
-12.542240501946367
-12.542391845706897
-12.542664437003586
-12.542821420953198
-12.542991181452415
-12.543149608746916
-12.54330574885845
-12.543519503217222
-12.54372067148243
-12.543883763910669
-12.543997369378216
-12.544117572912292
-12.544251710764861
-12.544393436002359
-12.544501523936678
-12.544675906306
-12.544801322976738
-12.544946830232053
-12.54513271183508
-12.545242544433279
-12.545423113864885
-12.545558819936248
-12.545687768110154
-12.54588895087276
-12.545996953638397
-12.54613843079155
-12.54624981821448
-12.546368046241565
-12.546611439663765
-12.546784550494756
-12.546987838766036
-12.547146483730506
-12.547286177187905
-12.547410286512392
-12.547638147159386
-12.547725729289642
-12.547880595492638
-12.54809180386395
-12.548304528374558
-12.548455443847
-12.54869017619039
-12.548826266619324
-12.549007703160633
-12.549258921897984
-12.549390494782802
-12.54959200530797
-12.549743087531049
-12.54987254058597
-12.550039281952644
-12.550193853940899
-12.550460043471956
-12.550590018253176
-12.550746590878466
-12.550887423046856
-12.550991767951457
-12.551106565958738
-12.55128501274201
-12.55139744962525
-12.551514556153759
-12.551660723269363
-12.551770297420655
-12.551873842609801
-12.552095135552225
-12.552185960402737
-12.552329188828098
-12.552464133975187
-12.552651823298559
-12.55277903002643
-12.552904966131514
-12.553075559528633
-12.553207974455855
-12.553331624708836
-12.553435245113054
-12.553540688156998
-12.553681386052993
-12.553854945194603
-12.55392651749347
-12.554033694752581
-12.554099297996398
-12.554199109457159
-12.554309263782809
-12.554374490598923
-12.554535944154182
-12.554606934591817
-12.554720227696606
-12.554823011787631
-12.554927860897287
-12.555031883028184
-12.555127611930333
-12.555216314387454
-12.555296463007313
-12.555366574838228
-12.555468468188828
-12.555550176424527
-12.555618737284805
-12.555733259913065
-12.555784435591878
-12.555847701105407
-12.555984489489937
-12.556047062870721
-12.556118916223996
-12.55625846125259
-12.55630971129209
-12.556362365697654
-12.556496620287902
-12.55655625698196
-12.556627089222738
-12.556731540871208
-12.556799001734742
-12.55690672175037
-12.556990500159527
-12.557084282035325
-12.557188171868606
-12.557267528970804
-12.557450752989816
-12.557590116150596
-12.557702964087989
-12.557813623066092
-12.55790366954279
-12.558065681164349
-12.558190328477348
-12.558302660464891
-12.558375873348867
-12.558476560941694
-12.558546560710635
-12.558663725911469
-12.55873399229127
-12.558810176664245
-12.558943078127697
-12.559034589920131
-12.55919278839156
-12.559291211250644
-12.559381363902398
-12.559456788369552
-12.559551063849034
-12.559611932378308
-12.559676945967068
-12.559738221470957
-12.559800225109882
-12.559849715348264
-12.559909225489589
-12.559954968166922
-12.559998740110188
-12.560040508881974
-12.560116056553099
-12.560158398217853
-12.560199553399482
-12.560264783492746
-12.560303582943899
-12.560355022583128
-12.560390859222679
-12.560441053591017
-12.56047835993008
-12.560526971784675
-12.560566813843147
-12.560600858454604
-12.560657903937171
-12.56070178827126
-12.560730450069144
-12.560759101782283
-12.560787437935318
-12.560822036574926
-12.560847151608826
-12.560862256873877
-12.560888896077923
-12.560900254366398
-12.56093190368362
-12.560947204591352
-12.560963933366
-12.560993100346227
-12.561013001316521
-12.561035541138724
-12.5610541752934
-12.561076870261921
-12.56110283836885
-12.561126849370957
-12.561152510592573
-12.56117401807909
-12.561194217415649
-12.561226917057523
-12.561247197772845
-12.561268262655762
-12.561301375672972
-12.561337189085297
-12.56135294184019
-12.561391498655547
-12.561399275512994
-12.561429505728114
-12.561447300953416
-12.561468999444479
-12.561498132111893
-12.561513963963082
-12.56154246180904
-12.561564018602603
-12.56158961558585
-12.561613908807082
-12.561629621430342
-12.561653749202083
-12.561669551466078
-12.561688376413294
-12.56171062794766
-12.561725532021573
-12.561746763328438
-12.561769388467635
-12.561790272138861
-12.561805186010542
-12.56182948005283
-12.561844241947092
-12.56186490151312
-12.56188516375279
-12.561900899772326
-12.56193814850102
-12.561955918258844
-12.56197628222121
-12.561993178121503
-12.562009688739003
-12.562029545141554
-12.56205259683757
-12.56206616205691
-12.56207851340463
-12.562104901975312
-12.562118864175172
-12.562134588937681
-12.562156540898714
-12.562171248496474
-12.562192417533316
-12.562210769331012
-12.5622304449306
-12.562249963611851
-12.56226934970584
-12.562285861509729
-12.562307090936244
-12.562325724771261
-12.562346379029485
-12.56236874122792
-12.562384426646545
-12.562397965827971
-12.562413910871264
-12.562431040238236
-12.562437602156383
-12.562455034292398
-12.562465561694971
-12.56248034887315
-12.562493735486955
-12.5625054460106
-12.562528849449482
-12.562543131299707
-12.56255718081953
-12.56257068111727
-12.562583876267823
-12.562599018492673
-12.562615387251245
-12.56263199385156
-12.56264598504296
-12.562666527479129
-12.562682708755093
-12.562697333068762
-12.562718614548624
-12.562735068511365
-12.562754070601528
-12.562767830137874
-12.562783003049466
-12.56280286939025
-12.562819395499064
-12.562831677853778
-12.562844456660802
-12.562858674671526
-12.562878802945011
-12.562893853308317
-12.562905712727595
-12.562918449558188
-12.562931903273874
-12.562946268159944
-12.562961850073654
-12.562974811179874
-12.562987072539864
-12.563002154795935
-12.563014705952083
-12.563029635627586
-12.56304709541725
-12.563060256033623
-12.563075037840074
-12.563098129936837
-12.563111236645902
-12.56312219382069
-12.563136954178521
-12.563146507986902
-12.563165955545717
-12.563187225103293
-12.563201212782012
-12.563220124705314
-12.563232391378811
-12.563246223659254
-12.563277071426256
-12.563287418121043
-12.563300652251414
-12.56332401500087
-12.563337604625655
-12.5633568787114
-12.563371543350353
-12.563387243286547
-12.563403981839645
-12.563419511075898
-12.563436313851714
-12.563447369141784
-12.563460458583297
-12.563471642280224
-12.563486887681005
-12.563502124751226
-12.563512537691366
-12.563537587753164
-12.563553671437678
-12.563567625565039
-12.563580709049102
-12.563594208114804
-12.563606399581612
-12.563628912240405
-12.563638595181782
-12.563653285687797
