500 iters for seed 65 on 3R0.3 which is in the 50.157928466796875 percentile
 Maxcut: 22.0, MedianCut: 12.0
-12.015116622227383
-12.135663845771022
-12.189995165646696
-12.25511538594141
-12.300512505368928
-12.342313531664336
-12.371699678939262
-12.40761953213839
-12.431158920737333
-12.448389896051067
-12.471727910924885
-12.491657521422374
-12.5074667455054
-12.523573162649459
-12.537533792399707
-12.552152712445874
-12.564232620533438
-12.572711734090449
-12.583434537557759
-12.592349249331624
-12.601250335293583
-12.607692651139994
-12.615270910703877
-12.623291266318642
-12.631609361936714
-12.63849403342277
-12.643962893422355
-12.649681218815427
-12.655253917132999
-12.65997028827268
-12.664716740878962
-12.668577722918268
-12.672933949343056
-12.676862476873536
-12.679670833178445
-12.681879661398279
-12.685052187082185
-12.687014248170431
-12.689040484572743
-12.691979423982664
-12.693672527598856
-12.695798560441453
-12.69820833937441
-12.699583538163534
-12.700922300364148
-12.702390598104959
-12.703642834548557
-12.70487639458812
-12.706339486373036
-12.707352221251703
-12.70854640757834
-12.709834412743483
-12.711347888007287
-12.71215022253183
-12.713237323581055
-12.713816968102215
-12.71492755735986
-12.715816067268193
-12.716525856464015
-12.717958894515915
-12.718592429446797
-12.719574041365014
-12.720551740805574
-12.721696179473417
-12.722915681710859
-12.724178950261637
-12.72541881349344
-12.72651529941066
-12.727556932241972
-12.728837331767124
-12.729817533290934
-12.730686231444537
-12.731925902587307
-12.73286585860093
-12.73417420676757
-12.735299698290154
-12.73595772459385
-12.736830166470776
-12.737567985813591
-12.738308916115779
-12.739094638628693
-12.739746167447832
-12.74050571484571
-12.74118217092893
-12.741988087861216
-12.742699728581703
-12.743516808059216
-12.744411673946727
-12.74496870721816
-12.745447547607412
-12.746274388924629
-12.746798553605226
-12.747394898679712
-12.74819418214169
-12.748633686141797
-12.749196893007628
-12.75000511649341
-12.750520368518853
-12.75100360749255
-12.752030028393882
-12.752568226835145
-12.753161371148481
-12.754212044222836
-12.75469062781097
-12.755277003509063
-12.756435045167114
-12.75713737960222
-12.757779546915462
-12.758444673800513
-12.759179969834015
-12.76014660439067
-12.760949035011704
-12.761541972528164
-12.762093748968077
-12.762758780861812
-12.763594252630405
-12.76434595590165
-12.764958460132386
-12.76558576734306
-12.766127046311308
-12.766604212715889
-12.767050564889932
-12.767601003884383
-12.768198397444731
-12.768648972242723
-12.769096215871041
-12.76954526628044
-12.769969098360635
-12.770452873066326
-12.770860893811944
-12.771250364525452
-12.771735971481887
-12.7720704088641
-12.772569495138422
-12.772964450412216
-12.773283559820957
-12.77369824387874
-12.774023809112881
-12.774305464402815
-12.774618535247843
-12.774863839836602
-12.775193585087312
-12.775599854109728
-12.775854123001574
-12.776127232930403
-12.776518152174138
-12.776829277686762
-12.777087885257881
-12.777582123167624
-12.777747092246322
-12.778010899260835
-12.778254350560214
-12.778542332066676
-12.778897239051549
-12.779101871900092
-12.779300786166523
-12.779645800912514
-12.779864563261752
-12.78012039881961
-12.780543890597347
-12.780799939648976
-12.781089330349579
-12.78135786105036
-12.78162872695022
-12.781879624014874
-12.78208549749524
-12.782404360910569
-12.782663225628603
-12.782870924187257
-12.783301099620306
-12.783451171521985
-12.783670411564469
-12.783906767294798
-12.78407899972027
-12.784436238028926
-12.784529912474826
-12.784872441336768
-12.784983964045333
-12.78518578580009
-12.785324740680212
-12.785560654608682
-12.785718077002556
-12.78587768577481
-12.786139171470095
-12.786270868609867
-12.786485312070676
-12.78664619238124
-12.786839701485837
-12.787031791493412
-12.787217621991314
-12.78749106342585
-12.78767961634148
-12.787876345632947
-12.788135891702442
-12.788330372854833
-12.788606986427576
-12.788968411950314
-12.789105965272189
-12.789362029076425
-12.789516065365076
-12.789704248521417
-12.789907940510076
-12.790093518737526
-12.79023947106983
-12.790616523191972
-12.790791187713268
-12.790988190633431
-12.791290758421784
-12.7914728360008
-12.791662061363754
-12.791828277195853
-12.79203855314315
-12.792166125776639
-12.79235336237458
-12.792548658263122
-12.792698015864941
-12.792897943412163
-12.793121854842266
-12.793379274287053
-12.793569695741668
-12.793732549783083
-12.79399416320808
-12.794172973211612
-12.794309193487072
-12.79451757986244
-12.794619088787925
-12.794716457995419
-12.794873813554688
-12.794969064998792
-12.79514623333666
-12.795353384088159
-12.795446982967409
-12.79557077861533
-12.795660828442776
-12.795772000973873
-12.795900885067638
-12.795980722519873
-12.796136863101081
-12.796274264744712
-12.79636406001596
-12.796517556771043
-12.796633522317777
-12.796787560101345
-12.7969379594431
-12.79706100606924
-12.797255610855396
-12.797384411032898
-12.797556341814316
-12.797751288618388
-12.7978783165214
-12.798148595108056
-12.798392086010082
-12.798545769613312
-12.79877843592294
-12.798948738356003
-12.799137253549182
-12.799440089709138
-12.799550426314097
-12.799720003076526
-12.799879693986675
-12.800048598405294
-12.800251005152651
-12.800505317917056
-12.800671909918906
-12.80081240205747
-12.800910359984295
-12.801097596647907
-12.801243559361145
-12.801375894476548
-12.801631063511246
-12.8017969597953
-12.802090250776644
-12.802306778037485
-12.802543285713437
-12.80273816637694
-12.802920930242012
-12.803157507696248
-12.803345275568851
-12.803600146419146
-12.803742161601605
-12.803908942519598
-12.804028793860343
-12.804209078569563
-12.804481006088222
-12.80463554189048
-12.804875072660678
-12.80500705803262
-12.805166806617908
-12.80539533165824
-12.805625383964873
-12.805878756016291
-12.806057243032088
-12.806208516856975
-12.80648493678644
-12.80663068461935
-12.80673982735408
-12.806989656286174
-12.807107570537351
-12.807246846778318
-12.807428021673388
-12.807532926533524
-12.807709121489866
-12.807892269310244
-12.807998438796218
-12.808188180768711
-12.808382487045868
-12.80857062760611
-12.808717000752072
-12.80886427971581
-12.80903009801101
-12.809172018521222
-12.80939956173857
-12.809495819593572
-12.809679570687697
-12.809787465148773
-12.810001095209325
-12.81011167659097
-12.810217653053051
-12.810351464408354
-12.81051291372605
-12.810677790175516
-12.810828377325898
-12.810911412531345
-12.811063699726876
-12.811160661888827
-12.81127062306019
-12.811482538262604
-12.811602509580313
-12.811753457114136
-12.811884954124226
-12.812037715325912
-12.812200611286588
-12.81236045933286
-12.812505208017601
-12.812634608304203
-12.81284834926074
-12.813043409974664
-12.813185931459516
-12.81333909767109
-12.813487634129139
-12.8136601054731
-12.813906900045652
-12.814050814304906
-12.814196931218957
-12.814396971677379
-12.81455549965888
-12.814779305522507
-12.814987589135528
-12.81513495351672
-12.815286524997433
-12.81544920193407
-12.81564125064772
-12.81578703237796
-12.815927542345632
-12.816090937177572
-12.816317572724843
-12.816450869476386
-12.816617066278058
-12.816828198682414
-12.817017055970098
-12.817144018238984
-12.817275750585587
-12.81742483727787
-12.817617300779778
-12.817729586044866
-12.817811052697929
-12.817936368658343
-12.818015720970832
-12.818114020941474
-12.81822634825862
-12.81830588868853
-12.818426602014565
-12.818545423998188
-12.818652456732526
-12.818783288324841
-12.818885779959638
-12.81899142258006
-12.819103549439992
-12.819197267677556
-12.819234847997594
-12.81939780569737
-12.819445360549501
-12.81954186791836
-12.819620022444765
-12.819729574810326
-12.81980028786959
-12.819865896645558
-12.819952517421154
-12.820051515299545
-12.820151664906156
-12.820254481340616
-12.820343053957332
-12.820412634617659
-12.82050526418006
-12.82057728303387
-12.820623591632764
-12.82071815123778
-12.820768946560655
-12.82084125768327
-12.820888353598306
-12.820996021475397
-12.821035420517475
-12.821117000331524
-12.821184607681529
-12.821269762014552
-12.821326857235942
-12.821378576437251
-12.821418003033509
-12.82149999403048
-12.821555287863255
-12.821605488075033
-12.821686690340679
-12.821777218310912
-12.821847195652133
-12.821920410260859
-12.821969276222305
-12.822019774700768
-12.822096706967995
-12.822141924405082
-12.822188122384876
-12.822262079606114
-12.822308212415493
-12.82238078782475
-12.822461427607527
-12.822502427713284
-12.822570624703442
-12.822602646993928
-12.822666347181917
-12.822711805933766
-12.822753965088728
-12.822833706461303
-12.82287998074768
-12.822930368944796
-12.822976512005804
-12.823033757535706
-12.823061587821389
-12.823138963980577
-12.823171799672467
-12.823208060349018
-12.823255210589535
-12.823287771623512
-12.823332988755817
-12.823373790209136
-12.82340858040735
-12.823469293664505
-12.823525456035606
-12.823570512075566
-12.823613876205409
-12.823646926196664
-12.823705428884553
-12.82375261012531
-12.823794086851926
-12.82383864629202
-12.823882443433073
-12.823923538702061
-12.823960426689052
-12.824001252218862
-12.82405756557483
-12.824100747853855
-12.824147407773692
-12.824190649045585
-12.824243378102901
-12.824294982520577
-12.824335416740787
-12.824374670851656
-12.824420422743536
-12.824467092399853
-12.824513193570818
-12.824558125440593
-12.824591710649534
-12.824643068235275
-12.824688372760221
-12.824735689689131
-12.824800008508552
-12.824831781645077
-12.824879121892659
-12.824940175145004
-12.82498385560606
-12.825024483337362
-12.825094392065187
-12.825144745091682
-12.825224461757509
-12.825288977206693
-12.82535497143631
-12.825403243444573
-12.825462178016743
-12.825525906410574
-12.825578730392776
-12.82562720383737
-12.825675668445443
-12.825740050047619
-12.825801485935905
-12.825861270900353
-12.82591357786599
-12.825978639691636
-12.826029600137652
-12.826070612867184
-12.826153288108213
-12.826213093656282
-12.826286635808348
