500 iters for seed 114 on 3R0.3 which is in the 48.923492431640625 percentile
 Maxcut: 20.0, MedianCut: 12.0
-11.852616032132055
-11.937687425921911
-11.995209901314487
-12.035309333561006
-12.074315708537117
-12.114932479029866
-12.135497368774207
-12.161451026637852
-12.180713825302416
-12.20149377205739
-12.217089797560863
-12.23160291352827
-12.243910130538458
-12.256408012509697
-12.267537298395691
-12.277700820652193
-12.286086912790761
-12.294945770983613
-12.302713993331341
-12.31012979107526
-12.316761628481418
-12.323615083012879
-12.330399834448269
-12.336480070100036
-12.34086592728734
-12.345503781362552
-12.34924870222059
-12.352251548999376
-12.356027486677096
-12.359343375441213
-12.362699397875254
-12.36536981295109
-12.36755872620017
-12.369637156649624
-12.371659244462599
-12.373937766110009
-12.375892046719372
-12.377793531281156
-12.379365046343894
-12.3808453231775
-12.3826903124937
-12.384647408730991
-12.386779533060398
-12.388709371781875
-12.390832557524565
-12.392918608736737
-12.39475409262546
-12.39628851508899
-12.39858224377382
-12.399172498939611
-12.40102310459759
-12.401874431817216
-12.403149935168768
-12.404708964024703
-12.405934795639896
-12.407039852628309
-12.408018808481957
-12.409203710776072
-12.410352646307848
-12.412011741572762
-12.412808825742209
-12.413967238638918
-12.414956708747482
-12.416196469441019
-12.417081869203123
-12.417904976797713
-12.418725588495464
-12.419585514833589
-12.42032849003159
-12.421063903571524
-12.421903739692334
-12.422749999375968
-12.42366366040456
-12.42427220088641
-12.425196627727201
-12.42596539215227
-12.42671429579392
-12.427326046032938
-12.427901324457615
-12.42847559617127
-12.429060767085112
-12.429618160808118
-12.43018084047021
-12.43059782606273
-12.431057280212851
-12.431545763003866
-12.432050098335381
-12.432492282167198
-12.43286940035907
-12.433459666637045
-12.434039016849285
-12.43454980327288
-12.435024430295888
-12.435481722830794
-12.43596182299036
-12.436442146651903
-12.436858807239362
-12.437332173408901
-12.437731186075478
-12.438130213306234
-12.438658364985264
-12.439236345013635
-12.439708244921324
-12.44019109424641
-12.440638878827812
-12.441202589383142
-12.441588955090513
-12.442008949566253
-12.442224363601746
-12.442781253596216
-12.443106062071507
-12.443463465836825
-12.444089910369552
-12.444419367977822
-12.444995988277647
-12.445418101265362
-12.445961856342942
-12.446338090863382
-12.446776639256445
-12.447302452601637
-12.447692526109199
-12.447796410944296
-12.448618851773832
-12.448845288739372
-12.449192207785144
-12.449630670145892
-12.44990296279353
-12.450342113587721
-12.450580463300804
-12.450889520379642
-12.451349502200324
-12.451774901583715
-12.452075860215519
-12.452401684556008
-12.452639310680624
-12.45295197861667
-12.453289331624264
-12.453509206738518
-12.45369417280387
-12.454196318847366
-12.454328157506675
-12.454591638832182
-12.45484461615716
-12.455089312225054
-12.45545145993614
-12.45558420260026
-12.4558699179032
-12.456074325880078
-12.456239361927832
-12.456400458530373
-12.456525895462978
-12.456717673562414
-12.45689190144342
-12.457086894407126
-12.457263562098197
-12.45747291370692
-12.457668572324632
-12.457882349714406
-12.458164261566898
-12.458347764009785
-12.458641445235603
-12.458964743272778
-12.459206239294485
-12.459504884857793
-12.459626808471459
-12.460040226768072
-12.460265950927278
-12.460447305763832
-12.460747436593712
-12.46113122279927
-12.461562918625187
-12.461767170002167
-12.462023695392865
-12.462179218129473
-12.462416000469027
-12.462682266281531
-12.462868993706028
-12.463291731496545
-12.463534323475885
-12.463803183731992
-12.464035892577648
-12.464215970952807
-12.464440036191606
-12.464733420323528
-12.46487980917898
-12.465038683862652
-12.465301700987773
-12.465485140321515
-12.465842276421817
-12.466042331680724
-12.466283693405995
-12.46643549612842
-12.46662603827668
-12.466828348113351
-12.467069585698821
-12.467219008096535
-12.467404809734882
-12.467472697741258
-12.467795591529807
-12.467952806826261
-12.468104698162389
-12.468339476969584
-12.468498730605399
-12.468797922584493
-12.468982213956467
-12.469242000788375
-12.469480002087558
-12.469744632559973
-12.469944176801395
-12.47016077004543
-12.470329069692141
-12.470572586728597
-12.47082922311997
-12.471089673001048
-12.471249534239803
-12.471484886179654
-12.471551645609738
-12.471800905482713
-12.471938335220967
-12.472096950710055
-12.472317323661901
-12.47242954559776
-12.472632692072718
-12.472754078264352
-12.472889844220065
-12.47300230956561
-12.47311363119295
-12.473303971638057
-12.473401583671603
-12.473510884582707
-12.47369707244652
-12.47382278739813
-12.47396609485137
-12.474177161483826
-12.474276095564575
-12.474382551970741
-12.474582874997871
-12.474660629977528
-12.474749140271776
-12.47485414600499
-12.474962310475835
-12.475181603322927
-12.47532168006805
-12.475603222790017
-12.475777584881104
-12.475946618784043
-12.476096033332606
-12.476262416503621
-12.476478642017966
-12.476600429122847
-12.476804396803612
-12.476925636888511
-12.477061860360386
-12.477170118933465
-12.477331405196832
-12.477505857014842
-12.477658221202226
-12.47782480602024
-12.478008228672762
-12.478229567996518
-12.4783705615922
-12.478535520023986
-12.478679900188233
-12.478792942968472
-12.478874101532906
-12.47896365030567
-12.47906404237612
-12.479082489569974
-12.479237786698823
-12.479291609242694
-12.4793816090276
-12.47948614249269
-12.47959761721906
-12.479676709952832
-12.479771415322611
-12.479833044981522
-12.479898290118955
-12.480002147129616
-12.480056716244
-12.48011716155411
-12.480249807617211
-12.480281400889018
-12.480359422469895
-12.480413412794746
-12.480466916578854
-12.480536212851675
-12.480594281508894
-12.480695166923672
-12.48074751238129
-12.480802960755467
-12.480845648915974
-12.48088469445877
-12.480946156387157
-12.480982336194497
-12.481028830110612
-12.481073089334451
-12.481141572214593
-12.4811718711019
-12.481223467558015
-12.481263717143344
-12.481318770492951
-12.481369306179506
-12.481408053631625
-12.481487378539608
-12.481562429970566
-12.481635669095695
-12.481709831292946
-12.481766850709807
-12.481869983750702
-12.481941493446259
-12.482015175265097
-12.48207576835043
-12.482137216450402
-12.482225363388078
-12.482307575942261
-12.482397201067117
-12.482463469093593
-12.482529305000352
-12.48261012524774
-12.482665220667267
-12.482739875050687
-12.4828083895208
-12.482865587017857
-12.482909072173575
-12.482971915052275
-12.483018878523174
-12.483072619227553
-12.483129593992135
-12.4831812117429
-12.483231635291354
-12.483291944211556
-12.483343354484207
-12.483394676228915
-12.48344222102124
-12.483477717930224
-12.483505254770481
-12.48357043967628
-12.48360465690252
-12.483643866382028
-12.4836884732571
-12.483718682876363
-12.483754625952868
-12.483809040338512
-12.48384520902717
-12.483900875003467
-12.483960230894564
-12.484018055354426
-12.484061973223556
-12.484124091984285
-12.484173667626248
-12.48422292338187
-12.484270327526577
-12.484310974452312
-12.484375300234234
-12.48443132945573
-12.484472406140897
-12.484519754488264
-12.484560389623171
-12.48460585056456
-12.484651247293959
-12.484683142004688
-12.484718470702468
-12.484775686150313
-12.48481840297649
-12.484855047064126
-12.484920299284289
-12.484954152394016
-12.484991909754124
-12.485068275144586
-12.485105392205677
-12.485169859701788
-12.485231183479732
-12.485312615314221
-12.485354898746579
-12.485397742517637
-12.485454165702986
-12.485507771311516
-12.48556362485089
-12.485612089900167
-12.485673898769038
-12.485683426533212
-12.485769107615521
-12.485791123574426
-12.485846984206223
-12.485902441372446
-12.485964701612055
-12.486017919592536
-12.486083874884002
-12.486128552223462
-12.486173008495724
-12.486251419570339
-12.486284560407364
-12.486317899685531
-12.486402471545098
-12.486444689391334
-12.486494370344694
-12.486587862547452
-12.486626954915781
-12.486665966810213
-12.486710475065333
-12.486741141691422
-12.486777464847485
-12.486830690886519
-12.486852014608708
-12.486886136966408
-12.48691387014346
-12.486954247072063
-12.486990383557586
-12.487019815752898
-12.487051665908645
-12.487085786895625
-12.487115823279186
-12.487143091365473
-12.487175836804827
-12.487210165965747
-12.48724339921244
-12.48727844851108
-12.48730552183386
-12.48734964833933
-12.48737195522853
-12.487399331678304
-12.487453728582135
-12.487482577105643
-12.487522685216668
-12.487551467828206
-12.48758189143794
-12.487614657256378
-12.48765077500466
-12.487677827983209
-12.48770692729204
-12.487732735814639
-12.487765118979315
-12.48777466101778
-12.487815127103989
-12.487835444506251
-12.487860238127505
-12.487895462918637
-12.487916753240828
-12.487993507739272
-12.488022511487369
-12.488051660067695
-12.48808556035326
-12.488136190156675
-12.488182031667295
-12.488224329961165
-12.488257697270612
-12.488301621007958
-12.48834108543636
-12.48837744026703
-12.488411627864842
-12.488443856761995
-12.488501968529345
-12.488523032085547
-12.48855681701291
-12.488598298889528
-12.488642571015617
-12.48867220537738
-12.488709499956503
-12.4887254012638
-12.488754667871977
-12.488782638950816
-12.488804066048177
-12.48885098115891
-12.488877374947648
-12.488926584569578
-12.488968922590512
-12.489013813526029
-12.489057959254765
-12.48909888169044
-12.489152517518466
-12.489193504936868
-12.489246007668255
-12.489290008325511
-12.48932922673309
-12.489391432831114
-12.489433605051401
-12.489476513568507
-12.489508873581755
-12.489541655289452
-12.489577274148125
-12.48963870447804
-12.489668506810723
-12.489704367434298
-12.489761979506367
-12.48979653589674
-12.489837907660934
-12.489867727564143
-12.489899345773782
-12.48993339204165
-12.489969052037905
-12.48999941870694
-12.490028920730978
-12.490069020530104
-12.49010745658794
-12.490146774847084
-12.490179068949102
-12.490221748074172
-12.490260615909852
-12.490292029525492
-12.490327254292948
