500 iters for seed 29 on 3R0.3 which is in the 94.84634399414062 percentile
 Maxcut: 21.0, MedianCut: 12.0
-12.02224883413856
-12.093007133811392
-12.154633559148971
-12.193682390309412
-12.222282738302942
-12.260498925805825
-12.290464672311243
-12.30879064156395
-12.325917973613615
-12.338090241626329
-12.350184170599507
-12.358469835216756
-12.369670931234193
-12.376061944003569
-12.383477878006136
-12.391876311082605
-12.399170702169279
-12.404774509567758
-12.409847448054277
-12.41453480618963
-12.419333755867708
-12.423616952146428
-12.428684055666025
-12.432606252411054
-12.43637078973844
-12.439091086082104
-12.44148518630191
-12.444060445972035
-12.447256625226267
-12.449400303786254
-12.451606208644918
-12.454291960953057
-12.45620438288685
-12.45888589027852
-12.461363097066988
-12.463063346856973
-12.465271576922923
-12.466662781102206
-12.468487059419088
-12.469813003414815
-12.471146222325533
-12.47381230042964
-12.475536514858026
-12.47793432051899
-12.480236058591341
-12.481925411744486
-12.483678680235583
-12.485372572398699
-12.486832149936193
-12.488371965967492
-12.489810669838283
-12.490874252010572
-12.491631377423216
-12.492424614972826
-12.493165459520974
-12.49400366216868
-12.49494552024935
-12.495761871829266
-12.496540451028867
-12.497257051776025
-12.49831680980088
-12.49850985147699
-12.499843836503727
-12.500322653660877
-12.501016019293385
-12.501973100069705
-12.502468916130617
-12.503247514091843
-12.503787553481374
-12.504433093984325
-12.50496483349295
-12.505699714064084
-12.506241731089169
-12.506760300813617
-12.507262540153572
-12.507972206482215
-12.508574778297858
-12.5090996413041
-12.50986230942526
-12.510531985620965
-12.51118786139362
-12.511897143762537
-12.512472964511973
-12.513504063755246
-12.514663336380078
-12.515378539668458
-12.516351228509972
-12.51705901599405
-12.517913875684364
-12.51873332666299
-12.519262583564586
-12.519834706538738
-12.520424847643397
-12.521089393542512
-12.521399654356847
-12.522318785745856
-12.522833151663106
-12.523567026275439
-12.523983257791164
-12.524582625624074
-12.525443423120688
-12.525754875777407
-12.526539431711305
-12.526838008065868
-12.527269697329768
-12.527345602476203
-12.52808836897318
-12.52836683417171
-12.528690624012642
-12.52912404545525
-12.529260932963092
-12.530248455345683
-12.53055381769822
-12.530902584585089
-12.531340585738064
-12.531405920250755
-12.532151491279905
-12.532346698052793
-12.532672112480352
-12.532737024142547
-12.533069131843343
-12.533238425321928
-12.533428254966937
-12.533760177171038
-12.533988981811689
-12.534324253948594
-12.534542015190839
-12.534812994801785
-12.534849034355014
-12.535142768029337
-12.53525312195155
-12.535409264738703
-12.535654080734945
-12.535767332655015
-12.53606053264187
-12.5362773253821
-12.536573953594505
-12.53668924090604
-12.536931110812876
-12.537131576695373
-12.537310317452784
-12.537535856919314
-12.5376929547996
-12.537868655227278
-12.538043621753022
-12.538156477742326
-12.538291005155564
-12.538415730177285
-12.5385401699665
-12.538673428240061
-12.538808120075558
-12.53893570131986
-12.539050056162848
-12.539168738228543
-12.539274176484792
-12.539396377777695
-12.539459157873619
-12.53954798023192
-12.539596093706415
-12.539675790270161
-12.5397620315502
-12.539853571317677
-12.539935217629775
-12.54003077451249
-12.540103193699508
-12.540173677672481
-12.540222807272514
-12.540334506596219
-12.540378177603273
-12.540437574635986
-12.540508054294254
-12.540579011052982
-12.54063174948987
-12.54066715441893
-12.540726559958383
-12.540775931058633
-12.540846331036633
-12.540889454407088
-12.540952599339342
-12.540997863850398
-12.541047002048606
-12.541101341280697
-12.541147441216609
-12.541206813246657
-12.541253284516639
-12.541290619416278
-12.541330659488594
-12.541374683947268
-12.54144508860148
-12.54149520341355
-12.5415568470464
-12.541617460311143
-12.541669463049399
-12.541796218535797
-12.5418557838939
-12.541941408731478
-12.54200141564335
-12.542057403730265
-12.542107040865341
-12.542167400963367
-12.542217527280132
-12.542286590323236
-12.542327652553666
-12.542455860568149
-12.542501997749195
-12.542569136367495
-12.542657722964073
-12.542726590067597
-12.542825791027328
-12.54288071322361
-12.542946244724796
-12.543026692555703
-12.54310257277387
-12.543195515111648
-12.543264638086017
-12.543342414338664
-12.543406539508748
-12.543505254969235
-12.543559472333207
-12.543665639139293
-12.54379273990971
-12.543824973464119
-12.543989010921537
-12.544039563423794
-12.544096174824364
-12.544216429004273
-12.544296233289032
-12.544379230738642
-12.544430890947988
-12.544512547038725
-12.544536206539547
-12.54466712165701
-12.54470665803192
-12.544774749191266
-12.544860093159578
-12.544952745931482
-12.545043788053079
-12.545128043096383
-12.545221583015904
-12.545339564598034
-12.545430562363013
-12.545506347844974
-12.545616000830293
-12.545688017083586
-12.545768069772738
-12.545871459538702
-12.545927557140038
-12.545987162121799
-12.546086578946936
-12.546128364368103
-12.546172561879592
-12.54626199823157
-12.546309852715272
-12.546414689818148
-12.546487633630546
-12.54656692199883
-12.546630055362051
-12.546699631680454
-12.546811850179488
-12.546915673190291
-12.54697436448157
-12.547061776689874
-12.54713348639385
-12.547221204011315
-12.547252593194376
-12.547358927803835
-12.547388993989692
-12.547497277385977
-12.547595204095952
-12.54762880381066
-12.5478497425885
-12.54792600942431
-12.54801269336058
-12.548126691346845
-12.54822251199441
-12.548370996994132
-12.548471013265594
-12.548605105343187
-12.54866856383088
-12.548787740357302
-12.54893953437972
-12.54904139414975
-12.549151969589982
-12.549316199773536
-12.54947699275116
-12.549607271303039
-12.549758871528242
-12.549882994653162
-12.550041764893537
-12.550184379773725
-12.550302761786636
-12.55046970138052
-12.55059088256389
-12.55072537958877
-12.55082533872637
-12.550931320814868
-12.551161704529653
-12.551288815738232
-12.551444569452308
-12.551613181969014
-12.55174441966325
-12.55186341273972
-12.552053172112258
-12.552148340451238
-12.552280014459624
-12.552369370185456
-12.552518122886967
-12.552705992461805
-12.552828449031637
-12.552961553102014
-12.553088295278975
-12.553209558717919
-12.553311716956594
-12.553421796572604
-12.55349323684954
-12.553615201502662
-12.55369454319276
-12.553772780075732
-12.553885174271892
-12.553969579229177
-12.554046968569269
-12.554097786565478
-12.554162632480153
-12.554305468694402
-12.55440048440899
-12.55449615471964
-12.554577226052267
-12.554662244222886
-12.554762532589613
-12.554887933635788
-12.554951346329847
-12.555017587573056
-12.555057591624507
-12.555128117923044
-12.555198015767468
-12.55527174881701
-12.555336047141417
-12.555415783305047
-12.555480928802293
-12.55555833747711
-12.555602673351284
-12.555708054059147
-12.555769540864656
-12.555836485123288
-12.555936834964111
-12.555962825737804
-12.556075692499677
-12.556108823965497
-12.556161482793875
-12.556268261577788
-12.556362746803783
-12.556442000376752
-12.55650750527083
-12.556586408007083
-12.556667269520482
-12.556768329937736
-12.55684931000803
-12.556950755061498
-12.557072157825719
-12.55721316056578
-12.557296628664444
-12.557373616855276
-12.557451652943021
-12.557554954252135
-12.557708978028614
-12.55779371473754
-12.557878421711965
-12.557973912551004
-12.558061085960306
-12.55819740926728
-12.55830985705038
-12.558372966642882
-12.558436029709561
-12.558486913764469
-12.558560219283017
-12.558658199159142
-12.55870343896672
-12.558834225284953
-12.558882403209202
-12.558974587225809
-12.55902609060116
-12.55909985308326
-12.559210445251738
-12.559261512267975
-12.559355465755692
-12.559430812597338
-12.559452338701217
-12.559541934369218
-12.559576109444446
-12.559629040486085
-12.559677857415947
-12.559734117125107
-12.559795242990488
-12.55984054830007
-12.559879910371569
-12.559923581490207
-12.55997058707024
-12.560021656157863
-12.560059873431284
-12.560105531749187
-12.560143328335908
-12.560184212358081
-12.560231193924732
-12.560261258958827
-12.560299950217715
-12.560357151796042
-12.560393368652603
-12.56044929560964
-12.56050323349574
-12.560543525197003
-12.560592175404457
-12.560625930431707
-12.560652704370217
-12.560692890903713
-12.56070703144501
-12.560728349444
-12.56075718549866
-12.560776426132765
-12.560796357497816
-12.560828904091377
-12.560851284265993
-12.560875387508696
-12.560915343579971
-12.560942716747663
-12.560968395677612
-12.560992012827294
-12.561024628402436
-12.561045956226954
-12.561091924799168
-12.561117318418031
-12.561140900490015
-12.561149479658411
-12.56117906528883
-12.561192610386925
-12.561210079711651
-12.561240247657647
-12.561254404473004
-12.561298678714552
-12.561313918333726
-12.561335611291602
-12.561363444284826
-12.561373617628453
-12.561421804516408
-12.561439423983938
-12.561465829989917
-12.5615070554911
-12.56152851426575
-12.561559066982337
-12.561577386685151
-12.561597257524824
-12.561633188309543
-12.56164922894452
-12.561705334544655
-12.561727148838836
-12.561753577387535
-12.561792587485476
-12.561822596946666
-12.561874657998025
-12.561905129808721
-12.561935484893823
-12.561958271693781
-12.561981243295602
-12.562023332733835
-12.56204992464735
-12.562100772143296
-12.562137993565454
-12.562170884186559
-12.562216965266254
-12.56225415743811
-12.562310174077746
-12.562353397055494
-12.56239497592763
-12.562438863461205
-12.562459818828007
-12.562491578499595
-12.562523456037514
-12.562545005209174
-12.562602436181557
-12.562632525808281
-12.562680381259574
-12.56271017193693
-12.56274305781228
-12.562803967170922
-12.562833317225834
-12.562882492168823
-12.56292237521751
-12.562951572353816
-12.562996252576365
-12.563027888462004
-12.563058227422529
-12.56310583424276
-12.563142638371666
-12.563207408339558
-12.563260639488057
-12.56331663117572
-12.563352023401748
-12.56339545462562
-12.56343632958444
-12.563474184272147
-12.563502439314231
