500 iters for seed 135 on 3R0.3 which is in the 99.47433471679688 percentile
 Maxcut: 20.0, MedianCut: 12.0
-12.009676356151626
-12.02428889104273
-12.076318154302209
-12.163365382187902
-12.1920299841967
-12.23126960377927
-12.254525465407356
-12.26399685621508
-12.28768292232642
-12.307761162184763
-12.321937901143333
-12.33544314188041
-12.346667097841891
-12.356934719519945
-12.365896879467535
-12.373591247479052
-12.382182344882066
-12.39032964223453
-12.394823990043747
-12.401159963043666
-12.40569886273099
-12.410328079687437
-12.415073631120688
-12.420718429221552
-12.424472906384889
-12.428542898977074
-12.43184273264101
-12.435102007713311
-12.438454520351977
-12.441445852068197
-12.443336759395153
-12.445799396579787
-12.447535253061114
-12.449717251735049
-12.45106437041023
-12.45330790267052
-12.45450387607664
-12.456203584553501
-12.457872097699648
-12.459730592041263
-12.460892128039383
-12.462267974437475
-12.463865831685919
-12.46545424153648
-12.466472629281741
-12.467822712231403
-12.46849811369249
-12.469500546895482
-12.470373151696537
-12.47097316524812
-12.47219200718228
-12.472812357118292
-12.473457105737866
-12.474132291330555
-12.474804851486997
-12.475644984737325
-12.476456205671951
-12.47721535439942
-12.477836449458373
-12.478688200605996
-12.479528345871742
-12.480197443356598
-12.48134875194652
-12.481928242424239
-12.4829315379456
-12.48371860540298
-12.4844651310429
-12.485423447256036
-12.486439747760384
-12.487339196579969
-12.488534981211455
-12.489384367599811
-12.490685063409382
-12.49153633306339
-12.492515302166982
-12.494116297793804
-12.494949409200112
-12.496286674081896
-12.496973403887312
-12.497743376934597
-12.4985966185605
-12.499341786305592
-12.49990027669397
-12.500581245883282
-12.501303366179648
-12.501903754647488
-12.502524282591171
-12.503113159103597
-12.503923450883983
-12.50464432340433
-12.505336685194148
-12.505945305310112
-12.506510010280085
-12.507188015523495
-12.507739135990692
-12.508437377038518
-12.508892561671455
-12.509711125935304
-12.51026585541751
-12.510867328005938
-12.511811586427399
-12.512479176216566
-12.513072644199834
-12.513566926306243
-12.514065771501185
-12.514570017939086
-12.515086864012451
-12.515413341242239
-12.515873120613765
-12.516193082554475
-12.51672523736305
-12.517014475911093
-12.517416834604028
-12.518094495720709
-12.518695728884852
-12.519121391857094
-12.519607003839077
-12.519990821950897
-12.520423675193596
-12.520820160984536
-12.521129097248533
-12.521344112283503
-12.521809929909343
-12.522010520126996
-12.522271402279294
-12.522645499457015
-12.522916652581008
-12.523220416519658
-12.52355129147673
-12.523843342006561
-12.524120197461224
-12.524368967715365
-12.524665567293649
-12.524912030996205
-12.525108402318594
-12.52540551182316
-12.525600838245577
-12.525781258893842
-12.526096747923791
-12.526246153162592
-12.52645303693889
-12.526799665609543
-12.527049678730878
-12.527195862468702
-12.52757252344806
-12.527613656319541
-12.52792226036079
-12.528064671434342
-12.52826789642714
-12.528543762372975
-12.528773419419892
-12.52911371933689
-12.529342990476707
-12.52964006115393
-12.529858802397547
-12.530130824767227
-12.53036519547249
-12.53052345714888
-12.530738667486197
-12.530958251110372
-12.531164911716523
-12.53140643542391
-12.531485168468153
-12.532003521316863
-12.532165269027752
-12.532354650405642
-12.532611180614534
-12.532786892437322
-12.533007665840358
-12.53320925488421
-12.53345964827624
-12.533712683463266
-12.533983530885836
-12.534255132750232
-12.534448021288007
-12.534709810131996
-12.535027736450873
-12.535187044603733
-12.535404383401612
-12.535549754122904
-12.5357314478013
-12.53591832793031
-12.536125252128222
-12.536268682855884
-12.536438531117787
-12.536603460622784
-12.536798443655215
-12.536992041289704
-12.5371631866346
-12.537308591401374
-12.537586773746103
-12.537761702367927
-12.537973955857062
-12.538247412006246
-12.538469390957562
-12.53864673673383
-12.53894075738271
-12.539180498164463
-12.539339644943777
-12.539618136595902
-12.539788986766492
-12.540015565435702
-12.540252125152291
-12.54048018271322
-12.540648820210263
-12.540861116585974
-12.541057042509825
-12.541251041083804
-12.541511251572034
-12.541710368578263
-12.541960432055308
-12.542260948027222
-12.542547554202505
-12.542836344338554
-12.543239850678203
-12.543471331301541
-12.543750292316675
-12.544102448843578
-12.544344419447874
-12.544626153960053
-12.544936832827615
-12.545114807418974
-12.545366880248407
-12.545552705551827
-12.545799341469845
-12.545999462354779
-12.546190003567512
-12.5463720826625
-12.546542585856308
-12.546741361970074
-12.546918592347883
-12.547140639871445
-12.547356510210154
-12.547550117436456
-12.54773547311348
-12.547981616089489
-12.548197890513265
-12.548382121502836
-12.548563257923513
-12.548700790879844
-12.548868301866772
-12.54904359490345
-12.549185547380452
-12.54931887968835
-12.549472375506394
-12.549593989610761
-12.54974433486655
-12.549916640646163
-12.55001915579502
-12.550112255815268
-12.550271147475613
-12.550357807188577
-12.550461191436934
-12.550624324722286
-12.550725559182702
-12.55085918343881
-12.550972609549444
-12.55108596092968
-12.551219178347115
-12.551310577637773
-12.551402140652383
-12.551496048679041
-12.551581991007428
-12.551693395091725
-12.551818149665555
-12.551890737878027
-12.551999299314716
-12.552053477592018
-12.55219317735588
-12.55226224858787
-12.552333751878088
-12.552443598587157
-12.552499439475248
-12.55260847741707
-12.552693870728065
-12.552807954360532
-12.552857603528633
-12.552952652129736
-12.55301955890894
-12.553094863251323
-12.553197059347687
-12.553227354692378
-12.553325588619757
-12.55336494353473
-12.55343709527347
-12.553538309341008
-12.553628959554922
-12.55369728386357
-12.553780486791911
-12.553848107825045
-12.553967553968041
-12.554065928289322
-12.554151914744686
-12.55420661943067
-12.554314110864185
-12.554393794328366
-12.554484427610548
-12.554556876851393
-12.554637181554662
-12.554707193624065
-12.554793695657857
-12.554868320879024
-12.554931703187941
-12.554981612798388
-12.555037601850728
-12.555092980980138
-12.55515546857317
-12.555227727903358
-12.55529535450301
-12.55535263057448
-12.55539897750356
-12.555440258805303
-12.555512841635526
-12.555526034006393
-12.555588553403792
-12.55561745917058
-12.555655137444539
-12.555708973826428
-12.555724040377521
-12.555838695730314
-12.555871480742796
-12.555910618924905
-12.555955106723836
-12.556017820290588
-12.556073433163231
-12.55612240297164
-12.556168664131652
-12.556216760111699
-12.556269341904319
-12.556324859563034
-12.556371322509412
-12.556418923423127
-12.556503356315716
-12.556534321342614
-12.556572795938905
-12.556617529037126
-12.556659977026513
-12.55672865237871
-12.556799740470282
-12.556847757703647
-12.55690681922648
-12.556961465832117
-12.55705368556043
-12.5571108844908
-12.557191424573027
-12.557263121962043
-12.557348453696228
-12.557433514878044
-12.557514101730195
-12.55760043539134
-12.557663859786597
-12.557727008085457
-12.557812487390255
-12.557866831430163
-12.557927563477673
-12.558037054106919
-12.558093098848335
-12.55814565790719
-12.558200482997094
-12.558260665634057
-12.55833433845462
-12.558406349931683
-12.558450125122778
-12.558503145388144
-12.558551367562803
-12.558628614813827
-12.558656052809562
-12.558748412979693
-12.558785338052887
-12.558851165170871
-12.55894120484462
-12.558993777682415
-12.559079959191658
-12.559145324924145
-12.559218171915859
-12.5592737820368
-12.559333141792584
-12.559392822916893
-12.559439410279012
-12.559490159245001
-12.559565110724762
-12.55962189446072
-12.559691349840072
-12.559746706568845
-12.559809602914369
-12.559861561504345
-12.55990237580877
-12.559946295206526
-12.559993103293493
-12.560031048285634
-12.560069669458452
-12.56010933738472
-12.560156917031843
-12.560199311709594
-12.560234721676812
-12.560289346088226
-12.56031678617412
-12.560347232656046
-12.560382033300945
-12.56040245936279
-12.56045243498615
-12.560494893711905
-12.560524132533786
-12.56055776211316
-12.560588711787661
-12.560634336758952
-12.560675570600942
-12.560717699725021
-12.560755397199669
-12.560802415242781
-12.560847244897088
-12.560890129543097
-12.56092970869972
-12.560959198161097
-12.560990043019594
-12.561036750219063
-12.561063344214109
-12.561092920257547
-12.561133695340668
-12.561160813836194
-12.561194585903824
-12.561243286182126
-12.561269135878188
-12.561297999480024
-12.561359974340204
-12.561389841012684
-12.561423844568335
-12.561468473553322
-12.561491030283033
-12.561519313860467
-12.561558163743438
-12.561604137087036
-12.561627101458665
-12.561677927890175
-12.561707091570753
-12.5617472408195
-12.561804434874734
-12.561828277701485
-12.561861818085182
-12.56189043035274
-12.561916289210847
-12.56196782205572
-12.561988928782087
-12.562024854545369
-12.562055754487744
-12.562098149068833
-12.56213260390288
-12.562161271389499
-12.562190612910761
-12.56221224930251
-12.562248296405484
-12.562267927519017
-12.562320278643888
-12.562341501345477
-12.562371170710275
-12.5624088293161
-12.562428250903805
-12.562474038924611
-12.562489944986263
-12.562514996737944
-12.562520849033886
-12.562560069431477
-12.562574627672953
-12.562593857786405
-12.562621120568261
-12.562638066232944
-12.56266689794574
-12.562687859892858
-12.562714450903512
-12.562735181135775
-12.562762148996256
-12.562784808079538
-12.562807553795945
-12.562835258361524
-12.562871957851833
-12.56290627936671
-12.562934943827388
-12.562960587629082
-12.56298606530081
-12.563013425926425
-12.563034248369846
-12.563067585511863
-12.563086816431891
-12.563113392648884
-12.563135154307066
-12.563155008095624
-12.563199486963534
-12.563222187107762
-12.563262979598992
-12.563291390569995
-12.563318931756204
-12.56334659472949
-12.563384048278085
-12.563429503460716
-12.563452064569939
-12.56348300281411
-12.56349762058997
-12.563525863889295
-12.563542754001384
-12.563560972713917
