500 iters for seed 155 on 3R0.3 which is in the 48.844146728515625 percentile
 Maxcut: 21.0, MedianCut: 12.0
-11.832892501478401
-11.909442138693803
-11.972077009104684
-12.045417771896613
-12.082834144040724
-12.120158735967825
-12.13665701314859
-12.158877721440009
-12.17257692300176
-12.183314014385315
-12.19726978581439
-12.209468162506571
-12.221914918447592
-12.235200726567903
-12.24516544807932
-12.257397939549907
-12.268223590188404
-12.275808394683768
-12.28526116106645
-12.291212994051284
-12.299172844864309
-12.30565516505363
-12.313046686470695
-12.318036271721958
-12.322433294621218
-12.326877331511946
-12.331811698298662
-12.335987607413111
-12.338962191618574
-12.34156550654534
-12.345351244307633
-12.347752398897086
-12.35049340007702
-12.353707226566472
-12.35583622693418
-12.35782527220239
-12.360993476927625
-12.362833329685742
-12.365096737977531
-12.36721094735924
-12.369258624256421
-12.371064746981217
-12.372563100932398
-12.37404899361646
-12.37563697397831
-12.376576573192276
-12.377991058130887
-12.378523628177009
-12.38059248213058
-12.381536599145562
-12.382807988711315
-12.384646710647553
-12.38618720688353
-12.38752430764184
-12.389374811594887
-12.39092118379945
-12.392871777889773
-12.394867162774542
-12.396529388320968
-12.39794612485625
-12.399883245726892
-12.401365979963252
-12.402998722526615
-12.404326395306201
-12.405552640871436
-12.406565737456223
-12.407898752974258
-12.408668078768638
-12.409726441173415
-12.410941038477889
-12.412425787406631
-12.413376999164193
-12.4145322262838
-12.41548647326238
-12.416745150423655
-12.417641469106826
-12.41844040058285
-12.41909541844203
-12.419975484396602
-12.420448097520241
-12.421142472927137
-12.421685286684287
-12.422447661557847
-12.423049441361297
-12.423680184475334
-12.42502339210888
-12.425613194681004
-12.426600278983614
-12.427490267130068
-12.428469747148876
-12.429166519715071
-12.430073171868187
-12.430835954601122
-12.431401964994254
-12.431930063892136
-12.432882996829951
-12.433420626405445
-12.434031090124506
-12.43470387141884
-12.43549728020792
-12.435891375470172
-12.43633205621827
-12.43686814690622
-12.437511586094976
-12.438294605050965
-12.438842713281742
-12.439500634550793
-12.440101269478639
-12.440663824970887
-12.441102603900417
-12.44156463688478
-12.442016779984241
-12.44238528006813
-12.442800577697188
-12.443354404237136
-12.443896664986319
-12.444222806891965
-12.444812142206287
-12.445164769432024
-12.445753088035593
-12.446221612575698
-12.446531336295404
-12.447201863626542
-12.447571003074971
-12.447994670381703
-12.44840606608493
-12.448833432161344
-12.44911866549246
-12.449690956280207
-12.449976921766618
-12.450355481004724
-12.45060184019308
-12.451041431619862
-12.451317002322389
-12.451573335978718
-12.45206473186877
-12.452295243055259
-12.452701501370328
-12.452991042613311
-12.453328817802717
-12.453641735718747
-12.453902397840297
-12.454299158278022
-12.454580905555648
-12.454893984242062
-12.455363029781417
-12.455710382523096
-12.456259855131465
-12.456675495737315
-12.457203671503914
-12.457573655861914
-12.458043905332502
-12.458610429925173
-12.459034511593043
-12.459355454606259
-12.459629974637798
-12.459824249502581
-12.460075064778726
-12.46042195758808
-12.460640263102036
-12.460872166563556
-12.461357492618792
-12.461541646379203
-12.461902182501213
-12.462383200180572
-12.462597465542972
-12.463143340113234
-12.463348654984586
-12.463704767851992
-12.463925564261832
-12.464449741978882
-12.464737046088608
-12.464991604566233
-12.465434396098308
-12.46554544977318
-12.466134277275598
-12.46632259965328
-12.466667014409706
-12.46720144366127
-12.467858177349038
-12.46870824018144
-12.46918369849625
-12.469719694628806
-12.470141367543043
-12.470674743077184
-12.471482540493124
-12.47187580567642
-12.47265248719114
-12.473056704821895
-12.47360205479923
-12.474016703436236
-12.474415353332999
-12.474790378590438
-12.475378931668377
-12.475678933103193
-12.476076492749833
-12.476606241612817
-12.476941643922844
-12.477421080275931
-12.477748248070785
-12.478106179721472
-12.478445355370527
-12.478807326618721
-12.479121577544735
-12.47931729946642
-12.479553377701471
-12.479890226982217
-12.4801582445179
-12.480416864660137
-12.480631967895498
-12.480871971997377
-12.48105256422557
-12.481270513214415
-12.481553081528196
-12.481759174230435
-12.481911847144055
-12.482259195884339
-12.482434928313118
-12.482657056324163
-12.483000994451324
-12.483206395798813
-12.483277522486114
-12.483817220616984
-12.483991492191025
-12.484248195760928
-12.484536801879056
-12.484838982325304
-12.485040126194919
-12.485300732340498
-12.485460463942747
-12.485632418426546
-12.485835389062656
-12.485943244410377
-12.486096588810385
-12.486250849985167
-12.486439566273587
-12.486527264181825
-12.486669763529449
-12.486713996541917
-12.486854542802508
-12.486945777416711
-12.487035231030312
-12.487188332260661
-12.487292539713495
-12.487479650159289
-12.487598922767543
-12.487725044288581
-12.487834763957062
-12.4879269377854
-12.488068699481031
-12.488101041626239
-12.488235806920272
-12.488298424868388
-12.488378724716888
-12.488496014443463
-12.488579490059717
-12.488681323186748
-12.488753209955155
-12.488841830745448
-12.488941505779643
-12.489037027049488
-12.489140362951138
-12.489201149249329
-12.489281745077433
-12.489393728654028
-12.489450437269845
-12.489505543457076
-12.489563361736874
-12.489624957108067
-12.48969103003454
-12.489797926615662
-12.489857395655964
-12.489938295957222
-12.489998653677473
-12.490074781849893
-12.490151914004436
-12.490203858943984
-12.490268881417673
-12.490394929201742
-12.490443923743754
-12.49049915874107
-12.490548471244427
-12.490629260257116
-12.490689390479027
-12.4907377188721
-12.490808338370005
-12.490888935728751
-12.490949429704203
-12.49102849894296
-12.491068136311743
-12.49112271095025
-12.491194924963015
-12.49123636031281
-12.491352882282131
-12.491403167522886
-12.49147436014065
-12.491546494787217
-12.491622436561842
-12.49168155901366
-12.491737399607082
-12.491796225773307
-12.491839607006012
-12.491925441346979
-12.49200727391607
-12.492088297819617
-12.492147084705882
-12.49221993705068
-12.492318587821407
-12.492428984258133
-12.492533911783848
-12.492601813897
-12.492684544623188
-12.492792804299906
-12.492855149000096
-12.492922908039265
-12.492990531803144
-12.493059263601737
-12.49312384314079
-12.493220501572104
-12.493272473893468
-12.493346234411323
-12.49337644709206
-12.493479722941874
-12.493548518611167
-12.493609962740122
-12.49370943441068
-12.493736819240794
-12.493940884471
-12.494004920109363
-12.494104710954206
-12.49420485813347
-12.494328306820863
-12.494433297028431
-12.494533985918913
-12.494629633048344
-12.494743286800507
-12.4948356162511
-12.494932669581805
-12.495022460342723
-12.495129103196495
-12.495212486578327
-12.49530930681027
-12.495397492005381
-12.495460155346569
-12.495550415649603
-12.495645454582444
-12.495728620494683
-12.495807585009816
-12.495867748453081
-12.495964402617735
-12.496023185584963
-12.496089563034694
-12.496165644740469
-12.49627781265005
-12.496344771306093
-12.49641792249205
-12.496533990807706
-12.496591179629423
-12.496699294546142
-12.496776654108421
-12.496887364801893
-12.496959543534075
-12.497034585490235
-12.497114429856579
-12.497177348455054
-12.497280770344036
-12.497384040010125
-12.4974623452231
-12.497548450571433
-12.497601534058608
-12.49768475241686
-12.497741392817431
-12.497804704733712
-12.497927361840066
-12.497979508092367
-12.498091404069012
-12.498148023110888
-12.498230573629904
-12.498347744926063
-12.498408468867908
-12.498485521752219
-12.498554066657748
-12.498624661764492
-12.498690465495155
-12.498790754155463
-12.498864059206513
-12.498940106454995
-12.499022495040297
-12.499130581215635
-12.499201335556645
-12.499283738429943
-12.499390690453417
-12.499425348819702
-12.499547278708683
-12.49958248729655
-12.499636072577017
-12.499712208068704
-12.499783699766379
-12.499825533823234
-12.499878159058193
-12.499925241629736
-12.499983873393006
-12.500076870631815
-12.500123550107652
-12.500175846290373
-12.500234474793405
-12.500294336156836
-12.500399656558562
-12.500436433204651
-12.500530965609924
-12.500564417860591
-12.500615688520027
-12.50067307059287
-12.500745931791961
-12.500813501815689
-12.500868692819926
-12.5008817721703
-12.501013385429879
-12.50104384416571
-12.501082654251302
-12.501135204465164
-12.501170060927832
-12.501254302828556
-12.501286095795923
-12.501342639186706
-12.501392585844249
-12.501456722976787
-12.501500347752183
-12.50155065355741
-12.501601978535048
-12.501659812162865
-12.501707955699404
-12.501762741869873
-12.501807019946298
-12.501849278015829
-12.50189922453205
-12.501938599221964
-12.50198295398062
-12.502037518240467
-12.502073081004625
-12.502104625613986
-12.502171923416679
-12.50220496633141
-12.50224885166911
-12.502315026123437
-12.502358607349588
-12.502420850484258
-12.502459163793423
-12.502502771078342
-12.50254663873103
-12.50258748204941
-12.502634564214933
-12.50267742288829
-12.502724043986392
-12.502780986563039
-12.502818489183209
-12.502863833421019
-12.502911507135751
-12.50296073410519
-12.50298834524927
-12.503040966692389
-12.503064355662218
-12.503092951000024
-12.503143270047175
-12.503169360884765
-12.503201488019826
-12.503242167560257
-12.503278473626303
-12.503298352453461
-12.503353337963611
-12.503377295089798
-12.503398910583007
-12.503432848113702
-12.503452911066187
-12.503469989767533
-12.503522495518848
-12.503534783622149
-12.503565523926994
-12.503590181305121
-12.503610414729907
-12.503635629637262
-12.503666798702438
-12.503682970994722
-12.503702444005224
-12.50372215983499
-12.503744539025671
-12.503760207918784
-12.50377485888435
-12.503788555305599
-12.503803947155776
-12.503821135865993
-12.503834230134238
-12.503847834238412
-12.503865743625152
-12.503879253186657
-12.503888738124239
-12.503902391642207
-12.503914905533868
-12.503931572684142
-12.503952195253085
