500 iters for seed 66 on 3R0.3 which is in the 94.91043090820312 percentile
 Maxcut: 20.0, MedianCut: 12.0
-12.00056719087763
-12.02997580205253
-12.124158931467164
-12.17466929633552
-12.204066825820263
-12.217648266559632
-12.252542170453362
-12.268337213949199
-12.286259165142871
-12.29791337806261
-12.31199265842733
-12.32365383051135
-12.333700714750304
-12.345226147057295
-12.355484994281905
-12.362820637043205
-12.368857511279217
-12.374948115728287
-12.381537241383015
-12.387357066565125
-12.394110025378605
-12.399386377632995
-12.40531173002758
-12.407687273382024
-12.413764301015686
-12.41633352221911
-12.419391100220512
-12.422433393040759
-12.425905632293727
-12.428352572874804
-12.431052227241087
-12.434215169100463
-12.437714944059886
-12.440301704066696
-12.443259710226247
-12.445179106390526
-12.447223069133766
-12.448860326351937
-12.450361244281686
-12.452484427849573
-12.453864805379185
-12.455013612633886
-12.456504942416183
-12.458023835527376
-12.459736990450509
-12.4614110885508
-12.463289393005416
-12.464657060094511
-12.466000452661728
-12.467251737236726
-12.468428215839907
-12.469722154755136
-12.471097460708666
-12.472111665270308
-12.473538752591823
-12.474701054766848
-12.476488000380527
-12.477625998405323
-12.478932443642677
-12.47926660930168
-12.481289241701862
-12.48208541923599
-12.48300730354128
-12.484108586108468
-12.48531391451383
-12.486384598499582
-12.487805229774516
-12.488628698827494
-12.489506917530992
-12.490854078735808
-12.491584843054286
-12.492567854455904
-12.493587743746659
-12.494122317925056
-12.495353652826168
-12.495640453645349
-12.496931543895965
-12.49746737355795
-12.498255151832481
-12.498982433506445
-12.499870544849145
-12.500648152977927
-12.50148677672806
-12.50239822644479
-12.503195916261797
-12.503814965470749
-12.504416216607838
-12.504877623554451
-12.505581083086794
-12.506097652906675
-12.50655546639549
-12.506985133653128
-12.507359022284913
-12.507826345635724
-12.50825451773624
-12.50864510626473
-12.509084564026667
-12.509496290846121
-12.509970739435385
-12.510420893243055
-12.510806498861513
-12.511495876181197
-12.511791773304385
-12.512288874887068
-12.512903432258264
-12.51350994782084
-12.513974366410178
-12.514530605891046
-12.514839718063053
-12.515198236836547
-12.515762877566452
-12.516095137388364
-12.51693291575171
-12.51737266360368
-12.51775198390266
-12.518174878477257
-12.518508243877138
-12.518897104927069
-12.519283321336799
-12.519534191199295
-12.519928455680182
-12.52018469789678
-12.52055061150404
-12.52086285057583
-12.52115409830465
-12.521486763063539
-12.521787591221301
-12.52207250022028
-12.522397169050441
-12.522712030852924
-12.523016883086589
-12.523309342879488
-12.52362945481454
-12.523748829853492
-12.524227094218372
-12.52436299956252
-12.52462120733796
-12.524830236723213
-12.525115866431037
-12.525359996500313
-12.525575544533085
-12.52588927735962
-12.526227281481022
-12.526457540755958
-12.526809303303224
-12.52701008915022
-12.527261186013266
-12.52755393262101
-12.527721509713071
-12.52812763682593
-12.528221228956976
-12.52851829944293
-12.528621703485335
-12.528839847127472
-12.529049148973066
-12.529305259225719
-12.529512158391118
-12.529734857106371
-12.529956936674045
-12.530203477154041
-12.530513556872508
-12.530715386180876
-12.530882776840514
-12.531256989614942
-12.53143772390802
-12.531634676667563
-12.531936923872866
-12.53206380774417
-12.53219393356353
-12.532449492177856
-12.53260231120906
-12.532699146106534
-12.533065516203894
-12.53314888643725
-12.533299986653779
-12.53343931405892
-12.533606249078915
-12.53375882681354
-12.533847761933421
-12.533955709172126
-12.534099952310466
-12.534167123397946
-12.534268613981386
-12.534342415396953
-12.534448450387682
-12.534513053733644
-12.534577713365497
-12.534670557752689
-12.534774070479632
-12.534863648437856
-12.534964834497746
-12.53504167761861
-12.535148024123814
-12.535255153367137
-12.535331668551818
-12.535382200535409
-12.535514894509609
-12.53557157278637
-12.535661165745699
-12.53572796602205
-12.535789407683335
-12.535900722231322
-12.535915748735754
-12.536033063266986
-12.536061235076332
-12.536117584200795
-12.536170435866138
-12.536240274020336
-12.536286421168679
-12.536331369562053
-12.536369808930276
-12.536422670751627
-12.536463718271206
-12.536506923250823
-12.536552463627228
-12.536618558684818
-12.536661290061437
-12.536712106299774
-12.536774500561553
-12.536846219856622
-12.536889016716756
-12.536930898629212
-12.536966205162221
-12.537009306427557
-12.537067435894729
-12.53709773507105
-12.537152676240188
-12.53719606675302
-12.537261881574688
-12.537305178578976
-12.537360845189921
-12.53741695542848
-12.537481610253751
-12.537561416302514
-12.537618709486445
-12.53768638564554
-12.537746976183922
-12.537804655708811
-12.53785585259931
-12.53793240575312
-12.537992574968593
-12.538044295344811
-12.538116414034274
-12.538177073061409
-12.538244793672039
-12.53830663693445
-12.53835732830209
-12.538417215234508
-12.538491868409885
-12.538543753496386
-12.538593259776459
-12.538654146509018
-12.53870978336505
-12.538759492323202
-12.538845309331261
-12.538885659541295
-12.538950005624686
-12.539011978546279
-12.539094859969973
-12.539166418932812
-12.539223735569127
-12.539282189453859
-12.53934178807804
-12.539404229533659
-12.539449448880404
-12.539501810788407
-12.539565033205847
-12.539636296063758
-12.53970098369084
-12.539757469306245
-12.539840079957367
-12.53989850071907
-12.539975861545054
-12.540094620181609
-12.540151619256724
-12.54021068137187
-12.540306222989738
-12.540361620285125
-12.540454589955957
-12.54053154142372
-12.540618702961357
-12.540698518451808
-12.540789760556207
-12.540901981708737
-12.541008677138395
-12.54111864424853
-12.541228948941276
-12.541361552830196
-12.541490728325119
-12.541611230810574
-12.541697249400645
-12.541819521015675
-12.541911047328027
-12.542000882809376
-12.542161013001477
-12.542218404203764
-12.542281566478147
-12.542373401325566
-12.542428962003983
-12.542488860903028
-12.542650068885138
-12.542713676198582
-12.542788536097882
-12.542905938488735
-12.542964041997692
-12.54314115850574
-12.543202033474117
-12.543300044757004
-12.543359397976333
-12.543471314111155
-12.543552187249958
-12.543618828156697
-12.543733023278682
-12.543805534075055
-12.543909602496973
-12.544008974801512
-12.544087717401089
-12.544176743211047
-12.544304588458633
-12.544399406090635
-12.544502405397331
-12.544627152552088
-12.544754677604477
-12.544890614374854
-12.545008375282041
-12.545157211840477
-12.545259192481433
-12.545377819782754
-12.545496949046688
-12.545626321341063
-12.545675546095406
-12.54582182217678
-12.545864053461418
-12.545980993857423
-12.546055283738594
-12.546129955236244
-12.546244322971337
-12.546292683810881
-12.546539749093538
-12.54661557692144
-12.546710589598938
-12.546812730447137
-12.546942876904545
-12.547055741930038
-12.547149768037524
-12.547245186394802
-12.54732718168707
-12.547434161942416
-12.547454200026545
-12.547564125187108
-12.547616697285681
-12.547678823740805
-12.547762322656045
-12.547825143275226
-12.547918729399285
-12.547974653129645
-12.548059004096459
-12.548107602908955
-12.54817263254406
-12.548231384498878
-12.548283826367427
-12.5483337398253
-12.548403218201136
-12.548450510865182
-12.548500060610756
-12.54854813476626
-12.548592606372583
-12.548648423059847
-12.548667146171061
-12.548703030298597
-12.54873732980571
-12.548766938275852
-12.548818269052244
-12.548840568401717
-12.54887816966384
-12.548903400927522
-12.548940890311847
-12.54897314187009
-12.549003631975964
-12.549049847752453
-12.549076800939584
-12.549107318254222
-12.549152616354284
-12.549185412931275
-12.549205964882441
-12.549256573144344
-12.549273168870966
-12.549306432434228
-12.549332672330419
-12.549356272552759
-12.549382545047413
-12.54941941626458
-12.549444240374559
-12.5494685025708
-12.54950278587956
-12.549534165456397
-12.549562626512543
-12.549591294682685
-12.549617728358989
-12.54965255470755
-12.54968030261853
-12.549709305238455
-12.549733117600125
-12.549761924834828
-12.549790893216393
-12.549813745262014
-12.549838639150568
-12.54987146795676
-12.54990662867244
-12.549941759696098
-12.549971618223035
-12.550002034756798
-12.550025939606655
-12.550052610308128
-12.550088371474986
-12.550109464485596
-12.55012983582514
-12.550168803620405
-12.550190194807536
-12.550213777237197
-12.55026284047451
-12.550285088147788
-12.55030345742001
-12.550344828055279
-12.5503693327094
-12.55039168807095
-12.550417463164258
-12.550442756242505
-12.550467778997666
-12.550488762595242
-12.55051441518673
-12.550540636389368
-12.550559030220795
-12.550579046579507
-12.550605741743912
-12.550627788947237
-12.550647347033635
-12.550685629162137
-12.55070203826706
-12.550724897885603
-12.550747986942351
-12.550766833283525
-12.550805694443504
-12.550827889373075
-12.550861288336058
-12.550883208227571
-12.55090999830619
-12.550938373099504
-12.550968887518351
-12.550990627761218
-12.551013456384458
-12.551042249003702
-12.551080022993656
-12.551106466473566
-12.551131427602268
-12.551170305067991
-12.551208605893219
-12.551238764189868
-12.551276367429134
-12.55130440478079
-12.551347531913404
-12.551366773517048
-12.551406039300398
-12.551423440641983
-12.551451994219173
-12.551485345003737
-12.551509127317136
-12.551538176882573
-12.551557528233637
-12.551582047683503
-12.551614868699746
-12.55165902550353
-12.551683185402796
-12.551712228199284
-12.551737918336402
-12.551770993200165
-12.551813357290767
-12.551840787742192
-12.551872874039871
-12.55191603399112
-12.551941956140157
-12.551970294247791
-12.551998642696457
-12.552028381901254
-12.552054378564986
-12.55210237642438
-12.552127571404478
-12.55215384915278
-12.552195423368424
-12.552225580046294
-12.552261523563041
-12.552285361939468
-12.552313294291615
-12.55234551317525
-12.552375131477875
-12.552404774551949
-12.552427955461267
-12.55245357809785
-12.552482880938307
-12.552488004572371
