500 iters for seed 148 on 3R0.3 which is in the 94.85702514648438 percentile
 Maxcut: 21.0, MedianCut: 12.0
-12.012640522777279
-12.029213276839071
-12.128832785491854
-12.173932313152857
-12.206683435014465
-12.232364546583101
-12.253094713128801
-12.272946683225808
-12.291348841005956
-12.310412228190941
-12.328285305774287
-12.339351184048617
-12.349125610027295
-12.358332171516107
-12.366683169577456
-12.373551198223646
-12.379948873210491
-12.387332089468906
-12.392341385375659
-12.397535979880491
-12.401472315263499
-12.404788276769864
-12.408948827601717
-12.411967836447609
-12.414947402829377
-12.41830190068833
-12.421691735113392
-12.425293135782587
-12.428300933427925
-12.430533444147796
-12.43302332208057
-12.435107626551254
-12.437448536570507
-12.439650844093169
-12.441848863736666
-12.443873163058115
-12.446287042893132
-12.4483950067195
-12.450219267966409
-12.452441277252852
-12.45374026199979
-12.455068762813827
-12.456305613558133
-12.457548124154563
-12.459179700126914
-12.460750181401448
-12.461870165335123
-12.463253844860336
-12.464529093982396
-12.465876654872986
-12.467379504465093
-12.468623057297645
-12.469944928294895
-12.47163683986616
-12.4730383749746
-12.473984470754027
-12.475996744789352
-12.476702594343305
-12.477923546656488
-12.478932351390151
-12.479916405003717
-12.481354854896828
-12.482726566314742
-12.483705832614627
-12.484676093992135
-12.485602673438327
-12.486838925666811
-12.48785749413069
-12.488756721075644
-12.489571051912923
-12.490334019882297
-12.491042903759784
-12.491682703640231
-12.49230603402336
-12.492988402528379
-12.493594836423961
-12.494189340329479
-12.494711584151942
-12.495367631833842
-12.495977127957744
-12.496539921045565
-12.497155298261816
-12.49783150631749
-12.498389781481732
-12.498932764740712
-12.499416723129961
-12.499879546987499
-12.500324231987715
-12.500661801691333
-12.501088179825148
-12.501529811404678
-12.50196440226232
-12.502311651449226
-12.502759088308606
-12.503065050494026
-12.503400625465845
-12.503762184224332
-12.50407188120156
-12.50446042948991
-12.505031457482245
-12.505290938937001
-12.505795867859181
-12.506222923764334
-12.506700360702833
-12.507067160568463
-12.507373415870752
-12.507678685913872
-12.50818835489064
-12.508474873152885
-12.508851825877905
-12.50918571672676
-12.509505884017354
-12.510035732842702
-12.510253501108346
-12.510624889570416
-12.510918214720625
-12.51124271864507
-12.511536672956932
-12.511815747281009
-12.512081198539537
-12.512317656762212
-12.512544909785747
-12.512795308423046
-12.51298103301099
-12.513226538629862
-12.513445710872778
-12.513653420181859
-12.513871520561933
-12.514140535017813
-12.514431318501465
-12.514685660740152
-12.5150316493026
-12.515303190575475
-12.51562089407477
-12.51611195615168
-12.516432502045777
-12.51695517029502
-12.517315674974563
-12.51766465988851
-12.518139749423389
-12.518461110128248
-12.518829407987408
-12.51926741814739
-12.519625263547638
-12.520008642969659
-12.520589240763506
-12.520992040580008
-12.521436191960829
-12.52181589544091
-12.522139394782634
-12.52249799997756
-12.522916137356722
-12.52345987898702
-12.523710766817
-12.524237821918856
-12.524526177157913
-12.524879727376822
-12.525300368528837
-12.525585445146644
-12.525882200293823
-12.526253830832134
-12.526577138284331
-12.526875906358406
-12.527218559991953
-12.52744695314814
-12.527721042957491
-12.528135226162277
-12.528505841189116
-12.528769377170722
-12.529059186515225
-12.529256907879402
-12.529518391768756
-12.529866064983597
-12.53008606648219
-12.530264213993888
-12.530632013823976
-12.53077024474468
-12.530971079414856
-12.531145283841793
-12.53132054435159
-12.531581198854838
-12.531724698397754
-12.531971217103168
-12.532151542940332
-12.532358513643327
-12.532543489829466
-12.53269459551585
-12.532958251870877
-12.533089456893574
-12.533258260684736
-12.53347682141747
-12.533633785099832
-12.533855687028595
-12.534022142119799
-12.534178456472644
-12.534384064241735
-12.53458544364614
-12.53476568032801
-12.534952973709505
-12.535087426596993
-12.535249471692243
-12.535355425222551
-12.535538435307124
-12.535619798575922
-12.535708259676355
-12.535839710969896
-12.535957240842302
-12.536023855713026
-12.536112569674385
-12.536179966524465
-12.536254465454153
-12.536383392328585
-12.536450806687952
-12.536514064431683
-12.536651885841682
-12.536737246771743
-12.536862914738922
-12.536932063435986
-12.53700126614852
-12.53708799613096
-12.537146524754641
-12.53722488270881
-12.537294335612566
-12.537368896154323
-12.537437041236002
-12.537523729282196
-12.5375968246098
-12.53766342079301
-12.537742826191488
-12.537823284241721
-12.53793858980178
-12.53804690431309
-12.538155571354315
-12.53823644667894
-12.538343365535605
-12.538423172924357
-12.538523590125715
-12.538627598773783
-12.538753537044428
-12.538847408284699
-12.538942360754254
-12.53905118058944
-12.539178930855508
-12.539307692160534
-12.539431192618817
-12.539566271457744
-12.539692223425384
-12.539839188629355
-12.539937598468917
-12.540073059876397
-12.540208091440327
-12.540353769113667
-12.540457582953024
-12.540633453369729
-12.540703195207676
-12.54087141803272
-12.540976137347997
-12.541097330552937
-12.541274500116511
-12.541373803344452
-12.54155095132148
-12.541643480463524
-12.541782290603404
-12.54199104496684
-12.54219264402403
-12.542338721067214
-12.542516130994182
-12.542657633583186
-12.542904101965316
-12.543028057085717
-12.543255847168858
-12.543366477650734
-12.543530511467228
-12.54371111527126
-12.543933261976418
-12.544111545259259
-12.544303783902345
-12.544541228976467
-12.54478295152145
-12.544975181759565
-12.545160327027855
-12.54533914965368
-12.545561610238773
-12.545735870931075
-12.545896658377323
-12.546061868542377
-12.546264125733057
-12.546442007787736
-12.54660458383033
-12.546750005252454
-12.546929404524935
-12.547096338652299
-12.547270192211144
-12.547421903840064
-12.547596662310376
-12.547737958120628
-12.547869440159372
-12.548019444814516
-12.548131005413524
-12.548285290682973
-12.548414256757878
-12.548549447743465
-12.548700716614174
-12.548813838523262
-12.548959191687686
-12.54903697070802
-12.549151550962868
-12.549229227672472
-12.549358543671822
-12.549437422730039
-12.549520929508388
-12.549646180326132
-12.549734182536021
-12.549815113173006
-12.549879362368332
-12.549961053922864
-12.55002682255665
-12.550142623369155
-12.550190025435125
-12.550269794185887
-12.550329570560692
-12.550416576199954
-12.550488604727688
-12.550547939653473
-12.550664186184225
-12.550724885766819
-12.550825283996668
-12.550912580959476
-12.551004242807174
-12.551097951733745
-12.551192692532595
-12.55131199723938
-12.551408270620389
-12.551486544849912
-12.551623495421888
-12.551676174812064
-12.551767252486671
-12.551842543939932
-12.551921066948378
-12.552052254198015
-12.552113498924246
-12.552270155327845
-12.552330229079468
-12.5524272792932
-12.552517759685342
-12.552662317759959
-12.552750385619161
-12.552834767989722
-12.552905676352855
-12.553012487048576
-12.553107914665285
-12.553191096493439
-12.553368177912738
-12.553460074053856
-12.55357652577367
-12.553662386798493
-12.553767152300928
-12.553866271757707
-12.55394767362328
-12.554063946409572
-12.554154294497845
-12.554269356095652
-12.554311078875749
-12.554478801753763
-12.554525502375208
-12.554650529269278
-12.554734670867544
-12.554837359759018
-12.554921918347834
-12.554999749858057
-12.555078439623632
-12.555184234658583
-12.555269167135013
-12.555347117932499
-12.555435211062736
-12.555546915554515
-12.555620976212237
-12.555702475340372
-12.5557706223596
-12.555852867796585
-12.555924176154333
-12.5559746993847
-12.55605392217323
-12.556146861690983
-12.55619789371617
-12.556284099671625
-12.556343713529465
-12.556420861714798
-12.556510483673273
-12.55657308561077
-12.55674375378405
-12.556802953149283
-12.556939376170364
-12.556991725116944
-12.557072490499081
-12.557157429014007
-12.557260219159632
-12.557334173859434
-12.557410818726995
-12.557497901437522
-12.557602498016392
-12.557695649952437
-12.55777418030589
-12.557854309216928
-12.55793898922228
-12.558023820176869
-12.558089435615084
-12.558174498154305
-12.558281613769907
-12.55835220520862
-12.558446041530125
-12.558513530004234
-12.5586634812818
-12.558739883503945
-12.558826738388056
-12.558973419197212
-12.559083297443063
-12.559236127066157
-12.559348510928581
-12.559477819166727
-12.559605022522787
-12.559713780118534
-12.559826535562024
-12.559913164660644
-12.559993363295838
-12.560154582558738
-12.560241955966607
-12.560332556515812
-12.560506803831702
-12.560565315624926
-12.560632109958826
-12.560732672101059
-12.560799457563917
-12.560895636972898
-12.561007963122453
-12.56107236722922
-12.561160540923748
-12.561221969870388
-12.56130966233631
-12.561398066835142
-12.561462403896346
-12.56156367491758
-12.561676532176609
-12.56174353620615
-12.561853717405985
-12.561933510612535
-12.56202005201001
-12.562177935324288
-12.56227427417748
-12.562446099529701
-12.562495631599495
-12.56261135962622
-12.56268209273607
-12.562780109614625
-12.562927009528854
-12.562978476882085
-12.563183190885477
-12.563269393090172
-12.563386948592296
-12.563547281500313
-12.56359418400476
-12.563759181755719
-12.56381457920035
-12.563910911603557
-12.564006162057314
-12.56412289546628
-12.564189249937453
-12.564261057932429
-12.564349643113944
-12.564450294820107
-12.56454122016869
-12.564626498621037
-12.564701813062324
-12.564774479747168
-12.564858560615285
-12.564908906839452
-12.564977458623869
-12.56503686210493
-12.565102841990292
-12.565194604131896
-12.565252295189989
-12.565318660371718
-12.565420378634467
-12.565469133360263
-12.56554592822054
-12.565617790113073
-12.565664602625787
-12.56572856174092
-12.565770397931715
-12.565841062653412
-12.565890362764714
-12.565936220496233
-12.566028938241804
-12.566085820264338
-12.566188773520015
-12.566270266044691
-12.566338866692124
-12.56640308897899
-12.566489473194443
-12.566555469240985
