500 iters for seed 27 on 3R0.3 which is in the 49.365997314453125 percentile
 Maxcut: 21.0, MedianCut: 12.0
-11.997545102744153
-12.003788750837796
-12.01760147481528
-12.063827724933159
-12.099220118267937
-12.105052760726972
-12.152793753955722
-12.179452506477109
-12.209167246009445
-12.23745456237
-12.257709840674673
-12.277322213771157
-12.292792549712086
-12.30773697426951
-12.320823547014774
-12.33604272134674
-12.352033123918503
-12.363807297027794
-12.374760292940962
-12.383332751393295
-12.390174693599402
-12.39514098810371
-12.399457813064638
-12.402764597773201
-12.4064024415266
-12.410520156854451
-12.413749924038449
-12.416462406127142
-12.420546676788915
-12.423693585380066
-12.426377156887636
-12.428819309981447
-12.431017562362202
-12.433310198018496
-12.43566845128608
-12.437616206729725
-12.43918654947401
-12.440806403271571
-12.442578950793498
-12.444214533222485
-12.445611148678765
-12.447105123191786
-12.44876461531419
-12.450323578459004
-12.451747659132577
-12.453097021123794
-12.454656435964274
-12.456194450448427
-12.457520707654059
-12.458912859915433
-12.460245467797524
-12.461845421366544
-12.462572783282674
-12.464298520295637
-12.465196192743804
-12.466437155778078
-12.468081057535695
-12.469512668950015
-12.470932551671561
-12.472457623015801
-12.473816861132708
-12.475619674727009
-12.476676364456804
-12.477601262403184
-12.478622352158704
-12.479647393725049
-12.480621922427886
-12.481658152415777
-12.48286307380485
-12.48372258973323
-12.484900310832087
-12.48591518306421
-12.486801827408375
-12.487597425074519
-12.488536385620195
-12.489335468226077
-12.490093230887371
-12.490662054396587
-12.491433294762492
-12.491911611912398
-12.49267289289708
-12.493364998411783
-12.493960792064673
-12.495040906161812
-12.495762377630653
-12.496397297120092
-12.497004908366259
-12.497688471222894
-12.498421936904718
-12.499187926687394
-12.499704407880406
-12.50022220797295
-12.500726090248925
-12.501565879142863
-12.50204557803898
-12.502579036408537
-12.503366890495883
-12.503540051322165
-12.50462991258423
-12.505038910900371
-12.505651528460291
-12.506358756725724
-12.5072167784187
-12.507895581418358
-12.508548657900402
-12.509082147478617
-12.50967439292493
-12.510364305238086
-12.510808338182432
-12.51145233321181
-12.512156668219735
-12.512872819287896
-12.513449432551536
-12.514072459962357
-12.51470000745552
-12.51530787101796
-12.515944787661194
-12.516500288279541
-12.517136116601906
-12.517652152292273
-12.5182368339786
-12.518567256483216
-12.51915922955882
-12.519534756941855
-12.520063753551906
-12.52060086758626
-12.521009870668811
-12.521434516500907
-12.521868818335761
-12.522348745187779
-12.522769282975812
-12.523147284837938
-12.523642256210568
-12.523959079629284
-12.524272996756011
-12.524756543323418
-12.524973692488363
-12.525301306087027
-12.525772258891678
-12.526041689016315
-12.526579025074813
-12.527047977529888
-12.52732819390755
-12.52768519384794
-12.528088183901511
-12.528390859138913
-12.528760190388455
-12.528991760072298
-12.52927584508805
-12.529597980777528
-12.52995524150177
-12.530236331275697
-12.530577468530486
-12.530888395622277
-12.531208776695504
-12.531611042690399
-12.531848877277639
-12.53206356022938
-12.532457402394414
-12.532647327747108
-12.532895115637547
-12.533158250654822
-12.533385757367759
-12.533503676196037
-12.533750437425384
-12.533830505632672
-12.534007786844741
-12.534108836345593
-12.53421726041153
-12.534371492146159
-12.534526945985437
-12.534641599510703
-12.534805473123738
-12.534907061811895
-12.535020923570535
-12.535179162291682
-12.535260518103842
-12.535438891783043
-12.53554504553096
-12.535769329823454
-12.535902313848302
-12.536016018352655
-12.536230184334178
-12.536289287062836
-12.5363249269847
-12.536475039352355
-12.53656352442431
-12.536658165131364
-12.536717959525095
-12.536807628868626
-12.536916221584724
-12.536977641259636
-12.537055730219976
-12.537127206156713
-12.537189353059993
-12.537271870533086
-12.537367291581212
-12.537420055785464
-12.537498015731964
-12.537560895915703
-12.537627241669204
-12.537701897757984
-12.537756527695507
-12.537838154440875
-12.537909799136632
-12.537987052423693
-12.53807329254734
-12.53815857712469
-12.538244461789674
-12.538317775272684
-12.538387760573837
-12.538476148923216
-12.538580246563269
-12.538665677433219
-12.53875642657527
-12.53883691026494
-12.538955312552794
-12.53904829362679
-12.539133411220469
-12.539222179630396
-12.539294306759656
-12.539374076844
-12.539440040639635
-12.539510182675588
-12.53956828355297
-12.539637309269226
-12.539702546971874
-12.539768004224218
-12.539854634310394
-12.539936510654936
-12.540005984402669
-12.5400710433364
-12.540164502594038
-12.540245211348223
-12.540303246151808
-12.54037016934107
-12.540448794765464
-12.54053640687782
-12.540628286978245
-12.54069322767283
-12.540763398987103
-12.540828106100234
-12.540915978593533
-12.54099503889432
-12.541062665625185
-12.54115417835668
-12.541213496480307
-12.541285256932255
-12.541386528582752
-12.541431473400847
-12.541489187533854
-12.541555571656353
-12.5416183954365
-12.541723753835218
-12.541770579803142
-12.541833467719233
-12.541880163080618
-12.541940233438515
-12.54199490280163
-12.542046454813086
-12.542110033050518
-12.542161106330049
-12.542222038608356
-12.542277226053695
-12.54233963201216
-12.542381168085997
-12.542461231959107
-12.542506987047153
-12.54256214882966
-12.542630638268307
-12.542682221848565
-12.542749161792909
-12.542811301197803
-12.542890245492584
-12.542948915383928
-12.543008741641152
-12.543088379181382
-12.543133001448702
-12.543179788945352
-12.543265663672987
-12.543306480356925
-12.543362618751956
-12.543451100046402
-12.543526753101938
-12.543558489479715
-12.54362924525833
-12.543687365477416
-12.543751328965978
-12.54382498632098
-12.54388645846039
-12.543960126695815
-12.544032984411757
-12.544102238428712
-12.544157222507545
-12.544210366807455
-12.544281028956322
-12.544334136872811
-12.544378285628852
-12.544436280896003
-12.54448702360275
-12.544565014746958
-12.544631942819466
-12.544693603427831
-12.544760249346728
-12.544828976049216
-12.544893711957206
-12.544967045944496
-12.545026314178068
-12.5450820564696
-12.545164444764097
-12.545201052516767
-12.54525730430179
-12.545329947443891
-12.545378289544272
-12.545474213045697
-12.545525573576775
-12.545581340772449
-12.545613099199713
-12.54565840452867
-12.545706990461472
-12.545757199545019
-12.545787726123923
-12.54582324464288
-12.545862641931397
-12.545904800472666
-12.54594977997108
-12.545983683250679
-12.546025750077419
-12.546092631156498
-12.54612556924508
-12.546177644446937
-12.546212343858608
-12.546255517537489
-12.5463233470024
-12.546358462454215
-12.546424254979193
-12.546472829235153
-12.54653034812275
-12.546590769859487
-12.546661203747922
-12.546734223037198
-12.546795812861152
-12.54684955340826
-12.54692520463216
-12.5469801826764
-12.547035473067991
-12.54711306261689
-12.547167274401868
-12.547218522667055
-12.547323338782006
-12.547367102626218
-12.547428073195219
-12.547543838692983
-12.547602834576837
-12.547691531722501
-12.547781633627281
-12.547838304815196
-12.547921867818728
-12.547990419799302
-12.548063211525303
-12.548123917022812
-12.548168544417106
-12.548234898969909
-12.548315919258776
-12.548357060041273
-12.54843106833156
-12.548480698660082
-12.548542883305975
-12.548607558270195
-12.548657259820898
-12.548684575942854
-12.54880110516043
-12.548835410086262
-12.548888261249182
-12.548951583389282
-12.549015745202695
-12.549064780036963
-12.549131812004028
-12.549187567949103
-12.549274591025908
-12.549344154869505
-12.54941619341425
-12.549481303469385
-12.549549986065456
-12.54962761620303
-12.549710384051641
-12.549809863139673
-12.54990075061791
-12.549967923250865
-12.55005384690241
-12.55012509264822
-12.550191932797485
-12.550310112135001
-12.550360319728236
-12.550431339161063
-12.550491618283482
-12.550551480186499
-12.55064289766316
-12.550746227754138
-12.55081408415515
-12.550895419743217
-12.550971516250716
-12.55105814363691
-12.551184796848124
-12.551239810800483
-12.551293661574604
-12.551411332311186
-12.55147644782381
-12.551582367283453
-12.551676628012409
-12.55172472176103
-12.551818620312366
-12.551873814277416
-12.551944706969913
-12.552003462694366
-12.55204720895576
-12.552121458090598
-12.552212042470176
-12.552263310590869
-12.552333008250415
-12.552386340625395
-12.55244878081428
-12.552517685612102
-12.552567794911798
-12.55263562432097
-12.55269300715343
-12.552752139993286
-12.552820103046475
-12.552902963678205
-12.552974936953932
-12.553048000841086
-12.55311059716663
-12.553178087167934
-12.553236516725157
-12.553283745646993
-12.553331894861259
-12.553391673207845
-12.55343653408678
-12.553470336546667
-12.553527286625583
-12.55355563790918
-12.553594546548265
-12.5536576440434
-12.553697678727495
-12.553727744880248
-12.553799617109382
-12.553822775256647
-12.553865552907997
-12.553887465422049
-12.553944901072166
-12.553976662749273
-12.554010132941878
-12.554065565744157
-12.554097536635972
-12.554148959769243
-12.554190605838134
-12.554249059505416
-12.55426913683269
-12.554328951373124
-12.554358354177015
-12.554391004906165
-12.554444937586748
-12.554475277954236
-12.554534867485602
-12.554583218380905
-12.554628658602827
-12.554675997755895
-12.554727654034481
-12.554787073927534
-12.554838120764632
-12.554903280148716
-12.554956176886764
-12.555024606487862
-12.555058597539224
-12.555103077132303
-12.555138646983805
-12.555208248366537
-12.555254638287344
-12.55529748860135
-12.55537330364029
-12.555430155847231
-12.5555092125387
-12.555559846269482
-12.555626098821328
-12.555677479608999
-12.555750231832285
-12.55580892429677
-12.555874225349466
-12.555903339067747
-12.555974647902243
-12.556013454364685
-12.556053740841925
-12.556119400845862
-12.556160431894831
-12.556220449527757
-12.556263931364295
-12.556316925224117
-12.556352121394227
-12.556401878785971
-12.556435095209382
