500 iters for seed 125 on 3R0.3 which is in the 94.79904174804688 percentile
 Maxcut: 22.0, MedianCut: 12.0
-11.835313288582514
-11.850428409365499
-11.93597986630549
-11.985957439085754
-12.009651060157843
-12.071083060104325
-12.103194114750181
-12.13175002497775
-12.153787075500574
-12.164205608887807
-12.181171187538471
-12.194832693141711
-12.21204112251195
-12.226524998975252
-12.243621670251963
-12.257062228825138
-12.26978357486393
-12.284349644932965
-12.295433936123807
-12.305830861144589
-12.313161370261493
-12.319418439743997
-12.325909395478337
-12.331534810807184
-12.337525377574643
-12.34322579129632
-12.348516203790828
-12.352540485658418
-12.35625248625983
-12.359895357891713
-12.363752487544833
-12.367440058682051
-12.371232677665498
-12.375159427508027
-12.378717891791878
-12.38203333130659
-12.384219603503759
-12.386804286982859
-12.389795032706102
-12.391811812996448
-12.394312335585175
-12.396537587042364
-12.39849212051914
-12.399914798558296
-12.401162636797643
-12.402420322890539
-12.40342126191154
-12.404499154108422
-12.40530335578631
-12.406174827571895
-12.406715506124705
-12.407696244010191
-12.408350489715684
-12.409246581865995
-12.410464470344664
-12.411578536082434
-12.4128700342525
-12.414310640426146
-12.416043850962765
-12.417348529465862
-12.41866326943655
-12.420528918373833
-12.421712502854975
-12.422703056339486
-12.42462259432749
-12.425488915353618
-12.426381850512326
-12.427490047471306
-12.428382710178932
-12.428988330258113
-12.430941002996857
-12.431593523447127
-12.432664247557174
-12.433461783273973
-12.434716573655441
-12.435698080786064
-12.436487648773964
-12.437717433105165
-12.438527406523292
-12.439413673259182
-12.440101920256025
-12.440803980913188
-12.441920800086072
-12.442630744604049
-12.4432722863754
-12.443677465183839
-12.444214524944563
-12.44456530579817
-12.445415018041336
-12.44577264440522
-12.446185823101535
-12.446782814178484
-12.447166127508513
-12.447779888857298
-12.448084763864227
-12.448554426616017
-12.449098511737054
-12.449731750860108
-12.450066491089409
-12.450496956368333
-12.450903082366723
-12.451447565963242
-12.451926539491279
-12.452356148852049
-12.452781875728176
-12.45328618153961
-12.453719076902377
-12.454126633045123
-12.454572682815881
-12.455056725386244
-12.455522330549702
-12.455946758856761
-12.45627256229384
-12.45660557804479
-12.456944679290615
-12.457196845659622
-12.457446888244984
-12.457757246371488
-12.457941998524731
-12.458152850333759
-12.45852846852293
-12.458751625652695
-12.459120907016372
-12.459334721906908
-12.459658425915393
-12.459858978044771
-12.460072605691721
-12.460284103734356
-12.460629311074506
-12.460846971656068
-12.461082073809031
-12.461455116823261
-12.46169501930575
-12.461973949584372
-12.46216713029331
-12.462406285487369
-12.462666838826962
-12.462923853173308
-12.46317473806037
-12.46337886216315
-12.463696872446075
-12.463939751493065
-12.464150535143387
-12.46438580708358
-12.464640764170488
-12.46492542330292
-12.46519897094161
-12.465406141975944
-12.465640692908323
-12.465871793685475
-12.466080340914365
-12.466289148908121
-12.466586010767344
-12.466819919884186
-12.467122550148328
-12.467432032520232
-12.467726494972988
-12.468033900954094
-12.468360360047043
-12.468641957750522
-12.468836498087112
-12.469065846567043
-12.469286488554914
-12.469468157881003
-12.46964776746729
-12.469846706542038
-12.470065758644704
-12.470246532868506
-12.47042689525902
-12.470461149705711
-12.470837925230398
-12.47095249705532
-12.4711342278442
-12.471404331880382
-12.471507739080877
-12.471963046237871
-12.472132461696447
-12.472437521635294
-12.47274507529098
-12.47314863408666
-12.473442634259122
-12.47374300412335
-12.473929746079257
-12.474221747655488
-12.47441953456499
-12.474607652995559
-12.474922388412564
-12.475161738425342
-12.475392352201618
-12.475587203970594
-12.475797568799441
-12.476000607190013
-12.476299584471677
-12.476497210401977
-12.476815702314285
-12.476998277707855
-12.477308027354756
-12.477513722498317
-12.47768030818651
-12.47795566157256
-12.478110957474758
-12.47831740199005
-12.478471767598663
-12.478616643848628
-12.478770806140028
-12.478926497751232
-12.47913162699956
-12.47928968529115
-12.47948371721153
-12.479692322306612
-12.479969809295824
-12.48011450108024
-12.480442958952489
-12.48073482376659
-12.481093305952013
-12.48136646226966
-12.481552812829252
-12.481746611874886
-12.481958601090854
-12.482287937820916
-12.482380744687259
-12.482638109597023
-12.482791505178536
-12.482979552875893
-12.483270658057668
-12.483460934932873
-12.483715720070595
-12.483882662377193
-12.484078987005375
-12.484286910057616
-12.484479006017017
-12.484708792063849
-12.484856770021153
-12.48499737818563
-12.485257660826665
-12.485405593795054
-12.485657308135977
-12.48577461053902
-12.485905776158624
-12.486049815133589
-12.486201153759506
-12.486388647293337
-12.486571440644633
-12.48668191937264
-12.486845046253668
-12.486970779578387
-12.487107265287285
-12.487313618995323
-12.487429898148225
-12.48752191735349
-12.487775235532412
-12.487903209816158
-12.488015565767878
-12.488243724555128
-12.488316744001597
-12.488483778268893
-12.488598945508004
-12.488711437109533
-12.488808488684217
-12.4889146091203
-12.489078643777898
-12.489201670401007
-12.489280947760468
-12.48935971366496
-12.489434054722507
-12.4895478750073
-12.48964712401439
-12.489739199066964
-12.489807938604743
-12.489875478814136
-12.489951977497995
-12.490016564559445
-12.490063604325643
-12.490141851239029
-12.490200974064624
-12.490272750878143
-12.490336491787627
-12.49038729747431
-12.490440698343424
-12.490502123851137
-12.490542976239286
-12.490579892343668
-12.490638186822228
-12.490694193672187
-12.490736388516037
-12.490836419360473
-12.490881537541732
-12.490952102640692
-12.491036004830553
-12.49113264765014
-12.491198471904898
-12.49125646028023
-12.491307233513474
-12.491387493844163
-12.491464530617275
-12.491525012334234
-12.491589658746454
-12.491640561064045
-12.491701397533685
-12.491747711105404
-12.491801913135582
-12.491857764778892
-12.491919158628443
-12.49199658731875
-12.492042052261601
-12.49209207718333
-12.492173476767976
-12.492222159218437
-12.492270262981497
-12.49235642849473
-12.49238785225877
-12.492438614968679
-12.492502152358831
-12.492572539138335
-12.492617409197964
-12.492666150081433
-12.492705146303544
-12.492759165061488
-12.492810697127577
-12.492860083751967
-12.49289414603795
-12.492939897189144
-12.492971003874965
-12.493026624286284
-12.493076291789114
-12.49312083134751
-12.493193339267883
-12.493231510870375
-12.493292818300803
-12.49333813093038
-12.493386651182853
-12.493430828906819
-12.49347200052703
-12.49352854600355
-12.493556430802435
-12.493590912313401
-12.493647065158575
-12.49368740203138
-12.49374243033652
-12.493815867528708
-12.49384945888717
-12.493906299983383
-12.493957475458686
-12.494026306561945
-12.494089924327954
-12.494137650138681
-12.494211512628723
-12.494296212758416
-12.494360469175462
-12.49443672325611
-12.494505270202541
-12.494573305984597
-12.494659002055847
-12.49471584552853
-12.494777067079806
-12.494875243037416
-12.494929604955248
-12.49497855382307
-12.49508456539182
-12.495156571286259
-12.495266646932548
-12.49535962522324
-12.495453453115372
-12.495542427326981
-12.495630791306391
-12.495705625673226
-12.495776114263723
-12.49580956625506
-12.495867451596686
-12.495988741565839
-12.49601979786294
-12.496083241087543
-12.496130392486135
-12.496204889083291
-12.496308747588271
-12.496370421213424
-12.496458817896636
-12.496519068363195
-12.496588463738497
-12.496664622863957
-12.496745291435113
-12.496832059180017
-12.49691213890132
-12.496990667522464
-12.497092808789507
-12.497169798516914
-12.49724228119958
-12.49732355334904
-12.497364271800658
-12.497426047387082
-12.49747676669728
-12.49756590629249
-12.497617348665027
-12.4976652567964
-12.497743898957916
-12.497811670150833
-12.497866760789659
-12.497922435252436
-12.49797675901856
-12.49806542167893
-12.498144745470643
-12.498196476456808
-12.498285595661889
-12.498359848161307
-12.498440242765678
-12.498511168909454
-12.498564331191417
-12.498642428683928
-12.498707524099064
-12.498793148360518
-12.498837280526253
-12.498899632598615
-12.498992591314542
-12.499054067259248
-12.499138022998245
-12.499190627838988
-12.499250987006205
-12.499313057506567
-12.49941452740285
-12.499473958052198
-12.499553428158304
-12.499631825525935
-12.499731643408856
-12.499794971000266
-12.499871463915103
-12.49994738687479
-12.500034903703575
-12.500125967789199
-12.500200638388375
-12.50026179074296
-12.500390787346634
-12.500452427213688
-12.500530308005793
-12.500614876338547
-12.50072412679433
-12.500805999357855
-12.500861348008135
-12.500925575905228
-12.501010216177644
-12.501068590095405
-12.501144276796442
-12.501202494152956
-12.501308987866274
-12.50138911031364
-12.501460941101293
-12.501597332395875
-12.501662354773346
-12.501786360432726
-12.501868108190873
-12.50196512465614
-12.50204336369669
-12.502097398653431
-12.502173200179422
-12.502224868459308
-12.502285624622601
-12.502414085423254
-12.502475399581613
-12.50252987073976
-12.502661243774536
-12.502728822169653
-12.50279330170591
-12.502912289048794
-12.50297861042504
-12.503123033741767
-12.5032261931526
-12.503305570164049
-12.503372265071341
-12.503449049718704
-12.50351466218013
-12.50364424623018
-12.503709981524734
-12.503792801137788
-12.503913793115384
-12.50399162510454
-12.504098577394775
-12.504196065391033
-12.50429923232881
-12.504354159801448
-12.504490242015406
-12.504555736552307
-12.504621797643782
-12.504729797055532
-12.504811697199276
-12.504896653359939
-12.504975577738382
-12.505060589144508
-12.505159970680584
-12.505249924252805
-12.505365217537104
-12.505441682026678
-12.505521658611816
-12.505678068282778
-12.505750801802645
-12.505839575194534
-12.505998486216754
-12.506078221245188
-12.5062147667965
-12.506330781384909
-12.506454487563769
-12.5065521475195
