500 iters for seed 126 on 3R0.3 which is in the 78.37905883789062 percentile
 Maxcut: 20.0, MedianCut: 12.0
-11.962847629382285
-12.04552339171518
-12.092926151895933
-12.13579483675688
-12.165299766139457
-12.183005195804794
-12.20291890828575
-12.218562009800573
-12.239526820413827
-12.255832835047894
-12.268073138380498
-12.277935346528508
-12.284688272565782
-12.2940681834876
-12.298150207785653
-12.306985750431426
-12.313047675452996
-12.319222513671688
-12.326087614400606
-12.333309826018063
-12.339386789875572
-12.345147622226701
-12.350296428604917
-12.35518148508507
-12.358799859561572
-12.361535626592955
-12.364382876074261
-12.366873812772337
-12.36857059085915
-12.371497488673121
-12.372986252255977
-12.375832914058357
-12.377208392997451
-12.37908196804384
-12.381148857742534
-12.383489995741325
-12.385799849884766
-12.387820350294161
-12.390212677187435
-12.392556418402476
-12.39421366165651
-12.395838242973406
-12.397185668138718
-12.398461729459697
-12.39983223808736
-12.400872006609722
-12.40209819950184
-12.403316653309366
-12.40447734051439
-12.405612981303978
-12.406831424628669
-12.408108114665952
-12.409488958006703
-12.41073234948442
-12.411872311578737
-12.412975601194782
-12.413775112005368
-12.414794603157201
-12.416187165272534
-12.417446085204764
-12.418583803824047
-12.420424261447643
-12.421648868240059
-12.42270259919816
-12.423990130284286
-12.424785596975948
-12.425756410424992
-12.426505573708447
-12.427185561234126
-12.427769430370695
-12.428462866091184
-12.42915197920438
-12.429801684221445
-12.430600176151923
-12.431289094550332
-12.43196694578329
-12.432664237864804
-12.433228013282227
-12.433861459370497
-12.434322379873155
-12.434733701210138
-12.435154234417414
-12.435580309348602
-12.43593237130547
-12.436257534142616
-12.43678248157196
-12.437141285593691
-12.437585820536665
-12.43791435364048
-12.438296045984885
-12.438851165837796
-12.439225596493898
-12.43957182992289
-12.439851209181702
-12.440091903475729
-12.440422877306167
-12.440840480966148
-12.441093275317378
-12.44136162562852
-12.441690268540327
-12.441998700362577
-12.442325203034708
-12.44265766214616
-12.44290325553484
-12.443180221399567
-12.443465255915465
-12.443907802427482
-12.44416105714695
-12.44445789816616
-12.444733417428317
-12.44511857927688
-12.445356183109562
-12.445570350371106
-12.44591192688948
-12.446137798698803
-12.44654092510879
-12.446756736552961
-12.447074074996706
-12.44751129210499
-12.447920803323557
-12.448166633017374
-12.44849280199881
-12.448748202179306
-12.449083875291368
-12.449367569042419
-12.44961369965465
-12.450155339361137
-12.450470401546216
-12.450762894870946
-12.45105122841033
-12.45127921089695
-12.451600039031804
-12.452058790891124
-12.452375593819646
-12.452961775352637
-12.453434853559322
-12.453891245078275
-12.454310369812372
-12.45460185311919
-12.455083917015795
-12.455434380942046
-12.45571992293044
-12.456090375276764
-12.456411884468073
-12.456797626986413
-12.457204907986082
-12.457544672530211
-12.457858814215104
-12.45825342873148
-12.45857947375839
-12.458861710153663
-12.45914810034878
-12.459367372736823
-12.459565934048852
-12.459948169623338
-12.459999387101352
-12.460310520293609
-12.460452253233994
-12.460685646490703
-12.4608457269193
-12.461075104409975
-12.461199752250373
-12.461341360707369
-12.461457524982826
-12.46163201318851
-12.461766148368492
-12.461879641778978
-12.461982303393892
-12.462158534130149
-12.462266443137024
-12.462374929949592
-12.462569797719919
-12.462678814285935
-12.462871357743856
-12.463011834925686
-12.463184073116846
-12.463316721266414
-12.463421381709766
-12.463569942767677
-12.463670678646013
-12.463803285739147
-12.463991751184551
-12.464133972397544
-12.464238123655758
-12.46444663845692
-12.464588921492094
-12.464692439655302
-12.464808378767094
-12.46492013182598
-12.464985052884236
-12.465137391946504
-12.465214758118515
-12.46531948030646
-12.46550513357888
-12.465614715753421
-12.46580568598221
-12.465920170627939
-12.466070016383277
-12.466268917305287
-12.466489726435093
-12.466695061670556
-12.466866309284889
-12.46715237282973
-12.467387660266578
-12.467570594444634
-12.467772558197064
-12.467963681660109
-12.468224147672778
-12.46853636144151
-12.468754645466479
-12.468993108994525
-12.46921817675649
-12.469529781798293
-12.469788649367995
-12.47001540497945
-12.470395103874038
-12.470627879515892
-12.470870785080582
-12.471205140743827
-12.471417752653576
-12.471746312909042
-12.471906094142774
-12.472249745438274
-12.472381371571057
-12.472578486138023
-12.472935220198515
-12.473141192078662
-12.47345995137361
-12.473696016071896
-12.473932025413603
-12.474153133117815
-12.474386082590794
-12.474562619858846
-12.474693318598678
-12.474894214817926
-12.47505291676212
-12.475182179184749
-12.475445337996815
-12.475528761081494
-12.47568660693314
-12.475845619513626
-12.475967118207993
-12.476218860615127
-12.476374297506018
-12.47659192952625
-12.476782925158629
-12.477024031310169
-12.477254667857965
-12.477471729286778
-12.477677133664592
-12.477905293102136
-12.478172901141747
-12.478301348748897
-12.478539198062807
-12.478665785740855
-12.47883360219856
-12.479031079889818
-12.479231595055685
-12.47938191822098
-12.479560271868035
-12.479687887834602
-12.479857436643561
-12.480017854004533
-12.480149361654355
-12.480277205188575
-12.480450200067482
-12.480533405042046
-12.480729978910675
-12.480854713139207
-12.480996634403455
-12.481210135684625
-12.481337552407743
-12.48149976442475
-12.481621593590019
-12.481765021249071
-12.481928818004116
-12.482093926404643
-12.48224154862299
-12.482376006254022
-12.482469541100619
-12.482622390285487
-12.482719503505674
-12.482809456451939
-12.482966757243272
-12.483035747979997
-12.483120744209758
-12.483264007951606
-12.483338876955182
-12.48340195134153
-12.4834922240218
-12.483593454579186
-12.483760493461709
-12.483844209008685
-12.484016214004658
-12.48413386640202
-12.484251468322867
-12.484352035884749
-12.484491673134041
-12.484619402572271
-12.484699791058587
-12.48484722296828
-12.484934866196614
-12.485055242120826
-12.485176895099436
-12.485251510451782
-12.485427137382546
-12.485523811401427
-12.485622213369211
-12.485682114127519
-12.485758557091991
-12.485862272711522
-12.48595877944624
-12.486050837866815
-12.486110301910589
-12.486180190920727
-12.486254194073366
-12.486303098501935
-12.486366698536102
-12.486453300735354
-12.486540830731618
-12.486618780582527
-12.486701026253794
-12.48676624819239
-12.486840717637198
-12.486890842531917
-12.48695687059752
-12.48703407334637
-12.487114754741501
-12.487176220902297
-12.487246575346976
-12.48730065816761
-12.487360879319997
-12.487431627920571
-12.487484250709763
-12.487557017886354
-12.48765874711663
-12.487700678280858
-12.487794570867457
-12.487852486008642
-12.487939616554456
-12.488007511719598
-12.488074639806797
-12.488157712359152
-12.488271884273674
-12.488317106871747
-12.488381043289221
-12.488432787710423
-12.488503084906302
-12.488571287809854
-12.488625675616365
-12.48873031903546
-12.488760089053008
-12.48886986656973
-12.48891288398145
-12.488979046567259
-12.489056763327678
-12.489151271426534
-12.489219410728136
-12.489305291543374
-12.489357559527551
-12.489415435633612
-12.489484689281161
-12.489523442433438
-12.489595217222794
-12.489660900495503
-12.48972860009385
-12.489784575229358
-12.489854285459156
-12.489915218267498
-12.489983359599167
-12.490055242661034
-12.490109354115678
-12.490179514360097
-12.490244519300774
-12.490317511147202
-12.490398735999875
-12.490488859991368
-12.490562211189243
-12.490619021376448
-12.490694462423619
-12.490768809135062
-12.490848431949921
-12.49091646964664
-12.490971996363704
-12.491020837633865
-12.491068349224257
-12.491144493156074
-12.491186857245982
-12.491226134709088
-12.491287309375032
-12.491326814958377
-12.491373587789024
-12.491444089324373
-12.49146923608268
-12.491525871263924
-12.491573981324102
-12.491646805010983
-12.49169199314679
-12.491739083564509
-12.491790451293534
-12.491850696183105
-12.491903640435464
-12.49196429425608
-12.491990487231165
-12.492044199718155
-12.492080917722133
-12.492122423979488
-12.492196018689143
-12.492225658350833
-12.492284294622612
-12.492327527397967
-12.492381245248328
-12.492426065300652
-12.492466640923801
-12.49251104432573
-12.492550162381374
-12.492613422211095
-12.49266290366701
-12.49269811875572
-12.492739857684963
-12.49277517562082
-12.492816089334196
-12.492865488130873
-12.492888342913709
-12.492915366499806
-12.492943053138706
-12.492969930488007
-12.492987196654036
-12.493036630860809
-12.493053572845561
-12.493094323238473
-12.493134676365498
-12.493180164759057
-12.493223953937067
-12.493286871145992
-12.493309560139792
-12.49335407370119
-12.493388395173788
-12.493423134782208
-12.49345591081252
-12.493501566075315
-12.493531723113382
-12.493557918218883
-12.493604322635463
-12.493627717275219
-12.493662663044406
-12.49368808022671
-12.493720721830531
-12.493752767698338
-12.493790719547373
-12.493814959058637
-12.493844084151835
-12.493867198224432
-12.493893335134352
-12.493915475441922
-12.493930442820327
-12.493957290727538
-12.49398082742699
-12.494001582370705
-12.494027896074432
-12.494041578514048
-12.494055752281216
-12.494077261030558
-12.494088646201233
-12.49410954151744
-12.494133946572319
-12.494144711754105
-12.49416929968482
-12.494183934145617
-12.494200418065459
-12.494219248319734
-12.49423274495829
-12.494251471576177
-12.494282307868056
-12.494295299455128
-12.494317344132714
-12.494339736855794
-12.494363883822702
-12.49437891164726
-12.494396240714417
-12.4944093372332
-12.494426785684352
-12.49444428864057
-12.49446155975666
-12.494476011894127
-12.494497114825625
-12.494513141571666
-12.49453086439373
-12.494561013228472
-12.494574530711974
-12.494589541206874
-12.494609665032732
-12.494621487984078
-12.49464156846291
-12.49466273241222
-12.494683014056008
-12.494699043968911
-12.494721191197861
-12.494736407224838
-12.494757178488621
