500 iters for seed 18 on 3R0.3 which is in the 95.21102905273438 percentile
 Maxcut: 20.0, MedianCut: 12.0
-11.998484279765135
-12.011252323002052
-12.02436241419141
-12.107102403812384
-12.212681170539396
-12.225176606039652
-12.285944931530468
-12.315563244790237
-12.36328079936879
-12.391970499899095
-12.418563036975357
-12.434720073689896
-12.456498635519466
-12.468050995988039
-12.481380191006632
-12.492236182214807
-12.506090684454445
-12.515661359408561
-12.526147890567021
-12.536308787251292
-12.545631647550026
-12.552126106405765
-12.557856690234312
-12.565354240139914
-12.5717290724485
-12.578219010227695
-12.582577932259976
-12.588384955220125
-12.592542289615666
-12.597674564288155
-12.601208152644729
-12.604958043856632
-12.60861802963436
-12.613187509545988
-12.617145504385238
-12.620511250082144
-12.624270106612801
-12.627747921803499
-12.63166453944098
-12.63563497518008
-12.639160406467925
-12.641528723621107
-12.643365742386615
-12.64559290853407
-12.647994537550034
-12.650237871784169
-12.65243926574879
-12.654946910614065
-12.657370155717523
-12.659171475047152
-12.661008827209749
-12.662285639373316
-12.66366729490855
-12.665340308512194
-12.666621281312217
-12.668378990525357
-12.670339219874625
-12.671473918934177
-12.673568425849522
-12.674588801736842
-12.676299620625011
-12.677546951007194
-12.678966162926654
-12.681022643320937
-12.68143204333732
-12.683311987869459
-12.6840096814072
-12.685152388729769
-12.686584169278483
-12.687951350967559
-12.689117629197227
-12.69046132297669
-12.691496469614325
-12.692979269371875
-12.694616505589067
-12.696155480821883
-12.697543942355361
-12.699222468167584
-12.699883603350859
-12.700944175004985
-12.701576127938992
-12.702350612267002
-12.703100389335718
-12.704073530685122
-12.704691507973642
-12.705441494647484
-12.706097297273615
-12.706852556006574
-12.70796274129092
-12.708521673320403
-12.709111632788858
-12.710205231429944
-12.710740606278309
-12.71133243174506
-12.712287135040036
-12.712727945048922
-12.713239253113846
-12.714207386780107
-12.714619212452417
-12.715067422146376
-12.71558289033147
-12.715994547688014
-12.71633078569944
-12.717140015180004
-12.717479940159128
-12.71793494742802
-12.718599768512842
-12.719026973721911
-12.719581630273384
-12.719980392250417
-12.720459976558299
-12.720989334091142
-12.721629586053668
-12.72211774984073
-12.722538374272482
-12.723230431767695
-12.723658643189736
-12.724070867425135
-12.724636514999506
-12.724956958858353
-12.725476120104275
-12.725866708504451
-12.72634618109386
-12.726706442512866
-12.727016443578252
-12.727365133570748
-12.727724508764213
-12.728138383630972
-12.728438854876442
-12.728729857354114
-12.729034771087887
-12.729303980269371
-12.72953854518213
-12.729911909092596
-12.730080195431945
-12.730324400765397
-12.730696735899455
-12.730862017138602
-12.731273009054542
-12.731451080010897
-12.731697967851103
-12.731866876622767
-12.732170228885842
-12.732381706292283
-12.732577931245775
-12.733056650426525
-12.733288369871055
-12.7336625957768
-12.733951252143644
-12.734256479948627
-12.73448581079043
-12.73469911077603
-12.735000652983048
-12.735199643110628
-12.735535407929191
-12.73571171843178
-12.73592874293783
-12.736106314200796
-12.736296459659867
-12.736552997973764
-12.736737008122365
-12.73691378510477
-12.737124624928947
-12.737291363293727
-12.737540927431649
-12.737774260337341
-12.737934644397505
-12.738143759883108
-12.738279475329161
-12.738472351734895
-12.738759751249322
-12.73892136775271
-12.739192000087083
-12.739450811098884
-12.739723156017895
-12.739927097985111
-12.740114804668623
-12.740446875711166
-12.740780034796444
-12.741032836954764
-12.741333868447821
-12.74152627924131
-12.74178466039021
-12.742134450271193
-12.742294639316086
-12.742485013060259
-12.742919213965383
-12.74326140218749
-12.743429177554498
-12.743653366182814
-12.74395124584304
-12.744101928012372
-12.744383421570944
-12.744587393240426
-12.744790084257172
-12.745125683700978
-12.745199089976799
-12.745611437223868
-12.745742433015229
-12.745959613865315
-12.74612506491524
-12.746377897708111
-12.746585519661599
-12.746722658471578
-12.747113393635678
-12.747312773770124
-12.747625192590434
-12.747978815025078
-12.748328127744374
-12.74870989986612
-12.749094901740076
-12.749441140311738
-12.749768947477085
-12.749999724666113
-12.750327662725894
-12.750509442748529
-12.750757424764977
-12.750977776605154
-12.751174591658321
-12.751550276653816
-12.751769213384557
-12.752154132599715
-12.752467362506424
-12.752777011247918
-12.753054226651084
-12.75336518910999
-12.753740662266496
-12.753952726618273
-12.754136751803623
-12.75442879181661
-12.754519483666497
-12.754706993689034
-12.754859839477518
-12.754986332905226
-12.755208182267637
-12.755385567631876
-12.755763427314466
-12.755910208966089
-12.756048571920992
-12.756199157199081
-12.756384020849804
-12.756573641196129
-12.756701372745917
-12.756829025574566
-12.756864618088242
-12.75712945951029
-12.757231578039384
-12.757332944643473
-12.757465400975532
-12.757500657693498
-12.757873132352337
-12.757986618267257
-12.758140551843292
-12.758340438747412
-12.75857026577755
-12.758943002535913
-12.759115271932748
-12.759342968424624
-12.759584909165776
-12.759919413948914
-12.760174643522
-12.760439739014394
-12.760602150987786
-12.760941262061184
-12.761050962708875
-12.761338160243849
-12.761483046530321
-12.761645646601986
-12.761949751423078
-12.762122543780096
-12.762416474583054
-12.762563459698068
-12.762730841815541
-12.7628855812873
-12.76307487445186
-12.763220609000392
-12.763378111290189
-12.763550728620999
-12.763751172091244
-12.764036017449651
-12.764289537689345
-12.76447336893194
-12.76468281480597
-12.764827259325115
-12.765032395254067
-12.765243936906181
-12.76538147234511
-12.765491381773968
-12.76571370194066
-12.765828521455997
-12.765973702825017
-12.76612104650043
-12.766220263128215
-12.766353178431878
-12.766500259533185
-12.766604165041358
-12.766746666102316
-12.766849321423557
-12.767061136185523
-12.767196052211137
-12.767346493079664
-12.76759942749089
-12.767762863911685
-12.768048890785673
-12.76826385491064
-12.768509687163153
-12.768550506380384
-12.768791433387642
-12.768896036320754
-12.769041717725852
-12.769255987706078
-12.769430614874844
-12.76973634589615
-12.769946497378413
-12.770165836591007
-12.770342904319605
-12.770541519484423
-12.770847565640148
-12.771024672461914
-12.77135072152202
-12.771484213056535
-12.771974302996892
-12.77218845329058
-12.77243560631533
-12.772808421549273
-12.773017501782888
-12.773307833105257
-12.773446788735807
-12.773666339802352
-12.773932249283316
-12.77424499733807
-12.774425427064743
-12.774648123327857
-12.774871655475094
-12.775140287407153
-12.775503395611567
-12.775719590759111
-12.775969134131376
-12.77628540733145
-12.77646956363396
-12.776683785821804
-12.776980104457397
-12.777222686625008
-12.777369771312511
-12.77772170016296
-12.777856591163296
-12.778058504399269
-12.778330868829574
-12.778411545552752
-12.778794636843378
-12.778897932450274
-12.77909999585134
-12.779234219250956
-12.7795045342639
-12.77965423603889
-12.77981246022253
-12.78000715059833
-12.780233476012146
-12.780419361567729
-12.780676567824816
-12.780863727740485
-12.781037919271721
-12.781386578189363
-12.781565839560619
-12.781763887896975
-12.782115320553704
-12.782301325355046
-12.782515921209077
-12.78281646578067
-12.78299976809599
-12.783237145897573
-12.783465265298155
-12.783745877353544
-12.784031380725988
-12.784252629421584
-12.784545646696303
-12.784835651269667
-12.78503510321401
-12.785347997835013
-12.785532013523166
-12.785868667246364
-12.786091108506772
-12.786313067545873
-12.786685984929187
-12.786935219270603
-12.787215039792391
-12.78743347613743
-12.787675661740739
-12.787996196557541
-12.788270788070642
-12.788498700610898
-12.788692896187934
-12.789000415103871
-12.789236852221112
-12.78948719108577
-12.789734189584951
-12.789973332651073
-12.790237180658675
-12.790447376376967
-12.790704583964832
-12.790885931016737
-12.791101802844057
-12.791371597720337
-12.791558348425323
-12.791893417888858
-12.79224669990401
-12.79240644212847
-12.79266691026721
-12.792850835829777
-12.79308650641543
-12.793278169343402
-12.793420684887367
-12.793688848597963
-12.793884635225982
-12.794080547329244
-12.794223410957343
-12.79436996371112
-12.79453587862125
-12.79476493199472
-12.794859776048776
-12.795020192943339
-12.795169009135334
-12.795349860643476
-12.79548941065759
-12.795646475102423
-12.795763062966333
-12.795890558721368
-12.796071457009631
-12.796162220959605
-12.796276801022309
-12.796416311275006
-12.796570280666922
-12.7966346484743
-12.796800845113246
-12.796906051490959
-12.797031316442931
-12.797157746238273
-12.79727082755355
-12.797413519588275
-12.797574815402177
-12.797678915607142
-12.797828502533662
-12.797991919950755
-12.798173263200216
-12.798408074761603
-12.79855725842944
-12.798724038204496
-12.798914687026599
-12.799082131189664
-12.799175008292902
-12.799361638061608
-12.799388460272478
-12.79957157401191
-12.799660882958168
-12.799761618976364
-12.799898840311533
-12.799981127206504
-12.800139060361051
-12.800255696447579
-12.800402425050818
-12.800514179636787
-12.800601167681977
-12.800724163030303
-12.800830197164618
-12.800927704250514
-12.801084379639272
-12.801161684591376
-12.801245326358142
-12.801369287342027
-12.801447670068539
-12.801541203867117
-12.801674902636977
-12.80173712804363
-12.801828638805345
-12.801910012352796
-12.80199094887708
-12.802084834304413
-12.802166873243507
-12.80223842753366
-12.802366382844157
-12.802462339195321
-12.802545387918585
-12.802664937239355
-12.802741431031535
-12.802864783289671
-12.802913010694548
-12.803020554785544
-12.803080663868952
-12.803164184718915
-12.803295638884407
-12.803358552398423
-12.803474505797634
-12.803558383766196
-12.803662475506572
-12.803751976423307
-12.803835149018091
-12.803948993745978
-12.804026886266035
-12.804121086344077
-12.804206851017227
