500 iters for seed 26 on 3R0.3 which is in the 95.18661499023438 percentile
 Maxcut: 20.0, MedianCut: 12.0
-11.861258101354517
-11.97020685146863
-12.015879103440325
-12.0668128120727
-12.099950191551718
-12.123998716055244
-12.159295982448786
-12.180073489853658
-12.198126970372776
-12.21458325436583
-12.228558417188282
-12.242442341769568
-12.255588960332238
-12.265940740036308
-12.277405249804598
-12.289769809879624
-12.300000068972928
-12.311332004480379
-12.31861520810924
-12.324335980312657
-12.331218723105028
-12.33462492895423
-12.339110607708554
-12.34249480340758
-12.34614516157904
-12.350117551812316
-12.354121803111559
-12.357105417394239
-12.359775788917066
-12.363166072383326
-12.365291147237842
-12.368828775138129
-12.370714433799867
-12.372882597605184
-12.374662486343055
-12.376746627832864
-12.378445878526435
-12.380372571482935
-12.382330372190447
-12.385345546169177
-12.387555955107988
-12.39026757907546
-12.391881939825291
-12.394264599414042
-12.395703964804222
-12.396958565290806
-12.39890670219001
-12.400104910041659
-12.401363680940525
-12.40233170936917
-12.40339137372311
-12.404713051801217
-12.40580928010149
-12.406766023728675
-12.40800381304533
-12.408782731355391
-12.409916543942916
-12.410613126850599
-12.411359732451388
-12.411939848233223
-12.413158596399057
-12.41366835749984
-12.414288896872135
-12.415216744744704
-12.415790964000886
-12.41658452742188
-12.417141572139544
-12.417823048204042
-12.418530983690967
-12.419176330679948
-12.419718741503322
-12.42026051126353
-12.421017567703501
-12.421816739034607
-12.42257449926453
-12.423393688063635
-12.424067883088213
-12.424602323889756
-12.425368050740127
-12.425948954386595
-12.426699554398548
-12.427309441887667
-12.427774841835939
-12.428307843216015
-12.429250415051428
-12.429678280881395
-12.430305369605382
-12.43109087675083
-12.431703434221486
-12.432251874412676
-12.432708545916288
-12.433155588409427
-12.433691660963332
-12.434138911951967
-12.434449532113552
-12.434832813303874
-12.435130631940073
-12.43554970474251
-12.435874631739095
-12.436269299712603
-12.436658224517911
-12.437048380014373
-12.437548304694076
-12.437887543090753
-12.438306022629614
-12.438750387423802
-12.439009305443657
-12.439302875806133
-12.439597141024462
-12.439848826514556
-12.440069048831194
-12.440369873352127
-12.440593078169687
-12.440845770130926
-12.441379267646107
-12.44149497730742
-12.442176775361037
-12.442394794790234
-12.442765207708833
-12.44297774823534
-12.443417313617921
-12.443706339403029
-12.443979299312243
-12.444588886383121
-12.444969492881349
-12.445680327905745
-12.446188639815016
-12.446590989359702
-12.446902942448547
-12.447272839494484
-12.447681135430901
-12.448120901404863
-12.448597795285913
-12.448881793412756
-12.449230606311737
-12.449433738638405
-12.449895433853575
-12.450153495805639
-12.450379967608063
-12.450734456155574
-12.450972277950616
-12.451362940874695
-12.45167080166901
-12.452071359683275
-12.452430027909507
-12.452840711735309
-12.453090495038627
-12.45331769838443
-12.453546264424851
-12.453856876473274
-12.454249521876825
-12.454586823453758
-12.454839464744465
-12.455345681445255
-12.455610778449099
-12.455966649318038
-12.456318984336809
-12.456599388020066
-12.457185455118722
-12.45749188440205
-12.457864694316402
-12.45819195896437
-12.458602330732608
-12.458971522438725
-12.459323090732653
-12.4596355413705
-12.459961638185087
-12.460065009408087
-12.46083307637567
-12.461032198731536
-12.461320706407289
-12.46172818374829
-12.461827000465703
-12.462587489433622
-12.462823507638356
-12.463218258533054
-12.463616437486005
-12.464123427212517
-12.464578303885476
-12.464922686179621
-12.465289791650624
-12.46571714998447
-12.466293065845994
-12.466642076313498
-12.467078591977256
-12.467559017466655
-12.46796296703317
-12.468701924976981
-12.469044736923498
-12.469388819988449
-12.4696806915723
-12.470010114182159
-12.470397200982308
-12.47069664424182
-12.47095225159568
-12.471185509254946
-12.471621567408453
-12.471911870422682
-12.47217787346457
-12.472424683621407
-12.472634836213363
-12.472893026999934
-12.473143707541832
-12.473369537608866
-12.473615189890609
-12.473835223460974
-12.47406699482323
-12.474272486623933
-12.474543551479975
-12.47479627832514
-12.475034959868736
-12.475263314599962
-12.475487861072894
-12.475720448004173
-12.475956704274566
-12.476265385895879
-12.476445810574742
-12.476630243373144
-12.476864575707378
-12.477022597413123
-12.477248819714426
-12.477483936480915
-12.47766971632597
-12.47783772731736
-12.478085909277743
-12.478219130095077
-12.478380773646377
-12.47857555890308
-12.478705817377282
-12.478760122013034
-12.479011621251646
-12.479092062004057
-12.479219367592286
-12.479404542169112
-12.479501778252791
-12.479729551849704
-12.47982671492213
-12.479980444024894
-12.480111858861786
-12.480327035851102
-12.480481938250868
-12.480620947591186
-12.480832682718875
-12.480996587998064
-12.48113502976124
-12.481251695660509
-12.481361134196742
-12.481518599673574
-12.481658581987709
-12.481756306819204
-12.481895856404119
-12.482043947747389
-12.482206994418274
-12.482341214497767
-12.482438463227957
-12.482590508245108
-12.482746704628031
-12.482896505944964
-12.483066327959481
-12.483242479427146
-12.483415345875796
-12.48360632949801
-12.483773203284091
-12.483956660085866
-12.48414825235156
-12.48432145217651
-12.484444836114617
-12.48467853670099
-12.48480884140634
-12.485000402290375
-12.485127455672309
-12.485220177954798
-12.485390606740976
-12.485532929036793
-12.485617003022151
-12.485706988996995
-12.48578327167428
-12.485886481793623
-12.486016881210405
-12.486124751611362
-12.486195453772826
-12.486318683763182
-12.48646203976951
-12.486541180488047
-12.486704016534224
-12.486777594175342
-12.486895670971359
-12.487017380222047
-12.487118106722248
-12.487312183349069
-12.487373532793846
-12.487534462246465
-12.487601199446534
-12.487727354286028
-12.487879598019948
-12.48802622776005
-12.488136321288138
-12.488252575276329
-12.48833149826348
-12.488457328467888
-12.488573989535574
-12.488685152185036
-12.488758442309283
-12.488874668815
-12.488966104477319
-12.489065254317193
-12.48919760519215
-12.489306713362907
-12.489403750811492
-12.489591475061937
-12.489668891593446
-12.489781879230849
-12.489913473998318
-12.490054278980118
-12.490185274023883
-12.490282500559536
-12.490379436073285
-12.490481089380502
-12.490564108757342
-12.490658678656155
-12.490756378659217
-12.490882420903727
-12.490920040146595
-12.49106855088432
-12.491139364990769
-12.491233634066653
-12.491329972387234
-12.491452686982566
-12.491556686066891
-12.491673579011907
-12.491787287872567
-12.491905819834496
-12.492066569890914
-12.49213131971197
-12.492210078996099
-12.492326851495731
-12.492392147623075
-12.492454291891626
-12.492552446028432
-12.492616653277308
-12.492706890865229
-12.492747631250221
-12.492807677436254
-12.492883985842113
-12.492940339549271
-12.493004432590597
-12.493094048807663
-12.493155226475011
-12.493224864001695
-12.493323281535329
-12.493366852706576
-12.493429634489726
-12.493495519276856
-12.493545688547265
-12.493631856725477
-12.493685801483842
-12.493733340159055
-12.493783459072086
-12.493835417140971
-12.493898112293216
-12.493968457140703
-12.494014781224237
-12.494054169453038
-12.494149887296643
-12.494190707954854
-12.494246079878447
-12.494285692177595
-12.494333496916477
-12.494412185675824
-12.494465566174863
-12.494561910771285
-12.494628697423572
-12.494691455053879
-12.494745440045259
-12.494796723318288
-12.49487353979584
-12.494933250641154
-12.494989437437296
-12.495088448371265
-12.495142284288367
-12.495220480974435
-12.495283904242477
-12.495348587503052
-12.495425896659714
-12.495487784760964
-12.495550966156852
-12.495609039424902
-12.495659196162546
-12.49572096960755
-12.495771146265998
-12.495818175907164
-12.495852832636112
-12.495899378172485
-12.495943559128463
-12.495987618551421
-12.496031195913059
-12.496075671428892
-12.496113471775228
-12.496141325563963
-12.496185238775443
-12.496214958802655
-12.49625592211667
-12.496297846349112
-12.496330359172553
-12.496366044347415
-12.496415915151184
-12.496449020167118
-12.496477111210462
-12.496535269034876
-12.496561550961436
-12.496592496338472
-12.49665255494225
-12.496693403188074
-12.496747306576184
-12.496787346117493
-12.49682886891832
-12.496869210757993
-12.496909487582798
-12.496949225291077
-12.496980469650977
-12.497015121829563
-12.497046387647234
-12.497081162855043
-12.497105828891584
-12.497134194713698
-12.497147728767287
-12.497189931469254
-12.497208239033174
-12.497229555312904
-12.49726710928398
-12.497289595493847
-12.497320609174068
-12.49734170175938
-12.49737164292686
-12.497381352811782
-12.49741348131773
-12.497428682777308
-12.497444819191747
-12.497474606471592
-12.497504443070865
-12.497553088781297
-12.497573441528294
-12.497594457940242
-12.497611564445082
-12.497632942091125
-12.497663158857923
-12.49768386166488
-12.497718002482745
-12.497749304779564
-12.497771612075368
-12.497796921812784
-12.497821080906826
-12.497845701182468
-12.497869196444032
-12.497891309401549
-12.497917377560217
-12.497943623920879
-12.497965615203476
-12.497989315136138
-12.498015056788283
-12.49804014529414
-12.498062782145318
-12.498090262479163
-12.498118347546624
-12.49816185614758
-12.498180914709852
-12.498211349463011
-12.498232207081639
-12.498263195153942
-12.498285992857278
-12.49830109822374
-12.498331590924177
-12.49835530896902
-12.498380583528563
-12.498404571208003
-12.498425805070983
-12.498477834425536
-12.498508336688236
-12.49853797595397
-12.498580098661465
-12.498609076807186
-12.498633741543536
-12.49868258860355
-12.498702472224887
-12.498733813675567
-12.498757911339615
-12.498792460114275
-12.498810080088932
-12.498826274481605
-12.498852194891313
-12.498867012153276
-12.498901498680658
-12.498919672094374
-12.498939350444433
-12.498971573099238
-12.498999859842538
-12.499019409598485
-12.499041706246318
-12.499061952975202
-12.499074699346155
