500 iters for seed 68 on 3R0.3 which is in the 94.95010375976562 percentile
 Maxcut: 20.0, MedianCut: 12.0
-12.125366981866984
-12.17870322517222
-12.215428041154249
-12.245745001071707
-12.274471834946542
-12.292656291929026
-12.312452254136478
-12.324757957094166
-12.335354746567054
-12.345389440705079
-12.354768384572811
-12.363985196562576
-12.371020654097432
-12.379283229067552
-12.387225830316357
-12.39351121583163
-12.400304584451888
-12.406249607365417
-12.411678252387311
-12.417144578700903
-12.421628347365642
-12.425654938422994
-12.430832746550337
-12.434030115118986
-12.437654886143795
-12.441550512148106
-12.443584239318868
-12.44651798327688
-12.449105922676145
-12.45099063905194
-12.453090758248326
-12.45553245100205
-12.45749830579501
-12.459141732667867
-12.461297896873015
-12.462941548683606
-12.464829695832849
-12.467352304996975
-12.469493167747988
-12.471907701877456
-12.473931470295454
-12.475889556820839
-12.477898864769962
-12.480502781309127
-12.482518344899628
-12.484509459301107
-12.486475016340025
-12.488231518548105
-12.49000839782687
-12.491707871187014
-12.492801584271252
-12.4939563204061
-12.495247863030364
-12.496257348353712
-12.497539340173272
-12.499030386045877
-12.499829874433853
-12.50100295776216
-12.501785661165592
-12.502824747531719
-12.50366745034484
-12.504490062814869
-12.505669557819845
-12.506986601195258
-12.507966093132822
-12.509437212090443
-12.51021064163886
-12.511174482454095
-12.512037256017488
-12.512784983689277
-12.513425647673436
-12.514241316793308
-12.51475244679269
-12.51536182573745
-12.515885157766279
-12.516311914953166
-12.516875924829305
-12.517256012538708
-12.517761522707923
-12.518174157144125
-12.518518964528777
-12.51882693438798
-12.519365330444167
-12.519683799499921
-12.520047914674198
-12.520667148912935
-12.520902560693546
-12.521657304198746
-12.521966088730563
-12.522466638483406
-12.522837278880768
-12.523546657055444
-12.523989063880883
-12.524477092711898
-12.52520930979674
-12.525594102185392
-12.526257035118604
-12.52656993201972
-12.52699856874176
-12.527724168492187
-12.528129680818706
-12.528541997096283
-12.528968679447821
-12.529333392130482
-12.52983748204815
-12.530442019949403
-12.530850389555955
-12.531312880931374
-12.531747221692754
-12.532308969526039
-12.532718459840844
-12.533433931835402
-12.53392074781879
-12.534454010002351
-12.53479644031199
-12.535545909191363
-12.535946939360295
-12.53635053446521
-12.536926024425249
-12.537277759194641
-12.53771624382843
-12.538042639992804
-12.538451699129162
-12.538808323639914
-12.539201065580142
-12.539559836609897
-12.539861579319039
-12.540294628708997
-12.540756566598057
-12.541013071461542
-12.541382745892147
-12.541617019016174
-12.541879412824848
-12.542169060596294
-12.542356817028955
-12.542621431607463
-12.54296898235965
-12.543145323623232
-12.543471766258998
-12.543576754518018
-12.543933271647788
-12.544107591623717
-12.544298305547184
-12.544586901929984
-12.54476835018202
-12.545343732960337
-12.545552558074691
-12.545775883095882
-12.546033318191537
-12.546345098630248
-12.546593342272587
-12.546887238629491
-12.547100462394619
-12.54737822675384
-12.547735389991914
-12.547991646764919
-12.548271017565684
-12.548567810883936
-12.548817810443934
-12.548993093325999
-12.549286487811738
-12.549408041259781
-12.549639586540248
-12.549803580901072
-12.549967799254144
-12.55027423187346
-12.550450111740798
-12.550721281809196
-12.550904010998972
-12.55108165156142
-12.551248901897404
-12.551440733347611
-12.551635903058632
-12.551822934998723
-12.551979817743867
-12.552172231019753
-12.552237826933645
-12.552439541941286
-12.552538120003103
-12.552661449654522
-12.552809326848076
-12.5529616267264
-12.553059808968767
-12.553183418486542
-12.553276523251817
-12.553358806348797
-12.553491039860724
-12.553577087777398
-12.553680722199637
-12.553821371668711
-12.553898019487821
-12.55400052258425
-12.554092679522899
-12.554167053832938
-12.554290588843282
-12.554371367318277
-12.554459241714525
-12.554544456932113
-12.554631543312826
-12.554728363289785
-12.554819211374936
-12.554913658355268
-12.555004316758776
-12.555117779012704
-12.555220192650232
-12.55531599422129
-12.555418660045625
-12.555533090751997
-12.55563285045728
-12.555793770835201
-12.555887910968531
-12.555980118396302
-12.556029021673641
-12.556142755918184
-12.556207085119953
-12.556276953830594
-12.556397643637482
-12.556469149021751
-12.556597201143335
-12.556692742957516
-12.556811699684754
-12.556921956174238
-12.557026719389972
-12.55715528775582
-12.557232058595972
-12.557315311115525
-12.55743477634689
-12.557517348967512
-12.557571237868164
-12.55769397264343
-12.557749119926001
-12.557813139337208
-12.557912109920858
-12.557970271830992
-12.55806139518654
-12.558171323281421
-12.558218723236655
-12.55827724701667
-12.55832702536808
-12.558391030014906
-12.55846039495118
-12.558503473048006
-12.55858806646298
-12.558691375753973
-12.558740513259176
-12.558826081788922
-12.558889781235052
-12.558955241508473
-12.55905427052087
-12.559110441616651
-12.559187843160998
-12.55931095413864
-12.559375416609093
-12.55943723414387
-12.559533349541347
-12.559599072631766
-12.559650055501358
-12.559776071903194
-12.559821367602945
-12.559884657190775
-12.55993433104245
-12.560019205076989
-12.560092212815373
-12.560152376450327
-12.560246206572225
-12.5603523906096
-12.5604334119903
-12.560547302049391
-12.560635314696377
-12.560711375645791
-12.560870617349169
-12.56095310346625
-12.561033116467001
-12.561194272150448
-12.561275824632837
-12.561404318482554
-12.5614905974593
-12.561605449289221
-12.561668367866087
-12.561759409477554
-12.56184125544305
-12.561919647870658
-12.56202319542885
-12.562093920801516
-12.562185786670488
-12.562269377623347
-12.562358575761058
-12.562422997646097
-12.562538232041108
-12.562612901612127
-12.56271780000302
-12.562829479727503
-12.562911557830965
-12.562977748442261
-12.563145999324632
-12.563216468989326
-12.563300140300438
-12.563434426993545
-12.563524136393418
-12.563671279656093
-12.56376455561276
-12.563881802567206
-12.563974328726657
-12.564052565516056
-12.564177458535983
-12.564243496120758
-12.56431419222092
-12.564439377805265
-12.564503924533795
-12.56460185033697
-12.564641038888713
-12.564726017830166
-12.564772218774404
-12.564831767190476
-12.56491329887236
-12.564963619885091
-12.5650277204567
-12.565078670233321
-12.565138854809318
-12.565203631481157
-12.565269862153155
-12.56534608278447
-12.565403519972852
-12.565492890848361
-12.565576111987603
-12.565649650322568
-12.565717378851534
-12.565788797784126
-12.565856720954791
-12.565944601343432
-12.566001215462297
-12.56606990169372
-12.566150100778337
-12.566204877528676
-12.566275682333785
-12.56634121359847
-12.566434737582341
-12.56646820881265
-12.566542547701026
-12.566567716247853
-12.566639196213758
-12.566680726995092
-12.56673018452262
-12.566812265585918
-12.566865100605689
-12.566929953946111
-12.566984160606674
-12.567052490439067
-12.56709480835853
-12.567180171810813
-12.567221545100155
-12.567264095895466
-12.5673018833899
-12.56734867427012
-12.567378225612334
-12.567416642256042
-12.567454622884126
-12.567500888376635
-12.56753657120085
-12.567567148861864
-12.567599211890592
-12.567629023870792
-12.567664511923551
-12.56769090362479
-12.567724947585562
-12.567761781472912
-12.56779770494263
-12.567817585441658
-12.567865594110508
-12.567874406172653
-12.56791576905966
-12.567934914086832
-12.56795918157054
-12.567992523430123
-12.568029050846262
-12.568088547886173
-12.568115787951909
-12.568146766857298
-12.568172250220929
-12.56820493024387
-12.568234652871546
-12.568260266797145
-12.568284346315835
-12.5683054375846
-12.568340238936386
-12.56835802922619
-12.56838188739763
-12.568404787851234
-12.568423035473591
-12.568438416721815
-12.56847609492942
-12.568492432433807
-12.568510307339036
-12.568536980658099
-12.568549700332781
-12.568590828968166
-12.568604082948548
-12.568626406361021
-12.568656716081534
-12.568679514348881
-12.568707499129308
-12.568728838791381
-12.568748475387824
-12.568764341594395
-12.568800019165435
-12.568811188979321
-12.568826271636837
-12.568844125271259
-12.568864388968235
-12.568882876441824
-12.56890170182557
-12.568919136327075
-12.568936498910011
-12.568959609138412
-12.568973481378231
-12.568991762346627
-12.569009168387007
-12.569021607685684
-12.569039221497384
-12.569049450155303
-12.569061491136107
-12.56907558035978
-12.569083036176627
-12.569093397294836
-12.569108844502084
-12.569118288524098
-12.569132733662773
-12.569144215760558
-12.569156307389173
-12.569174001486116
-12.569183934204597
-12.569199222558908
-12.569213964883842
-12.569232287880904
-12.569241800863685
-12.569258602220433
-12.569265489251105
-12.569282788520608
-12.56929429097298
-12.569306646364195
-12.569326920032372
-12.569341894026138
-12.569360366872209
-12.56937600988943
-12.569394927746128
-12.569415419816123
-12.569434549029612
-12.569457279249983
-12.569471646500574
-12.569488303601014
-12.569508999866702
-12.569526385393948
-12.569535864510858
-12.569567302645304
-12.569580910285504
-12.56959411700447
-12.569626759403105
-12.56963524958218
-12.569654246178114
-12.56967206609867
-12.569687042781089
-12.569711480278054
-12.569728359735691
-12.569742139212842
-12.569752809467104
-12.56976580803193
-12.569781535677414
-12.569798148969682
-12.569814881175335
-12.569832853816939
-12.569853886015972
-12.569873452744858
-12.569892904864863
-12.569911950546512
-12.569938050667233
-12.569942955390015
-12.569972735806267
-12.569985232529406
-12.570004223129914
-12.570032785785678
-12.570056147569318
-12.570087605951288
-12.570109721055745
-12.570132946561824
-12.570149635697765
-12.570176561089182
-12.570196563505023
-12.57021127403462
-12.570240250418717
-12.57025908204266
-12.570279543899659
-12.570293188837766
-12.570310141300187
-12.570319353231415
-12.570349119855491
-12.57036018604261
-12.570377189429129
-12.570400868154003
-12.570417034065153
-12.570437095394364
