500 iters for seed 149 on 3R0.3 which is in the 5.597686767578125 percentile
 Maxcut: 22.0, MedianCut: 12.0
-12.098851713323269
-12.16015104405216
-12.197510084501177
-12.226163195987553
-12.25677127865141
-12.27822696006327
-12.299467541300643
-12.312695709037257
-12.327714803948421
-12.338851281231921
-12.349630097036759
-12.35843026340275
-12.366610150065029
-12.374083844468368
-12.380824810282217
-12.386290885296319
-12.391133382305782
-12.396202579869115
-12.402379458368227
-12.407421241839408
-12.412155423930633
-12.416607714944094
-12.420767320780145
-12.424831815045751
-12.42792767477322
-12.43009747557836
-12.432737340812281
-12.435852771583095
-12.438649618447693
-12.440679355432847
-12.443499280993231
-12.445670207639136
-12.447425520567819
-12.450411918898393
-12.452402898271776
-12.454667937633479
-12.45698366467552
-12.459112327855085
-12.461966734421836
-12.464311852748615
-12.466410321698064
-12.467768969710285
-12.469736603121753
-12.471656793393166
-12.47300312681039
-12.475434838831841
-12.4775503951333
-12.479711892303811
-12.481401961436331
-12.483307187941561
-12.484887074328402
-12.486562921893277
-12.487817181547884
-12.488741920889158
-12.489879471116392
-12.491474233474733
-12.492426608870216
-12.493535539035248
-12.495146621817293
-12.496340963389363
-12.497690830105569
-12.498907003990263
-12.500027906332482
-12.501045751291654
-12.501808886622616
-12.50276480152579
-12.503197885845982
-12.504002842919222
-12.504540362479498
-12.505103888792958
-12.50624534158882
-12.506952860688074
-12.507925416667295
-12.5089912368015
-12.509846001705954
-12.510616511463951
-12.511358784186989
-12.51213657881825
-12.512613216649795
-12.51314046852833
-12.513711824047654
-12.514074769343193
-12.51444200195467
-12.5149172974728
-12.515177029630806
-12.515901211113416
-12.516165506178263
-12.516551340287249
-12.516942935553896
-12.517290327928492
-12.517680741562916
-12.518043371258713
-12.518395659987819
-12.518659504922196
-12.518952941069461
-12.519205509319441
-12.519452491557313
-12.519667512787793
-12.519904567845384
-12.52030468542072
-12.520573590004545
-12.520890684027304
-12.521258480856115
-12.521559606736284
-12.521899206789051
-12.522163932478353
-12.522397295436342
-12.522562181871123
-12.52281708410035
-12.523076730417143
-12.523314642266268
-12.523561112998662
-12.523780690064832
-12.524157417280767
-12.52450091630445
-12.5247928178628
-12.525216750965026
-12.525436289892806
-12.525681784099085
-12.525979266556133
-12.526106027707973
-12.526269976634937
-12.52652444627325
-12.526812700356835
-12.526914134384478
-12.527234768212214
-12.527377108287808
-12.527530035490477
-12.527811793615925
-12.527929102445098
-12.528098938496818
-12.528239637084022
-12.52837806539301
-12.528617752621631
-12.528708548969771
-12.5288717934368
-12.528989004515935
-12.52914201137932
-12.529315838983234
-12.529535508727797
-12.529791298426419
-12.529970660620055
-12.530332911950147
-12.530523810370054
-12.530777536077053
-12.531074047130138
-12.531285378002027
-12.53151646139376
-12.531769862208535
-12.531988363751989
-12.532201192607301
-12.532421605267247
-12.53269551516185
-12.53302152368198
-12.533461684807062
-12.533878189269776
-12.534284583910875
-12.534694360901547
-12.535260609857378
-12.535660294353264
-12.536088026126425
-12.536527265865296
-12.536871061918113
-12.53722988052829
-12.537597817463158
-12.537868277632679
-12.53813035842936
-12.538436870727052
-12.53876100504213
-12.539066879590996
-12.53940063190913
-12.539681482272357
-12.539932456013728
-12.540185695220549
-12.540491137599574
-12.540764180206276
-12.540968998753618
-12.541182389859063
-12.541236724273638
-12.541561754482515
-12.541659489125824
-12.54178348632691
-12.54191198598664
-12.542042102339728
-12.542228144942161
-12.542352510484859
-12.542514575389403
-12.542659370517876
-12.542752958421403
-12.542898741303574
-12.543014652356092
-12.543179644592408
-12.543282581294514
-12.543388941003899
-12.543491326917346
-12.543681017549915
-12.543796814994888
-12.54390326298182
-12.544072492858536
-12.54419140884141
-12.544382405133879
-12.544490342245904
-12.544627566727105
-12.54474529138377
-12.544861922726188
-12.545054035997122
-12.545178559895913
-12.545301563756823
-12.545492762700256
-12.545588119756928
-12.54570952543881
-12.545878082549399
-12.545992056678687
-12.54606707601959
-12.546220620083027
-12.546298714817585
-12.546407528782765
-12.546526971200665
-12.546608657378567
-12.546764239769793
-12.546912454552336
-12.54700901052495
-12.547127355416862
-12.547235270698737
-12.547387774154002
-12.547634314892624
-12.547685130879678
-12.547927859754509
-12.548041952180707
-12.548230311779067
-12.54849626424615
-12.548697043637182
-12.548915729661278
-12.549136021554613
-12.54927383436027
-12.549448420538162
-12.549646309243574
-12.549797850637102
-12.550042862223933
-12.550288005020777
-12.55048454547597
-12.550742521531882
-12.55093596626628
-12.551162513353948
-12.551384458769174
-12.551544357583508
-12.551783535363299
-12.551926787200902
-12.552048909217955
-12.552182852526048
-12.552330471777989
-12.552422816942965
-12.55255610555203
-12.552636745769524
-12.552745181894451
-12.552857392218518
-12.552989217076567
-12.553087100160244
-12.553193337448239
-12.553332077579487
-12.553460628440675
-12.553566561100373
-12.553696288600339
-12.55381540647355
-12.554000114580772
-12.554136894425913
-12.554257285797643
-12.554395218503696
-12.554532652613396
-12.554679257248802
-12.554819627972353
-12.554945049685411
-12.555077499102383
-12.555204226500205
-12.555262557144824
-12.55537851667522
-12.555440645628607
-12.555529970886266
-12.555656565790727
-12.555764998802681
-12.555919908118385
-12.556020945611728
-12.556132434002318
-12.55624267190925
-12.556368467358205
-12.556483902317806
-12.55660381890553
-12.556693723024424
-12.556787527214556
-12.556901088212097
-12.556975550658244
-12.55713050249329
-12.557209901035602
-12.557347682266268
-12.557433140066708
-12.557506966593087
-12.557645890276032
-12.557722900171129
-12.557804404298341
-12.557869003376876
-12.557944332357621
-12.558009089046447
-12.558088665296422
-12.558128408098131
-12.558178877921012
-12.558237853538596
-12.558292559244954
-12.55836217162474
-12.558403031942388
-12.558446070666466
-12.558525695513799
-12.558586602192083
-12.558643754226834
-12.558684111120918
-12.558736224079599
-12.558797029816363
-12.558858356696788
-12.558898961895553
-12.558957585871386
-12.559003170371334
-12.559070736617352
-12.559124995177362
-12.559175493038797
-12.559229526964346
-12.559285300210991
-12.559340874596462
-12.559384020407835
-12.559431769719199
-12.559480195276945
-12.559521493814312
-12.559559692790168
-12.559598736579275
-12.559636148421218
-12.559677562719289
-12.559713794469545
-12.55975150853825
-12.559790051149017
-12.559835048926443
-12.559875674376535
-12.559912635823851
-12.559946047315814
-12.559987154325203
-12.5600304615729
-12.560067586198624
-12.560103357554198
-12.560130296925756
-12.56015984430874
-12.560195859899002
-12.560217354915402
-12.560243090377195
-12.560278045631057
-12.560303807733689
-12.560340525986128
-12.560372846230702
-12.560405078354858
-12.560430991596633
-12.560462554930641
-12.560489592202893
-12.560508979412875
-12.560536775230002
-12.56055945798062
-12.56057680150791
-12.560617929480053
-12.560638130808382
-12.56066126855306
-12.560682931476908
-12.560708649279805
-12.560722410045589
-12.560773641865614
-12.560788161194614
-12.560808645925997
-12.560828569696568
-12.560853779151541
-12.560876415248627
-12.560894039935826
-12.56091980623433
-12.56095028434585
-12.560972677334673
-12.560997742731212
-12.561015201894005
-12.561038425045012
-12.561062627435312
-12.56107862605367
-12.561120206081794
-12.561138112700615
-12.561168081982695
-12.561190741122985
-12.561216994783067
-12.561239087460248
-12.561256195880002
-12.561279058863047
-12.561295241975063
-12.561311544132568
-12.561338121870698
-12.561357390625945
-12.561376360773195
-12.561414339599796
-12.561440031874042
-12.561455037480929
-12.561479305611357
-12.561498205212548
-12.561528893129122
-12.561555480875736
-12.561576483579119
-12.561598036614212
-12.561621395054317
-12.561651182023354
-12.561676614766139
-12.561695814659505
-12.561736928047706
-12.56174268371671
-12.561777582438522
-12.561794922949284
-12.56181538710701
-12.56184371249562
-12.561854663521451
-12.561881371230843
-12.56189995394034
-12.561920611855866
-12.56194078302087
-12.561952974111493
-12.561973401778749
-12.56199834763264
-12.562012707370641
-12.562031380549865
-12.56204693264273
-12.56206708845425
-12.562078268759217
-12.562098430016214
-12.562110977141238
-12.562124324520049
-12.562137449890281
-12.562157862297601
-12.562175622679353
-12.562187583510896
-12.562214762180748
-12.562227722106055
-12.562246405200343
-12.562260838189205
-12.562280242401869
-12.562294971708766
-12.562313086771011
-12.5623308499886
-12.56234521774877
-12.562355996468668
-12.562381036148563
-12.562392222589686
-12.562405500375547
-12.562429942000142
-12.562443345971408
-12.56246879772109
-12.56248871512423
-12.562514297621094
-12.562526528939443
-12.562549642550312
-12.562566597874413
-12.56258278870392
-12.562609172421691
-12.562625159151272
-12.562647728136577
-12.56266534572788
-12.562685655009378
-12.562708939020846
-12.562734036065415
-12.562755134968162
-12.5627738635352
-12.56279488119544
-12.562815697030736
-12.562836909279275
-12.562859310995004
-12.56288218883369
-12.562907241363447
-12.562927202704543
-12.56294409967914
-12.562971325745877
-12.562996179679665
-12.563022408313827
-12.563046581374966
-12.563070635651226
-12.563090978217968
-12.563117864378437
-12.56313777727999
-12.56316262114821
-12.563194948393933
-12.563231825158457
-12.563259284257509
-12.56328644211883
-12.563306122451483
-12.563325484532914
-12.563370369567153
-12.563386216043563
-12.563408535780152
-12.563446314377734
-12.56346978979569
-12.56350914364032
-12.563551604088167
-12.563575683168631
-12.563603713038392
-12.563640638415412
-12.563689262060262
