500 iters for seed 21 on 3R0.3 which is in the 78.54995727539062 percentile
 Maxcut: 21.0, MedianCut: 12.0
-12.005737164162584
-12.08578395237077
-12.129523362930303
-12.169195692022697
-12.18617152736329
-12.226744285594073
-12.245688537336312
-12.264202213476509
-12.286388284607991
-12.302461636549571
-12.319792204479043
-12.33317407412632
-12.345682027549753
-12.356520663014383
-12.36463289474494
-12.370520909979955
-12.376937911566758
-12.381941614934577
-12.386799254930043
-12.39110616085239
-12.396018688339975
-12.399575214358272
-12.404898410226588
-12.408157942597901
-12.41203803947605
-12.416112081616669
-12.421554941237044
-12.4254066751105
-12.430285686613233
-12.43332382202093
-12.437450051717928
-12.44046674092992
-12.443188421346989
-12.446249410768715
-12.448871602592087
-12.450631650718258
-12.45286568532481
-12.454482046141578
-12.455841879156932
-12.457724285489608
-12.45945000864747
-12.461849468128074
-12.463741544201632
-12.465471507446384
-12.467168660271453
-12.46901632951376
-12.469910363278926
-12.47191651145069
-12.47282706456479
-12.474552552594268
-12.476375896583125
-12.47808788903833
-12.47944960193346
-12.481315928319122
-12.482303199958336
-12.483514430018394
-12.48479008590347
-12.485576882388825
-12.486023716494298
-12.487450826456275
-12.487857783496016
-12.488777588187528
-12.489337907887954
-12.490209676914665
-12.49071350035735
-12.491374749376181
-12.492190761685915
-12.492885666894303
-12.493419786034819
-12.494042770139261
-12.494496723903131
-12.495019235094745
-12.495562233686696
-12.496010846516288
-12.496501513012797
-12.497185535862737
-12.497873543367731
-12.498298110469538
-12.499068550887287
-12.499799482422056
-12.500647607450716
-12.501354949092402
-12.50204424351703
-12.502726019814586
-12.50342161940824
-12.503998155642897
-12.504571130527971
-12.504973025957032
-12.505598496381566
-12.505753949613622
-12.506536272822894
-12.506925356445684
-12.507427736514245
-12.508166950155577
-12.508850388149543
-12.509918048758584
-12.510643167869262
-12.51135364746306
-12.511904867692227
-12.512583440643889
-12.513214856198584
-12.513658790951899
-12.514138535247941
-12.514751131975048
-12.515175438512225
-12.515687875285318
-12.516171306368394
-12.516562530357275
-12.51726443524339
-12.517834708028927
-12.518679493261002
-12.519102301517709
-12.519563061868986
-12.519848929607669
-12.52032113663213
-12.520770285834377
-12.521029430291005
-12.521533481466863
-12.521813827473952
-12.522189571752552
-12.522407574348012
-12.522697280105419
-12.52303994680964
-12.523369444944569
-12.523637443657057
-12.523863708119814
-12.524195883003003
-12.524529332211735
-12.524687063417966
-12.524868290541933
-12.525069678906068
-12.52536621086205
-12.525556945159488
-12.525824654609828
-12.526014881645906
-12.526216463399537
-12.526395101083308
-12.526596045621817
-12.526769146824366
-12.526930071755057
-12.527267423371708
-12.527449419925695
-12.527628960124225
-12.527799598389485
-12.527982269109323
-12.52822819551266
-12.528461595619255
-12.528623367945068
-12.528789035021047
-12.52893780858761
-12.529082498973425
-12.529227100259343
-12.529363999797312
-12.529531957943284
-12.529662292088954
-12.529746673786768
-12.529900157555652
-12.530023626713499
-12.530133843301815
-12.530227252122918
-12.530322550122548
-12.530451890791035
-12.530564539247798
-12.530667204492712
-12.530763730302011
-12.530867242588425
-12.530974104278712
-12.531064725592483
-12.531173261684328
-12.531248253119191
-12.531379554446685
-12.53148921095517
-12.531638372741948
-12.531764151865895
-12.531875128857372
-12.532003715463691
-12.532153412263096
-12.532250880628709
-12.532371745661049
-12.532435875797068
-12.532518410065835
-12.532637588103924
-12.53272342401354
-12.532806644887042
-12.532885091683774
-12.532993579921698
-12.533107835440147
-12.53323342541746
-12.533350710407799
-12.533451281068194
-12.533542808207411
-12.533666708945919
-12.533769596167545
-12.533862007896508
-12.533995936833621
-12.534107514636446
-12.534230607592308
-12.534389726751812
-12.534481325235731
-12.534639096010357
-12.53481902088662
-12.534995807425894
-12.535100847307072
-12.535243582849974
-12.53528012296768
-12.535424501967292
-12.535530635719875
-12.535623841959438
-12.535773190001285
-12.535865441397661
-12.536046594100974
-12.53616919250052
-12.536322557494142
-12.536439376404548
-12.536550962322945
-12.536730104289836
-12.536842708514925
-12.536954582485523
-12.537133530799416
-12.537252138750222
-12.53744397703715
-12.537584340624973
-12.537716387790566
-12.53784444196636
-12.537951024941512
-12.538078815074034
-12.538189388069195
-12.538290437590144
-12.538456921806542
-12.538546097319065
-12.538654379682868
-12.538745577452644
-12.538843622193086
-12.53896498143597
-12.539074406595455
-12.539192599147594
-12.539267962401771
-12.539358200314346
-12.539502275985466
-12.539575686637953
-12.539664084643439
-12.53978834800768
-12.539893357786513
-12.540021921105414
-12.540114121344004
-12.540199346315234
-12.540271123733213
-12.540375210149891
-12.540456966091515
-12.5405631619969
-12.540635537798323
-12.540716595563616
-12.540836953576534
-12.54095009095091
-12.541045123968452
-12.541131454865644
-12.54120312184658
-12.541322055927198
-12.54141472859847
-12.541487235841098
-12.54158254922831
-12.54167780602551
-12.541789187609568
-12.54194096565476
-12.542024543323654
-12.542149418337356
-12.542258819261875
-12.542391444347242
-12.542516461098707
-12.542643311948556
-12.542757525869167
-12.542885123517756
-12.543050353771402
-12.543140400934575
-12.543238676455301
-12.543409244478553
-12.543512687542583
-12.543763733184969
-12.543876861962197
-12.543996808297852
-12.544118789330252
-12.54422828100014
-12.544367557099799
-12.544507647755996
-12.544672374873764
-12.54475915139969
-12.544973800394398
-12.545000053179267
-12.54517665895556
-12.5452578483225
-12.545389136342276
-12.545574812152054
-12.545723686236439
-12.546054592346135
-12.546193716234859
-12.54634258472802
-12.546507978409144
-12.546704396715654
-12.547001793068464
-12.5471255941492
-12.547280623027815
-12.547486322729684
-12.547680484918754
-12.548012429752688
-12.548147643391506
-12.548384323239398
-12.548580337440185
-12.548842668043223
-12.549052319816457
-12.549242565253717
-12.549455326023757
-12.549602192445228
-12.549829765894343
-12.550130099609472
-12.550283270681694
-12.550509323264983
-12.550650678626761
-12.550852647766613
-12.55102556226228
-12.551236631934888
-12.551366696585905
-12.551481387921399
-12.551625856462689
-12.551774498227761
-12.551863433958953
-12.552006673301541
-12.55210739568258
-12.55222024068667
-12.552384216003981
-12.552499932955342
-12.552613391806052
-12.55277909806043
-12.552852767552794
-12.552970462337537
-12.553082568713782
-12.553197723476732
-12.553302377231171
-12.55337135298347
-12.553454786244703
-12.55357531181017
-12.553651706930966
-12.55375850978228
-12.553865320425805
-12.553976625693021
-12.554111106608957
-12.554259504248021
-12.554349670649934
-12.554458369101276
-12.554571584625352
-12.554693450683734
-12.554774055574532
-12.554854681831875
-12.55491128874128
-12.555010406968178
-12.555132360566985
-12.555204166817589
-12.55530059566578
-12.555371021290885
-12.555462885677452
-12.555556662345147
-12.555642467408877
-12.555744124522747
-12.555813021305756
-12.555889716122195
-12.555946302718327
-12.556040897690256
-12.556080307790127
-12.556161108783527
-12.556219001300486
-12.556288675570821
-12.556374829305568
-12.556437641987063
-12.556508737446052
-12.556577108254718
-12.556656261784727
-12.556719849018524
-12.556775705813719
-12.55685355487632
-12.556877680045835
-12.556939051569444
-12.55696507525499
-12.557006563031845
-12.557073585453923
-12.557112345967113
-12.557171167247008
-12.557210055280537
-12.557257127497863
-12.55730534885379
-12.557358326809606
-12.5574264870777
-12.557472655895934
-12.557510929231674
-12.55757214520543
-12.557626327903463
-12.5576580283847
-12.557728158848468
-12.557738375108297
-12.557820641016187
-12.557865946175855
-12.557916469256076
-12.557973292873319
-12.558030363518267
-12.558131971459916
-12.558204274021046
-12.558274743369989
-12.55832996046074
-12.558380088812672
-12.558462136730117
-12.558527448883389
-12.558622075487985
-12.558646956858164
-12.558771799377723
-12.558832066025458
-12.558923651703058
-12.55903204006
-12.559110034380069
-12.559222125732427
-12.559284673631884
-12.559359987082878
-12.55941736617362
-12.559505063880088
-12.559583347758645
-12.559657562204276
-12.559736297769213
-12.559836570971596
-12.559909818035841
-12.55998681321471
-12.559998229072876
-12.56011445732295
-12.560164495341965
-12.560223579154428
-12.560300873978417
-12.560343905482837
-12.560441728285694
-12.560515924172885
-12.560621412822176
-12.56066673361747
-12.560736636174337
-12.56078663992583
-12.56083324472716
-12.560895208832305
-12.56096379237451
-12.561018444535794
-12.561070296692632
-12.561105529708126
-12.561165882302866
-12.56119803051079
-12.561238991869653
-12.56125522023521
-12.561326394999341
-12.561370893111565
-12.561414155623948
-12.561477346666297
-12.561511510814869
-12.561577188058848
-12.561619538689012
-12.561689427370588
-12.56173572680378
-12.561803093417772
-12.561844497036981
-12.561880918727896
-12.561915583405957
-12.561954939529626
-12.562013472816767
-12.562046541663051
-12.562084048857308
-12.562130893961452
-12.562173374895728
-12.562214471052346
-12.56227196515751
-12.562308091340313
-12.562343068952798
-12.56238589752798
-12.562420787447154
-12.562467938497479
-12.562509882576476
-12.562563756415047
-12.562605281447947
-12.562657097588444
-12.562699934246796
-12.56273661958392
-12.562769833496933
-12.562834642463576
-12.562894042521542
-12.56292800447762
-12.562992405434086
-12.563002628808766
-12.5630555323076
-12.563088343108578
-12.563122618763902
-12.5631778657103
-12.563204144166908
-12.563257949275295
-12.563294015218252
-12.563340717204992
-12.563376911770959
-12.563398729535447
-12.563439363268113
-12.563473264900061
-12.563513467973253
