500 iters for seed 3 on 3R0.3 which is in the 78.81088256835938 percentile
 Maxcut: 20.0, MedianCut: 12.0
-12.135649723241011
-12.187222713261773
-12.226858203145152
-12.260642974644263
-12.284328996122658
-12.303899457864933
-12.31795889985098
-12.332105623048282
-12.347100326205927
-12.359015345568974
-12.368836957934166
-12.37959342344176
-12.388336147752476
-12.39676541889414
-12.401896101988582
-12.406865149057985
-12.411529822274407
-12.415179852632019
-12.418563164793568
-12.422038335041863
-12.424994968679066
-12.427590887059852
-12.430652641380876
-12.43331752535276
-12.436232416660747
-12.439415871472765
-12.441597976248024
-12.4433078880461
-12.445925921949913
-12.447484815063746
-12.44924986828956
-12.45133198887334
-12.452865046542204
-12.454918873488879
-12.456830880557954
-12.45866118851677
-12.460026762751472
-12.462259020402993
-12.463965872079077
-12.466234073763243
-12.468129140946902
-12.470383951519203
-12.471398157406355
-12.475129374019572
-12.476634019426882
-12.479085834670473
-12.480381461622889
-12.483163303838479
-12.484772403269977
-12.486576566182015
-12.488274706893334
-12.490086973650147
-12.492223891870934
-12.493627751365594
-12.495390380889141
-12.496820504511804
-12.498323050681416
-12.499675152451521
-12.501220455384159
-12.50262368017803
-12.50385195366183
-12.50501889018653
-12.506474318300333
-12.507322336214816
-12.508189380186153
-12.509195376350824
-12.510000016262666
-12.510872748411298
-12.512193727964949
-12.51285119742102
-12.513865141490285
-12.514324658695921
-12.51538218956431
-12.515991360759422
-12.516568739470372
-12.517504751655462
-12.517910558461075
-12.51872107008432
-12.519333010308173
-12.520083731748404
-12.520687465595387
-12.521245129206896
-12.521940155127277
-12.522358827912957
-12.522810057589158
-12.523229270938495
-12.523597457746952
-12.524174340151756
-12.524793883151666
-12.525171073342804
-12.52573569464163
-12.52614688072673
-12.526621450390559
-12.52717919448063
-12.527452925965509
-12.527879092308888
-12.528241486856182
-12.528650734604415
-12.528963707558509
-12.529360358326588
-12.529488384372835
-12.530061599858568
-12.530294517645512
-12.530597130676963
-12.531016322638221
-12.53128118806549
-12.531727228674935
-12.532005055328014
-12.532294560689559
-12.532549521100982
-12.532785558902063
-12.533063781166744
-12.533260712858976
-12.533430352562815
-12.533696598290069
-12.533845028281847
-12.53408311282433
-12.534238895261918
-12.534428053373903
-12.534584450254126
-12.534751760908826
-12.534847313934716
-12.535112371661693
-12.535216519489762
-12.535354899869077
-12.535533814973064
-12.535735531627465
-12.535884665025671
-12.536024215619863
-12.536155415690127
-12.536320911246758
-12.536490561246989
-12.536594681383118
-12.536766415081024
-12.5368715431739
-12.537048286871737
-12.537197239111602
-12.537311821075955
-12.537572138341144
-12.537715297270534
-12.537865058190768
-12.538007001419253
-12.53815047950567
-12.53831811989815
-12.538490390652612
-12.538636386741782
-12.538804113123206
-12.539010595211854
-12.539191580347065
-12.539331223784105
-12.539553283638327
-12.53969886673061
-12.539832518735057
-12.540051433361718
-12.540162638465812
-12.540302137280547
-12.540454036271978
-12.540570139380312
-12.540713610916734
-12.540852311205311
-12.541015589378652
-12.541101652682316
-12.541295522809762
-12.541428386241146
-12.541607633188232
-12.541716898798835
-12.541825007839742
-12.541962287684779
-12.542128850609162
-12.542310419883362
-12.54245931283749
-12.542609552384434
-12.542762890402607
-12.542920433017471
-12.543146423649526
-12.543324393810614
-12.543465453680719
-12.543606418758722
-12.543717662347719
-12.543849567967634
-12.543976339325399
-12.544089421146094
-12.544200408631456
-12.544383210105035
-12.54452521201486
-12.544678354129983
-12.544899959026022
-12.545031174550687
-12.54519374126391
-12.545355257384063
-12.54550381945811
-12.545664061055971
-12.545832278217565
-12.546011595086979
-12.546122969732675
-12.54633654176696
-12.546484112116394
-12.546713782930487
-12.546884646179102
-12.547042724562807
-12.547235823499495
-12.547457982294018
-12.547612848337025
-12.547817142807233
-12.547957340018876
-12.548086797599243
-12.548284884992832
-12.548388986251652
-12.548563372813906
-12.548671331058848
-12.548778716295303
-12.548907530272787
-12.549013927040477
-12.549125506956832
-12.549217208290779
-12.549311812043145
-12.549417968580425
-12.54954385469274
-12.54967594641893
-12.549813111140535
-12.549943475010473
-12.549998700238817
-12.550191703666627
-12.550256226896987
-12.55036100959861
-12.550514971391735
-12.550674607814233
-12.550791082874914
-12.550923060362823
-12.551035763723903
-12.551222552347749
-12.551319395824237
-12.55143210140427
-12.551552847805725
-12.551670740691241
-12.551778849414498
-12.551911710434632
-12.552010002090142
-12.552118919917648
-12.552261419631511
-12.552410525999438
-12.55249786603935
-12.552611307309107
-12.55269850384354
-12.5528115672636
-12.55295193782606
-12.55305677938611
-12.55312797502933
-12.553244350624702
-12.553308534052606
-12.553374382931262
-12.553483833153223
-12.553541801071455
-12.55362034053985
-12.553668263300256
-12.55375121141692
-12.553797504554828
-12.553867403526347
-12.553940684611456
-12.554007289217893
-12.5540617263023
-12.554124028295448
-12.554174156617881
-12.554249781470888
-12.554300314588517
-12.55435619799214
-12.55439464724553
-12.554460493995547
-12.55450028622533
-12.554578153792523
-12.55461770852584
-12.554653749854756
-12.554706319917207
-12.554762267219623
-12.554805872022776
-12.55485369007614
-12.554883119796832
-12.554925971582744
-12.55498372441866
-12.555033577040769
-12.555058789323665
-12.55510035380599
-12.555137441458136
-12.555160986739036
-12.555234355883687
-12.555251637929011
-12.555306697347195
-12.555340767338176
-12.555382533262545
-12.555439411233257
-12.555499890716185
-12.555538580905267
-12.555586305853184
-12.555629563458876
-12.555673219092771
-12.555723671454356
-12.5557636856655
-12.555793935284871
-12.555867122225177
-12.555892498956519
-12.555923700491885
-12.555977577372643
-12.556014047390487
-12.556037640031073
-12.556080855543927
-12.556107444065823
-12.556141551311523
-12.55618365088127
-12.556227495346235
-12.556259554963269
-12.556305793445926
-12.55633701079304
-12.556381208295292
-12.556424245795736
-12.556457669640336
-12.556482826414282
-12.556527094141535
-12.556554090769273
-12.556580924734043
-12.55661433588045
-12.556638331857982
-12.556662522546961
-12.55670768262487
-12.556725743041394
-12.556755300327652
-12.556770969502395
-12.556805795729865
-12.556828114746754
-12.556850602582685
-12.556891507297435
-12.556917648195881
-12.556971339288161
-12.556998155053563
-12.55703728755982
-12.55706499040835
-12.557119905371545
-12.557151207829108
-12.557189704141347
-12.557252232921854
-12.557269606255433
-12.557347427832447
-12.557376341118472
-12.55742680494842
-12.557503146895693
-12.557572725077026
-12.55764105900169
-12.557723075741821
-12.557785185589326
-12.55788986481123
-12.557983959519312
-12.558074964141754
-12.558145703032764
-12.558229698544316
-12.558320988858037
-12.55840468243578
-12.558475540319522
-12.55856779820526
-12.558668931265583
-12.55874610857406
-12.558872295778187
-12.558909724586673
-12.558992469605773
-12.559048267439168
-12.559123353883969
-12.559243142663457
-12.559307317595023
-12.559419327337785
-12.55950685657252
-12.559633701086145
-12.559729487633122
-12.559821498613168
-12.559920254260787
-12.559977472229448
-12.560061473113779
-12.560114512808495
-12.560217062829793
-12.56026919375023
-12.560348123638683
-12.56041229180676
-12.560495341185806
-12.560551529498266
-12.56061308148792
-12.56070846268851
-12.560786531675987
-12.560851190920916
-12.560932527183326
-12.560997762345767
-12.561088656572572
-12.56117098053946
-12.56123952848532
-12.561309297117853
-12.561421367695935
-12.56153144896756
-12.561622126813251
-12.56175847650111
-12.561812169782097
-12.561887160255626
-12.561943542388635
-12.561988991590912
-12.562074962260155
-12.562134849148158
-12.562193946843802
-12.56224189126733
-12.562299129042925
-12.562350769879206
-12.562445223244364
-12.562486037791677
-12.562538053915642
-12.562605347351708
-12.56265192755682
-12.562726437618837
-12.562780329367815
-12.562833707315916
-12.562877120839074
-12.562922800885662
-12.562975071747198
-12.563012603569916
-12.563070756498904
-12.563131650025287
-12.563183368775661
-12.56324089119645
-12.563283635256894
-12.56335832267858
-12.563402105749347
-12.563448693553223
-12.563526160899315
-12.563574782580647
-12.563631445803924
-12.563675344728466
-12.563720951162852
-12.563768804191124
-12.563810044536144
-12.563862351841959
-12.563888469465493
-12.563921651786226
-12.563955864466873
-12.563977651688779
-12.564020265860577
-12.564055401460466
-12.564076753442302
-12.564109544352693
-12.5641401632082
-12.564179925448553
-12.56420977837002
-12.564237919908944
-12.564264198230527
-12.56430249976156
-12.564315194745069
-12.564348786956353
-12.56436293071118
-12.564383942739848
-12.564410394423124
-12.564441429441414
-12.564466333985164
-12.564492031792293
-12.564514968956871
-12.564540586215582
-12.564565489921153
-12.564585455196351
-12.56460963472207
-12.564625570691998
-12.564645489277188
-12.564674470378979
-12.564705227221864
-12.564727644241058
-12.564750125487658
-12.564766745515898
-12.564788050182601
-12.564806269801712
-12.564822677500246
-12.564832041295347
-12.56485035596625
-12.56485920431259
-12.564875897844734
-12.564886040280268
-12.564895471690413
-12.564912413127441
-12.564918553163174
-12.564948241873468
-12.5649588255734
-12.564970224604188
-12.564982433986849
-12.564993982937775
-12.56501191174589
-12.565023325866477
-12.565036472850991
-12.565047985596166
-12.565063494368385
-12.565075458083443
-12.56508845376686
-12.565098688913004
-12.565113757578992
-12.565122987448301
-12.565139818899794
-12.56514826160381
-12.565159429509876
-12.565175869571725
-12.565187980936471
-12.565208060785439
-12.565220103023576
