500 iters for seed 9 on 3R0.3 which is in the 95.30563354492188 percentile
 Maxcut: 20.0, MedianCut: 12.0
-12.020956281936366
-12.0765906036914
-12.139959672989633
-12.171744062419453
-12.205633014160384
-12.2333897771403
-12.25576650978028
-12.275810403519671
-12.29264387255206
-12.309283123299435
-12.323306333978167
-12.33809255242723
-12.347057203787955
-12.3567295321347
-12.365278283898737
-12.371913278410432
-12.38019303358093
-12.386324557458947
-12.39343964557498
-12.399487529850086
-12.404421333100931
-12.409400995943335
-12.413403055130093
-12.416593418969708
-12.420305789941239
-12.423445319990744
-12.426790433150025
-12.430317279010659
-12.432984931956256
-12.43575193865154
-12.437962205227834
-12.440827382846896
-12.442418166151729
-12.445386104807838
-12.446849144246817
-12.449526036927857
-12.450960712958128
-12.452278473544682
-12.453006457873208
-12.454764018566063
-12.455622469688127
-12.456625437875404
-12.457993580483542
-12.458885842554997
-12.459878055272558
-12.460643535932055
-12.461575961469228
-12.462658658525497
-12.463719844473292
-12.4646308661695
-12.465619859578418
-12.466564513711464
-12.468193500387013
-12.469038757990011
-12.46999887528208
-12.47094301698753
-12.472188473715088
-12.473181358811555
-12.474023570528587
-12.475553299994887
-12.476448736947187
-12.477378634669929
-12.478261963165588
-12.47896672249572
-12.479791798921312
-12.480522362749891
-12.481154762407446
-12.482053744569136
-12.482614715530454
-12.483726472378729
-12.48429527598552
-12.485169092755278
-12.485667281231239
-12.486708613842048
-12.48717412948519
-12.487726710407987
-12.48847762868903
-12.489267590448723
-12.489888810838488
-12.490629404143595
-12.49132287802147
-12.49229392560813
-12.493253209956029
-12.49420121537844
-12.495214447978096
-12.496495940800449
-12.497595301597869
-12.498617044330429
-12.499533451799719
-12.500345949101519
-12.501153823020175
-12.502063341900469
-12.50284765069668
-12.503402546081677
-12.504416186924084
-12.504772309347153
-12.505439811119896
-12.505906956097178
-12.506311675300054
-12.50711728270807
-12.507661197597663
-12.508281062049868
-12.508837222504788
-12.509451288410492
-12.509848331452774
-12.51050565654869
-12.510826553758758
-12.511256478367322
-12.511828349315344
-12.512306187215598
-12.512665108849962
-12.513102613377617
-12.513492447148334
-12.514071928987335
-12.51444577216185
-12.514782279532064
-12.515201066014685
-12.515674450574101
-12.51620642908303
-12.516667678301491
-12.51714795600772
-12.51756719279594
-12.518153566049254
-12.518689393278066
-12.51921794335255
-12.519689559446068
-12.520232796077233
-12.52076237540064
-12.521218168236077
-12.521719746015739
-12.522138130028406
-12.522712760590352
-12.523284674801365
-12.523796304094628
-12.524254035661002
-12.52482802516591
-12.525197732563255
-12.52558378400911
-12.526033361722119
-12.526326102329769
-12.526703842801158
-12.527058872615138
-12.527401985216962
-12.52767172484541
-12.527938044735954
-12.528220607246709
-12.52850833232976
-12.528835284034361
-12.529079676193401
-12.529353316642643
-12.529597846296134
-12.529882517465625
-12.530017277953569
-12.530460042377221
-12.530636542710146
-12.53085024177669
-12.531114402245967
-12.531455524075298
-12.531743763361188
-12.532013470779079
-12.53225509272458
-12.532416597475011
-12.532710227307323
-12.532880606047874
-12.533150416091047
-12.533408095586074
-12.533594012116652
-12.533969865916323
-12.534158287472279
-12.534395052652433
-12.534588266770298
-12.534833261869577
-12.535089582517342
-12.535327916129068
-12.535536986024386
-12.535722104070116
-12.535959176435924
-12.536274710976206
-12.536518291709566
-12.536746267047693
-12.537050309089743
-12.537297547960836
-12.537469310969668
-12.537801398087353
-12.53790416584173
-12.53811440393805
-12.538276232231938
-12.538542076365436
-12.53872945826704
-12.538914743899824
-12.539190486632052
-12.539434697907842
-12.539604128551428
-12.539757555378037
-12.539903424293271
-12.540094756783299
-12.540208045149944
-12.540301982354345
-12.540431557559131
-12.540538089914193
-12.540663477405758
-12.540781509424988
-12.540879894796612
-12.540987790057175
-12.541111571139927
-12.541187834986513
-12.541289146695153
-12.54133710234764
-12.541484303899772
-12.541556037987005
-12.541633692758984
-12.54176334009447
-12.541851471277605
-12.541981963133832
-12.542065738959181
-12.542164461768591
-12.542250014861208
-12.54232681304283
-12.54242281221331
-12.54249073918299
-12.542577236145986
-12.542680494829295
-12.542768147095323
-12.542817623599127
-12.542901503824643
-12.54294303817391
-12.542996461342886
-12.543070810226375
-12.543115211946274
-12.54315038513042
-12.54323429315717
-12.54327034989629
-12.543328462453978
-12.543405989570434
-12.54346499573819
-12.543527219325364
-12.543575162548843
-12.54362832346511
-12.543638147680742
-12.543731606311427
-12.543758069643523
-12.543797878321339
-12.543860788141291
-12.54391135596417
-12.543982640291333
-12.544040203287096
-12.544103043825942
-12.544170661905266
-12.544238759015562
-12.544326734170365
-12.544387072107627
-12.544433948356566
-12.544526129413917
-12.544563367248243
-12.544614824478751
-12.544673713040446
-12.54471531980009
-12.544794337969726
-12.544834205122724
-12.544876640800027
-12.54490959092359
-12.544952780309881
-12.544986096240478
-12.545019194643395
-12.545046880368652
-12.545071306939345
-12.545098142404484
-12.545137904875554
-12.54516465764067
-12.545197841700892
-12.545203904557367
-12.545268952217711
-12.545291858499915
-12.545317136320158
-12.545350482693058
-12.5453604427938
-12.545429428953373
-12.545452168219281
-12.545494249557239
-12.545550089714078
-12.54560698662794
-12.545644971486041
-12.545690786021737
-12.545718687107431
-12.54575210276316
-12.545798821098158
-12.545822631494323
-12.545852485256532
-12.545918838612907
-12.545958625639997
-12.545994074286998
-12.546023248475077
-12.546055205132575
-12.54609693011751
-12.546134666526555
-12.546164188220294
-12.546191128086992
-12.546214531152032
-12.546250336379398
-12.546276808731884
-12.5463102525815
-12.54633855606405
-12.54636551918464
-12.546406130191574
-12.546453109562767
-12.546478796104697
-12.546517354090694
-12.546546655459426
-12.546584886510455
-12.54663005546475
-12.546656938945205
-12.546699088417316
-12.546737781457011
-12.546773895035367
-12.546801247484549
-12.546828532651801
-12.546854245436709
-12.546879938976044
-12.546901326547943
-12.546928448608703
-12.546961162529197
-12.546984714369442
-12.547011826375481
-12.547053704970782
-12.547078632538636
-12.547110727466777
-12.547146979326449
-12.547180609284304
-12.547210680687563
-12.547255098197182
-12.547282792488176
-12.547308660212686
-12.547344357866868
-12.547369565748
-12.547390226399422
-12.547437761441966
-12.547456175225049
-12.547488372336382
-12.547525344969646
-12.547568627427008
-12.547603640210198
-12.547644909192874
-12.547673188801866
-12.547700097429322
-12.547746528308755
-12.547777681284224
-12.547819635513443
-12.547856309156835
-12.547908597730103
-12.547938585195599
-12.547999217640964
-12.548015171640015
-12.548084761230754
-12.548123597142268
-12.548173532008835
-12.548245163190971
-12.548294004608334
-12.548383595464625
-12.5484467064484
-12.548517180399433
-12.548566360913577
-12.548626936482066
-12.548681484371738
-12.548720709151201
-12.548757286096933
-12.54882741792561
-12.548867781527104
-12.548918082062897
-12.54899295919607
-12.549037164681621
-12.54911909130784
-12.549159363875894
-12.549218399271176
-12.549260911618255
-12.549344102293508
-12.549382362537173
-12.549423134102817
-12.54948092816672
-12.549514171380055
-12.549582470262472
-12.549612424846986
-12.549651551068497
-12.549714889517414
-12.54976579477804
-12.549812309315232
-12.54986019924258
-12.54990575446828
-12.549959761604756
-12.55003072394021
-12.550068394271126
-12.550119579174567
-12.550168205316703
-12.550233714976669
-12.550278816492575
-12.550320502940181
-12.550373271059966
-12.550435118204847
-12.550480830125355
-12.550544959174852
-12.550605071385434
-12.550667260867051
-12.550778770279667
-12.55083704657435
-12.55089792605618
-12.551027716487628
-12.551096209360924
-12.551151501581067
-12.551339772941185
-12.55139528387908
-12.55147784458432
-12.551585015024925
-12.551703399690407
-12.551801913830905
-12.551885508860464
-12.551970775717079
-12.55208771404159
-12.552177560269094
-12.552239254318154
-12.552302576767445
-12.552370751119486
-12.552457289126773
-12.552553152326778
-12.552619358141953
-12.552692446687006
-12.552745268285946
-12.552829012283652
-12.552895716870003
-12.552957242932516
-12.553075300387983
-12.553096769981144
-12.553227875951452
-12.55327177678034
-12.55334769280162
-12.55344169727657
-12.553544786451525
-12.553615062614423
-12.553715039243002
-12.553783824586148
-12.553860380703593
-12.55396867451394
-12.55402672318719
-12.55408645520176
-12.554227253864608
-12.554318587810474
-12.55437934910436
-12.554447308323422
-12.554524839191677
-12.554578823295877
-12.554660142813683
-12.554720210617852
-12.554770021855871
-12.554829853568538
-12.554906115011455
-12.554953976818933
-12.555011700041108
-12.555063167611637
-12.55511207536804
-12.555172071127078
-12.555208483597973
-12.55526860653694
-12.555301634609709
-12.555373452965018
-12.555401475661268
-12.555448374841323
-12.555501648074571
-12.555567478095657
-12.55561921233618
-12.55568241354899
-12.555721295256278
-12.555770705929833
-12.555819140459871
-12.55585028632195
-12.55589467922192
-12.555960033297898
-12.555990609762542
-12.556041888334288
-12.556068337450423
-12.55612757630995
-12.556166192147884
-12.556197179550157
-12.556251203120471
-12.556289155898856
-12.556331274950544
-12.556362290145593
-12.556402966386305
-12.556449536756727
-12.556495361542687
-12.556556802628183
-12.556591718313802
-12.556633210703593
-12.55670633526726
-12.556744068062674
-12.556811107106784
-12.556848090327648
-12.556914889053534
-12.556948914662794
-12.556992771060486
-12.557056094277398
-12.557116428193385
-12.557165876147614
