500 iters for seed 116 on 3R0.3 which is in the 99.93057250976562 percentile
 Maxcut: 22.0, MedianCut: 12.0
-12.056909785148482
-12.21184951220416
-12.242292013477329
-12.327627461041121
-12.364237926999579
-12.395435232933231
-12.425483083471441
-12.45182879032098
-12.467747816742778
-12.480474427554004
-12.493597830583438
-12.50668831264428
-12.518056173542828
-12.53070088142455
-12.542692417867139
-12.551046104632915
-12.55882673269116
-12.567504815472894
-12.573858535069805
-12.58006720028854
-12.58517149691078
-12.589649080534643
-12.59438205962861
-12.599483966363914
-12.6044270920923
-12.611013918421085
-12.616469059503116
-12.623354501076774
-12.629103241174462
-12.633728933894735
-12.638961487411974
-12.643796360247965
-12.647483771228025
-12.651466715235406
-12.656385557867054
-12.659924725165066
-12.66409452017551
-12.668766324253756
-12.67235686010988
-12.676897209996621
-12.68090440345575
-12.684296278916921
-12.687699767230864
-12.691604419904273
-12.69456865716694
-12.69700082604641
-12.69939666214114
-12.701468262231788
-12.70377607226069
-12.70591968653509
-12.707773282026507
-12.709486676924824
-12.711676376344782
-12.713595293875686
-12.715128675072183
-12.717299563580477
-12.718507729442251
-12.720028396558082
-12.721809769174826
-12.723026706295824
-12.724708601004485
-12.72640580606894
-12.727370208335483
-12.728679355124706
-12.729725352879473
-12.730635786503793
-12.73187041960966
-12.732806633437626
-12.734053199715257
-12.735117816416134
-12.736129685494788
-12.737404649039547
-12.738609210127974
-12.739867006684054
-12.741315814688786
-12.742415718719377
-12.74349989277781
-12.74469183140627
-12.745368690883687
-12.746361060893536
-12.746561926121618
-12.747855047024172
-12.748256801238645
-12.748859733131543
-12.749588344799168
-12.750270718528567
-12.750771426615481
-12.751260092414302
-12.751785657727602
-12.752521888689358
-12.753108814358395
-12.753593869299335
-12.754029214372888
-12.754501489566984
-12.754871194025519
-12.75536013736707
-12.755692149474815
-12.75608850318796
-12.75645683263295
-12.756745990163036
-12.757046578043255
-12.757688475464295
-12.757978638623658
-12.758440521662164
-12.758976863428671
-12.759573469791587
-12.759989954931068
-12.760423089435482
-12.760795564714416
-12.76115958518206
-12.761818819620814
-12.761901411147111
-12.762437156764369
-12.76271562995222
-12.763057620324338
-12.763517932585888
-12.763841918451824
-12.764438483262305
-12.764864135283519
-12.765402908356817
-12.765816990801547
-12.766197890611519
-12.766850023379686
-12.767269764942922
-12.767750197696435
-12.768587866384303
-12.769099601328445
-12.769857270128496
-12.770467289332299
-12.771099258365297
-12.77186980794061
-12.772526573461391
-12.773316094376518
-12.774046123883135
-12.774716898216786
-12.775776843030913
-12.776706395895568
-12.7773140982414
-12.778068187314062
-12.778696240428586
-12.779463233652272
-12.780088196658784
-12.780612076817492
-12.780936554507718
-12.781536490612657
-12.781666384040616
-12.782180491910793
-12.782415930048803
-12.782751609531086
-12.783202352740709
-12.783401809902934
-12.783967984722263
-12.784180530243972
-12.78448610345654
-12.78474925308704
-12.785148005293864
-12.785402747604152
-12.785625457507313
-12.785966751221986
-12.786317096782355
-12.786602307011535
-12.786960070083829
-12.78725547614727
-12.78771112210283
-12.788070688680833
-12.788389450070278
-12.788696507547577
-12.788970748545355
-12.789259948323645
-12.789565104508904
-12.78979755182668
-12.790080599145908
-12.790335818923985
-12.790584548224325
-12.790838298159517
-12.791017139818221
-12.791228434190193
-12.791365605057084
-12.79154671247129
-12.79158312965304
-12.791857871744355
-12.791937218169299
-12.792054346356087
-12.79222057154327
-12.792289129885338
-12.792533977086395
-12.79262639336857
-12.79279472036421
-12.793023857318904
-12.793243385421698
-12.793398348810435
-12.793561782868853
-12.793693107984822
-12.79389994550947
-12.794029933840841
-12.79425516367216
-12.794365282868402
-12.79452852550638
-12.794604337031178
-12.794826241699027
-12.794976058969683
-12.795124625805817
-12.79534213728074
-12.795484112635139
-12.795760130661929
-12.795964643019651
-12.796203476316103
-12.796350543480568
-12.796520092424547
-12.796728345772244
-12.7968806528562
-12.79695609802841
-12.797220852023475
-12.797310085697704
-12.79745090687793
-12.797583821283185
-12.797748947429328
-12.797860655635686
-12.797978013994461
-12.798086835805924
-12.798218104445176
-12.798306131036554
-12.798390874530282
-12.798467285697834
-12.798550530086404
-12.798653299311894
-12.79872321182486
-12.798829510003586
-12.798908518335267
-12.798962938643218
-12.799034753921521
-12.799111500080308
-12.79919710516843
-12.799275868350529
-12.799378520248414
-12.799479390199448
-12.799585365443125
-12.799701436168302
-12.799795773187196
-12.799878351920606
-12.800021286514447
-12.800087027912069
-12.800179510792088
-12.800274890759272
-12.800352139789931
-12.800457433850408
-12.800609453521508
-12.800698508783222
-12.8008051030289
-12.800939111182997
-12.801089565899433
-12.801211426362634
-12.801358269418502
-12.801464383538299
-12.801599522408019
-12.801721352917598
-12.801843728640813
-12.80199908842798
-12.80217144868309
-12.802301199049285
-12.80244703918544
-12.802577290738316
-12.802715422584933
-12.802902628300073
-12.8031401978476
-12.803294789939594
-12.803506516183836
-12.803683167642003
-12.803907648820976
-12.804121214460208
-12.80433206104514
-12.8045276648728
-12.804814015208434
-12.805030950107048
-12.80523982333575
-12.80545567321641
-12.805633572793694
-12.805832256863413
-12.806091021947578
-12.806289514625465
-12.806428431837741
-12.806644012147977
-12.806768857318588
-12.806924670784454
-12.807175382290652
-12.807291968224495
-12.807466417623615
-12.807569779789764
-12.807735712714589
-12.807846863527164
-12.80799753316301
-12.808189040656892
-12.808321038793066
-12.808470917858498
-12.808595838293774
-12.808717078637228
-12.808804127032419
-12.809034414149258
-12.809114132816784
-12.809225174326361
-12.809360957184937
-12.80953742290475
-12.809690438766612
-12.809879514162802
-12.810025406093544
-12.810128968750671
-12.8103207839036
-12.81041144325514
-12.81052890598578
-12.81075958674218
-12.810866504664974
-12.81103267356907
-12.811168874727919
-12.81136697680656
-12.811482891908081
-12.811614832120028
-12.811745445490747
-12.811877985463441
-12.812034397629883
-12.81213481341971
-12.812260642340977
-12.812445984928607
-12.812605696504914
-12.812706387953103
-12.812853082467107
-12.81297030378188
-12.813113264440188
-12.813229485740994
-12.813326889471165
-12.81341004741006
-12.813510494857416
-12.813608199985355
-12.813687196566681
-12.813829360540915
-12.813899434359833
-12.813983391274155
-12.814080155193862
-12.814153846928663
-12.814313669107733
-12.814429710072385
-12.814516193541605
-12.814597879130357
-12.814694388006085
-12.814844206353436
-12.814954244443578
-12.815057539324917
-12.815154154317744
-12.815250024962015
-12.815363294953814
-12.81549888215112
-12.815566886378187
-12.81567349871746
-12.815742581836615
-12.815835818992815
-12.815939552101954
-12.816006133693271
-12.816099353662189
-12.816194804412547
-12.816260697227241
-12.816359903761663
-12.816388311040418
-12.816479639352384
-12.81653812189331
-12.816586966813388
-12.816673473003098
-12.81674659805714
-12.816868878646288
-12.816953822119594
-12.8170633887759
-12.817148939689478
-12.817224006677733
-12.817342834487418
-12.817405172967131
-12.817477784119202
-12.817573811789742
-12.8176387032604
-12.817721988724694
-12.817758185201551
-12.817855823932575
-12.81788746230256
-12.81796611820566
-12.818064197510104
-12.818157431562186
-12.818240647404503
-12.818320458259084
-12.81840121681442
-12.818449515416633
-12.818590300955023
-12.818636591104882
-12.818722693520423
-12.818796948373846
-12.818891670477527
-12.818973073462944
-12.819051699311743
-12.819071111330615
-12.81923395873331
-12.819307737419443
-12.819388635453677
-12.819499294975804
-12.819596979251543
-12.819758514104329
-12.819870976858976
-12.819990486084292
-12.820091067918762
-12.820187798070027
-12.820323647451412
-12.820420532017302
-12.820527399108489
-12.820675401621163
-12.820759409063083
-12.82084247940952
-12.820938930837054
-12.821023041826223
-12.821173714539592
-12.8212663123214
-12.821367250788976
-12.821466813328446
-12.82157052943839
-12.821703270423471
-12.821825030989256
-12.821932705505137
-12.822020110639757
-12.822147638600464
-12.822271094181437
-12.822366726759045
-12.822455356854999
-12.822543646072736
-12.822649422989842
-12.822750740131564
-12.822839813396003
-12.822935792079566
-12.82307077846696
-12.82317663467431
-12.823287291366082
-12.82341210359671
-12.82351605534854
-12.823633763928925
-12.823733428326584
-12.823867058952171
-12.823971013203629
-12.824091734597065
-12.824209090921888
-12.824308799155581
-12.824447411469
-12.824573315855249
-12.82470635903353
-12.82484689246364
-12.824987553105538
-12.825104065575443
-12.825206230418571
-12.825319738534612
-12.825430507391289
-12.825515541222606
-12.825596574805715
-12.8257072747803
-12.825832835964425
-12.825919037663676
-12.826000992983612
-12.826095006016242
-12.826182653395005
-12.826250973403184
-12.826313622809703
-12.826402044702819
-12.82647804560543
-12.826554935997954
-12.826623975954696
-12.826699996443423
-12.82677131191182
-12.826837158472756
-12.826908053156611
-12.826991719791225
-12.827060169707043
-12.827122084593842
-12.827221092997204
-12.827281822157785
-12.827363052425547
-12.827474311369468
-12.827552837033604
-12.827623478896204
-12.827744444661136
-12.827793599538857
-12.827856678909754
-12.827976572127511
-12.828038951658993
-12.828105472429232
-12.828197517233686
-12.828265285854618
-12.828350733054451
-12.828435814029017
-12.828514140552693
-12.828614035192063
-12.828691271592007
-12.828751383196284
-12.828859828324628
-12.828917419779803
-12.828966120128772
-12.829060543633368
-12.82910674277348
-12.829185132151578
-12.829227890118087
