500 iters for seed 145 on 3R0.3 which is in the 20.725250244140625 percentile
 Maxcut: 20.0, MedianCut: 12.0
-11.81926293297672
-11.92529766493956
-11.98618354272611
-12.070066985323614
-12.117944950685715
-12.157043061900136
-12.182969898568041
-12.212578695931393
-12.237367444938041
-12.259623113273136
-12.281150150291477
-12.301025903029137
-12.316516092989424
-12.331998299400468
-12.344332666089459
-12.354867407127108
-12.362273844935794
-12.369753009469191
-12.377139077889336
-12.38436895595689
-12.390500750291581
-12.397304076688112
-12.402230233769263
-12.407400386601726
-12.414208313997914
-12.418289517340483
-12.422789729078978
-12.42989287563353
-12.433917843998916
-12.438688446087859
-12.443475313728571
-12.446324060375346
-12.450703492187477
-12.452808708378278
-12.455985872441577
-12.458099652956815
-12.460842550570153
-12.462663848653696
-12.465696078360127
-12.46720167788565
-12.469061074567046
-12.471919743017484
-12.473505398331215
-12.476301376510367
-12.477972996329864
-12.480194927449624
-12.482970459193407
-12.48591184627062
-12.488133528133996
-12.490930456022811
-12.493394684504041
-12.496402558887864
-12.499006164698029
-12.501041667122408
-12.503624854679892
-12.505687854017262
-12.50750128040129
-12.509251681341661
-12.51076611667481
-12.512375930843454
-12.514030734150607
-12.515351991977298
-12.516906855023194
-12.518446425247772
-12.519605696495217
-12.520664246705516
-12.521748975022732
-12.522912244381757
-12.523777639813453
-12.525017031538042
-12.525768973483709
-12.526644929654134
-12.528051542501885
-12.52884780239129
-12.530020829582593
-12.530697226785314
-12.531580388505777
-12.532740314125032
-12.534112075749304
-12.534973412987494
-12.536053745857386
-12.536686782099329
-12.537600609116527
-12.53859930971884
-12.539096219873098
-12.539962912467784
-12.540730297545036
-12.541146091119346
-12.541833161354964
-12.542239906889558
-12.542827794323173
-12.543367304236964
-12.543727235800066
-12.544426554627563
-12.544893872561703
-12.545300153279506
-12.545693512736385
-12.546072838748177
-12.546556648099314
-12.54702579602173
-12.547422206171056
-12.547848391729348
-12.548385273653142
-12.548991229114357
-12.549366117379364
-12.54985243528379
-12.550228138054479
-12.55065766996011
-12.551124770351498
-12.551456377821738
-12.55176969046714
-12.552383424901045
-12.552646006984205
-12.55302264272606
-12.553190424750623
-12.553736820166325
-12.554007621854812
-12.554311917753932
-12.554770470230494
-12.555102412747457
-12.555552230337089
-12.555871793145004
-12.556270470063174
-12.556504084325901
-12.55681321946301
-12.557017916111501
-12.557213096749674
-12.557541296804676
-12.557834591078523
-12.558035602489813
-12.558308460041061
-12.558514317549495
-12.558773237967115
-12.559105348401701
-12.559362462913612
-12.559519386500538
-12.559795457279762
-12.560025134903357
-12.560303419721533
-12.56053769896987
-12.560781748999847
-12.560966442916847
-12.561136455725688
-12.561382524121358
-12.561551069298858
-12.56167289453125
-12.56191971846079
-12.562046792561087
-12.562216960781951
-12.562451905980916
-12.562588787919289
-12.562681765977493
-12.562996303498482
-12.563083104143665
-12.563222205931988
-12.56335086261016
-12.56351625331502
-12.56365462886942
-12.563775896853345
-12.563925773184977
-12.564092102812811
-12.56426377116429
-12.564425640106762
-12.564587136206022
-12.564735805049976
-12.564935822841115
-12.565082861469886
-12.565343897667026
-12.565475181627303
-12.565711797469298
-12.565858819699693
-12.566033024864598
-12.566283672135313
-12.566518998184966
-12.56668903167901
-12.566907648836587
-12.567067522149861
-12.567286177670491
-12.567501917383748
-12.567656478559556
-12.567771449958883
-12.568061113242338
-12.568229312431335
-12.568374669760043
-12.568563953626011
-12.56874494022148
-12.568976149235157
-12.56924095808155
-12.569407751088818
-12.569638088818268
-12.569788683559597
-12.569983722341938
-12.570268081434667
-12.57044968807903
-12.57074477396489
-12.571264209244204
-12.571500404699101
-12.571865309569064
-12.572112431347803
-12.572457323240275
-12.572666319839023
-12.572887175098225
-12.573319435725374
-12.57350686390169
-12.574046130410377
-12.574304003663167
-12.574614591456323
-12.574960042145113
-12.575390522915567
-12.575696355452017
-12.576015445858024
-12.576391978265622
-12.576831498352979
-12.577109754898647
-12.57740943876463
-12.577740672985199
-12.578137069568623
-12.578439541734245
-12.578690188478197
-12.57903216321866
-12.57940055951019
-12.579760513103711
-12.580101010599488
-12.58043764701308
-12.58080618946834
-12.58106495106283
-12.581318838525515
-12.581391265853478
-12.581781386075404
-12.581903316688908
-12.582078074263144
-12.582346200346187
-12.582531762293947
-12.582802614261004
-12.582956488652236
-12.583147018730735
-12.583325682131631
-12.583506617865979
-12.583719173622855
-12.58386905862466
-12.584017038325985
-12.58427936482094
-12.584457453256324
-12.584588986990907
-12.584831237228292
-12.584999260134628
-12.585210096670849
-12.585449077046489
-12.585589735041228
-12.585800717192821
-12.58590040420161
-12.586125496578811
-12.586257079076
-12.58638604074929
-12.586620698929906
-12.58676502504674
-12.587031832316844
-12.587251560784981
-12.58747555102751
-12.587591869901816
-12.587791976161569
-12.58795522611677
-12.588121367684288
-12.58836037196236
-12.58852088876823
-12.588700775704847
-12.588808475210861
-12.588916163555142
-12.589001139165635
-12.589190934928768
-12.589253385144497
-12.589352259764906
-12.589452321148709
-12.58957268777608
-12.589679363070264
-12.589761721990202
-12.589850794546937
-12.589942210781523
-12.590067519130208
-12.590132772918528
-12.590205531760457
-12.590301262319567
-12.590364510418507
-12.590439343826333
-12.590512930976686
-12.590591591391092
-12.590638236798092
-12.590683758236999
-12.590753716763707
-12.590803190667515
-12.5908787312048
-12.590945764247373
-12.590992762479182
-12.591060113237276
-12.591082845793597
-12.591166532857303
-12.591207739302666
-12.591248947505226
-12.591312931635859
-12.591376647076167
-12.591440375156271
-12.591485044652687
-12.591540099760657
-12.591586325760955
-12.591648048745249
-12.59169160999448
-12.591736615699709
-12.59182532973475
-12.59187527916561
-12.591941358831185
-12.592005008590325
-12.592052193475636
-12.592115974838741
-12.592174442685817
-12.59222971146497
-12.592271296185228
-12.592321496615403
-12.592369338168972
-12.592411239323818
-12.592469286171983
-12.592516767402639
-12.59259790431618
-12.592671326445451
-12.592727397233915
-12.592817221415295
-12.592866590672168
-12.592935054015872
-12.59298743730987
-12.593034460487937
-12.593054766011502
-12.593138309858785
-12.593170085744594
-12.593217669310386
-12.593286883155665
-12.593352674246674
-12.593406153485361
-12.593471215794791
-12.593525518136289
-12.593602314415833
-12.593681925403853
-12.593753537821836
-12.593824260563308
-12.593892556587221
-12.593963220459994
-12.594036855676926
-12.594081439555525
-12.594168941848292
-12.594266172043573
-12.594369964639549
-12.594452400613257
-12.59451819210648
-12.594578619519016
-12.594649635091685
-12.594697876367391
-12.594731107044028
-12.594771652631605
-12.594824276352533
-12.594869182907672
-12.5949161981085
-12.594956017859513
-12.595010830376374
-12.59505387720602
-12.595105113593277
-12.595172334447195
-12.59522203826235
-12.595276776878356
-12.595333190185428
-12.59538096179736
-12.595421920705427
-12.59546791756462
-12.59551388072845
-12.595564918596592
-12.595623130913852
-12.595670989714453
-12.595722487123046
-12.595764457243225
-12.59582558829852
-12.595860428246597
-12.595906533958415
-12.595947411982186
-12.595978199166865
-12.596011454016267
-12.596046221592161
-12.596073332479259
-12.596103179185347
-12.596131793800202
-12.596165393582819
-12.596196539605277
-12.596228165267224
-12.59626853603987
-12.596291290279416
-12.596314993644818
-12.596359612377807
-12.596388016469554
-12.596428892411073
-12.596467539564813
-12.596493466889306
-12.596527057306995
-12.59656223898333
-12.596595929523701
-12.59663982931698
-12.596663918988154
-12.596692993054306
-12.596743482747002
-12.596768427946156
-12.59680787491233
-12.596829984092853
-12.596862873077345
-12.596884406201001
-12.596909478167351
-12.596919735746555
-12.596954424071
-12.59696717123628
-12.596985901522503
-12.597012376059912
-12.59702866906523
-12.597055490034906
-12.597073969793394
-12.597095994012008
-12.597118793146684
-12.597143830178405
-12.597168506385891
-12.597192471643474
-12.597212182946572
-12.597243552591975
-12.597269069685296
-12.597289403636792
-12.597336672302477
-12.597357867691333
-12.597385187098423
-12.597435070959252
-12.597458585723663
-12.597501090633818
-12.597525298203179
-12.597561124378606
-12.597598014187387
-12.597633203348325
-12.59767353550545
-12.597712419377114
-12.597756879729166
-12.597790959246149
-12.597825936064368
-12.597871204242283
-12.597914808274147
-12.597947462917718
-12.598015754428257
-12.598043273998357
-12.59810688350219
-12.598157063921196
-12.598205511616422
-12.598266898968875
-12.598341390381213
-12.598395636197337
-12.598453451293876
-12.598503994427428
-12.598559388541158
-12.598651786007311
-12.598709971999185
-12.59880187888929
-12.598894074977414
-12.598995820162745
-12.599061543192434
-12.599145338342126
-12.599219768712121
-12.599283969301329
-12.59936416229301
-12.599439715343653
-12.599547139286045
-12.599628490335657
-12.599702387423864
-12.599786298375228
-12.599845187643767
-12.599905865733874
-12.599955249497603
-12.599999673066016
-12.6000514802678
-12.600119163337318
-12.600160132145803
-12.600207818642136
-12.600241192250321
-12.600291414590329
-12.600345316307777
-12.600398032828105
-12.600457169165896
-12.600518197659238
-12.600584350421052
-12.60064057130059
-12.600691345597049
-12.600748917697079
-12.600806596064583
-12.600839816342697
-12.60090377514324
-12.600921307598753
-12.600968812184956
-12.600996954901964
-12.601028864656238
-12.60108442863066
-12.601123187509243
-12.601176776979253
-12.601208065931823
