500 iters for seed 91 on 3R0.3 which is in the 94.65866088867188 percentile
 Maxcut: 22.0, MedianCut: 12.0
-12.009230877191271
-12.037702405965074
-12.042140767860156
-12.14551929435769
-12.177969809755293
-12.210550198879073
-12.221988234934617
-12.260780382824777
-12.277000921816054
-12.29613512564205
-12.31092256726072
-12.323306378741055
-12.335388864252641
-12.344761249649276
-12.353220001990628
-12.36238476401602
-12.370213149262284
-12.377286362459417
-12.384287276896764
-12.390439508067821
-12.394912622789299
-12.399217127513454
-12.404250185131708
-12.408156937978594
-12.412669447768726
-12.417028512812278
-12.419831382158023
-12.422881257716888
-12.428178142749006
-12.431119924648451
-12.435027582810497
-12.439346687996307
-12.443728478718256
-12.446916930466605
-12.450109082984667
-12.452288081119221
-12.455056441379647
-12.457232517393983
-12.45941753759257
-12.461241712802732
-12.464755505608606
-12.466299381686376
-12.468113785764281
-12.470425274444809
-12.472253333552295
-12.474161318139895
-12.476248295447633
-12.47775093350413
-12.479806882170141
-12.481750689043666
-12.483490670788596
-12.485490714745465
-12.486775325043803
-12.488163807745579
-12.489512534524819
-12.490626008380195
-12.491975316639422
-12.493193470063972
-12.494270583346763
-12.495530533202231
-12.496703827828316
-12.497571001759919
-12.498324506166249
-12.499093925532318
-12.499881047228719
-12.50050708968229
-12.501196059461495
-12.501895116237836
-12.502733114914546
-12.503525771254498
-12.504398681625567
-12.505245354799994
-12.506309776302471
-12.506980147289614
-12.507624694894666
-12.508315744597263
-12.509177234406383
-12.50973621797301
-12.51034631583316
-12.510677708586918
-12.511349731585058
-12.511804703594292
-12.512174636978058
-12.512910757948909
-12.513349324860403
-12.513912615933124
-12.514357524367654
-12.514954068232997
-12.515353700518897
-12.516034065900026
-12.51650220338193
-12.516922888784991
-12.517691393060943
-12.518079403791997
-12.518547850586684
-12.518903187136287
-12.519255041183147
-12.519660231777573
-12.520024705001351
-12.520380252660503
-12.520659922295751
-12.520961878918664
-12.521309329685671
-12.521646590370809
-12.521927724245048
-12.522389908591823
-12.52264288051969
-12.522967295255306
-12.523295439961986
-12.523582477281558
-12.524056253824401
-12.524489208448056
-12.524840721313554
-12.52526312188059
-12.525618898727247
-12.5261950759506
-12.526671641595206
-12.52713599804854
-12.527486974263285
-12.527841098338747
-12.528287692105529
-12.528625939053358
-12.528935204084537
-12.52928056499259
-12.529547959402477
-12.52984084343188
-12.53023701002045
-12.530417303382016
-12.530627995769004
-12.530857426064353
-12.531041422084229
-12.531312123947606
-12.531654421855125
-12.531837503878881
-12.532094830270912
-12.53230666076886
-12.532574807043815
-12.53286875039632
-12.533059666522417
-12.533318005983798
-12.533588781272284
-12.53373977814386
-12.533994256632628
-12.53416754437022
-12.53438460758789
-12.534700922888089
-12.534902246757328
-12.535251744289415
-12.53563905826685
-12.535834702700825
-12.536161048711493
-12.536395264881213
-12.536697184861158
-12.536957234559825
-12.537136865729169
-12.537573361285498
-12.537779370444408
-12.5380730800541
-12.538376272376867
-12.538701048688882
-12.53898375965437
-12.539341613364435
-12.539619735723404
-12.539888646109695
-12.540098065430472
-12.540375247883539
-12.540593465775881
-12.54076689596506
-12.541134158956297
-12.54126744798098
-12.541555582181978
-12.541679601075245
-12.54187252114376
-12.542115155205453
-12.542344966852724
-12.54248265564616
-12.542667460989696
-12.542815515965925
-12.543048662121926
-12.543196564533186
-12.543386678082339
-12.543506045428632
-12.543663724250155
-12.543799677206252
-12.5439642847075
-12.544091579764453
-12.544220842270828
-12.544347622733309
-12.544569966649185
-12.544664345572695
-12.544783723614785
-12.544929008173135
-12.545073614414585
-12.545248319417386
-12.545387089539656
-12.545519442720972
-12.545555076881104
-12.54590743754473
-12.546020763547078
-12.546189067416112
-12.546403004406761
-12.546557147687842
-12.54674383846052
-12.546873086520941
-12.547047707813814
-12.547218478210718
-12.547420582747444
-12.547599824083996
-12.547762977495111
-12.547965090088999
-12.548189923878962
-12.548357356058588
-12.548555754286436
-12.548707947041288
-12.548934705246065
-12.549085839913939
-12.54922509240947
-12.549552726942526
-12.549732033371596
-12.550032283281645
-12.550244369529262
-12.550423089154446
-12.550599746266808
-12.550780350536527
-12.550979900577804
-12.551140437439155
-12.551352211059715
-12.551530217884538
-12.551705155682383
-12.55191738640825
-12.552144531403746
-12.552252562211397
-12.552410997658454
-12.55256619966104
-12.552790619623236
-12.553014767872025
-12.553211036608836
-12.553361959075719
-12.553573868536443
-12.553736226421305
-12.553899458740824
-12.554064139721206
-12.55419667929839
-12.55435608879807
-12.55460651622682
-12.55471391247179
-12.554884606759028
-12.554978341697344
-12.555151746958765
-12.55531523793213
-12.555461138359636
-12.555754906115649
-12.555906702972461
-12.556095355761602
-12.556244958890609
-12.556424454034653
-12.556533138026264
-12.556686625317726
-12.55678047286354
-12.556879870875969
-12.557005221715386
-12.557145702476337
-12.557224257340025
-12.557338782092149
-12.557425116537642
-12.557528342310082
-12.557650439356038
-12.557720785795752
-12.557823928450311
-12.557957021585624
-12.558013546550391
-12.558116084690738
-12.558155597761903
-12.558238280110395
-12.558288986852306
-12.558338746873433
-12.558438416709354
-12.558483635114161
-12.558571621377771
-12.558636112794451
-12.55871465674829
-12.558729745688934
-12.558808507438112
-12.55884635274365
-12.558891865207341
-12.558955943478232
-12.558991639765939
-12.559066614885461
-12.559125756713614
-12.559186695605147
-12.55923522220719
-12.559280293230504
-12.55935451044816
-12.559399105606738
-12.559448914025744
-12.559525633234033
-12.559585314556639
-12.559617326784013
-12.559710299653334
-12.559733380406616
-12.559792517681304
-12.55984167081706
-12.559893459433452
-12.559974815176915
-12.560018001250231
-12.560104733544158
-12.56016461326611
-12.560245609457116
-12.560301595959995
-12.560352402976568
-12.560432570242595
-12.560486811656295
-12.560574534281063
-12.560645471020445
-12.56070761165262
-12.560755691476624
-12.56080274247933
-12.560855362746757
-12.560911744761093
-12.560958959521917
-12.56100570700157
-12.561046859375706
-12.561087759408315
-12.561113766108901
-12.561176524618652
-12.561200345521318
-12.561234265133894
-12.561275960794552
-12.56132441458307
-12.561356398767218
-12.561392335672654
-12.561425887614549
-12.56146426137904
-12.561508059421442
-12.56153638611774
-12.561577655537164
-12.561617750021895
-12.561663423059716
-12.561698819416723
-12.561743180971545
-12.561779500457535
-12.56182022034223
-12.561857207230688
-12.561891723654112
-12.561947483656459
-12.562000201748685
-12.562030069536018
-12.562074057446619
-12.562102307760535
-12.562137351319635
-12.562189275630843
-12.562215089965626
-12.562261010992566
-12.562296480243177
-12.562320208759221
-12.562355957508414
-12.56237553440294
-12.562398780248138
-12.562420891857535
-12.562436501810943
-12.562471160918639
-12.562497280648909
-12.562515557948231
-12.562538184508217
-12.562557108222038
-12.5625880286803
-12.562615326434635
-12.562645861006201
-12.562670034394795
-12.562696548590784
-12.562728410259089
-12.562761876753948
-12.56279767674635
-12.562827424393932
-12.562861270342683
-12.562914584253802
-12.5629465297823
-12.562983383286534
-12.56303270514676
-12.563065374943575
-12.563116728395391
-12.563185705471481
-12.56321286528394
-12.563259044191133
-12.563295456060116
-12.563344721281162
-12.563403455732724
-12.563437296314195
-12.563503198136337
-12.563556719104499
-12.563593100539595
-12.563649655387188
-12.563690064565243
-12.563745581133295
-12.563805593768425
-12.563840445326349
-12.563875195029125
-12.563921231887795
-12.563960251984362
-12.563998199972584
-12.564037791117194
-12.564061215543811
-12.56409033398418
-12.564115812092295
-12.56415790555393
-12.564180323662097
-12.564206094240463
-12.564233056155912
-12.564267048095298
-12.564296324401383
-12.564321565102745
-12.564346036340488
-12.564373033121383
-12.564400887506702
-12.564425048056751
-12.56445620918243
-12.56448513369696
-12.564514146689424
-12.56454472514396
-12.564580439957972
-12.564613249995448
-12.56464645827529
-12.564681903501226
-12.56472962322963
-12.564775430738239
-12.564804714800207
-12.564840423565075
-12.564867577254322
-12.56490753456089
-12.56493263237273
-12.56495983013022
-12.564984007219904
-12.56502522359971
-12.565043888853008
-12.565070735146563
-12.565105695957273
-12.565142391667063
-12.565176574093794
-12.565211849180448
-12.565241904519263
-12.565290998965708
-12.565330270154966
-12.565370075114508
-12.565401538068256
-12.565436038829448
-12.565473310156435
-12.565502291954498
-12.565542860352371
-12.565569941707754
-12.565601102007033
-12.565629056264141
-12.565652760702925
-12.56567837281639
-12.565725694752437
-12.565741883745824
-12.565763293590214
-12.565781153156392
-12.565806509168988
-12.565828738138931
-12.565848408204461
-12.565879633395264
-12.565901530913552
-12.565931758934317
-12.5659578228722
-12.565980974999999
-12.5660083485129
-12.56603950696601
-12.566061407736727
-12.566085555103104
-12.566130732641675
-12.56615814039799
-12.566186902372355
-12.56621329803142
-12.56623936008953
-12.566275192880436
-12.566309044288328
-12.566342293187256
-12.566367894894421
-12.566398468109968
-12.566427756220774
-12.56645476018597
-12.566483324179522
-12.566509335676045
-12.566541685023203
-12.566568364861716
-12.566599752274568
-12.566622333828603
-12.566648799559161
-12.56667790009064
-12.56669670276431
-12.566715332843296
-12.566757090314125
-12.566773046950127
-12.56680214968171
-12.56683041112279
-12.566860867933094
-12.566887292368527
-12.566923737795276
-12.566948380661998
-12.566982441065738
