500 iters for seed 143 on 3R0.3 which is in the 94.64797973632812 percentile
 Maxcut: 21.0, MedianCut: 12.0
-12.12201737727273
-12.179916896114042
-12.209804473856535
-12.23772917617957
-12.26227746229996
-12.278118598758493
-12.29383870138103
-12.305279746631996
-12.313631390550974
-12.327201289925693
-12.338031345980735
-12.349802004308879
-12.359429107753837
-12.366995881577788
-12.373885284663768
-12.380400567701795
-12.38498219649318
-12.389388208269093
-12.39455459309147
-12.398343380744524
-12.403024175985504
-12.407648146014957
-12.411397168272
-12.415400718406474
-12.41951344267033
-12.422770648249712
-12.42526766259791
-12.429658689160766
-12.432510625682156
-12.43587014125304
-12.439154662356877
-12.44158471652536
-12.444678043064643
-12.447035404557154
-12.449256239937647
-12.451290723645426
-12.453683400938118
-12.455936589213533
-12.45773352067529
-12.460329427023826
-12.461785277397565
-12.463407923940997
-12.464783159394946
-12.466082121333312
-12.468157908091383
-12.470276384320535
-12.471651747121532
-12.47352760087189
-12.475108714983085
-12.476930106055738
-12.478448630519715
-12.479665855390795
-12.481228790457795
-12.482151465781534
-12.483511232970509
-12.484221856131883
-12.485143368438779
-12.486543281873406
-12.487929613112897
-12.48900806569453
-12.490233790603542
-12.491083226842933
-12.492112455982829
-12.49306094131836
-12.493773388176173
-12.494175604514881
-12.495189632633569
-12.495911766869868
-12.496477756264998
-12.497266691330102
-12.497693502370772
-12.498288788741059
-12.498898772559993
-12.499556052332002
-12.500150308535646
-12.500633268955466
-12.501085735295216
-12.501817808236474
-12.502170443472735
-12.502676969846037
-12.503141785411588
-12.503844121229966
-12.504321293902871
-12.504675290828544
-12.505424310780345
-12.505871981875487
-12.506677032326335
-12.507240547126528
-12.507759357435134
-12.508197070729853
-12.508690994350363
-12.509121562179443
-12.509524412244017
-12.509898351324203
-12.510213894210782
-12.510555868973759
-12.511031018476729
-12.511394278065607
-12.511829922231815
-12.512215804969554
-12.512589412260274
-12.51292721683657
-12.513347506030795
-12.513717937913743
-12.514109029198345
-12.514546802252692
-12.514963919264094
-12.515464705253663
-12.516127797521557
-12.516504733493694
-12.517076461608056
-12.517500068846715
-12.517994459457805
-12.518641304082214
-12.51923334460357
-12.519705652953942
-12.520101898033593
-12.520490117488492
-12.521141022668662
-12.521740192405598
-12.52208464147577
-12.522505185099103
-12.522921643435868
-12.52345195744192
-12.523849507255875
-12.524213862470276
-12.524562391040362
-12.525086369833826
-12.525428401998417
-12.525840402213635
-12.52626962521581
-12.526671215556513
-12.526964560031528
-12.52759946919202
-12.527867954690924
-12.528234580351995
-12.528702001182694
-12.529158173911082
-12.529490764206358
-12.529785798054592
-12.530075097494766
-12.530512263102025
-12.531020198296272
-12.531418600722477
-12.531718096869325
-12.532199268636194
-12.532509570768637
-12.532880166731003
-12.533374843768287
-12.533747261603889
-12.53427178548166
-12.534794167758632
-12.535233137645069
-12.535555396467629
-12.535868591295406
-12.536308664633538
-12.536760513644822
-12.537116224856987
-12.537611717551414
-12.5380402149228
-12.53860058487085
-12.539128948347718
-12.539534993988273
-12.539804678206393
-12.540117902745404
-12.54032191138977
-12.540488901171072
-12.540765283745483
-12.540867950419129
-12.541041006826266
-12.541221514999043
-12.54135159950067
-12.541637539705231
-12.541769502400529
-12.541961965026356
-12.542112024724771
-12.542295024858543
-12.542442506368788
-12.54259013614197
-12.542755396329035
-12.542855780285082
-12.54299127377547
-12.543122725982483
-12.543230445222024
-12.54337492326323
-12.543507581259124
-12.543620822421202
-12.543763098158628
-12.543862585834233
-12.543980472860147
-12.544144679429962
-12.544236984295077
-12.54433312023331
-12.54446225095189
-12.544529038136016
-12.544637765793066
-12.544817313705003
-12.544880594084269
-12.545038467218394
-12.54512434196154
-12.54526231936312
-12.545374344739665
-12.545530032761073
-12.54562079431403
-12.545726901374335
-12.545823631978388
-12.545949259496313
-12.546057120722871
-12.54612661890317
-12.546215530936045
-12.546310517951708
-12.54645564356537
-12.54658317638307
-12.546719479722203
-12.54693643748608
-12.547092588613973
-12.54721937978096
-12.547552746090512
-12.547651603531676
-12.547862515954453
-12.54806094219477
-12.548298510511243
-12.54863640913891
-12.548858417623402
-12.549177505764398
-12.549396697609925
-12.5496298561979
-12.549881356586164
-12.55028161026437
-12.550497074822658
-12.550757699652575
-12.551158560382056
-12.551511381941761
-12.55180271484964
-12.552049258612877
-12.552312678660554
-12.55255826032949
-12.552757261205816
-12.553037638958312
-12.553283751884107
-12.55351872922219
-12.553800537070066
-12.553998746988253
-12.554188454399872
-12.554385626828047
-12.55450848415364
-12.55469338190989
-12.554814479774315
-12.555003196718538
-12.555104780445326
-12.55523387885804
-12.55533226158006
-12.555512863545601
-12.555624231074013
-12.555734083951442
-12.55594565667876
-12.556078455522767
-12.556333579824212
-12.556423738691251
-12.556534632694857
-12.55665027182396
-12.556799432620538
-12.55696078736353
-12.557060771073289
-12.557170717665796
-12.557290419339854
-12.557439472741235
-12.55754286532893
-12.557651709888136
-12.557773145992206
-12.55786924679867
-12.55799330865121
-12.558152363840925
-12.55823190697082
-12.558325139699544
-12.55841524997468
-12.558526465589345
-12.558651853994157
-12.558725124389813
-12.558859599284492
-12.558988774863938
-12.55912105621438
-12.55922650564062
-12.559347842374702
-12.559487071627853
-12.559627315423494
-12.559718192466248
-12.559872501567801
-12.55997375850493
-12.560091907955584
-12.560195598662185
-12.560278568432773
-12.560360914419496
-12.560476134473578
-12.560538065381351
-12.560613635584348
-12.56068910692283
-12.560782486733588
-12.560851978340592
-12.560911977439673
-12.561007841227635
-12.561076643261135
-12.56114920200144
-12.56120632341317
-12.561259096971286
-12.561322367312236
-12.56138739526057
-12.561457198231262
-12.561500561320834
-12.561570052517464
-12.561628120582087
-12.561698802748822
-12.561782407200646
-12.561839544724856
-12.561970587337601
-12.562058212105619
-12.562134548150265
-12.562205219918201
-12.562281565605783
-12.562327170722257
-12.562441791841712
-12.56248934279264
-12.562559535434348
-12.562657691743887
-12.562712095180743
-12.562812856888087
-12.562856309963719
-12.562910879990419
-12.562977883145384
-12.563066550406939
-12.56312480210112
-12.563189904696271
-12.563280569240288
-12.563330497243047
-12.563428373544896
-12.563481692938945
-12.563560929809896
-12.563702016266635
-12.563784930884617
-12.5639110127478
-12.563980819062277
-12.564081986674902
-12.56419918350257
-12.564342860727505
-12.564409015496052
-12.564492796029022
-12.564554246313747
-12.564638747999549
-12.564734431875689
-12.564788438590128
-12.564866085566813
-12.564953963559374
-12.565010378689815
-12.565088262495886
-12.565154870975777
-12.565224371962227
-12.565289108327448
-12.56532799392251
-12.565461437637154
-12.565509468071461
-12.5655777588017
-12.565652919854264
-12.565712266796387
-12.565785166005748
-12.565858100664522
-12.565913012554393
-12.565986971994214
-12.566061678831325
-12.566129315189919
-12.56620335333437
-12.566253963583726
-12.566348694248731
-12.566404277482055
-12.56647510321905
-12.566538157397359
-12.566584017338048
-12.566607060292291
-12.566691371501314
-12.566722098359847
-12.566770314008096
-12.566841849222069
-12.5668872823063
-12.566937180949335
-12.566976267031578
-12.567024860655701
-12.567069996556995
-12.567120435227476
-12.567167523874929
-12.567208858657606
-12.56722050317006
-12.567326016114317
-12.56735143720547
-12.56738187756702
-12.567422164956248
-12.56747696203061
-12.56755593731988
-12.567592483547482
-12.5676360503644
-12.567665106282773
-12.56770603557228
-12.567745022021548
-12.567770132926668
-12.567810900398248
-12.567855538340606
-12.567889680855355
-12.567932667011211
-12.567970497722849
-12.567999245026346
-12.568040742101761
-12.56807415902752
-12.568113432124832
-12.568140862382704
-12.568167145514582
-12.568196313316495
-12.56823313295662
-12.568269314321073
-12.568302634850177
-12.568327064709075
-12.568364461788615
-12.56838232254868
-12.568413528650371
-12.568437689207014
-12.568460080324845
-12.568505821096847
-12.568528385761025
-12.568578134531164
-12.568611539597715
-12.568642328775395
-12.568664474379435
-12.568701463360021
-12.568734439921707
-12.568768003553684
-12.568792166234694
-12.568813678009793
-12.568843365786854
-12.56887434049093
-12.56889292562802
-12.568916259948827
-12.568939250687876
-12.568968323087795
-12.568992810014386
-12.569014743475941
-12.569059969066345
-12.569096430134453
-12.569123915654785
-12.5691555695931
-12.569184356482507
-12.569242443224248
-12.569283173896526
-12.569316972258388
-12.569351878033238
-12.569383174348792
-12.56942151385115
-12.569453601072885
-12.569475057389687
-12.56949892524517
-12.56952682048941
-12.569560255184154
-12.569582710334648
-12.569606092952533
-12.569632660724501
-12.56966422954671
-12.569688095106981
-12.56971663293789
-12.56973395221902
-12.569757635945177
-12.569777338647842
-12.569794291443635
-12.569817818528
-12.569850220156383
-12.569869464073651
-12.56989056330783
-12.569900974993347
-12.569929727919648
-12.569946236599122
-12.569961764869817
-12.56998683020127
-12.57001103704634
-12.570043347851328
-12.570056679801217
-12.570077903264117
-12.57009287589819
-12.57011122418382
-12.570134497025752
-12.570149423699409
-12.570171679858595
-12.570190784300951
-12.570206954751008
-12.570227839029592
-12.570250817701831
-12.570273869908279
-12.570291102536723
-12.570315689291117
-12.570330728567829
-12.570360255647243
-12.57037612043587
-12.570392979793718
-12.57042569206511
-12.570439600629285
-12.57046190395415
