500 iters for seed 142 on 3R0.3 which is in the 99.25308227539062 percentile
 Maxcut: 21.0, MedianCut: 12.0
-12.091712923668286
-12.14940168698307
-12.189980978836966
-12.221842574747393
-12.242522670964963
-12.273095693101073
-12.291586118307638
-12.306442966760807
-12.319809161616398
-12.329692521442084
-12.33868416380186
-12.349976255779175
-12.360533241658676
-12.371498872201906
-12.379714969473392
-12.386367550914503
-12.393828815108378
-12.40103805015008
-12.4066624643859
-12.410978444093177
-12.414954235709546
-12.418995702672328
-12.422334730169007
-12.426268301499675
-12.429428412032149
-12.433005625960194
-12.43589685398253
-12.440333519363893
-12.442892891822869
-12.445549022767555
-12.447970830114972
-12.450569414031133
-12.452606706740498
-12.454728208545358
-12.456500071312185
-12.45825265680349
-12.459782840074851
-12.46112272388898
-12.46254126154766
-12.46419191162857
-12.46517297477796
-12.466774727981198
-12.46819763790342
-12.469459447474627
-12.470567949760088
-12.471876938227695
-12.472891571890429
-12.474179556493759
-12.475021916916987
-12.476104025899918
-12.476959033035628
-12.478467781306069
-12.479132433984942
-12.480026120284597
-12.481128259630015
-12.482260256145052
-12.483311261269849
-12.48489637508717
-12.485986557041025
-12.487151709358685
-12.488417877448555
-12.489224764087668
-12.490085926845062
-12.492151213303853
-12.49238997321154
-12.493952093295421
-12.494887141424872
-12.496058061416703
-12.497152501132152
-12.498375427469018
-12.499404039317445
-12.500523320038237
-12.50141440799011
-12.502268395627222
-12.503182541641767
-12.503709281467838
-12.504277638486656
-12.505160968032996
-12.505755904672492
-12.506360768163127
-12.507156529882291
-12.507537018934489
-12.50810969079285
-12.508460658778636
-12.509297772954016
-12.509680113743894
-12.510104518520098
-12.5106820885779
-12.511059958064699
-12.51157258533221
-12.51197039596807
-12.512482338613818
-12.512838065342454
-12.513410414607522
-12.513717570519475
-12.514081518898953
-12.514406119854648
-12.514826267571046
-12.51518735869301
-12.515516495410475
-12.515879303601183
-12.51636300933483
-12.51664345183751
-12.51699240078603
-12.517331729405926
-12.51774426077363
-12.51808859469789
-12.518486890105137
-12.518780839629352
-12.519172445121834
-12.519549384933283
-12.519882055562245
-12.520369886841431
-12.521002842141073
-12.521363807883375
-12.521864722915915
-12.522374120743345
-12.522912169008258
-12.523290165869005
-12.523690385173836
-12.524011859351559
-12.524266077762256
-12.52459432045049
-12.524803666046637
-12.525086933383772
-12.525359680774113
-12.525655400308201
-12.525825182347745
-12.526330875390002
-12.52658279023238
-12.52685086505248
-12.52725949149933
-12.527529793099713
-12.527839175183967
-12.528138149244427
-12.528439333770061
-12.52876355902794
-12.529083210949501
-12.529413959619607
-12.529657289549942
-12.529956881666998
-12.530289468052949
-12.530548156066615
-12.530764568623512
-12.531042598826803
-12.531227439262565
-12.531462478502064
-12.53168044056443
-12.531860643441863
-12.53209593127815
-12.532413668286459
-12.532575499272202
-12.532807992473373
-12.532985150115511
-12.533249597591286
-12.533483919171305
-12.533635019104313
-12.533938718824656
-12.534060647686163
-12.534317177716606
-12.534441922420367
-12.53462384607065
-12.534933142616719
-12.535142518906358
-12.535370639463249
-12.535579529115665
-12.535767166267288
-12.535833511927954
-12.536159389125164
-12.53626280006405
-12.53640232707383
-12.536607428514717
-12.536724348212452
-12.536949248463067
-12.537037416436124
-12.537163935177087
-12.537255380611008
-12.53743736978479
-12.53752623052476
-12.53762837655959
-12.537787029922214
-12.537868892573847
-12.538015699486309
-12.538125325373912
-12.538251602566596
-12.53834139687061
-12.538443734369528
-12.538540709441417
-12.538619276735883
-12.538709929527567
-12.538825941884161
-12.538904279218201
-12.539004275710766
-12.539115103751701
-12.53924130989898
-12.539314272492936
-12.53941599013126
-12.539477764204076
-12.539569849617754
-12.53966839168585
-12.539739202766103
-12.53992761053325
-12.54002084106086
-12.540135762908239
-12.540224228697836
-12.540313338080209
-12.540400400763367
-12.540492979201904
-12.54056561568889
-12.540677450628095
-12.540796676220628
-12.540904042777608
-12.540981005205179
-12.541068548025118
-12.541198079155073
-12.541297311236061
-12.54138432809103
-12.541466572792396
-12.541560945651785
-12.541660828216605
-12.541753423945208
-12.54183974391048
-12.541951684802441
-12.5420406230345
-12.542166046582814
-12.542241547912319
-12.54232492407656
-12.542422417403241
-12.542523877885712
-12.542586232923814
-12.54267067912258
-12.542739145348584
-12.542808698161295
-12.542901119236937
-12.542954958016344
-12.543035074581288
-12.543125741071385
-12.543216045689034
-12.543273796907457
-12.543389278173464
-12.543442781752956
-12.543528224674327
-12.543594611439959
-12.543662832830696
-12.543796095885252
-12.54388252995085
-12.544031880739757
-12.544126578060876
-12.544208378928857
-12.544269855639754
-12.544335051222742
-12.544437235311555
-12.544513798997176
-12.544596154328506
-12.544690723143074
-12.544767008353832
-12.544867880985237
-12.544982359967781
-12.54505972146511
-12.5451670777995
-12.545220942522887
-12.54541263132021
-12.545490607204608
-12.545572858300705
-12.545688402431121
-12.545828353570316
-12.546020551492
-12.54610195339006
-12.546199783696018
-12.54626723329466
-12.546357434710023
-12.546467404314418
-12.546540044124521
-12.546630895237929
-12.546732429107083
-12.546808705061446
-12.546907413488615
-12.546948939112678
-12.54707033228474
-12.547133257322475
-12.54720438386961
-12.547330606959918
-12.547394964718485
-12.547518352446476
-12.54760309696725
-12.54769944858143
-12.54777544764678
-12.547840162055238
-12.547947814940262
-12.548006105292174
-12.548077350474614
-12.548192084795133
-12.548265636712511
-12.548359904471324
-12.548449542969493
-12.54853896054193
-12.548603068278057
-12.548722697132856
-12.548758031112655
-12.54887145813444
-12.54892195779631
-12.54897724277693
-12.54906326674777
-12.549092052313728
-12.54919075493272
-12.549223664109377
-12.549285703902221
-12.549383332786082
-12.549445109692822
-12.549504491187717
-12.549550970721468
-12.549590494350936
-12.54964370032856
-12.549709372906799
-12.54975552340633
-12.549803478134457
-12.549851567036637
-12.54990464091789
-12.549930222675174
-12.549998337982071
-12.550026117532393
-12.550061950442547
-12.550099919049321
-12.550150590845464
-12.550190630667597
-12.550227350678396
-12.55025944481326
-12.550303883040941
-12.550334692876284
-12.550365271888415
-12.550391222472793
-12.550431507199841
-12.550458866874456
-12.550488303330296
-12.550538264094712
-12.550571990224014
-12.550625452003464
-12.550658713931856
-12.55070128129653
-12.550723094639716
-12.55080853517137
-12.550839835443934
-12.550877910540184
-12.550931823669183
-12.550967654300017
-12.551017270954745
-12.551060684155564
-12.551115437523832
-12.551159336169926
-12.551214320743135
-12.551258360226399
-12.55129503951122
-12.551350155529999
-12.551414447193912
-12.551450070081444
-12.551498940831404
-12.551510950609902
-12.55156241461674
-12.551594041384819
-12.551622783300058
-12.55166400831131
-12.55170915219703
-12.55175727467901
-12.551789068523135
-12.551828251603185
-12.551862921400359
-12.551905178359778
-12.551933161703944
-12.551957195376156
-12.552004417991363
-12.552051320421324
-12.552088841916184
-12.552158014387647
-12.552196877708603
-12.552243253400297
-12.552305992179313
-12.552336956843245
-12.55237961481731
-12.552443460413352
-12.552489169412853
-12.552522303759671
-12.552593672774828
-12.552627819908421
-12.552671132779471
-12.552729599073666
-12.552767252966076
-12.552854504074379
-12.55291415951206
-12.552971837487151
-12.553029539227897
-12.553087725853889
-12.553176292108951
-12.553273895120507
-12.553337662498551
-12.553451358661409
-12.553527567370342
-12.553631869845088
-12.553767330385211
-12.553852346551908
-12.553931960300256
-12.554057285601505
-12.554150966526514
-12.554257559377414
-12.55435643757806
-12.554446446216414
-12.554556732117693
-12.554651870708392
-12.554760276051429
-12.554839964966522
-12.554906074666338
-12.554988187620472
-12.555084298902507
-12.55516621282168
-12.555224868235234
-12.555331752869744
-12.555396942805027
-12.555485202999442
-12.555563582466874
-12.55562006551731
-12.555660802212117
-12.555776712006288
-12.555828215316888
-12.55589368890539
-12.555979679531198
-12.556063727407308
-12.556116106680738
-12.5561830050957
-12.55622613937144
-12.55627444974095
-12.556333543863506
-12.556368796074128
-12.556445438833572
-12.55648726900897
-12.556555854980916
-12.556594625784196
-12.556625808696447
-12.556680883459816
-12.556712379543672
-12.556763818714728
-12.556793141128553
-12.556832277771756
-12.556877917997191
-12.556933459611386
-12.55696270492882
-12.556998253036628
-12.557025767098587
-12.5570629598697
-12.55710111308331
-12.557127202536629
-12.557152119471494
-12.557200742328318
-12.557225138927212
-12.557257046819359
-12.557294517490135
-12.557337631026924
-12.557362388006736
-12.557391778258284
-12.557420914926912
-12.55744823004425
-12.557469645695704
-12.557491759017127
-12.55751074447428
-12.557538419478522
-12.557558298575767
-12.557573263386328
-12.557592116711584
-12.557610712638716
-12.557633375643572
-12.55765388836145
-12.557671471559917
-12.557685395391369
-12.55770243585082
-12.557717848675871
-12.557734120965183
-12.55775532261679
-12.557768934462558
-12.557785207989463
-12.557810953474682
-12.557826926209707
-12.55784466567584
-12.557865858433217
-12.557877740493296
-12.557896910879748
-12.557905453039652
-12.557928322717315
-12.557940059765201
-12.557954091023399
-12.557980322948284
-12.557984903040804
-12.558024140955505
-12.558035861131328
-12.558055223544212
-12.558079550652927
-12.558108314524087
-12.55813194939682
-12.558161902058853
-12.558176296360251
-12.558199931668037
-12.558220970138652
-12.558240639773373
