500 iters for seed 85 on 3R0.3 which is in the 79.28695678710938 percentile
 Maxcut: 22.0, MedianCut: 12.0
-12.039051880655121
-12.118560029599239
-12.151667568964662
-12.232364724159982
-12.267319439473699
-12.297900530432539
-12.324303448399355
-12.35240518335857
-12.371196808112172
-12.391737993185618
-12.41007679424427
-12.426307758376163
-12.442381081174616
-12.452116902804063
-12.46319179936704
-12.47112202357637
-12.478945696263647
-12.485737001779931
-12.494050395731126
-12.49926741663602
-12.50435835832483
-12.51021356241553
-12.515465329201733
-12.519718161980869
-12.524029595233838
-12.527958870794924
-12.531740567741
-12.534657316308047
-12.536869319389917
-12.53909570649215
-12.540508384956686
-12.542952310855686
-12.545655856128459
-12.54847951125246
-12.551036946036497
-12.55412738239149
-12.55582186464055
-12.558055249827943
-12.559619605323222
-12.561202127115344
-12.563347674305655
-12.565313987969537
-12.566564315528154
-12.567885425870958
-12.569383775186479
-12.57104976034872
-12.572520885958255
-12.573997725071248
-12.575217394618107
-12.576560793188946
-12.577901779753578
-12.579197648088817
-12.580440836330217
-12.581589835598981
-12.58282062707594
-12.58350400557369
-12.58471987204583
-12.585731802701332
-12.58666060951834
-12.58872557038249
-12.589915830696697
-12.591648553142036
-12.593204407997243
-12.594513885725943
-12.595801123325366
-12.596968814959641
-12.59791283090602
-12.598760820988156
-12.599898835463048
-12.600988543924785
-12.601975818530935
-12.602884153329459
-12.603559845893184
-12.604232737302667
-12.60531151322743
-12.605996376132225
-12.606642000883927
-12.607435506815873
-12.608088205722773
-12.608942846168633
-12.609800055754565
-12.610519655824543
-12.61113577223322
-12.61187590258517
-12.612447362507375
-12.61314873277334
-12.613721475384084
-12.6143839604858
-12.614630167886444
-12.615543515483314
-12.615922941722097
-12.616345433127476
-12.61699696161383
-12.617661889276086
-12.618321812799698
-12.618811654658597
-12.619388343862399
-12.619532457465297
-12.620501271778018
-12.620836824319227
-12.621343086156578
-12.622092415103788
-12.622489832072816
-12.62316971921054
-12.62366972411584
-12.624331740805461
-12.624895945442963
-12.6255313199887
-12.626180208697415
-12.626545780889215
-12.627132339222719
-12.627776548826816
-12.628244919669914
-12.628824122615104
-12.629099715365259
-12.629584395571925
-12.629842768829914
-12.630151524722466
-12.630449548658362
-12.630655193220232
-12.630873676029903
-12.631211783048926
-12.631465249287201
-12.631818014244901
-12.632138377072717
-12.632430644375043
-12.632782284703271
-12.633062102832195
-12.633440400875532
-12.633704291212535
-12.6339791540731
-12.634236408592162
-12.634468291809593
-12.634737448669567
-12.634898818156291
-12.635058431667659
-12.63538288194961
-12.63557363140212
-12.635778314224629
-12.636092269340246
-12.636238147790348
-12.636597000387772
-12.63688784896821
-12.637132723631147
-12.637479532080038
-12.637690979733224
-12.637923024007698
-12.638251864463427
-12.63837286066326
-12.638530263197929
-12.638707499845404
-12.638881024784153
-12.639202015555803
-12.639302054469923
-12.639911627657138
-12.640080974867104
-12.640291319057527
-12.640553687288936
-12.640847892699142
-12.641119810828945
-12.641313165660055
-12.64154089106953
-12.641736085009308
-12.642049790193576
-12.642335144184205
-12.642592172813606
-12.642897016052467
-12.643229701963824
-12.64351097492374
-12.643741245634562
-12.643972135784864
-12.644256793810468
-12.644587329392335
-12.644804510220983
-12.645131037595117
-12.645213579744693
-12.645586689042888
-12.6457763381065
-12.645978030760409
-12.64620424232788
-12.646459633034437
-12.64665006374996
-12.646884486225684
-12.647039204343406
-12.647264001817554
-12.647443530621285
-12.647557777663126
-12.64784374924591
-12.64800669233771
-12.648281290403425
-12.648458535649407
-12.648618853385173
-12.648766463353743
-12.649013673402344
-12.649209512331458
-12.649393626972993
-12.649600551664546
-12.649753691651503
-12.64996159062645
-12.650333968555845
-12.65045550500031
-12.650653530031727
-12.650770218043718
-12.650961661089433
-12.651164570993528
-12.651366296091739
-12.651520098007367
-12.651708630528265
-12.651887337791152
-12.652152448257164
-12.652298640343158
-12.652442771697471
-12.652580009256148
-12.652767299245365
-12.652975580684652
-12.653199829148887
-12.653342222647243
-12.653528181226777
-12.653710355176898
-12.653925642151854
-12.654087965023516
-12.654260425413696
-12.654423083563842
-12.654585379461734
-12.65488822243584
-12.65508723413504
-12.65534492938067
-12.655476988316693
-12.65564959513569
-12.655775115014666
-12.655919740542377
-12.656141808215738
-12.656260472646318
-12.656415065506271
-12.656550438426507
-12.656690780592927
-12.656848389814392
-12.657012702035413
-12.65715975101851
-12.657302760353772
-12.657457644964815
-12.657674904235389
-12.657797044581518
-12.657924846200942
-12.658064395848559
-12.65821255423945
-12.658386307187772
-12.658513801758748
-12.658633085806581
-12.658825130318116
-12.658939175544981
-12.659119775232625
-12.659295133528095
-12.659471041665173
-12.659599381696086
-12.659754309569598
-12.659891293225828
-12.660018269948274
-12.660158518486732
-12.660282370072125
-12.660419440685
-12.66060391770034
-12.660698139610949
-12.660853801586054
-12.660941620053762
-12.661103951377106
-12.661209846325614
-12.661296583636556
-12.661427322260963
-12.6614991557458
-12.661634972943915
-12.661723984058087
-12.66181056550673
-12.662019914052832
-12.662130249754847
-12.662317220572369
-12.662451486071408
-12.662582434635842
-12.662698598438585
-12.662819117698396
-12.662934030840177
-12.663034185451487
-12.663113034311682
-12.66323025583317
-12.663313225667869
-12.663387366491664
-12.663495364706156
-12.663562150583086
-12.663636626175027
-12.663783666721375
-12.663810877781287
-12.66390757533768
-12.663957715283532
-12.664030001943175
-12.664115670727746
-12.66417227500113
-12.664258647193567
-12.664327413012131
-12.664412813793271
-12.664480425829197
-12.664555829883318
-12.664637486428697
-12.66469021535706
-12.664781612481114
-12.6648579050825
-12.664932096783613
-12.665019080856364
-12.665113249562557
-12.665229415018711
-12.665349379551378
-12.665446308175209
-12.665562479036476
-12.665655007708224
-12.665714358761804
-12.665816301181723
-12.665858993502464
-12.66593605842306
-12.66600802589453
-12.666047280849828
-12.666153440328923
-12.666222084057406
-12.666309563424429
-12.66639058560286
-12.666453771611032
-12.666512944853572
-12.666574246121623
-12.666623953777819
-12.666690348012127
-12.66675805485361
-12.666828416599843
-12.666865903948421
-12.666943075856638
-12.666980043243163
-12.667061760386048
-12.667100902471807
-12.667140563148848
-12.667215044545731
-12.667246631083502
-12.667337518282624
-12.667371680300171
-12.667422572359772
-12.667438980019691
-12.667508018707288
-12.667538256455359
-12.667574834384817
-12.667634514830896
-12.667672328436973
-12.667737388256594
-12.667782321652902
-12.667841000770789
-12.667902462663136
-12.667965057409159
-12.668023964148892
-12.668065420395902
-12.66809935969816
-12.668164048396328
-12.66819967531872
-12.668235390647528
-12.668302358632797
-12.668349539878694
-12.668405372894462
-12.66846360563111
-12.668496521602043
-12.66852397428341
-12.668566246067256
-12.668595247751036
-12.668645409862222
-12.668690707265078
-12.6687146748248
-12.668741316476273
-12.668771060568071
-12.668818134919034
-12.668857511084116
-12.668884466971459
-12.668925556617523
-12.668959433846279
-12.669001807013561
-12.669051913386932
-12.669082804368731
-12.669132683085353
-12.669182985978635
-12.669229230057788
-12.669279073695725
-12.669333047905276
-12.669387065447388
-12.669435456087388
-12.669488596924285
-12.669558207671358
-12.669603324690572
-12.669655337464423
-12.669718629186258
-12.669768444882612
-12.669801472474346
-12.669868979064796
-12.669899078042583
-12.6699395395403
-12.6699860508849
-12.67004053216295
-12.670075970493968
-12.670108387497983
-12.67015889068773
-12.67021408210567
-12.670259553051402
-12.670320383601817
-12.670359083417367
-12.67039771146507
-12.670467773482143
-12.670507476891546
-12.670567879843409
-12.670602446168374
-12.670651920567815
-12.670695073676981
-12.670742496649657
-12.67081271323799
-12.670857569465024
-12.670903367797328
-12.670941218980255
-12.670982745345405
-12.671012676458767
-12.671081205699727
-12.67111548030673
-12.671156335438772
-12.671212586306845
-12.67128196103464
-12.671330897315032
-12.671374681736069
-12.67141318681594
-12.671457062326343
-12.67150707352441
-12.67157290836031
-12.67163778000885
-12.67170569562646
-12.671765812912591
-12.671815585492778
-12.671875384110145
-12.671922637636223
-12.671969907458921
-12.672017167951147
-12.67207531006881
-12.672142020871744
-12.672173247566185
-12.672233467017664
-12.672244736718048
-12.672324145645698
-12.67235329496357
-12.672392236059913
-12.672453554165031
-12.672512455625267
-12.672558344368577
-12.67259877399658
-12.672636260343005
-12.67268496676632
-12.672728483670042
-12.672782231831988
-12.672826611666299
-12.672868247018549
-12.67292517678363
-12.67295445002793
-12.672977612470946
-12.67303345277236
-12.673054755845321
-12.673081872703552
-12.673118075518786
-12.6731427089735
-12.673164955213617
-12.673198934143485
-12.673228814496458
-12.673266947205725
-12.673294864584392
-12.673337740484873
-12.673373674705301
-12.673410098115655
-12.673449551599333
-12.673497473255267
-12.673538096109292
-12.673578425512389
-12.673615682042561
-12.673649411255752
-12.67368621188817
-12.673714883300493
-12.673753968277174
-12.673807781591124
-12.67386472045533
-12.673906674962385
-12.673975271760598
-12.674003373293623
-12.674052857347451
-12.674093184184432
-12.67413229055413
-12.674206882941277
-12.6742374204316
-12.6743047170005
-12.674352754474269
-12.674403877970967
-12.674448141404019
-12.6744870772995
-12.674542024397967
-12.674571338060716
-12.674621114687103
-12.67465792901072
