500 iters for seed 57 on 3R0.3 which is in the 95.22018432617188 percentile
 Maxcut: 21.0, MedianCut: 12.0
-11.884896783843315
-11.994714183251807
-12.033931091450416
-12.068448507034063
-12.09944011953789
-12.128200258732631
-12.156374367968315
-12.173803392391598
-12.190269749508754
-12.201414229051537
-12.216334851212103
-12.229799272310416
-12.242375194534471
-12.25222736259103
-12.262419905553696
-12.269476430930066
-12.278000193333332
-12.2861802623279
-12.292382179665562
-12.299099643493955
-12.305275007503347
-12.308608945703549
-12.313212981739182
-12.316865075125587
-12.321244515133369
-12.328281713193995
-12.33388808913668
-12.339564651995605
-12.344045885386377
-12.347831184388525
-12.351139047841361
-12.354487926195779
-12.357492554024955
-12.359702528650189
-12.361841915743106
-12.363637627032437
-12.36506717140833
-12.36707992785953
-12.369186253350158
-12.370121983853457
-12.372691415287516
-12.374070617844344
-12.376128375559976
-12.378013567498865
-12.38047811768265
-12.38203797516527
-12.383558893492676
-12.384481678842427
-12.385551128832615
-12.38681446626977
-12.387959917833834
-12.390368390560386
-12.391742759337596
-12.39362286127425
-12.395003108114157
-12.396703310660481
-12.398788914677137
-12.40145586511188
-12.403404058364252
-12.405487438534184
-12.406246462601576
-12.408131272712371
-12.409196587364903
-12.410977641145305
-12.413868144803958
-12.41558650490955
-12.417589003021867
-12.419437827405712
-12.420951231146319
-12.422832937901399
-12.424417033532544
-12.425673145590908
-12.426863113898495
-12.428161930501542
-12.429447313318786
-12.430580012621999
-12.431787681428176
-12.432759109809748
-12.43460894004671
-12.435514699111533
-12.436765607093173
-12.437522232106996
-12.43837652731877
-12.438892801507718
-12.440062057186248
-12.44064163552598
-12.44129433843397
-12.441582480136114
-12.442438387153198
-12.442989533302569
-12.443420876331501
-12.444248203939498
-12.445018210105605
-12.446141705970186
-12.44656916091721
-12.447169272986038
-12.447645034227849
-12.448220677709216
-12.448716996886064
-12.449141089190467
-12.449658451302751
-12.450322668891351
-12.450674268894515
-12.451144946231054
-12.451791994372211
-12.45225147607
-12.452840982403846
-12.453252663976889
-12.453759639335196
-12.454248326949521
-12.454672760256464
-12.455202379586797
-12.455564738293006
-12.455978451880952
-12.456393999758125
-12.456603877772459
-12.456803854968594
-12.457410411530212
-12.457693895235282
-12.458012778563914
-12.458441144216668
-12.4587139539292
-12.459131740535913
-12.459488908822873
-12.459821748613937
-12.460065246606371
-12.460271098309494
-12.46049276304999
-12.460714788335146
-12.460933956684595
-12.461270219268078
-12.4615772362459
-12.461969550634821
-12.462348576633325
-12.462524059145121
-12.4628498957671
-12.463017402350381
-12.463288592230558
-12.463487889933942
-12.46378355368422
-12.463983628571512
-12.464198680964845
-12.464351858087882
-12.464611440726424
-12.464781764021435
-12.464910817576131
-12.465183274314644
-12.465505372615882
-12.465671201572961
-12.46589004877114
-12.466005421050108
-12.466139344244423
-12.466305748502217
-12.466452301717446
-12.466580029817548
-12.46669488936696
-12.46681125954452
-12.466968168821097
-12.467114419710803
-12.467250343164185
-12.467475575199298
-12.467634569354342
-12.467790611308455
-12.46798419437862
-12.46811219996359
-12.468246195704033
-12.46847456039406
-12.468612693592707
-12.468833843352874
-12.468995452552706
-12.469142490460893
-12.469339892667033
-12.469503090522455
-12.469698614059352
-12.469869995643291
-12.470039397441951
-12.470182943175706
-12.470345671767694
-12.47047593070635
-12.470615142455179
-12.470751105271365
-12.470843797657972
-12.470963952706745
-12.471181438362114
-12.471313516011445
-12.471640973485671
-12.471786613607472
-12.471989671706307
-12.472166564073248
-12.472334066296444
-12.472511126690911
-12.472680157359958
-12.472900518133972
-12.473066679844845
-12.473262449582837
-12.47346192800925
-12.473620334238682
-12.473770668027147
-12.47410517872716
-12.474280299292923
-12.474488508753488
-12.474712740865568
-12.47491299749684
-12.475049708246994
-12.475275668175122
-12.475439280195014
-12.475630515820884
-12.475840746641424
-12.475950645921433
-12.476094406886965
-12.47626194587437
-12.476428858568738
-12.476607783702867
-12.476838928402948
-12.477087761942084
-12.47734060898353
-12.477554709919591
-12.477774416973812
-12.478049773028593
-12.478298165100124
-12.47855547214478
-12.478689904671523
-12.478877403508314
-12.479048002413712
-12.479208380790507
-12.479460153092269
-12.479726184630705
-12.479884323741864
-12.48014700038977
-12.48033621531346
-12.480541127759297
-12.480781700665089
-12.48094055429794
-12.481271808734164
-12.481419716743185
-12.481674373615192
-12.481900065268627
-12.482103713854414
-12.482461170314808
-12.482636650014626
-12.48287148012722
-12.483100302823981
-12.483316409381139
-12.483531110981893
-12.483821735693503
-12.484016669919788
-12.484195883984407
-12.484246223522106
-12.484513297059518
-12.484663745055439
-12.484785631512414
-12.484977852706756
-12.485384675798747
-12.485548070439378
-12.485845686258763
-12.485968886170141
-12.486112444896424
-12.486346923507835
-12.486588247541215
-12.48677127951807
-12.486919024571069
-12.486957982225842
-12.487097478742738
-12.487179433580284
-12.487236777890356
-12.487349240646136
-12.487522256437074
-12.48765203958797
-12.487759562959555
-12.48783692131124
-12.487904246338575
-12.487983962904156
-12.488079625865309
-12.488143896817201
-12.488222137143412
-12.488268979248096
-12.488355332907357
-12.48842098806671
-12.488489507925431
-12.48855979963751
-12.488655519161899
-12.488716891842877
-12.488814960087677
-12.488873445263511
-12.488955628514242
-12.489050443044883
-12.489153970047349
-12.489211860088057
-12.489277833279488
-12.489334397654986
-12.489407341067752
-12.489498985896688
-12.48958008916242
-12.489622535614329
-12.489756416549394
-12.489800897686028
-12.489849647084625
-12.489943008886453
-12.489998311554663
-12.49006322186178
-12.4901334573109
-12.490177411210912
-12.49022722402448
-12.49028410231513
-12.490348628691567
-12.49039962641612
-12.490454170114521
-12.490494342612205
-12.490538744248383
-12.490582153928138
-12.49063876244246
-12.490696226467374
-12.490738458478557
-12.490826257004578
-12.490868862450101
-12.490923210890632
-12.490968158160982
-12.491017076520047
-12.491103121192618
-12.491154076184312
-12.49121167904516
-12.491262335173806
-12.49130821848513
-12.491373510432267
-12.491439876334406
-12.491482358879319
-12.491532872952893
-12.491571769061792
-12.491639829106381
-12.49168832181276
-12.491729530630298
-12.491773249540014
-12.491819635727973
-12.491871961608291
-12.491920210673563
-12.491958372963843
-12.492009330867415
-12.492053896670578
-12.492108335617573
-12.492159552509296
-12.492207500212452
-12.492256931465963
-12.492312801286696
-12.492373028108918
-12.492400069979212
-12.492445663151083
-12.49248814190381
-12.492527618150799
-12.492587656788096
-12.492599101317609
-12.492698161045801
-12.49272556564599
-12.492773279557747
-12.49282518155844
-12.492882919382385
-12.492940430962678
-12.492991369428125
-12.493035221167023
-12.493062511042545
-12.493117310002942
-12.493156231946577
-12.493203475998774
-12.493251366303962
-12.493304485757733
-12.493370747208761
-12.493393164606978
-12.493441070679761
-12.493467657351374
-12.493498040739397
-12.493533471362602
-12.49357048434628
-12.49359429085602
-12.493614419110703
-12.493652436812743
-12.493663234282522
-12.49373611249071
-12.493756510483477
-12.49379083032583
-12.49384806422915
-12.493897822287956
-12.493960583892033
-12.493982696086064
-12.494011530312264
-12.494028570673805
-12.494054160649801
-12.494095991574806
-12.494116406927606
-12.494140188645964
-12.49418846836572
-12.494210152533613
-12.494236130339676
-12.494273775298453
-12.494305899234767
-12.49437083213111
-12.494401210463758
-12.49444952395877
-12.494487909993325
-12.494526176041449
-12.49456154905224
-12.494610761288392
-12.49465336479262
-12.494697471236899
-12.494743455033664
-12.494778378126528
-12.494818900120155
-12.49488469934483
-12.494922217043332
-12.49495878568051
-12.494994712150143
-12.495030042092608
-12.495042182741885
-12.495113464360456
-12.495137386887334
-12.49517715606649
-12.495223142797574
-12.49527400006684
-12.495315751877865
-12.49535112855216
-12.49538359740447
-12.49542995598917
-12.495461726550367
-12.495498724740468
-12.495542946518976
-12.495557865875565
-12.49559438611167
-12.49561370044943
-12.495642455898182
-12.495684487375916
-12.495710881773926
-12.495756307208474
-12.49578035868536
-12.495810957324778
-12.495850769927817
-12.49589056569754
-12.495917550654877
-12.495939147645373
-12.495967516009964
-12.49600227522535
-12.496049635368827
-12.496083647774778
-12.4961407092053
-12.49616665001573
-12.496219433098393
-12.496252736766188
-12.49628084794752
-12.496313717182137
-12.49635456098758
-12.496385385255644
-12.496414062872871
-12.496434854277291
-12.496467716991646
-12.49649454102796
-12.496511580304716
-12.496556842658677
-12.49658545675344
-12.496631445858288
-12.496666267951756
-12.496692374422091
-12.49671553478821
-12.496735224512403
-12.496770692686187
-12.496795695703517
-12.496824149165857
-12.496854625729542
-12.496877881192773
-12.496908250381722
-12.496940679598485
-12.496972960127495
-12.49699949545951
-12.497028573325789
-12.497040955490604
-12.497067553800777
-12.497086569748678
-12.497104988297137
-12.497136937424651
-12.497151209303054
-12.49718319275203
-12.49719432505504
-12.4972152441804
-12.497238700884285
-12.497264521439808
-12.497281438738433
-12.4972987052702
-12.497330593147293
-12.497343767509253
-12.497376437561224
-12.49739218497313
-12.497409356268848
-12.497442112863393
-12.497455087825841
-12.49748709984091
-12.497510215692166
-12.497537230703536
-12.497556362144493
-12.497578957419403
-12.497602668117814
-12.497621431870847
-12.49763815516332
-12.49766404871767
-12.497676005103882
