500 iters for seed 160 on 3R0.3 which is in the 79.01840209960938 percentile
 Maxcut: 22.0, MedianCut: 12.0
-12.08541836245587
-12.181101283749262
-12.215940555171759
-12.259347513675914
-12.296866519979137
-12.320860739997082
-12.346315196959411
-12.365095324848202
-12.385568913814874
-12.400146137907818
-12.413328703466437
-12.431545016698104
-12.442838146313472
-12.456014498261357
-12.464886398979768
-12.477061553598904
-12.487893299449869
-12.49528782843705
-12.502449501353603
-12.507633855793927
-12.511810659696948
-12.515641158418628
-12.519851540927807
-12.524076113624929
-12.528157724890622
-12.531454494972767
-12.534024615402336
-12.536669236770228
-12.539380439472163
-12.541924396540056
-12.544468438529533
-12.546923412660538
-12.54916632294641
-12.551517112713675
-12.553980123887133
-12.556431822101183
-12.558928578147327
-12.56101755871208
-12.563334989619062
-12.566546778267737
-12.568284902466678
-12.570356359932749
-12.572490612251455
-12.574207441583123
-12.576102562473439
-12.57782737903603
-12.579079780883873
-12.580187467157161
-12.581096666616455
-12.582065398062783
-12.58256113101154
-12.583406399801248
-12.584360874372214
-12.585276167630582
-12.586175306137584
-12.587279617466919
-12.588070585060759
-12.588976752418832
-12.590114854489642
-12.590863420796264
-12.59176784080863
-12.592537857681828
-12.59326280437234
-12.593851234155016
-12.594976516541955
-12.595779191361865
-12.597116474741377
-12.598000696013093
-12.599016644789858
-12.599736316527277
-12.600737251859087
-12.601464660728016
-12.602161080029394
-12.602561401539518
-12.603823509868448
-12.60435126509337
-12.605108167240317
-12.606066124271337
-12.6070254027963
-12.607938747039297
-12.608844060228574
-12.609906925239512
-12.611214789471575
-12.61224809266638
-12.61343350837543
-12.614409386720581
-12.615479311641336
-12.61668304276815
-12.61737573123966
-12.618397249903062
-12.619497406814148
-12.62053765239583
-12.621363765479014
-12.622788647405747
-12.624093925209761
-12.625564881687204
-12.626522378601432
-12.627416162268482
-12.628164912207339
-12.628975219114318
-12.629796937175083
-12.630257536279332
-12.630959124687045
-12.631510684622027
-12.631966010706345
-12.632466781891791
-12.63313577348526
-12.633801597111368
-12.63439314273172
-12.634997713193673
-12.635635749491339
-12.63651814603041
-12.637215922810272
-12.637736089897803
-12.638296537908596
-12.63842575082761
-12.639143521606687
-12.639532620058096
-12.639871153176857
-12.640494109304493
-12.641253403991279
-12.641920183525063
-12.64246416942016
-12.642994946640892
-12.643600569755902
-12.644028597932943
-12.644840627251835
-12.64521177184337
-12.645585298309017
-12.645838108589507
-12.64623292549653
-12.646743416937607
-12.647130972139061
-12.647546616408826
-12.647966902474653
-12.64831556218974
-12.648791255520642
-12.648989738144245
-12.649455763722179
-12.649715316319613
-12.650016932219032
-12.650506436348147
-12.650735742982613
-12.651044337543539
-12.651214242001371
-12.651389978600925
-12.651695188596072
-12.651962839271096
-12.652155121617174
-12.65242522952812
-12.652603060270788
-12.652810657579462
-12.653197683455335
-12.653379139241093
-12.653724847005195
-12.653977775065316
-12.654195353280915
-12.654399869864324
-12.654521398632838
-12.654802480613252
-12.655003962313325
-12.655189709573676
-12.655496672637033
-12.655641872088271
-12.655866509431563
-12.656198382201794
-12.656328743536585
-12.656585403925234
-12.656693182866446
-12.656878793101743
-12.656988741888114
-12.657183784263573
-12.657346666325232
-12.657495910371212
-12.657648794666056
-12.657871735429572
-12.658076630980712
-12.658270472670598
-12.658396906601165
-12.658573610060923
-12.658718816732335
-12.65886045938625
-12.658996647048227
-12.65913606889204
-12.659233649947428
-12.659504283810538
-12.659651604582397
-12.659870330986452
-12.660048071405374
-12.660181521867887
-12.66033703734216
-12.66055327349195
-12.660714023164413
-12.66086788275599
-12.661039956146979
-12.66123471193725
-12.661369769264164
-12.661598575705955
-12.661688626287305
-12.661880576457472
-12.662039644414667
-12.66216368234765
-12.662400439018427
-12.662497046985125
-12.662884080124911
-12.663014177119116
-12.663186067741165
-12.66326275346766
-12.66342811408128
-12.66355324261524
-12.663709928028602
-12.664025191930767
-12.664193718025388
-12.66443143314947
-12.664627968829645
-12.664875225886696
-12.66512116659426
-12.665352363162151
-12.665616685023457
-12.665811301154195
-12.66603568309429
-12.666246013227216
-12.666453861072535
-12.666559290232797
-12.666854246589796
-12.667014429841641
-12.667162998861343
-12.667414150627296
-12.667565310698954
-12.667761091177729
-12.667914996614373
-12.66805395418534
-12.66817211370403
-12.668360771455871
-12.668459520651396
-12.668562128786442
-12.668669811009304
-12.66878992438875
-12.668977493921995
-12.669109659670664
-12.669335581680695
-12.669481152171508
-12.669684420822287
-12.669833649428206
-12.669952344568278
-12.670209544168236
-12.670250596131446
-12.670501782342345
-12.670569988574524
-12.670657939364808
-12.67078443079454
-12.67092378738871
-12.671076648409143
-12.67119025965911
-12.671274107834417
-12.671430085606877
-12.671507593737424
-12.671585143471457
-12.671692245749501
-12.671785029019931
-12.671891195084363
-12.672030560102431
-12.672097662967541
-12.672168072078101
-12.672265551412336
-12.672392559064921
-12.672484408076045
-12.672603202977458
-12.672673748445504
-12.672756305559691
-12.672786318920707
-12.67292799671883
-12.672977856294606
-12.673040494137437
-12.673079820550912
-12.67315441196989
-12.673201192707666
-12.67324465489457
-12.673312383201761
-12.673377900874709
-12.673484823009254
-12.673557385461375
-12.673630328417861
-12.673690554621293
-12.673760864876636
-12.673848446756523
-12.673922178103465
-12.673978141841589
-12.674042784800097
-12.674118954233679
-12.674221581613285
-12.674319619278037
-12.674365487434205
-12.67445667338097
-12.67449875421456
-12.674598776502219
-12.674658875110408
-12.674712411034555
-12.674802211261289
-12.674865851046608
-12.674936819055816
-12.674985144925246
-12.675034124236596
-12.67510216181073
-12.67516121182272
-12.675218158380106
-12.67527274974381
-12.67533261767056
-12.6753981804258
-12.67543586914819
-12.675504835668406
-12.675544713914288
-12.675596626179695
-12.67564143035072
-12.675674501758271
-12.675703004154077
-12.675779924358174
-12.675828352430653
-12.675876893326965
-12.675955059957444
-12.676003820991511
-12.676068821445572
-12.67613081386458
-12.676189656197412
-12.676248417829662
-12.676296443915021
-12.67633263382352
-12.676361345441487
-12.676408921237199
-12.676453361660883
-12.676504675089912
-12.676536834893696
-12.676581497764593
-12.676627081077227
-12.676693301712303
-12.676732512821513
-12.67677338378807
-12.676827889214671
-12.676869132868578
-12.67692000323898
-12.676965031340211
-12.67701317773616
-12.677072747304006
-12.677144226047867
-12.677181069577394
-12.677240528823782
-12.677278177821595
-12.677325814542865
-12.67737891292652
-12.67741119317455
-12.677442653827889
-12.677492320441901
-12.677521950348568
-12.677568860113057
-12.677617741719688
-12.677665929724693
-12.677712707338
-12.67774776322589
-12.677781414845473
-12.677834480423195
-12.677873815448908
-12.67791740692161
-12.67796221426142
-12.677989135387334
-12.678013624016128
-12.6780452076057
-12.678082436684099
-12.678118833450167
-12.6781688766919
-12.678210455556293
-12.67825087180519
-12.67828087542632
-12.678309474109174
-12.678365125505557
-12.678393635446291
-12.678439672493528
-12.678466462946059
-12.67849628758751
-12.678510168660864
-12.678528253606054
-12.678598070840014
-12.678630381037255
-12.67867807598904
-12.678714750400918
-12.678758890249627
-12.678795001725714
-12.678836398420954
-12.678886166110136
-12.678936545351425
-12.678992241409345
-12.679046049703613
-12.679105732374286
-12.679158703669284
-12.679223354062588
-12.679289741595841
-12.67937600426674
-12.679440842512735
-12.679510595013099
-12.679580203749838
-12.679648418497072
-12.679722528438202
-12.679795886909812
-12.67988296782503
-12.67994300223893
-12.680027262870325
-12.680085132006804
-12.680150279753413
-12.680235266563596
-12.680321500856703
-12.680396070819272
-12.68047912371544
-12.680565071100485
-12.680672036305065
-12.680760134562806
-12.680841905730164
-12.680916771327148
-12.680980598452216
-12.681076716512212
-12.68112673776862
-12.681202436550146
-12.681316931005416
-12.681429094118176
-12.681518038372737
-12.681619351112781
-12.681697444835901
-12.681779279626532
-12.681888161928123
-12.681965460680347
-12.682102709839764
-12.682174162067668
-12.682260285059836
-12.682331994214465
-12.682389686005004
-12.682459250024317
-12.682527200988453
-12.68263723764655
-12.682699792172185
-12.682776029370274
-12.682845957144005
-12.682905033758828
-12.682994627213496
-12.683078681022174
-12.683142842958958
-12.683239865137347
-12.683287506894253
-12.683365090157151
-12.683427544055688
-12.683479487706187
-12.683523296453307
-12.683601011144349
-12.683660861032077
-12.68372054550139
-12.683773918626349
-12.683831616146984
-12.68389275083204
-12.683946719420991
-12.68399939395853
-12.684081994120637
-12.684151708983727
-12.684192398279002
-12.684257739897014
-12.684281457194388
-12.684324009920685
-12.684361527487592
-12.68439252618952
-12.684455557846242
-12.684482414971537
-12.684548078352567
-12.684575233487806
-12.68462196147993
-12.684675466601794
-12.684733291161454
-12.68477833030077
-12.684830473101352
-12.684875917327966
-12.684937438444393
-12.684973242999078
-12.685011907146288
-12.68507193838287
-12.685119263641713
-12.685209550990946
-12.685244828241904
-12.68528905774216
-12.685351822422142
-12.68539830487148
-12.685454762570606
-12.685515494917844
-12.685569128994423
-12.685622720428423
-12.685696517555165
-12.685769543091192
-12.685834849959189
-12.68588955548135
-12.685988265689229
-12.686037683440043
-12.686094826438312
-12.686159849359855
-12.686212140969614
-12.686282228513075
-12.686358896772788
