500 iters for seed 190 on 3R0.3 which is in the 94.66323852539062 percentile
 Maxcut: 22.0, MedianCut: 12.0
-12.024606197811401
-12.035229331915433
-12.091304564046922
-12.151568798685764
-12.16972252892243
-12.198746457854392
-12.23040237314091
-12.25250112039228
-12.268660693939351
-12.28666979808606
-12.300723889861743
-12.314780020845836
-12.324867959581175
-12.336419521567045
-12.343615766945696
-12.351917113102132
-12.359570983069233
-12.369557374175004
-12.377078195182907
-12.386721066697792
-12.393776768508552
-12.399174691375102
-12.406035350349175
-12.4100805599308
-12.414215912107561
-12.418109685474791
-12.42160943626017
-12.424734410957875
-12.428051447693795
-12.43061476098691
-12.432806595020086
-12.435758402249357
-12.4382436709404
-12.440799476534522
-12.44284581427662
-12.444857293248706
-12.446585251152557
-12.448277185226464
-12.449531454504472
-12.450901118994073
-12.452234189142194
-12.453567249390911
-12.454845012121018
-12.455952101358498
-12.457290114363055
-12.458488120860213
-12.459558455646322
-12.460879381359199
-12.461960030135243
-12.463134390639546
-12.463892642308688
-12.464949285202401
-12.465616779785599
-12.466945862619433
-12.467560009385089
-12.468398134659939
-12.469187380462216
-12.470365898104955
-12.471215534470172
-12.471953161269566
-12.472410524522655
-12.473329108823776
-12.473892091974967
-12.474508642553982
-12.475644661884274
-12.475823869444948
-12.477669116560744
-12.478199266219077
-12.479086869141753
-12.48002541880778
-12.48115213990816
-12.482207065921767
-12.48301799374346
-12.483785024785945
-12.484662293896804
-12.485726611093007
-12.48596808264354
-12.487258737047073
-12.48783826536206
-12.488499901883943
-12.489442646611918
-12.49014546292161
-12.491228128987107
-12.49195121018872
-12.492844374465955
-12.49348496176469
-12.494127838131675
-12.494848950137186
-12.495354194957747
-12.495833073116334
-12.49657324491508
-12.49688335449042
-12.497392616488778
-12.49758998155054
-12.49819480108485
-12.498455626535128
-12.4987176950837
-12.499190204521575
-12.499548219950297
-12.50010042289676
-12.500445900616185
-12.50088561214023
-12.501195854955524
-12.501472894379997
-12.501857107513665
-12.502068225998979
-12.502356694532935
-12.502889932038922
-12.503232138318683
-12.503511154121526
-12.503898818288112
-12.504277683048148
-12.504795964359086
-12.505366925194881
-12.505791857516307
-12.506324884294393
-12.50676705018068
-12.507329844944842
-12.508100115243849
-12.50845750428079
-12.508814249173735
-12.509472342957636
-12.509795284559727
-12.510217876037295
-12.51075244719531
-12.511119544201833
-12.511484836530219
-12.511895350372605
-12.512180155100696
-12.512565857924175
-12.512858721202743
-12.513138209003664
-12.51334599435277
-12.513550539227367
-12.513758537850205
-12.51397658650992
-12.514156066325285
-12.514358419083981
-12.514492081598272
-12.514677245017978
-12.514800459222126
-12.51494718592235
-12.515128812908888
-12.515270044461547
-12.515477780371857
-12.51567897566468
-12.515881390437746
-12.516056667454118
-12.516241952688192
-12.516461376862553
-12.516675286650242
-12.516855066057396
-12.51699936683659
-12.517137630663703
-12.517306290970293
-12.517475530300299
-12.51766901526833
-12.517839815727507
-12.518012074952587
-12.518131520806486
-12.518433679960154
-12.518573412725903
-12.518780750769038
-12.518991229202186
-12.519274496095813
-12.519493666136647
-12.519745723141815
-12.519965381684276
-12.520244264805916
-12.520587786510799
-12.520834775767549
-12.521244341070126
-12.52174632933458
-12.522032016712465
-12.522454380834239
-12.522704373652035
-12.523022453337067
-12.523376436443641
-12.523663865276578
-12.52383077258039
-12.524331977802161
-12.524498598155779
-12.524756904942711
-12.525045253676737
-12.525345934191087
-12.525655660991532
-12.525879022925572
-12.526196038193548
-12.526496088205441
-12.526779836875434
-12.527067721555063
-12.527355733821873
-12.527647771593386
-12.527884008086215
-12.52812287025164
-12.528372063953341
-12.528726627177631
-12.528917121934667
-12.529169303113198
-12.52935005523491
-12.529631533720618
-12.529794938770705
-12.529970725185677
-12.530229175099493
-12.530311465709916
-12.530638208994176
-12.530751565482168
-12.530936479663755
-12.531204774805571
-12.531375404033994
-12.531554571268387
-12.53170466347212
-12.53185779122305
-12.532063725548024
-12.532257949310923
-12.532453542152153
-12.532615699832668
-12.532863781205211
-12.533056361152429
-12.53330394568812
-12.533500086234568
-12.533708787268662
-12.533820919928754
-12.534121123561679
-12.534268797204122
-12.534467742286823
-12.53464196312926
-12.534902528020163
-12.535091238959996
-12.535265788429866
-12.535605916174845
-12.53580205576371
-12.536137956943504
-12.536368222578501
-12.536607209284343
-12.536832367270046
-12.537035669692974
-12.537289176209125
-12.537465097898908
-12.537636874504214
-12.537944800422023
-12.538103634219407
-12.538233584455146
-12.538536221650304
-12.538707259231545
-12.538931783570016
-12.539173909624505
-12.539374091133336
-12.539541015077836
-12.539813495265474
-12.539968247345186
-12.540106096834986
-12.540318123943157
-12.540463357003844
-12.540532919817752
-12.540753532976375
-12.540836100333575
-12.54097885937753
-12.541142329829027
-12.541326512786203
-12.541448515912862
-12.541600965792373
-12.541723282770596
-12.541876127587548
-12.542108532176812
-12.542223854052228
-12.542340839331311
-12.542486368894405
-12.542570989762325
-12.542708993253783
-12.542821319197275
-12.54293362474721
-12.543029655159337
-12.54313419359048
-12.543231175351295
-12.543309837529371
-12.54339932104423
-12.543491633260322
-12.54358425074006
-12.54365256246774
-12.543724268154707
-12.543819010225592
-12.543911610993959
-12.543979759973801
-12.544051010868277
-12.544119637142732
-12.54422200337004
-12.544307479183447
-12.544397497320787
-12.54450797535606
-12.544604401356922
-12.54471207851609
-12.54481010647458
-12.544900710285024
-12.54501103478994
-12.545116933657043
-12.545196639312394
-12.54531522903
-12.545365751482013
-12.545516887079895
-12.545578334785938
-12.545648691699526
-12.545755886926282
-12.545779700354148
-12.545929070441106
-12.54597810070929
-12.546066761863658
-12.546170500879054
-12.546274335054818
-12.546351735997094
-12.546447773964271
-12.546523135546185
-12.546658477360424
-12.546770962796868
-12.546866434113978
-12.54697196643359
-12.547081213307404
-12.547210668854241
-12.547333655853373
-12.54744872126313
-12.547554045993573
-12.54767158385772
-12.54778920547357
-12.547896546684608
-12.54803911715097
-12.548112171367444
-12.548213794933554
-12.548408741885861
-12.548511143099855
-12.548657672527995
-12.548784347127402
-12.548909371035023
-12.549039672255246
-12.54917167104889
-12.549303744754393
-12.549436637360856
-12.549584631951165
-12.549724876441916
-12.549933612306262
-12.54996352550983
-12.550120806659786
-12.550208815048373
-12.550320498996136
-12.550453022656196
-12.550538821636806
-12.550681279502234
-12.550762500849602
-12.550888375582456
-12.55094411375928
-12.551065915639871
-12.551135059607468
-12.551206285886398
-12.551325730550694
-12.551392921510347
-12.55148951868992
-12.551565891602687
-12.55165341939216
-12.551758782382942
-12.551875136976754
-12.551963995169206
-12.552041447394984
-12.552142151260796
-12.552243908569439
-12.55235521760154
-12.552431981489136
-12.552511574419125
-12.552587987944785
-12.5526625156002
-12.552725663217565
-12.552778072050955
-12.55285606297326
-12.552932661859925
-12.55300040855564
-12.553066685809194
-12.553182291035453
-12.553228304005307
-12.553310483587463
-12.553374279339879
-12.553436338402229
-12.553540782972911
-12.553580776253321
-12.553699078911178
-12.553743449861573
-12.553812640569507
-12.553886239862663
-12.553973347442215
-12.554053372795124
-12.55411977838627
-12.554223082122391
-12.55432508361839
-12.554383281774985
-12.554493443538226
-12.554571466943488
-12.554654047526434
-12.554754470975322
-12.554811271822986
-12.55487791584678
-12.555016497427054
-12.555064909026969
-12.55513200555999
-12.555216776668676
-12.555295827302135
-12.555435799186524
-12.555514005724616
-12.555598977740221
-12.555665318873592
-12.555743556327407
-12.555829516441
-12.555910459966489
-12.555998121960737
-12.556074501310077
-12.55619083651148
-12.556276869599875
-12.556355865841859
-12.556419918398186
-12.556485093825076
-12.556616224639669
-12.556694487849128
-12.556773522592918
-12.556857628362359
-12.556929439182548
-12.557025584579403
-12.557117308882281
-12.557188286805006
-12.55723982106413
-12.557316696486842
-12.557382042855547
-12.557437002701652
-12.557513045560436
-12.55756802013258
-12.557653546201744
-12.557733365190062
-12.557852420121984
-12.557917258376598
-12.557995013788886
-12.55805596736554
-12.558147099287124
-12.558252001432786
-12.55832980638146
-12.558414203672697
-12.558506254179427
-12.558547332167986
-12.558626686776195
-12.55867654949142
-12.55873599853901
-12.55882954965702
-12.558871963004751
-12.558955024606266
-12.559026873630094
-12.559111405483657
-12.559181668065076
-12.559244986071688
-12.559329697798388
-12.55938402399238
-12.559445572952777
-12.559483836213065
-12.559561019020178
-12.559590541876249
-12.55969808184403
-12.559760982143976
-12.559848796606982
-12.559968988108317
-12.560075916393831
-12.560193418739788
-12.560299003785977
-12.560428872838342
-12.560555457571859
-12.560673457758112
-12.560833532152015
-12.560945232600387
-12.56102637790122
-12.56114794572064
-12.561223150451275
-12.561288760653103
-12.56141503639052
-12.561484436645216
-12.56154552103687
-12.561634929196915
-12.56169856506539
-12.561831700724088
-12.561896398758481
-12.561958562141067
-12.562005803350006
-12.562056573803066
-12.562104034198025
-12.56215864158111
-12.562194875442573
-12.562230874260772
-12.56230474616404
-12.562346228739546
-12.56240835832464
-12.562455817129727
-12.562509697785627
-12.562552290675855
-12.562597223205909
-12.562651136296024
-12.562686398652161
-12.562724062665497
-12.562767557250623
-12.562791071248421
