500 iters for seed 152 on 3R0.3 which is in the 94.73953247070312 percentile
 Maxcut: 22.0, MedianCut: 12.0
-12.012901778954483
-12.114582699458772
-12.162592571750473
-12.215511402820628
-12.26731823939646
-12.288482731046956
-12.295278021667867
-12.34225592902936
-12.360794086459007
-12.380128724166143
-12.396034596021469
-12.409585812513114
-12.417957653748088
-12.426762811786146
-12.437153907436876
-12.444642721424547
-12.451901324412335
-12.459756131906445
-12.465823122708962
-12.472825177517072
-12.479265505192757
-12.484759479050314
-12.48963639985347
-12.493698114754375
-12.497367503297676
-12.502002013345
-12.506808173736886
-12.51092447087136
-12.514206890276444
-12.517168048159633
-12.520671855342357
-12.523784906469732
-12.526501821981489
-12.529677911859203
-12.532941880946103
-12.535694333204994
-12.538132970303565
-12.540138149791957
-12.542177023275917
-12.543426889933828
-12.545651665475898
-12.547755521407678
-12.550169267667421
-12.551799996686727
-12.553715671517761
-12.555466628988396
-12.557362866743842
-12.55996359646407
-12.561623206227775
-12.563975254994789
-12.56612582896604
-12.5683293023468
-12.569659017601504
-12.57192643747693
-12.57325419537449
-12.575362482965573
-12.57688583949269
-12.578382008051404
-12.580570317638303
-12.581806461437663
-12.58322483108157
-12.584304532814203
-12.585699894225447
-12.586852686733792
-12.588213883043185
-12.589052531705494
-12.589883923293028
-12.59042092564713
-12.591580777251956
-12.59208005970122
-12.592794680209572
-12.593865364684342
-12.594381362288948
-12.595930194349837
-12.596551389845065
-12.597568139641762
-12.598349967473283
-12.599537477300917
-12.600289518701285
-12.601021774550748
-12.602150638495107
-12.6031644637387
-12.604107120146924
-12.60494794224605
-12.605533517656996
-12.60632123328528
-12.607182405489946
-12.60775102096047
-12.608527175380948
-12.609315428743255
-12.610160815832945
-12.610984997680234
-12.611724670528801
-12.612566671842938
-12.613174106822157
-12.613875468278646
-12.614715676374656
-12.615510288098564
-12.616386635590615
-12.617169139424373
-12.617830533623602
-12.6183718340166
-12.619259136606921
-12.620138769772373
-12.621025086781279
-12.62179022791656
-12.622496374222305
-12.623270657777066
-12.623907667410373
-12.624415351212692
-12.624917069952227
-12.625433340879363
-12.626021414049607
-12.626473016307045
-12.627007088384028
-12.627407313215308
-12.627788065367794
-12.628145382580978
-12.628471555324765
-12.628973856951507
-12.629426078342139
-12.629863289887414
-12.630278022405308
-12.630656610613476
-12.631036182466723
-12.631369788329595
-12.631719751615263
-12.632063960095977
-12.632465559127045
-12.632751508990125
-12.633018533129146
-12.633387237507801
-12.633743588031324
-12.634141535156612
-12.634555675971125
-12.634935033102906
-12.635385453786363
-12.63564596595359
-12.636223270766262
-12.636590992141429
-12.637022780356716
-12.63756315647121
-12.638100452241506
-12.63847989309152
-12.638867714253166
-12.639199974052005
-12.63952853441182
-12.640177470974935
-12.640445813193537
-12.640790052000032
-12.64135272058437
-12.64170329925584
-12.64194438363402
-12.642718204713692
-12.642951968181759
-12.643290129306
-12.643567525487859
-12.643873910783997
-12.64416901278259
-12.644388167092725
-12.644677084421364
-12.644933325869411
-12.645216065033932
-12.64547905741788
-12.645912664019994
-12.646174393841143
-12.64658501248919
-12.646792554223703
-12.647074248248938
-12.647332328873413
-12.647708429194433
-12.64796171426632
-12.64822077584956
-12.648463169145423
-12.648818540600947
-12.649059593788172
-12.649304919504651
-12.649575302447964
-12.649862501230519
-12.650170820571413
-12.650412511465834
-12.650734755703589
-12.650997729781148
-12.6512159725891
-12.65151584384225
-12.651827383333647
-12.652103525267345
-12.652411416132104
-12.652622470962637
-12.65283906707663
-12.653092688671922
-12.653241545731865
-12.653444048735814
-12.653704848094804
-12.653943867343791
-12.654099760939014
-12.654413906038847
-12.654570017021216
-12.654789461055074
-12.655000992149862
-12.655151811684657
-12.655494433051194
-12.65568190280467
-12.655863478841297
-12.65601263230186
-12.656187177299422
-12.656383424581403
-12.656552182216355
-12.656699098471229
-12.65682584895202
-12.656980004324309
-12.657139314515478
-12.657301131813018
-12.657417526229736
-12.65756255550328
-12.65767069521187
-12.657801010548006
-12.657911768664633
-12.658001172820162
-12.658132353117399
-12.65822467575851
-12.658319308001198
-12.658394895807644
-12.658489683180402
-12.658582086699761
-12.658703379078442
-12.658782553766132
-12.658875688291722
-12.658956536746636
-12.659054817816727
-12.659129876404497
-12.659190066995386
-12.65925874325593
-12.659353116267367
-12.65945174613624
-12.659549725583366
-12.659679716734637
-12.659748178333809
-12.659828616398848
-12.659904574792447
-12.660005509618156
-12.660101273259837
-12.660175631391633
-12.660277207807503
-12.6603673182329
-12.660426707521966
-12.660494742175086
-12.660559898347993
-12.660692167215673
-12.660775614456755
-12.660869170129969
-12.660956234202775
-12.66102944133931
-12.661126069860417
-12.661204699063756
-12.661270565775038
-12.661337587298199
-12.661415745849203
-12.661486561489337
-12.661549719732202
-12.661617574223575
-12.661695196383604
-12.661767984092718
-12.6618339908
-12.66188796425319
-12.661941076704212
-12.661993039432254
-12.662054594540969
-12.662114863284641
-12.662169881070032
-12.662208872851485
-12.662254365898193
-12.662302322285251
-12.662361002076207
-12.662423508434765
-12.662468486423295
-12.662541253785458
-12.662605559956711
-12.662641243730318
-12.662684841144088
-12.662722069649183
-12.662777536836174
-12.662829977203799
-12.66288413114857
-12.662916763970058
-12.662955253375582
-12.663000471061117
-12.663042328446437
-12.663101579329274
-12.663139963135716
-12.663191595746367
-12.663258641625234
-12.663315923035984
-12.663358698989397
-12.663441082834437
-12.663474012056245
-12.663522004241669
-12.66356041762259
-12.663597433061849
-12.663623220547708
-12.663681729796501
-12.663722513788477
-12.663757859732014
-12.663822793830398
-12.663873827697934
-12.663964674648586
-12.66403682281284
-12.66413552142112
-12.664198397969301
-12.664263286941383
-12.664338654019295
-12.664395072494994
-12.664419522887714
-12.6645418993127
-12.664580079095943
-12.664638708585699
-12.664672797601545
-12.66474433880975
-12.664792933790531
-12.664825753750266
-12.66489660783952
-12.664948043222568
-12.66503354389949
-12.665090404294103
-12.665157332383732
-12.665198248399237
-12.66524220738295
-12.665293058863021
-12.66532626943191
-12.66537866099588
-12.66544541513104
-12.665471026062226
-12.665516591457806
-12.665567946424314
-12.66560423292235
-12.665660980855852
-12.66569634189452
-12.665741381601569
-12.665798447842093
-12.66586953436788
-12.665916161415158
-12.665971544325256
-12.666018274166877
-12.6660658944366
-12.666150322288345
-12.666181846766342
-12.666223350837926
-12.6662709944565
-12.666308039505221
-12.66633996116065
-12.66637804962551
-12.666410509181482
-12.666443198302048
-12.666504231689066
-12.666551544066373
-12.666596623484514
-12.666626622303834
-12.666661648417449
-12.66670334528614
-12.666761235217677
-12.66678463956287
-12.666818979292547
-12.666837878813228
-12.666867260934263
-12.666897059643242
-12.666918854595645
-12.666976793683004
-12.667006477409885
-12.667044834836545
-12.66707973276516
-12.667115472651439
-12.667152471843504
-12.667193026846515
-12.66724081544279
-12.667283086482087
-12.667341546890874
-12.667377057630686
-12.667411589574957
-12.667446650838711
-12.667485606915832
-12.667531353965959
-12.66756689166612
-12.667601279073516
-12.667649351837852
-12.667679881075742
-12.6677191071449
-12.667796447739244
-12.667846131660363
-12.667885616851088
-12.667954877756554
-12.668002407451914
-12.668066395431119
-12.668116026423133
-12.668155044139475
-12.66821303671201
-12.668246771810377
-12.668320336082564
-12.668363872847907
-12.668403821697229
-12.668472892825001
-12.668560508893538
-12.66865306044342
-12.668717713953455
-12.668806467239214
-12.668883463168228
-12.668982737923773
-12.669072064430551
-12.669153164761802
-12.66925956232019
-12.66941614441492
-12.669571586541004
-12.669674870072356
-12.669798053053514
-12.669889139748523
-12.670008534265612
-12.67012934930746
-12.670208353057912
-12.670351695312139
-12.670483328073182
-12.670574906364449
-12.67067209745547
-12.670756048126414
-12.670880105339428
-12.671056418783456
-12.671199339010574
-12.671304150646675
-12.67148059159421
-12.67157944813347
-12.671700389298273
-12.671889875394882
-12.672013142499722
-12.672202610493603
-12.672454093914803
-12.672568018215848
-12.672750931681595
-12.672917304553227
-12.673092302399608
-12.673354062461517
-12.673506117589607
-12.67380403381779
-12.673958618681231
-12.674211480933856
-12.674350547582044
-12.674495943912778
-12.674779924311126
-12.674943688497633
-12.67520453594901
-12.67539065280862
-12.675563543157377
-12.675731546138401
-12.675944938508557
-12.676139677070994
-12.676383279466984
-12.676550056919588
-12.676727449079646
-12.67689506996591
-12.677112353747471
-12.677318886519407
-12.677542164046553
-12.677714721046152
-12.677891346614398
-12.67804950536674
-12.67828512913121
-12.678423321528234
-12.678560113838385
-12.678727831926677
-12.678891031596981
-12.679063570906727
-12.679178000730776
-12.679311821080539
-12.679479384229518
-12.67962356218401
-12.679750232482778
-12.680016542193883
-12.680192273332683
-12.680343703780247
-12.680569533049294
-12.6807591599155
-12.680902853065806
-12.681158146718749
-12.681260473977119
-12.681453220278112
-12.68159606125977
-12.681854645762517
-12.681992986525927
-12.682156867366352
-12.682257507702722
-12.68244142745188
-12.682684201241669
-12.68287696230806
-12.68308686653668
-12.683312106943948
-12.683465772676973
-12.683639623279138
-12.68380205653019
-12.68396490080007
-12.684194520048017
-12.68434014051582
-12.684482233058523
-12.684603483754541
