500 iters for seed 195 on 3R0.3 which is in the 95.14389038085938 percentile
 Maxcut: 20.0, MedianCut: 12.0
-11.852882865134612
-11.85339796206718
-11.935819748678231
-11.967814951618012
-12.001602925913884
-12.066008145786483
-12.09295192995146
-12.109492799154804
-12.144577548902024
-12.16235899729754
-12.183226177103352
-12.202005244093971
-12.217017993399583
-12.23171244561199
-12.24515239144567
-12.256808178453538
-12.266207718327575
-12.273973731401231
-12.281622570265705
-12.290120899899629
-12.29811989208434
-12.306360663521582
-12.312684093310967
-12.317558818067933
-12.322367783234276
-12.328259032409862
-12.333721888837372
-12.3397478038876
-12.345198187359664
-12.349861520498347
-12.354815663767628
-12.359593209547977
-12.364646426011458
-12.369396005315696
-12.374160271694274
-12.377900062837993
-12.380289125823898
-12.38279687842554
-12.384902898194012
-12.387171162275703
-12.38951658272458
-12.391360107289758
-12.393004997520553
-12.394781591951572
-12.396683696238515
-12.398576692325154
-12.400365018569694
-12.402453697697705
-12.40374432631306
-12.405249938607751
-12.406838667400955
-12.407859555490578
-12.409224156961056
-12.410300181613474
-12.411150597579574
-12.412270174075612
-12.412989302533804
-12.413755709252541
-12.41433844488401
-12.414959488966161
-12.415669269758371
-12.416711534804042
-12.417296904439867
-12.418013104680611
-12.41914569612846
-12.420025612304112
-12.421012611679087
-12.421947500531598
-12.42282251663779
-12.423586180238928
-12.42461926267615
-12.425066219965245
-12.425643727200498
-12.426349779159056
-12.426999032541973
-12.427799509955884
-12.428460279842625
-12.42922626780631
-12.430383242082954
-12.430930147315557
-12.431835915194704
-12.432319886566233
-12.433226333941125
-12.433831509010883
-12.434433841108874
-12.435615578740935
-12.436107655922761
-12.437196188973935
-12.438055761403266
-12.438928581151462
-12.439619471217114
-12.440328182986923
-12.441534287041025
-12.442231533638287
-12.44297259683256
-12.443899336669123
-12.444331678991304
-12.444910799905603
-12.44569826863278
-12.446111772382178
-12.447167240576462
-12.447586494911263
-12.448153977813547
-12.448657141771978
-12.449241432685358
-12.449940923448509
-12.450565312200318
-12.451180169059821
-12.451699711373424
-12.452297052899405
-12.45293173272337
-12.453514068522823
-12.454135536310027
-12.45478453486899
-12.455273715565117
-12.455734211231384
-12.45610348609602
-12.456657688123451
-12.457007794754155
-12.457324202589799
-12.457769127004495
-12.458160924451342
-12.45856764255738
-12.459095048191214
-12.459382899543215
-12.459794625433341
-12.459999628992795
-12.460401592702045
-12.460704403434693
-12.460990400566558
-12.461411859502636
-12.461788361991633
-12.462107500800151
-12.462470230804497
-12.462772715287096
-12.463293554582096
-12.463835993739298
-12.464426261774284
-12.464837693502705
-12.465164135280684
-12.465627609323814
-12.465993576708538
-12.466344376358267
-12.46666411459617
-12.466901047010149
-12.46713361971369
-12.46742570874931
-12.467680663868167
-12.467883372204046
-12.468201662363423
-12.46836730563601
-12.468592962536022
-12.468940046486132
-12.469119905034468
-12.469378282558987
-12.46972211748194
-12.469863725282872
-12.470087051001968
-12.470273213803917
-12.470485260233882
-12.47070677712968
-12.470869806417124
-12.471308448773684
-12.471463532133395
-12.471719308301306
-12.471954518977661
-12.472201398961962
-12.472437795348796
-12.472699902726072
-12.472926382981266
-12.473125457894005
-12.473315251501255
-12.473521080948306
-12.47383357334595
-12.474037854771243
-12.474397133987871
-12.474776413459606
-12.475206310409026
-12.475601526633916
-12.4760055035881
-12.476556597585027
-12.477181900938833
-12.477779091360159
-12.478219899992824
-12.47871746798021
-12.479284220779986
-12.479472493919678
-12.479866359955473
-12.480121269993106
-12.480373575733584
-12.480737170872446
-12.481022210819162
-12.481483642483916
-12.481769281328276
-12.482117230153333
-12.482473654484608
-12.48284919329381
-12.483211724531252
-12.48348058751155
-12.48380068261064
-12.484049816969446
-12.484450195228343
-12.484638672520134
-12.484904308085031
-12.48535229318481
-12.485425429673095
-12.485844436987028
-12.485957824774697
-12.486190822295649
-12.486418277388715
-12.48671521148918
-12.486910933733636
-12.487159935286734
-12.487387197246349
-12.487660072067342
-12.487958455422106
-12.488135089887415
-12.488332786814976
-12.488607245229467
-12.488738000293724
-12.488903344923093
-12.489187099170636
-12.48936364051219
-12.489621843965555
-12.489849214078586
-12.490037421343349
-12.490270018312396
-12.490500601825628
-12.490680396176753
-12.490892374149173
-12.491039567306752
-12.491224308932924
-12.491383503441453
-12.491540128426447
-12.491657463804358
-12.491898414119577
-12.49194528120736
-12.492210241695197
-12.49232553050851
-12.492489991463945
-12.492714349295928
-12.492812539667712
-12.493216265380967
-12.493366094415734
-12.4935532660204
-12.493810951222995
-12.493857728028258
-12.49432928480269
-12.494440790096807
-12.49462812371586
-12.494719432594302
-12.49493314818473
-12.49507956611258
-12.495194767621221
-12.495412431435971
-12.49554378746559
-12.49575818882177
-12.495893684458334
-12.496017786601175
-12.49615878602874
-12.496369166617429
-12.496540557420301
-12.496654131219163
-12.496830721772987
-12.496946819194319
-12.497061325863005
-12.497255822345744
-12.497376271655513
-12.49758108732146
-12.497754491057567
-12.497918765255504
-12.49812331025541
-12.498282773790642
-12.498425357103399
-12.498639835565951
-12.49877847063475
-12.498930336117587
-12.49912087460637
-12.499255705153036
-12.499460482486679
-12.499635389496467
-12.499787704301696
-12.499952902987628
-12.50008629485631
-12.500209908180835
-12.500417678713703
-12.500578616384425
-12.50073836044215
-12.500895779165711
-12.501011930344058
-12.501119597628033
-12.501359840757221
-12.501463671625928
-12.501579689553898
-12.501739362434833
-12.501856805859765
-12.501997621808044
-12.502193785364433
-12.50232483739898
-12.50246308890871
-12.502617515842271
-12.50273641211748
-12.502793088119565
-12.503007228164984
-12.503085834430061
-12.503193162717999
-12.50334572020576
-12.503472517748246
-12.503646272664028
-12.503766349125193
-12.503896260495049
-12.504080204261133
-12.50434513928669
-12.50450488835041
-12.504687503765707
-12.504914316455709
-12.505119158849137
-12.50539345259328
-12.50558867523731
-12.505818552838122
-12.505865211055871
-12.5062933573726
-12.506434247124073
-12.506617264985236
-12.506837995585789
-12.507044583479095
-12.507270822558583
-12.50742324797746
-12.50757689908097
-12.507888694155191
-12.508055706785822
-12.508197177834287
-12.508327370468027
-12.508432615799146
-12.508567672336047
-12.508722625940354
-12.508834987738494
-12.508963866842958
-12.509122765480198
-12.509216260016924
-12.509333535376804
-12.509431582573736
-12.50954112689801
-12.509570595584957
-12.509739349614335
-12.509802290220795
-12.50989768275073
-12.510027310658646
-12.510129848009377
-12.510286604962833
-12.510402971140286
-12.51053581100902
-12.5106052150392
-12.510724040817363
-12.510819947721629
-12.510901378368443
-12.511055918271518
-12.511133526349992
-12.511239622342462
-12.511328509121096
-12.511426857556177
-12.51150309147174
-12.51159584687265
-12.511664217787088
-12.511713373543387
-12.511813415196945
-12.511866602196093
-12.51192865803515
-12.512001528287582
-12.512053211728798
-12.51214815521583
-12.512245779850389
-12.51230662215128
-12.51237283378049
-12.512434151610512
-12.5125523581089
-12.512629917881254
-12.512708664691695
-12.51280022159217
-12.512868562833495
-12.512949952838287
-12.51302527513822
-12.51309346203847
-12.51316161048533
-12.513230132639213
-12.513303596610838
-12.513374413053379
-12.513426135642659
-12.513508435954222
-12.513526118693521
-12.513605533433209
-12.51364913493785
-12.513693161122601
-12.51376918606011
-12.513826020190432
-12.51392569270271
-12.513992684521341
-12.514069283804627
-12.514137626995081
-12.514200903837354
-12.51427595717199
-12.514337190334626
-12.514388228970782
-12.514468147494085
-12.514518514926785
-12.5145907876406
-12.51465729781565
-12.514720022681598
-12.51478346961791
-12.51485133301956
-12.514954746017331
-12.514990877460878
-12.515060739202632
-12.515087458116865
-12.515161091198525
-12.515214862505497
-12.515266105917611
-12.51535835761856
-12.515401801241682
-12.515455167624905
-12.51550113924571
-12.515569019309197
-12.515629671862914
-12.515685092169626
-12.515755391038057
-12.515819272775072
-12.515897714799973
-12.515969577388976
-12.516065219629951
-12.51612518398531
-12.51621172128946
-12.516265155306073
-12.516342122390533
-12.516434571181907
-12.516500756281577
-12.516574506059946
-12.51665208580583
-12.516727953185121
-12.516783155001482
-12.516835417981753
-12.516916162248762
-12.516977220251059
-12.517028444997695
-12.517097283269138
-12.51714674305091
-12.517190435553466
-12.517290319369632
-12.517329173714902
-12.517385911697868
-12.517415458479743
-12.517483606937262
-12.517527614319915
-12.517572010347829
-12.517647837683729
-12.517686905911642
-12.517759761518777
-12.517818909802731
-12.517884851716296
-12.517934772899515
-12.517979207022485
-12.51805321895476
-12.51809315255377
-12.518133600085545
-12.518197721651877
-12.51823562979233
-12.518306470268207
-12.518357600179344
-12.518400598263707
-12.518459797646884
-12.518520026386767
-12.518586592423757
-12.518638276572155
-12.518685561978991
-12.518746341581023
-12.518801987658776
-12.51886357258859
-12.518910907847292
-12.51896070598426
-12.519021377703385
-12.519085886377162
-12.519150487354619
-12.519197466879817
-12.519250428417976
-12.519302403512288
-12.519356946139428
-12.519414994400542
-12.519484987361523
-12.519533527569727
-12.51958684212692
-12.519629708449626
-12.519680136349464
-12.519694273735322
-12.519751449083799
-12.51977689254593
-12.519810253176235
-12.519856073090178
-12.519875405128605
-12.519914220992645
-12.519945246175894
-12.519985610317407
