500 iters for seed 184 on 3R0.3 which is in the 5.692291259765625 percentile
 Maxcut: 21.0, MedianCut: 12.0
-12.118288064555967
-12.178114591538128
-12.219181314189871
-12.25530187721592
-12.280390502863181
-12.298658363392576
-12.311578595341572
-12.325150229694849
-12.336334594638348
-12.348675860947756
-12.358115918594311
-12.365778933800511
-12.37525760210443
-12.383672242617573
-12.390394402628699
-12.396344186061773
-12.402302365541832
-12.406071581829789
-12.409683532273252
-12.414819960317534
-12.417990616996603
-12.42146654505977
-12.42450365309769
-12.42714520188882
-12.430099563522372
-12.432424940256801
-12.434644480161536
-12.436578176277106
-12.439217256457852
-12.44136952558128
-12.443558076142986
-12.445506333997466
-12.447299750881408
-12.449050239143645
-12.451595574905062
-12.452594001234292
-12.45430347473839
-12.455704846033314
-12.457461744668107
-12.459012890054774
-12.460630231925245
-12.462156509167283
-12.464402303193957
-12.465675029083842
-12.46746325055176
-12.46898529383942
-12.470531810077262
-12.47193373840947
-12.473221529781314
-12.475093960329124
-12.476837008099896
-12.478075802437122
-12.479763686544185
-12.481037659722352
-12.482303146266142
-12.483366290671
-12.484288159430836
-12.485245653928772
-12.485975769282941
-12.4866268663324
-12.487550977149457
-12.488555404793738
-12.489488461687888
-12.49022634647366
-12.491090976128294
-12.491883557554186
-12.49264418019092
-12.493452337528222
-12.494131332637743
-12.494989989451579
-12.495926325815288
-12.496644435919187
-12.497228277787668
-12.497955817658022
-12.498394633503132
-12.498891890202653
-12.499504203414222
-12.499926720934868
-12.500260673581888
-12.501021839344167
-12.501322243657611
-12.501899882980634
-12.50226513446789
-12.502964923681954
-12.503459045833598
-12.503910509503392
-12.504732269582831
-12.505134202637334
-12.505827596923417
-12.506304963556685
-12.506694466546271
-12.507086407785364
-12.50767996709135
-12.50809043639421
-12.508505263928907
-12.509117397692833
-12.509543929779603
-12.51015361152681
-12.510501423192999
-12.511166191711276
-12.511469567924442
-12.511848373832132
-12.512259635016855
-12.512733713916246
-12.513053398838373
-12.513342090630895
-12.513635705577954
-12.513935233074541
-12.514345678397056
-12.514573097882504
-12.514843990482234
-12.515225727190561
-12.515458773918908
-12.515771247940464
-12.51602532537632
-12.516271543589822
-12.516491657253232
-12.516716584983458
-12.51694256124319
-12.517130093532595
-12.517298481710661
-12.51751111556685
-12.51779355472591
-12.51805586080118
-12.518260293591098
-12.518548485031648
-12.518707707940637
-12.5188585892936
-12.519101086421314
-12.519239041970684
-12.519437879170532
-12.519674432009275
-12.519844397773632
-12.519973219963006
-12.520211472647542
-12.520306717427871
-12.520434423421813
-12.5205943712443
-12.520699097514512
-12.520923317269324
-12.521086935133145
-12.521242344080303
-12.521408163317185
-12.521554302055721
-12.521761275930169
-12.521919848101366
-12.522056096606791
-12.522170021230743
-12.52233215575126
-12.522472039673982
-12.522581513389792
-12.522730394554387
-12.52283925157391
-12.522962649079096
-12.523106234717226
-12.523217127444923
-12.523374722812473
-12.523495195204895
-12.52368317982442
-12.523809075249206
-12.524008963377636
-12.524073364401783
-12.52431503262817
-12.524415824407232
-12.52454238336841
-12.52473074774344
-12.524959876258128
-12.525147979130619
-12.525261097069578
-12.525378260194579
-12.52550155588476
-12.525663469796893
-12.525777813080948
-12.52587035598729
-12.5259498727952
-12.526055511293343
-12.52618505780282
-12.526300771227643
-12.526408481920564
-12.526522466092963
-12.52663205947472
-12.526782943990284
-12.52689345139649
-12.526985569852648
-12.527156663826728
-12.527273871249012
-12.527419136973926
-12.527576137144264
-12.527742091896023
-12.52782470214313
-12.528086559810525
-12.528107748587693
-12.528352057110101
-12.528464480755382
-12.528608096410249
-12.528793753452284
-12.528935311243325
-12.529171647406978
-12.529314249793282
-12.52947693367472
-12.529616235587202
-12.529728031560007
-12.529891225781025
-12.529967260291372
-12.530067497732762
-12.53018978409337
-12.530283117350383
-12.530465424956423
-12.530608437972484
-12.530700406252345
-12.530787702751432
-12.530877748333278
-12.530912872283748
-12.53102931906614
-12.531078513769119
-12.531142652304181
-12.531223163979254
-12.53131085947959
-12.531398940414249
-12.531474681470106
-12.531544995091878
-12.531646436774231
-12.531722818784468
-12.531803584950838
-12.531887349302405
-12.5319552648691
-12.532032577202484
-12.53210049809164
-12.532162056931542
-12.532222592079117
-12.532288582992045
-12.532340277911057
-12.532386715602385
-12.53242730933212
-12.532475768475061
-12.53253182438205
-12.532568449392336
-12.532607292790878
-12.532653830494633
-12.5326854133429
-12.532726998496582
-12.532791171556001
-12.53281465534912
-12.532853922770903
-12.532893943350699
-12.53293814317375
-12.533009434175645
-12.533043807731657
-12.533104744495404
-12.533153311763023
-12.533218745529954
-12.533271388776994
-12.533340017226585
-12.533410622541592
-12.533475553985403
-12.533526906348586
-12.53361535976802
-12.533671387619588
-12.53372435120299
-12.533805669519696
-12.53383884317317
-12.533937172512289
-12.53397947137569
-12.534049400206078
-12.534138347387767
-12.534229747840996
-12.534285383133266
-12.5343592933716
-12.534415362514647
-12.534482987590849
-12.534560660633254
-12.53463015852882
-12.534679923012513
-12.534770427655157
-12.534822793683983
-12.534900265627886
-12.534955313791693
-12.534999486706278
-12.535080188339744
-12.53512456093428
-12.535209979098523
-12.53526360033121
-12.535321693663857
-12.535371239962254
-12.535431843441128
-12.53548768600556
-12.53554612110274
-12.535612531967042
-12.535703063347498
-12.53576797329355
-12.535847066885434
-12.535915657320784
-12.535994810375891
-12.53606945621491
-12.536175287344133
-12.53624007968718
-12.536299846389099
-12.53635224901529
-12.536400128122825
-12.536478818705902
-12.536498467805927
-12.536556084180534
-12.536586042837374
-12.536621264058656
-12.536677045745664
-12.536709831240955
-12.536772236643523
-12.536811636608647
-12.53685657139148
-12.536892820495758
-12.536927679504927
-12.536980266649639
-12.53701103022824
-12.537049832839216
-12.537105388221816
-12.537140663422363
-12.537170851288055
-12.537245882089744
-12.537281466147467
-12.537317328626841
-12.53736242733132
-12.53740000669416
-12.537460247202844
-12.537509482691263
-12.537547447289805
-12.537579074594705
-12.537613597061611
-12.537665477868234
-12.537714025947503
-12.537760383381666
-12.53779867976148
-12.53785894062581
-12.537901428349251
-12.537952142246208
-12.537999038223747
-12.538035194976331
-12.538067188870428
-12.538132839006996
-12.538159974998067
-12.538203918654542
-12.538258275756663
-12.538307997007275
-12.538348288125153
-12.538387294465315
-12.538422839992524
-12.538479976882655
-12.538541635542654
-12.538597653732138
-12.538645885783504
-12.538700639344153
-12.538752624405221
-12.538813139476959
-12.538865072506388
-12.538923207828553
-12.538969016191285
-12.539015420311785
-12.539091709353766
-12.53913453836893
-12.539184962721503
-12.539264980644615
-12.539319815675015
-12.539420014496336
-12.539497373111663
-12.539566892058707
-12.539654787398804
-12.539729838478832
-12.539804446452003
-12.539888066266505
-12.539945495622856
-12.540025023357087
-12.54010547758179
-12.54018164487947
-12.540258296481532
-12.540346600777937
-12.540438352724035
-12.540539081094785
-12.540672908819824
-12.540769770363598
-12.540877699474827
-12.541006606747843
-12.541102313503593
-12.541193664806638
-12.541330887300052
-12.541425681542144
-12.5415201339562
-12.54170401142881
-12.541786765972287
-12.541877934132012
-12.542076867568962
-12.54217105580704
-12.542335887396767
-12.542456893673062
-12.542590608756848
-12.542702528191652
-12.542803069669658
-12.542909880476625
-12.542997756509589
-12.543098098235733
-12.543188917646841
-12.543298483747748
-12.54341587439143
-12.54351401653715
-12.543597267336542
-12.54369241517934
-12.54378256704041
-12.543873836127101
-12.543995093991619
-12.544084635759383
-12.544147779311679
-12.544299113474068
-12.544353807313538
-12.544439577864859
-12.544526079006074
-12.544582375294471
-12.544709263507897
-12.544796117463617
-12.54489191132801
-12.544959242571245
-12.545021016610557
-12.545092953509712
-12.545181946623583
-12.545261890508344
-12.545325234466905
-12.545409195686016
-12.545481068812773
-12.545517122979458
-12.545572056151123
-12.545621204509224
-12.545685019401654
-12.545743309724601
-12.54580609743114
-12.545863362027672
-12.545924729004955
-12.5459798769197
-12.546041246728185
-12.546111876734402
-12.546178471337653
-12.546233506698691
-12.54630547674399
-12.546362266169794
-12.546424897135362
-12.546496162030959
-12.54654937412119
-12.546611607370373
-12.54668131549047
-12.546749111594387
-12.546793317510696
-12.54689997180927
-12.54694949595005
-12.54701021717237
-12.54708834901472
-12.547137426443422
-12.547188545806534
-12.547266915594916
-12.547318462501062
-12.547387402717197
-12.547475143425249
-12.547535536377904
-12.547594875706073
-12.547665820213615
-12.547729986997078
-12.547783350540195
-12.547879267331728
-12.547930455165293
-12.547998830291288
-12.548076839977417
-12.548161125850394
-12.548224934456254
-12.548311517738792
-12.548388151070183
-12.548512222603874
-12.548572239827449
-12.54866979047407
-12.54872318388057
-12.548800060008837
-12.548903066222396
-12.548955072518002
-12.549032850361199
-12.54907202927376
-12.54912904386203
-12.54922491510076
-12.549315513558229
-12.549384812679065
-12.549459292660199
-12.549504378932266
-12.549563251186107
-12.549632317267498
-12.54968750917074
-12.549724033793108
-12.549831203683473
-12.549842340722591
-12.549920491392408
-12.549961902577397
-12.550015821304276
-12.550076631757355
-12.550091988338913
-12.550247963237736
-12.550298239825784
-12.550353027580147
-12.550418175837923
