500 iters for seed 182 on 3R0.3 which is in the 99.35531616210938 percentile
 Maxcut: 21.0, MedianCut: 12.0
-12.080314896991286
-12.217898776348234
-12.246015977207401
-12.311440259576962
-12.351324257992763
-12.380324608105727
-12.405100928023561
-12.436186963340466
-12.454180739326015
-12.477090682196204
-12.491693419745639
-12.515247267669242
-12.527145868795785
-12.54022850881756
-12.547084062091741
-12.556532061521356
-12.560793711905784
-12.570101696088713
-12.576669344796901
-12.585181137777248
-12.590768881551085
-12.598282705644854
-12.605279543564707
-12.613386673083436
-12.618906571127383
-12.623791061653165
-12.628299378919467
-12.632216648768821
-12.635161393303106
-12.638744251734652
-12.642033689466729
-12.644907341595173
-12.64795702724061
-12.65136577641518
-12.654744566214815
-12.657232132986296
-12.659386014859855
-12.661447037097904
-12.663831861210051
-12.666546183077498
-12.669066451829178
-12.671672281163886
-12.67389325511476
-12.676562046898207
-12.678809760336586
-12.68100317238988
-12.683417976388748
-12.685173391712379
-12.687438792795856
-12.689163564550302
-12.690683418015173
-12.69232081206248
-12.694015025702917
-12.695582394095702
-12.697156240175934
-12.699022630204144
-12.700828987788997
-12.702341747661494
-12.704331933051597
-12.705624060532937
-12.7069769858508
-12.708601190589302
-12.70970299310203
-12.711517213013009
-12.712006884453373
-12.713469461979326
-12.714011896537748
-12.714805671021402
-12.715842662605052
-12.71614893270711
-12.717314724342263
-12.717741502028732
-12.718490822894925
-12.719115891562176
-12.720093949728064
-12.720767698943892
-12.721481329261788
-12.722562355737422
-12.723274856627716
-12.724164724948823
-12.724917520333298
-12.725640503783438
-12.726469489633164
-12.727226839431712
-12.727955073875114
-12.728509599754325
-12.729265164185577
-12.73003687478914
-12.730682165819992
-12.731282045716396
-12.731793334195586
-12.732348864910074
-12.73297805423952
-12.733524183681745
-12.734134760524157
-12.734662466149587
-12.735115623580485
-12.735532549672056
-12.735987145052343
-12.736444753724445
-12.736824065590362
-12.737152311430567
-12.737627292373913
-12.73794481181359
-12.73833676740501
-12.738956355012048
-12.739349598869314
-12.739657857221125
-12.740234028437287
-12.740565733970046
-12.741045671345557
-12.741418721122443
-12.741767700435487
-12.742040193318235
-12.742346462972105
-12.742717486256584
-12.743094666516797
-12.743371283502217
-12.743575414116597
-12.743784327012492
-12.743951869246727
-12.744154771850521
-12.744358740001754
-12.744555229399293
-12.744781383081405
-12.745030715500537
-12.745210349690213
-12.745353346878414
-12.745615192216222
-12.745762801915381
-12.745959514169702
-12.746180525796508
-12.74637710874561
-12.746463201987897
-12.746822993605566
-12.746938370482358
-12.74711719628831
-12.74729007081408
-12.747509415222744
-12.747664888406845
-12.747825239797825
-12.747972387466326
-12.748153215141542
-12.748311741686209
-12.748478576695202
-12.748633544787117
-12.74883851194418
-12.748995278333732
-12.749137970767272
-12.749278796272316
-12.74948921885074
-12.749588792516253
-12.749717272524705
-12.749864685714893
-12.750028825393315
-12.750145882442279
-12.750309117702622
-12.750436549170379
-12.750579428226194
-12.750792814284623
-12.750894198449455
-12.751007471291347
-12.75123431413044
-12.751354214676812
-12.751474188779582
-12.751635619908
-12.75173889252072
-12.751903307319468
-12.75207140949502
-12.752154255509364
-12.752267284204006
-12.752339108112471
-12.752428853054003
-12.752541114091427
-12.752603982646106
-12.752697037653672
-12.752846903252792
-12.752903454705578
-12.753054342855535
-12.753114757077109
-12.753277255845315
-12.75335768126809
-12.753454756989932
-12.753597042848343
-12.753719477535057
-12.753865444072133
-12.754000418247188
-12.754114874758972
-12.754212191168824
-12.754377828689194
-12.754497992478502
-12.754651110658902
-12.754804864887346
-12.755005671945089
-12.755218407885721
-12.755362503232432
-12.755473772163583
-12.755613045084724
-12.755746917420582
-12.755851318006926
-12.755993240593625
-12.75610833326818
-12.756238073860207
-12.756373679037468
-12.756507097020256
-12.756651078512704
-12.756755866652957
-12.756847083634629
-12.75705491745613
-12.757223739710573
-12.757344978307431
-12.757547187488836
-12.757664512535253
-12.757806044008113
-12.758030943737943
-12.758147185480963
-12.758271026996319
-12.758514428910546
-12.758634493642273
-12.758817663178885
-12.759027609408784
-12.759275379739957
-12.759420180169581
-12.759647236806014
-12.759859497515182
-12.760082713938012
-12.7603599964407
-12.760527112476378
-12.760774678174474
-12.760877908605202
-12.7611114766548
-12.761216409176404
-12.76136662158224
-12.761586966420964
-12.761730856309114
-12.761996304913627
-12.762214467507365
-12.762499029200454
-12.762681714953352
-12.762906554601019
-12.763117854944525
-12.763286832460285
-12.763451120168943
-12.763719098792546
-12.763852894193267
-12.763993800212946
-12.764208422601286
-12.764390387955162
-12.764595730448598
-12.764777654101245
-12.764916172963801
-12.765012745719952
-12.765330243987309
-12.765428153711062
-12.765588896852275
-12.76574263628098
-12.765914209696536
-12.76603788008804
-12.766177252152538
-12.766307827587063
-12.766413042671042
-12.766564447026152
-12.766654023315743
-12.766786367408471
-12.766897343676924
-12.766985182705927
-12.767049401955227
-12.767215798272012
-12.767291456773044
-12.767371177413004
-12.767497078094557
-12.76759858595831
-12.767768289994688
-12.767880276135152
-12.7680147932151
-12.768133164045315
-12.768247347305895
-12.76838842503593
-12.768491859567487
-12.76856715455725
-12.76872890596426
-12.768791967594112
-12.768912500792522
-12.769011368085657
-12.769108208761324
-12.769286387620156
-12.769369820826405
-12.769501034574022
-12.769605385980753
-12.769750103312772
-12.769881085571246
-12.76999468884309
-12.77014366487262
-12.77024670390137
-12.770382572412046
-12.770568965522848
-12.770768703649509
-12.770913519225175
-12.771138381323151
-12.771239390079428
-12.771417452890399
-12.77155470514865
-12.77168566478801
-12.771940741409992
-12.77209024499826
-12.772265855001026
-12.77240036681516
-12.77254281612245
-12.772705414629726
-12.772870805723965
-12.77301787797569
-12.773162472242165
-12.77331578390803
-12.773521208959394
-12.7736410640236
-12.773879745402375
-12.77403691034797
-12.774192052375488
-12.774455893854222
-12.774557841523324
-12.774861273957283
-12.774970421739598
-12.775147523935985
-12.775258900887552
-12.775556598440565
-12.775694959647655
-12.775832418209356
-12.776028089458661
-12.77616082195086
-12.776368065087174
-12.776526170977379
-12.776686217375264
-12.776821631305916
-12.776967116810429
-12.77711898685574
-12.777231365051762
-12.777393674096746
-12.77754760565055
-12.777702947449438
-12.777828015700345
-12.777973669441037
-12.778114581646951
-12.778228652188783
-12.778378336960099
-12.778483390166752
-12.778575061551088
-12.778733472667879
-12.778816557451773
-12.77890890736103
-12.779073027940559
-12.779147724494699
-12.779260747776881
-12.779360504966181
-12.779625347236681
-12.779685698040097
-12.779849338361498
-12.779907727835724
-12.780095703305175
-12.780198184633452
-12.780308178489067
-12.7804699362934
-12.78057937334642
-12.78073634457261
-12.780864485179073
-12.781050669125326
-12.781221600927132
-12.781404130958727
-12.78168604840051
-12.781843115066334
-12.782078086293168
-12.78232210034479
-12.782593096568931
-12.78276993453262
-12.783108218164134
-12.78323048312554
-12.783524635141362
-12.783691236528385
-12.78389764741232
-12.784171158032102
-12.784476907764427
-12.784699108241446
-12.784976024272941
-12.785211726126288
-12.78548026798018
-12.785851315588037
-12.786045326294907
-12.786229258268925
-12.786660059328177
-12.786826518921293
-12.787018454780164
-12.787251870866795
-12.78737517895469
-12.787464080067071
-12.787712339322464
-12.787804235083732
-12.787964390589083
-12.788063052878105
-12.788265871283182
-12.788368749503352
-12.788483632303892
-12.788664943777839
-12.78877222188739
-12.788920741612792
-12.78901721274105
-12.789141656938504
-12.789235856795745
-12.789347033789042
-12.789472129014271
-12.789559490606074
-12.789650428421776
-12.789795211354779
-12.789884095505622
-12.790000650757808
-12.790076900656059
-12.79017305721387
-12.790283675161058
-12.790366035068642
-12.790516273320678
-12.790649722816564
-12.79072907818128
-12.790848991211515
-12.790950619966175
-12.79108843098058
-12.791178599665868
-12.791290651390435
-12.791368311081772
-12.791494569699411
-12.791573764869703
-12.791712903756858
-12.791812173088637
-12.791912255891345
-12.792088434424986
-12.792186385379278
-12.792378527805948
-12.792538046438303
-12.792701630065267
-12.792845753966754
-12.792970472402686
-12.79314517063032
-12.793276494413616
-12.793440744832603
-12.793575080635225
-12.79371153829564
-12.793852681636007
-12.794027477403356
-12.794281746720191
-12.794548703888056
-12.794755539477933
-12.795009590859477
-12.795193308368384
-12.795441200753334
-12.795732078214169
-12.795919454644514
-12.796078624776603
-12.796487135679412
-12.796604135482292
-12.79681941109468
-12.796965986227129
-12.79716203256099
-12.797391716465661
-12.79752952635899
-12.797725375183354
-12.797845644658864
-12.797987902256088
-12.798138674483216
-12.798302092932175
-12.798514216667893
-12.798652475390002
-12.798755464295175
-12.798931654903953
-12.799022625434514
-12.799147337642433
-12.799262267511047
-12.799420392636758
-12.799507286509861
-12.799682020920008
-12.799827315162501
-12.800010631799317
-12.80012721743175
-12.800238714546028
-12.800355457989484
-12.800491513278322
-12.800643427117402
-12.800737170298863
-12.800848256736952
-12.801025103337558
-12.80111273852204
-12.80120147180981
-12.801294554281947
-12.801381059328094
-12.801467234988328
-12.801587621285394
-12.801642700428706
-12.801723349464847
-12.801775804218847
-12.801860255739447
-12.801937660606619
-12.801999442539916
-12.80212766524869
-12.802171523360084
