500 iters for seed 48 on 3R0.3 which is in the 94.47860717773438 percentile
 Maxcut: 22.0, MedianCut: 12.0
-12.003759121206155
-12.016116404344272
-12.023370493359916
-12.138338652636271
-12.173801249024756
-12.223017009304641
-12.285019039315511
-12.348232761075167
-12.38142935353003
-12.399518239177052
-12.422136323523668
-12.435438424745453
-12.458820955596934
-12.47513694584877
-12.491261007144317
-12.506279224995671
-12.520507630036377
-12.532409210247646
-12.544209706966543
-12.55605298069575
-12.566553434497761
-12.575648771284216
-12.583180230435204
-12.589741140504074
-12.596059865523014
-12.603767492865225
-12.609169693335343
-12.613904744547884
-12.620674518000536
-12.62579628803136
-12.630702265790848
-12.635025025652293
-12.639381233842029
-12.643216834215734
-12.64698838142771
-12.650688031065302
-12.653983497783688
-12.658511218275024
-12.66123164693733
-12.665431141723971
-12.667765398917116
-12.670951633223835
-12.67318766721815
-12.67670600587717
-12.678466129978855
-12.680593948107708
-12.6818719906719
-12.684492309172619
-12.685913658186166
-12.687399171501552
-12.689575609262965
-12.690864324491557
-12.69260263948669
-12.693724469169197
-12.695339030419444
-12.697004102860241
-12.699471583668014
-12.700992387370412
-12.702799243188664
-12.704629257611181
-12.706438953696242
-12.70750322857186
-12.708914242503797
-12.709742061881169
-12.711072923847517
-12.712096609441987
-12.713012139801208
-12.714882810603543
-12.715807382385709
-12.71687977454322
-12.717832353015353
-12.718675729183492
-12.719592141290224
-12.720400915976033
-12.720990242716658
-12.721601461682422
-12.722127405562205
-12.722623317276986
-12.722977401798536
-12.72341718576965
-12.72385143775516
-12.724292538830928
-12.724822343504215
-12.725274484203592
-12.725730323618386
-12.726060963332777
-12.72643902126147
-12.726840791386927
-12.727281191673717
-12.727855557937556
-12.728316563656339
-12.728886312579373
-12.729535806080012
-12.730031733203448
-12.730474246962306
-12.731065297046502
-12.731562812294548
-12.731913948959086
-12.732520369166815
-12.732786235823296
-12.733137192134857
-12.733615407713502
-12.733963661653823
-12.734803644658882
-12.735323332269552
-12.735841785991848
-12.736389705229735
-12.736826700012434
-12.737401320147567
-12.737950031060219
-12.73848369884394
-12.738926753620383
-12.739718547465813
-12.740043489432026
-12.740607388981221
-12.740895955534295
-12.741247853526497
-12.741566262370027
-12.742081933116333
-12.742453683788446
-12.742868593450979
-12.743592456485814
-12.743755429187965
-12.745158772554772
-12.745684305592746
-12.746487608864804
-12.747520666244275
-12.748011548064527
-12.749117316345226
-12.749630667876458
-12.750240535359014
-12.751213605387127
-12.752042669365277
-12.752896744380777
-12.753634887310369
-12.754388850666977
-12.755426428955689
-12.756412638545857
-12.757192844500292
-12.758045962978763
-12.758780212433312
-12.759655809997051
-12.760373703946906
-12.761039970342662
-12.76174175341292
-12.762487745771875
-12.763015231522104
-12.763688892810936
-12.764187206436446
-12.764976702909618
-12.765339129277875
-12.765781923464218
-12.766027910360702
-12.76662902542547
-12.766896077555025
-12.767218590142958
-12.767712880645426
-12.76798071451519
-12.76845311270277
-12.768828385728774
-12.769341338359794
-12.769669106055686
-12.770043289508385
-12.770424684871173
-12.770736528576677
-12.771148577446745
-12.771615411237144
-12.771910668134595
-12.772272253348152
-12.772591991269483
-12.773015403255817
-12.773305799514471
-12.773653835475457
-12.774146290690085
-12.774682593139437
-12.775066862759047
-12.775502970768365
-12.775847976597854
-12.776321488333028
-12.776954203072258
-12.777374811127334
-12.778262476019908
-12.778726674708505
-12.779334667338137
-12.779672105985998
-12.780091243650844
-12.780387977955723
-12.780970607810438
-12.781240471965095
-12.781624072836133
-12.782089885849292
-12.782602368747135
-12.782961192992166
-12.783423042148641
-12.783758183150328
-12.784114663720615
-12.784673307815476
-12.784940109838333
-12.785351395832727
-12.78554395161176
-12.786008873540169
-12.786197271967175
-12.78653155223398
-12.786897703740937
-12.787277270459644
-12.787537724818199
-12.787922218951755
-12.788158761545017
-12.788450124489064
-12.78884881171676
-12.78905117416535
-12.789419386435087
-12.789755443221111
-12.790144101204113
-12.790339180924235
-12.790573575205451
-12.79080572547903
-12.791153756226922
-12.79138664756042
-12.791555728798018
-12.791907852704645
-12.79205363690943
-12.792449394213348
-12.79261718339903
-12.792820213684378
-12.793071255643731
-12.793370289054035
-12.793611237667342
-12.793912402081393
-12.794188448756612
-12.794544647503763
-12.794836296720788
-12.795076482504248
-12.795344014766858
-12.795619633771564
-12.795923303592808
-12.796110683565509
-12.79628222519296
-12.796637337993793
-12.796788148375821
-12.796970198118395
-12.79729672270139
-12.797463323094336
-12.797619224287748
-12.798051558860285
-12.798175240211215
-12.798385536675376
-12.798540937749905
-12.798763362891929
-12.798947506869357
-12.79909055396701
-12.799309871656785
-12.79941471138885
-12.799609883857265
-12.799715603595642
-12.79983797548392
-12.800009295178949
-12.800149113648638
-12.800242222558898
-12.80036619536739
-12.80047529929643
-12.800616638823316
-12.800850092076645
-12.80099743389679
-12.801098465352442
-12.801263127592001
-12.801403856118666
-12.801478020772008
-12.801725140788605
-12.801820036043889
-12.801945593403701
-12.802112406237697
-12.802258231716223
-12.802402475286383
-12.80250267425129
-12.802618908382415
-12.802729537657049
-12.802876828040642
-12.802992276242152
-12.803112294327777
-12.803230488602825
-12.80334562694187
-12.803460038839843
-12.803559973649818
-12.803697473429615
-12.803804549522292
-12.80388470610804
-12.803995508315
-12.804104042245113
-12.804237151741575
-12.804349758437047
-12.804442621100458
-12.804539320613223
-12.804625488621955
-12.80470887347257
-12.804773498022442
-12.804851706639578
-12.80494298559556
-12.805009412014082
-12.805085714392348
-12.80514564257529
-12.805206840546449
-12.805264755860714
-12.805345467018183
-12.805421920846234
-12.80548953169318
-12.805553427887032
-12.805618866882112
-12.805683107709935
-12.805733983168423
-12.8058022502824
-12.8058398262169
-12.805881208617349
-12.805939431060597
-12.80598359085403
-12.806010349590618
-12.80610957239331
-12.806137028569372
-12.806188013104883
-12.806229412630707
-12.80629854750099
-12.806355903182244
-12.806404470368346
-12.806476163267744
-12.80650208247791
-12.80658364892236
-12.806618619709283
-12.8066633357267
-12.80672652955388
-12.806794840497988
-12.806847116464382
-12.806924366830971
-12.806966314661011
-12.807019325105095
-12.807067301059934
-12.80711257424405
-12.807173008680708
-12.807239527167345
-12.807297907206149
-12.807385835871626
-12.807448485987043
-12.807513353215192
-12.807600833404015
-12.807657444005738
-12.807707815089929
-12.807802322553703
-12.807844833668053
-12.80789863916274
-12.80803728998262
-12.808078986360966
-12.808145707652852
-12.80822502750655
-12.808304666516829
-12.808429347123877
-12.808529273920602
-12.808615932455348
-12.808682231822331
-12.80876748937318
-12.808880951761552
-12.808977021547351
-12.809065201187936
-12.809148869829725
-12.809267989161453
-12.809377889955755
-12.809493233077543
-12.809618628891085
-12.80970221588349
-12.809825544005808
-12.809932273030487
-12.810022611482816
-12.810099224790552
-12.810177045508812
-12.810239708239438
-12.81032234512505
-12.810386339710362
-12.810463576832209
-12.81057143205923
-12.810634223545012
-12.810701682030798
-12.81082581225492
-12.81092135091575
-12.810983342440059
-12.811100164508193
-12.811213221009723
-12.81130916741205
-12.811463495022426
-12.811540933585913
-12.811634394816801
-12.811733274115433
-12.811850895623998
-12.811940350779022
-12.8120368510241
-12.81212702909367
-12.812215319660275
-12.812355589291325
-12.812432238678491
-12.81251773217283
-12.812659784456756
-12.812731372579439
-12.812810829832976
-12.812923613818544
-12.81297467324806
-12.813044749633317
-12.813111310050502
-12.813186121421365
-12.813243837046457
-12.813297031603064
-12.813360197850173
-12.813436844189244
-12.813517139408873
-12.813593097337689
-12.813664560378887
-12.813759605699206
-12.813851048332147
-12.813932280395402
-12.814021406706114
-12.814085157347959
-12.814168624129984
-12.814254349259391
-12.81432203455516
-12.814406603185711
-12.814484420111135
-12.814545359945768
-12.814598427052225
-12.814703273361243
-12.814750167183407
-12.814817860089919
-12.814886222229813
-12.81494110918092
-12.815027878813634
-12.815117493176324
-12.815169383004768
-12.815234834728187
-12.815276896026171
-12.815318561857707
-12.8153850768473
-12.815421567040584
-12.815504614182665
-12.815576283191401
-12.815619215633669
-12.81569665757802
-12.81574553063445
-12.81580420304845
-12.815899782538626
-12.815960074421408
-12.816007122863015
-12.816088733657974
-12.816141308100143
-12.816197991569563
-12.816307602468033
-12.81634323817509
-12.816386884156586
-12.816466458548236
-12.816512984212622
-12.816603135351649
-12.81665791010817
-12.816708134976999
-12.8167454055452
-12.816794775636927
-12.816858262155117
-12.816920537910008
-12.816969511948312
-12.817028696255
-12.817073143175035
-12.817123775310856
-12.817187836401265
-12.817238399646701
-12.817273482214798
-12.817332547542996
-12.817370747566757
-12.817401895945453
-12.817464340052876
-12.817501653961454
-12.817572843062745
-12.817649495712471
-12.817690166569728
-12.817749228518332
-12.817786365022746
-12.817825652936225
-12.817892407198793
-12.81792740257614
-12.81796059276838
-12.818033001859728
-12.818052743012323
-12.81811071545919
-12.818146128350655
-12.818196410175087
-12.818230909370037
-12.81827186706821
-12.818297360041736
-12.81836152979697
-12.818384170160147
-12.818417147538462
-12.818465354406712
-12.818491119138184
-12.818535082280594
-12.818562970936243
-12.818599968865357
-12.818631590977146
-12.818656064924168
