500 iters for seed 33 on 3R0.3 which is in the 95.02792358398438 percentile
 Maxcut: 20.0, MedianCut: 12.0
-12.006559548825274
-12.015333850616027
-12.034514065229262
-12.11885862025093
-12.16134964459305
-12.198536970237484
-12.223173007372912
-12.231313327906296
-12.25881962528579
-12.270778489110274
-12.289405033282309
-12.30960195162087
-12.327294331295658
-12.341866103706476
-12.35077086987994
-12.361923957688168
-12.369845078396162
-12.377115857834113
-12.383024708490584
-12.389324461313835
-12.394889395349292
-12.4000055969166
-12.403929872099148
-12.406997867839411
-12.410242425475005
-12.413342182796178
-12.416201373406642
-12.418937158542949
-12.421781105829513
-12.424954647430477
-12.427358994335725
-12.429716971515429
-12.433070699163274
-12.435308786362402
-12.43805510185002
-12.44097574101018
-12.44293492515153
-12.445131974874815
-12.447142407886759
-12.44868572033408
-12.450091973282158
-12.452033045716053
-12.453188866943217
-12.454284661242005
-12.45553227323615
-12.456826681581607
-12.458616186651504
-12.458885927736583
-12.4604038425414
-12.460891783643556
-12.46176866000886
-12.462796420075698
-12.463136605195665
-12.46435546950353
-12.464799255286309
-12.465495474840067
-12.465987370934798
-12.466706816504876
-12.467533092120739
-12.468315387511705
-12.4691658538616
-12.469990139038403
-12.47080584956721
-12.471516401621523
-12.47267291968218
-12.473109363020672
-12.47420131084994
-12.47476688381677
-12.475474778681964
-12.476221456638706
-12.477216188008128
-12.477892937052825
-12.47863522780191
-12.479290797361616
-12.480196153593
-12.481087113567877
-12.481971954650144
-12.483256727977718
-12.484689995513744
-12.485772056028763
-12.487294579132554
-12.48852415722807
-12.490004999301123
-12.491635950423156
-12.49279735400069
-12.49439759121718
-12.495957528413726
-12.497004462176237
-12.497930112545978
-12.49955815357232
-12.500842775829941
-12.502297571265393
-12.504013371878102
-12.505229227623108
-12.506461974247156
-12.50788554243287
-12.508748220608132
-12.509498456076896
-12.51048161808026
-12.511185457463407
-12.512156889785965
-12.512863646819698
-12.51342674666462
-12.51402352664929
-12.514555680088197
-12.515143398884076
-12.515685526429685
-12.516123821043745
-12.516536694783648
-12.51703319768566
-12.517317212657474
-12.517682324107845
-12.518072886282265
-12.51836277324937
-12.518801377582633
-12.519253074603881
-12.519513014849203
-12.519862666907688
-12.520115840093123
-12.520411638657826
-12.520917044790874
-12.521174543480216
-12.521563531405963
-12.52183277958491
-12.522243880166627
-12.52249557450615
-12.522774036081097
-12.523214433694367
-12.523546079422124
-12.523859452831175
-12.524087921500668
-12.524363465623455
-12.524560193828544
-12.52499230810026
-12.525153042183424
-12.52542124495516
-12.525827481692502
-12.526213535916654
-12.526530497915488
-12.526979962089815
-12.5273028021845
-12.527682467862526
-12.528115416386843
-12.52857705955615
-12.528772331594206
-12.529272434635855
-12.529484724303082
-12.529800261261437
-12.530078766529392
-12.530428579633032
-12.530970040337923
-12.531236175904608
-12.531792176344425
-12.532208286944474
-12.532576856515561
-12.532900375689813
-12.533224404628204
-12.533620164157641
-12.533879558610062
-12.534101194532596
-12.53450599843422
-12.534686866340339
-12.534938156907486
-12.535235828684371
-12.535395607106414
-12.535778448202274
-12.535979970534088
-12.536279258440596
-12.536609152088735
-12.536893989860905
-12.537212795297592
-12.537519951734673
-12.537831966872904
-12.538072936042422
-12.538313709787289
-12.538632902290676
-12.538933529960655
-12.539132490804143
-12.539482223359112
-12.539644335230422
-12.539852127187038
-12.540046614402426
-12.540200984888113
-12.540260535936044
-12.540534814634622
-12.540638603477964
-12.540774313591376
-12.540967386069163
-12.541092402151117
-12.541289308373095
-12.541434653935214
-12.541606189618113
-12.541749850205372
-12.54186345521888
-12.542026954694741
-12.54211519263786
-12.542220726798071
-12.542427976822296
-12.542542953274415
-12.542711749922553
-12.542929681942038
-12.543044204280267
-12.543245653814072
-12.543404344699528
-12.543565573528983
-12.543722498872699
-12.54383078140241
-12.54398163203605
-12.544091174716456
-12.544195372007568
-12.54430625734055
-12.54440385286386
-12.544606430499872
-12.544699591608065
-12.544875957032431
-12.544974672863592
-12.545091124740328
-12.545174796542256
-12.545361087483938
-12.545462825026158
-12.545572415025966
-12.545747754842731
-12.545859643841991
-12.546061903226406
-12.546199622862252
-12.546333930410666
-12.546457622445732
-12.54665569482747
-12.546820951921651
-12.546995303468423
-12.547170846423743
-12.547295123895138
-12.547460763609248
-12.547604633056185
-12.54775456005356
-12.547843414155349
-12.547936976692467
-12.548062670240895
-12.548203602127558
-12.548302792193299
-12.548386202896399
-12.548485439481905
-12.548560292613267
-12.54864885506519
-12.548754649313809
-12.548884607612166
-12.549052591774167
-12.549124464756186
-12.549254613762567
-12.54928255259281
-12.549407452094412
-12.54946751945538
-12.549531164344897
-12.549653734871162
-12.549711328589213
-12.549955570390173
-12.55002639547652
-12.550126211963946
-12.550219384548237
-12.55031884428961
-12.550549525387243
-12.55064089633235
-12.550788097685558
-12.550970469859987
-12.551087634237932
-12.55131262034429
-12.551444415323914
-12.551594242638304
-12.551687288428308
-12.551815533585645
-12.551947978714582
-12.552080803600466
-12.552160588498092
-12.552257917169229
-12.552379166148
-12.552502705117282
-12.552581515185436
-12.552679379682873
-12.55275752496806
-12.552882499986287
-12.552953664066477
-12.55301273200495
-12.553127921149832
-12.553196319489574
-12.553289942794343
-12.55337080104085
-12.55348660928345
-12.553525718513647
-12.553655043007621
-12.55371388510963
-12.55377775320668
-12.553839403472258
-12.55392102780516
-12.553998231504561
-12.55405690815283
-12.554127508966156
-12.554226605418549
-12.554284779946785
-12.554358084742917
-12.55446600903662
-12.554507117685189
-12.554651416371517
-12.554696657193702
-12.554761775871517
-12.554789641099486
-12.55487427920521
-12.554919184419317
-12.55496552468278
-12.55504210014605
-12.555113283914205
-12.555235229232991
-12.555280507427717
-12.555346471227352
-12.555396586510643
-12.555470003837547
-12.555564663225505
-12.555620226403125
-12.55564537338854
-12.555784198559708
-12.555827135361335
-12.555892531324629
-12.555929981390777
-12.556008088981333
-12.556070627568753
-12.556122758407692
-12.55622393164337
-12.556289063575269
-12.556409117987704
-12.556447292448414
-12.556502596301847
-12.556541360967776
-12.556586805280308
-12.556645763278174
-12.55667490493079
-12.556713742489885
-12.55677194749197
-12.556810153324523
-12.556825117379422
-12.556908713901898
-12.556939935698907
-12.556985252777583
-12.557051426950284
-12.557088352424913
-12.557155463716505
-12.557201465511753
-12.557272945621333
-12.557312038984017
-12.557378370590463
-12.557428639727851
-12.55747017016399
-12.55754374783658
-12.55755839570179
-12.557645663434956
-12.557673092313141
-12.55772299979759
-12.557804220612779
-12.557886693543061
-12.557956017829248
-12.558035303439917
-12.558090806926202
-12.558178184777727
-12.558248479267995
-12.558326321800537
-12.55836645787103
-12.558443257353215
-12.55848061975442
-12.558523973815232
-12.558582584243767
-12.558623980594437
-12.558675952990225
-12.558743692780746
-12.558805024330654
-12.558892610847243
-12.558971825105129
-12.559051922004983
-12.559117657783585
-12.559185019143207
-12.55926332187985
-12.559340696184712
-12.559387109720898
-12.559518675697408
-12.559535498859685
-12.55966175990541
-12.559726368646587
-12.559805408917569
-12.559903540469461
-12.559971096820647
-12.56005905394219
-12.56011919758366
-12.560193509946906
-12.56026342874701
-12.560327677264592
-12.560431772805012
-12.560502918129071
-12.560566943991805
-12.560673749403582
-12.560734367598133
-12.560794272656604
-12.560898365672552
-12.560941537459218
-12.561003510711426
-12.561056386617395
-12.561128102560428
-12.561164888569218
-12.56124860983778
-12.561305467382848
-12.561361114777357
-12.561446400686588
-12.561500617147278
-12.561570684684416
-12.561657073569247
-12.561700450012099
-12.561767048487216
-12.561799591435198
-12.561873202441767
-12.5619170026112
-12.561953711382094
-12.56201692525152
-12.562054802620882
-12.562117135669533
-12.562165343268845
-12.562231026943907
-12.562263988411864
-12.562338981208686
-12.56237789313143
-12.562419765744025
-12.562476303224235
-12.562512429567724
-12.562567456212976
-12.562594582199505
-12.562626757063375
-12.562632509321759
-12.56270216472835
-12.562724595518313
-12.562750858455049
-12.562786322453125
-12.562819932141181
-12.562875080962806
-12.562906980160237
-12.562944128906043
-12.56297276487345
-12.563010347264175
-12.563050401248882
-12.563083592522437
-12.563121336323231
-12.56316371452188
-12.56322026825735
-12.563261734421445
-12.563317315477725
-12.563368359434268
-12.56341081008667
-12.563442419870283
-12.563491132776512
-12.56353397248499
-12.563569317226523
-12.563626912741224
-12.563684498460933
-12.563715456557855
-12.563766227246798
-12.563779584465747
-12.563835554226731
-12.563871172798937
-12.56389204188887
-12.56393808495763
-12.563967683650446
-12.564005240351811
-12.56403500301314
-12.564068622505165
-12.5640998956116
-12.564125581942934
-12.564156605525813
-12.564184889539074
-12.564213994154429
-12.56425145790987
-12.564286464001787
-12.564308882089838
-12.564361308085772
-12.564377066848177
-12.56441963311675
-12.564446997265664
-12.564475529740058
-12.564511746376859
-12.564543247112992
-12.564571197285355
-12.564591905858157
-12.564618427889053
-12.564637965846568
-12.564673910539703
-12.56468854523434
-12.56471236094077
-12.564746472703451
-12.564780965126017
-12.564807513422174
-12.564836513407727
-12.564863670065535
-12.564895156836624
-12.56491639010252
-12.564934199094525
-12.56497210650416
-12.564994516068012
