500 iters for seed 108 on 3R0.3 which is in the 78.95584106445312 percentile
 Maxcut: 22.0, MedianCut: 12.0
-12.028142914210338
-12.094476478694405
-12.14227317931208
-12.182363474947344
-12.222810891100288
-12.257310828166293
-12.270363705041618
-12.295690887200887
-12.308671697128274
-12.319617235357894
-12.33201734133532
-12.343105942183694
-12.352499336787703
-12.361544207621721
-12.371498156551983
-12.381353969408508
-12.391969085401346
-12.398999920792539
-12.405862938832312
-12.413194380559688
-12.41859399888888
-12.423434911809787
-12.42795972622407
-12.43125532121212
-12.434445539199174
-12.437174688151279
-12.440001417221376
-12.443368913379558
-12.446061694675432
-12.447961515697006
-12.450110869241772
-12.452182235222022
-12.454531703920692
-12.456617347834197
-12.458757683921336
-12.461286110939094
-12.463876596268651
-12.466308643587993
-12.468032405266523
-12.469933358090431
-12.471843394870893
-12.473298478933902
-12.474888979384014
-12.477066915869628
-12.478398321769108
-12.479720429419851
-12.48141590727079
-12.482557409525345
-12.483884229892244
-12.485015221656969
-12.485851608151199
-12.486849838603495
-12.487305420950122
-12.488278131101975
-12.488702912839504
-12.489302687707058
-12.490063505486903
-12.490902196323885
-12.49154354121787
-12.492246324359568
-12.492800754302579
-12.493351378912864
-12.494289417015263
-12.49473332948759
-12.49521031945169
-12.4959999877503
-12.4964356729114
-12.497279485523785
-12.497863522237493
-12.498496755029382
-12.499271280065045
-12.499894735491441
-12.500722585599364
-12.501458197239446
-12.50219329001331
-12.502885170752855
-12.503569252705052
-12.504165337329422
-12.504887905306449
-12.505473345730282
-12.506059185336094
-12.506641356047535
-12.507057211290304
-12.5075661399107
-12.508164220910842
-12.508574783079514
-12.508900712146026
-12.509467174263452
-12.509729695151393
-12.51008855791953
-12.510508979154322
-12.510801838701061
-12.511480016685868
-12.511769817628455
-12.512118850256325
-12.512435556939215
-12.512793218008122
-12.513227483662847
-12.513713513051584
-12.514043919997558
-12.514353486712883
-12.51468179951346
-12.51499259727897
-12.515295686337925
-12.515534924419836
-12.515824965996568
-12.516072290963011
-12.516347305949903
-12.51669143427371
-12.516940136943182
-12.517166248430105
-12.517733928776334
-12.517894490751685
-12.518218924655677
-12.518485756932067
-12.518696446266583
-12.518933411758155
-12.519237979843194
-12.51943625018803
-12.519640392193063
-12.519764699029292
-12.520010458000783
-12.520193201986448
-12.520367105801707
-12.520699609233077
-12.52090020263817
-12.52122991896543
-12.521469790903046
-12.521759850662695
-12.521992387026588
-12.522258516890135
-12.522583197433473
-12.522832487470003
-12.52318073497156
-12.523524574095795
-12.523790227340921
-12.524120084217449
-12.524197765431419
-12.524681967577635
-12.524844094672103
-12.525112246829353
-12.525475388653904
-12.525698541300816
-12.526082847661872
-12.526256096450222
-12.526546818987402
-12.526776161716663
-12.527225513349137
-12.527479359291453
-12.527776491409439
-12.52813498769709
-12.52853074630939
-12.528805784438838
-12.529149485099687
-12.529384101637564
-12.529638205023936
-12.530018694210844
-12.530234055389776
-12.53049926730889
-12.530974271931328
-12.531170837234018
-12.531367659623822
-12.531616055799965
-12.531802004843207
-12.532172111995948
-12.53232774354654
-12.532634130612571
-12.532863103910389
-12.533115887151759
-12.533325425526462
-12.533523388169073
-12.533720244449967
-12.533922818811824
-12.534144024161865
-12.534348909848605
-12.534542692053229
-12.534675514226207
-12.534884105200279
-12.535016164612191
-12.535149027663067
-12.535324151877525
-12.535429239159232
-12.535663474343377
-12.535704408908146
-12.535972627929922
-12.53609001003789
-12.536245344349595
-12.536466854114142
-12.536601413212795
-12.53679842549533
-12.536931529889328
-12.537093605861756
-12.537271888400909
-12.537442140352368
-12.537589752512547
-12.537733027582158
-12.537858301244825
-12.538035545627316
-12.538132638378043
-12.538278927140723
-12.538395661453471
-12.53849561065179
-12.538592490696503
-12.538769667950923
-12.538869789685378
-12.538977466300262
-12.53909127905045
-12.539229834534803
-12.539349161826078
-12.539502457701877
-12.539557276879549
-12.539699335781656
-12.53978627772583
-12.53988315548019
-12.53999881548301
-12.540122131602962
-12.540220176869505
-12.540352758191197
-12.540405263318036
-12.540513083567406
-12.540624038602282
-12.54068825287762
-12.540834211146512
-12.540911856379802
-12.541048892982507
-12.541156505371028
-12.541273891683323
-12.541377316593435
-12.54146155967304
-12.541570222924584
-12.541653050826156
-12.541753048524651
-12.541852294927898
-12.541932483633087
-12.542084793275334
-12.542194181470675
-12.54229098539146
-12.542369441471026
-12.54245402815505
-12.542619420790361
-12.542769356690426
-12.542863101489385
-12.542989860306555
-12.54307737057211
-12.543213779604452
-12.54332208322239
-12.543451369443645
-12.54354628068862
-12.543675895666501
-12.543746791799538
-12.543856617460804
-12.543944207061449
-12.544026630334987
-12.544213170177763
-12.544291963055418
-12.544449283438189
-12.54459387864973
-12.544736821292068
-12.544863239431843
-12.54498624079329
-12.545116784029887
-12.545218354598738
-12.5452932526694
-12.545418705894527
-12.545519618654822
-12.54560600002419
-12.545747984257204
-12.545850757541713
-12.545945940372912
-12.546151963336644
-12.5462469429159
-12.546352463782236
-12.54660464959412
-12.546726248139864
-12.546941026939535
-12.547090461515596
-12.547249009449803
-12.547385273392058
-12.547496494170435
-12.54767135276551
-12.547811362405003
-12.547936665811712
-12.548093666608551
-12.548201439124128
-12.548333633539885
-12.548472875791571
-12.548577183466257
-12.548726213433003
-12.548837283363204
-12.548921103324648
-12.549015254917999
-12.549110771752748
-12.549240749603397
-12.54935373245621
-12.549464718394496
-12.549591096700281
-12.549710450861912
-12.549843060449831
-12.549970936666819
-12.5501188299391
-12.550227843374316
-12.550345235791077
-12.55047061813971
-12.550558955489933
-12.550661534507567
-12.550772084547711
-12.550868188080546
-12.550992025381163
-12.551108657403491
-12.551203038052508
-12.551320914989766
-12.551429713809416
-12.551558278046288
-12.551652370283975
-12.551752439904211
-12.551869382758948
-12.552003797488911
-12.552081699568559
-12.5521901571411
-12.552259777070645
-12.552337217125956
-12.552428649364561
-12.55249564828673
-12.552632738286924
-12.552675896114307
-12.552764540062288
-12.552806153824312
-12.552886360108559
-12.55296632937754
-12.553048738145808
-12.553120274259829
-12.553183650399143
-12.553246292935603
-12.553317682525254
-12.553373023941305
-12.553439228230994
-12.55350311984565
-12.553579196935441
-12.553674994346832
-12.553744690279471
-12.553834181928858
-12.553921231148937
-12.554013376605168
-12.554085897434902
-12.554191519646055
-12.554257684251292
-12.554333014100088
-12.554467929976102
-12.554490584649411
-12.554642458088434
-12.554682734660199
-12.554751618538601
-12.554817930177705
-12.554905284858657
-12.554976588251158
-12.555025889737324
-12.55513041731975
-12.555193612832333
-12.555272201165225
-12.5553642373055
-12.555445755694096
-12.555474815569708
-12.555629734121215
-12.555683074988462
-12.555748174849244
-12.555833747668792
-12.555899772185246
-12.555990975266386
-12.556060527307462
-12.556151756787775
-12.556248020334005
-12.556346463867683
-12.556448397008651
-12.556524065985466
-12.5566360083201
-12.556722014262105
-12.556796287292752
-12.556865847456987
-12.556966763080412
-12.557083264169224
-12.557165127932592
-12.557248147023643
-12.557333014920905
-12.557441364398318
-12.557522037640938
-12.5575821259444
-12.557706850343543
-12.557758841939439
-12.55783592449377
-12.557945223961092
-12.558066219571042
-12.558157955460175
-12.558249328336789
-12.558312831703898
-12.558424153668193
-12.558517626334382
-12.558598927896558
-12.558662645182629
-12.558740678754656
-12.558820658398497
-12.558914097915592
-12.558994097759115
-12.55907230542198
-12.559138570779432
-12.559239888213751
-12.559289615795434
-12.559347108010874
-12.559413224330717
-12.559482363098214
-12.55953691928753
-12.559594743736412
-12.55965871471874
-12.559742203523818
-12.559812199216143
-12.559882535494959
-12.559954000329352
-12.560018928394772
-12.560078339401183
-12.560152324989343
-12.56021705675797
-12.560291745595531
-12.56036348458765
-12.560427070121078
-12.56048557823254
-12.560560521581406
-12.560630535642723
-12.560711720327186
-12.560819142095092
-12.560881248436367
-12.560937975700753
-12.561053942148106
-12.561098185589652
-12.561156360866395
-12.561248991172153
-12.561301027573656
-12.561399125130453
-12.561490595936995
-12.561542735255477
-12.561601733301654
-12.561646545272202
-12.561706875435945
-12.561784721999164
-12.561829257813374
-12.561930449935264
-12.561997620178033
-12.56204758162731
-12.562092527212627
-12.562142606812419
-12.562184566852602
-12.56226125924273
-12.562300928435642
-12.562355379938115
-12.562425652330795
-12.562506866168706
-12.562577015613492
-12.562649674749235
-12.562696980907319
-12.562758444604443
-12.562862218350176
-12.56291978525071
-12.562988799947489
-12.563051471571175
-12.56310667906533
-12.563204478646417
-12.563312505062123
-12.563395728528308
-12.56352360144302
-12.563618633781122
-12.563733662741457
-12.563928926449577
-12.56400396444391
-12.564093737628651
-12.56435860387766
-12.564476033787955
-12.56460122631312
-12.564817573518374
-12.564926081807473
-12.565079343510764
-12.565221446390426
-12.565361927808972
-12.565477347077534
-12.565643467261815
-12.56575265862129
-12.56596694857098
-12.566098593241257
-12.56622350759832
-12.566302901842391
-12.566492858390607
-12.566573677165355
-12.566675234905894
-12.566841781202406
-12.566946449367471
-12.567150656694086
-12.567246076955762
-12.567394316901229
-12.56754975248753
-12.567753644077632
-12.567860065701147
-12.567994535585555
-12.568110430528625
