500 iters for seed 95 on 3R0.3 which is in the 95.02792358398438 percentile
 Maxcut: 21.0, MedianCut: 12.0
-12.004524308257082
-12.016365470049074
-12.024025303515476
-12.039827093743485
-12.055028944126914
-12.160581429023972
-12.206282035074489
-12.230930218660653
-12.253567573084656
-12.279717554770123
-12.290444977603016
-12.30529320924959
-12.327245645315184
-12.339968876731001
-12.356618688244378
-12.36760280109534
-12.379071349429461
-12.386423956885377
-12.394835025321406
-12.40188188534928
-12.408415798751646
-12.412160862926726
-12.417308386304375
-12.422410439126274
-12.426900052650357
-12.431598231034549
-12.435636374268912
-12.439694348725894
-12.443813976134102
-12.44712119015482
-12.44975464724479
-12.452821141447323
-12.45521306830043
-12.457678350640029
-12.45968741436337
-12.461979116112902
-12.464314601130383
-12.466692281991183
-12.468798329224594
-12.470685186634565
-12.472962833271529
-12.475217407007147
-12.477111236818118
-12.479311883375056
-12.480537749760941
-12.482195381973254
-12.483286922281577
-12.484764426307423
-12.486312414390179
-12.488036342189778
-12.489143650905568
-12.49087077043049
-12.491585398299152
-12.493404680389213
-12.494243152012514
-12.495281464281225
-12.49632374730761
-12.497313022779995
-12.49783253627722
-12.498484220196547
-12.498989362806864
-12.499515565962838
-12.50018950354427
-12.50063494501801
-12.501178470201252
-12.501740254734562
-12.502344456537063
-12.502810425818053
-12.503569090502808
-12.504005773454422
-12.504658913706026
-12.50531824461155
-12.505902610571212
-12.50655741806848
-12.507391280382024
-12.508205906538002
-12.509070829028392
-12.509685999731184
-12.510607962175234
-12.51116817042307
-12.512064856232296
-12.512683490761672
-12.51338809555146
-12.513869000412612
-12.514586528584921
-12.515241123317598
-12.515886261994675
-12.5164138314971
-12.516925412811826
-12.517540435461171
-12.517957221159497
-12.518272494420769
-12.518950696138221
-12.519288089486437
-12.519670116000656
-12.520185419466024
-12.520451278024069
-12.520782540599496
-12.52126215426145
-12.521458829138151
-12.521849392637527
-12.522234883300493
-12.52273463619297
-12.523112923044643
-12.52348877472974
-12.523849859755753
-12.524290291970615
-12.524719239835317
-12.525067285472373
-12.52541032605322
-12.5259275385812
-12.526183973453872
-12.52652211343161
-12.52682530851645
-12.527226456979268
-12.527544352374388
-12.527849201330463
-12.528240681571635
-12.528684429981773
-12.529040315479055
-12.529365874287022
-12.52964366310618
-12.529896239778232
-12.530265459751577
-12.530591657805303
-12.530928507510177
-12.531124781655562
-12.531350405726062
-12.531641675835946
-12.53199694118397
-12.532335727119452
-12.532602021485806
-12.532813083711677
-12.533290570712863
-12.53364351305137
-12.533888302548387
-12.534197390232926
-12.534506942740661
-12.534914030460998
-12.535267487378354
-12.535668089283654
-12.536105141016293
-12.536533684315794
-12.536928965845219
-12.537224447728548
-12.537514578274864
-12.537876494041875
-12.538223207149498
-12.538662957872562
-12.538975665610574
-12.539332701322413
-12.539777971943547
-12.540091406854373
-12.540436660372013
-12.540956026412372
-12.541217474896804
-12.54153028187267
-12.541996688181502
-12.542268727746492
-12.542720787582102
-12.542957211209192
-12.54337455803478
-12.543652505879992
-12.543975259446153
-12.544494057976237
-12.544805467092576
-12.545167082853807
-12.54539879250268
-12.545652317762295
-12.545754362044475
-12.546241659031383
-12.546392971368508
-12.546609167998128
-12.54684361545557
-12.547131263370519
-12.547393663083687
-12.54764323482854
-12.54788038241642
-12.54814970821306
-12.54845461465396
-12.54871566340028
-12.548948147624973
-12.549451059420837
-12.549667500389322
-12.54990694607311
-12.550161326658559
-12.550449990954364
-12.550643360007511
-12.55086295417853
-12.551050260052032
-12.55123754456361
-12.551548758141632
-12.551702855707513
-12.551890529173367
-12.552162326015678
-12.552353769926324
-12.552477949620547
-12.552771787095821
-12.552970199988266
-12.553200316921227
-12.553442794718977
-12.553683348289075
-12.553926680404459
-12.554120035714329
-12.554387339889063
-12.554578747240395
-12.554773374198422
-12.554966560804687
-12.555177547414981
-12.555381149092117
-12.555577809869058
-12.55573238799425
-12.555946039436702
-12.556092924818094
-12.556243259273062
-12.556446475240437
-12.556585087695872
-12.556767501312583
-12.55710535865963
-12.557214094484575
-12.557405219990637
-12.557577456747298
-12.5577762507647
-12.557998256980486
-12.558174373576353
-12.558414015976258
-12.558661534605438
-12.558889942036537
-12.559126033909239
-12.559373794524411
-12.55960807225063
-12.559903861088804
-12.560115759725294
-12.560280773367886
-12.560574184946217
-12.560745289015838
-12.560944486849895
-12.561267631691043
-12.561394682008357
-12.561542918093188
-12.56176342436927
-12.561855305572562
-12.561972171345074
-12.56215849159902
-12.56229079978381
-12.562382710773091
-12.562568351127934
-12.562631712813019
-12.562734780639673
-12.562849922387176
-12.562930681983786
-12.563066878266397
-12.563163885318547
-12.563262113089491
-12.563354900155424
-12.563454292069093
-12.563546083770623
-12.56367131038568
-12.563727481814977
-12.56382374874332
-12.56387434988088
-12.564000396352741
-12.56406847298076
-12.564143393542624
-12.564259575165853
-12.564309264195732
-12.564441346857151
-12.564493388755535
-12.564583515175489
-12.564648022317034
-12.564765204930083
-12.564818758675308
-12.5648775956247
-12.564955108731649
-12.565041689899518
-12.565110174244532
-12.565198188440522
-12.56525839218174
-12.565326761209665
-12.565437214105476
-12.565487508216046
-12.565550948138346
-12.565635427892559
-12.565695945449546
-12.565821882974504
-12.565875432975444
-12.565960490413808
-12.566007190372876
-12.566078482611847
-12.56615658875285
-12.56624567187681
-12.566294443427484
-12.56636468703531
-12.566417836467693
-12.566485471861427
-12.566552460157611
-12.566600251276844
-12.566650269968942
-12.56673029948566
-12.56677723709879
-12.566835170833969
-12.566901160780901
-12.566974124212361
-12.567015728651008
-12.567072161427177
-12.567120895487086
-12.567180742628382
-12.567246990628345
-12.567284183232236
-12.567353362439654
-12.567420931860825
-12.56748113782873
-12.567526030620547
-12.567565620663164
-12.567622334525582
-12.567674243595382
-12.567717099094166
-12.567768255596295
-12.567807394943651
-12.567853610917776
-12.567911424896714
-12.56794861872891
-12.568006590527077
-12.568057871021319
-12.568108930640966
-12.568154021751777
-12.568195934321079
-12.568234726519602
-12.568272774580262
-12.56831343593604
-12.568358347476988
-12.568393076879993
-12.568424089512412
-12.56845626674587
-12.568502520588435
-12.568535287925746
-12.56857096308789
-12.568605186621078
-12.568644256262134
-12.568688525419304
-12.56872875631108
-12.568754781665282
-12.568798454634479
-12.568826604329615
-12.568850165847033
-12.568884519778674
-12.568908462569368
-12.568953329102309
-12.568983613168056
-12.569031972269649
-12.569065230684636
-12.56910128852541
-12.56913810247406
-12.569176822757628
-12.56921762641851
-12.56925427113443
-12.569293342894532
-12.56933121466878
-12.569370910616165
-12.569403861873658
-12.569438323278108
-12.569488635095428
-12.569523021485743
-12.569564407408068
-12.569603252000176
-12.569643277920452
-12.569675310101298
-12.569732145425215
-12.569763862586269
-12.569801751186812
-12.569837278281732
-12.569865657338536
-12.56989079346964
-12.569918675260105
-12.569942614732298
-12.569965004688644
-12.569989302875937
-12.570025406523822
-12.570045966984512
-12.570070727876866
-12.570094457044275
-12.570121229479263
-12.570138368418839
-12.570159583599079
-12.57018205278615
-12.57020686584307
-12.570235148104874
-12.570255549743743
-12.57026827329738
-12.570294222649895
-12.570306281980223
-12.570320750559505
-12.57034097272323
-12.57035315734488
-12.570370205238826
-12.57039199934322
-12.570410005443238
-12.570426783812723
-12.570443247056113
-12.57046129378978
-12.570479778817587
-12.570495261509539
-12.570508260137224
-12.570523972249326
-12.570540466008616
-12.570561271136835
-12.570572665253753
-12.570586498711213
-12.570594645912127
-12.570615839809214
-12.570626015816337
-12.570636929400637
-12.570653670803532
-12.570669894838359
-12.570683343711604
-12.570698581602558
-12.57071209469464
-12.57072794001928
-12.570742460279682
-12.570752003811567
-12.57076558535924
-12.5707718745624
-12.570791909084145
-12.570799497467279
-12.570808971044766
-12.570822584941354
-12.57083747272388
-12.57084949727058
-12.570863862391791
-12.570874599963552
-12.570888469099096
-12.570903932347539
-12.570917468075832
-12.570927747397317
-12.570948319823321
-12.570953264656888
-12.570972704882735
-12.570983377137516
-12.570996924233638
-12.571013871520169
-12.571022110637148
-12.571038923321625
-12.571051519327714
-12.571064584574259
-12.571072231328756
-12.57108189286377
-12.571095263050571
-12.57110464934568
-12.571122214591231
-12.57113654226046
-12.571146800017335
-12.571158787412788
-12.571170310694248
-12.571179476185657
-12.571194687685825
-12.571199867440782
-12.571208040522041
-12.57121796496269
-12.571228796876747
-12.571237384614221
-12.57124514241571
-12.57125292608023
-12.571260721262203
-12.571269243235827
-12.57127581703876
-12.571285510845403
-12.571293402589616
-12.571302099114963
-12.571309483682608
-12.57131786175524
-12.571323541869692
-12.57133301577113
-12.571339720234969
-12.571346620424503
-12.571356330669685
-12.571365206792713
-12.571370383684387
-12.571376896326623
-12.571382606178112
-12.57139066012629
-12.571396511143957
-12.57140223486126
-12.571405979289219
-12.571413416861262
-12.571416950305636
-12.57142379703685
-12.571428207679908
-12.571432590348937
-12.57144071705064
-12.571452009070804
-12.571463827589383
-12.57147020302737
-12.571476467987388
-12.571482509693196
-12.571491810573548
-12.571498519675943
-12.571511828749827
-12.571516086908186
-12.571528151393668
-12.571532638782974
