500 iters for seed 77 on 3R0.3 which is in the 94.69985961914062 percentile
 Maxcut: 21.0, MedianCut: 12.0
-12.006229280456983
-12.073131157452284
-12.161974485710243
-12.241750530102086
-12.281861150947924
-12.324843836687734
-12.362496961435717
-12.397285061175454
-12.426119773369207
-12.451557548295183
-12.475839204807965
-12.495273461864404
-12.512491769431215
-12.529918136936956
-12.542058447418372
-12.550639863469858
-12.55860142497947
-12.566153559329909
-12.572849493841545
-12.580484851324389
-12.589467124876066
-12.59631485467871
-12.603455239590192
-12.609648363968617
-12.616051856762803
-12.621069189828681
-12.625455296401798
-12.629222792780627
-12.633235186174723
-12.636448761096155
-12.639803389155468
-12.642435735253427
-12.645292533974677
-12.647794340883674
-12.650005380530287
-12.651901248500137
-12.654295891744036
-12.656395497868573
-12.658381518553833
-12.659986681292924
-12.662159620803056
-12.66414660655143
-12.66703498780643
-12.66850733335068
-12.67063538377617
-12.671426007532466
-12.674239269963506
-12.67559851420138
-12.677318061467727
-12.67992786130347
-12.681630258048372
-12.68375102075931
-12.685287983523306
-12.686902901064308
-12.68842905222115
-12.689713703463672
-12.691328320011307
-12.692699691666537
-12.694347776812899
-12.69599071462671
-12.69778100494431
-12.698679197218977
-12.700023524428717
-12.700525460751376
-12.702042690513927
-12.702824585094856
-12.703615432697461
-12.704941747941938
-12.705691297801767
-12.706993081889461
-12.707870484523163
-12.708765111518124
-12.709359358798412
-12.710037011652197
-12.711029334445037
-12.711672880388962
-12.7121926223441
-12.713613559186104
-12.714098854931217
-12.714951803468887
-12.715955860262113
-12.71702785559777
-12.71773181814859
-12.718441522728607
-12.719019088263718
-12.719761513480949
-12.720518323768378
-12.721238038279369
-12.721709183878126
-12.722462121856644
-12.722754753889946
-12.723265727730773
-12.723687588449888
-12.7240653105698
-12.72481461632341
-12.725238454344119
-12.725939858083002
-12.726547501996167
-12.727274706994493
-12.727830887419513
-12.728491547352565
-12.729230782310829
-12.729772770598343
-12.730395517327166
-12.73130163874354
-12.731830810838384
-12.732675562500782
-12.733628982117889
-12.734570353579091
-12.73542228499256
-12.736253355032325
-12.736912009052855
-12.737752482802813
-12.738402923418423
-12.73901187636124
-12.739355019577024
-12.74029949795423
-12.74058939383876
-12.741084002287096
-12.741494307601439
-12.7421168133866
-12.74248805833331
-12.742893007374745
-12.743079983807892
-12.743678145072314
-12.744018513456943
-12.744388973656879
-12.744990635948017
-12.745189919055239
-12.746244557559034
-12.746519464370474
-12.746894423773686
-12.747344255941737
-12.747801097495499
-12.748156598666352
-12.748465702732414
-12.748812846839478
-12.749274079552595
-12.74964871670975
-12.749974640737268
-12.750306259016225
-12.750748361658552
-12.75108562435785
-12.75139530336077
-12.75167465111436
-12.752016315529213
-12.752324252508421
-12.752579599853384
-12.752842527706328
-12.753090800170462
-12.753352886584647
-12.753632584660885
-12.753902028130238
-12.75422986984283
-12.754456038916775
-12.754659302790667
-12.75489529037069
-12.755191258344947
-12.755512236622746
-12.755783859366526
-12.756124497125002
-12.756422230163794
-12.756777746296324
-12.757177106217918
-12.757499492817965
-12.757752145710567
-12.75809016408965
-12.758362638542314
-12.758619471171066
-12.758937785662942
-12.75913498964759
-12.759298181112612
-12.759618720980116
-12.759758691496987
-12.759966115463444
-12.760302688466094
-12.760487169530007
-12.760844665384107
-12.761102172889581
-12.761299887288938
-12.761448407834486
-12.761649179515306
-12.76191216712838
-12.762137651559772
-12.762339707084482
-12.76251453777661
-12.762699002220488
-12.762875903170388
-12.763028393028565
-12.763185432604356
-12.763354875436198
-12.763542796860207
-12.763702753170335
-12.763868777247442
-12.764042548241862
-12.764192210760255
-12.76437679265622
-12.764561390025412
-12.764783406433587
-12.764956396677187
-12.765088592659886
-12.765200412535549
-12.76537477040789
-12.765503752168563
-12.765610944883791
-12.765794041077777
-12.765888920410713
-12.76600018979755
-12.766182496263495
-12.766248662580145
-12.766338481652937
-12.766513951197899
-12.766609949338715
-12.766845182844062
-12.76699907755266
-12.76713616264347
-12.767228675029232
-12.767358811029421
-12.767554019108815
-12.767744294893255
-12.767916214731029
-12.768169679889288
-12.768343500759253
-12.76853621164473
-12.768739441614075
-12.768894671002741
-12.768990201445664
-12.76926165064867
-12.769380952101145
-12.769560315171452
-12.769762779139516
-12.769908485015298
-12.770124079720844
-12.770390389708357
-12.770550684407565
-12.770774187838875
-12.770952548185083
-12.771208923513148
-12.771456393910917
-12.771648164960947
-12.771856443096329
-12.772066134349448
-12.77233556166749
-12.772532646983432
-12.772702202440007
-12.773023701111974
-12.773126384721806
-12.773281259888416
-12.773485563869162
-12.773627791677127
-12.773897600568914
-12.77412677363002
-12.774296323769022
-12.77441835681157
-12.774595683503732
-12.774823787052066
-12.775034714246717
-12.775198740060521
-12.775387277723265
-12.77550478713718
-12.775809060865335
-12.775937460257651
-12.776122740289745
-12.776416285669306
-12.776575334765226
-12.77686054311317
-12.777042895286822
-12.777224014734497
-12.777375251741477
-12.777553161342716
-12.777667950122554
-12.777822767340195
-12.778014269880517
-12.77817414996646
-12.778311538258153
-12.77848433996646
-12.778604547822136
-12.778747124049183
-12.778922558725647
-12.779013359234742
-12.779110084579694
-12.779303386385072
-12.77939608779384
-12.779512696035603
-12.77966339945503
-12.779772575006202
-12.779842808383524
-12.780002152739542
-12.780084215601367
-12.780177046835849
-12.780299071686002
-12.780377494023515
-12.780428394758626
-12.780560021580069
-12.78060529555418
-12.780687267511958
-12.780770275670626
-12.780877204051245
-12.780946213277158
-12.781038028923618
-12.781113288920746
-12.781226461312727
-12.781367564931635
-12.781478650406731
-12.781616113796716
-12.781791750683725
-12.781879600969694
-12.782003382280655
-12.782068857953677
-12.782193502728452
-12.782283267718528
-12.782350351133859
-12.782481508313898
-12.78256571905872
-12.782693211417097
-12.78278607703474
-12.782882539905998
-12.782980794562997
-12.78306875537776
-12.783151422014981
-12.7832370891616
-12.783304376563148
-12.783416018128646
-12.783478988272721
-12.78355707410801
-12.783683456158602
-12.783755782757172
-12.783843899274299
-12.783946980339433
-12.784001516594772
-12.784086105035916
-12.784136177020493
-12.784220678874364
-12.784318928617944
-12.784422835995521
-12.784490531492029
-12.784564924693786
-12.78463084840954
-12.784720079156282
-12.78480365724564
-12.784865314802515
-12.784910371921898
-12.784975929220028
-12.785031027223475
-12.785085148228463
-12.785175881055006
-12.78521012555407
-12.785261984146903
-12.785313572051093
-12.78537216978966
-12.785419431764739
-12.785456289221695
-12.78549319183851
-12.78553844676157
-12.785578778039149
-12.78560062604656
-12.78565621283153
-12.785691822672135
-12.785734667301538
-12.78579599680857
-12.78583405958296
-12.78590252956344
-12.78594028644475
-12.785984488633467
-12.78601819044709
-12.78604967836829
-12.786090482392302
-12.786118707083762
-12.786158326161512
-12.786193331756142
-12.786225484073139
-12.78625239457749
-12.786296548920104
-12.786332021842602
-12.786362156267884
-12.786398456566774
-12.786431311102806
-12.786476209340556
-12.78651354961507
-12.786548718987955
-12.786595565373744
-12.78662723220253
-12.786673692071519
-12.786700392247422
-12.786740714089678
-12.786768885829158
-12.78682683508275
-12.786851353835761
-12.786881097736199
-12.78692809883103
-12.786948375473857
-12.787005234382342
-12.78702834460658
-12.787069856836219
-12.78710187591734
-12.787147326125343
-12.787172125544132
-12.787200168521721
-12.787233066170517
-12.787272579133548
-12.78731679760735
-12.787355380181848
-12.787409434451865
-12.787461235069582
-12.787515079096828
-12.787567023492286
-12.787587930175857
-12.78766402894057
-12.787692534532612
-12.787729299032112
-12.787790670839938
-12.787803000711012
-12.7878743585157
-12.787894578759218
-12.787937007732985
-12.787987841119751
-12.788040980811562
-12.788101754941069
-12.788138998694498
-12.788184179293683
-12.78824591753101
-12.78829584148231
-12.788350324936516
-12.788407164459752
-12.788447055882822
-12.788494599549093
-12.788545296311025
-12.788594098079626
-12.788643287604142
-12.788688425014984
-12.788772425459221
-12.788842129038958
-12.78891091644086
-12.78897393862779
-12.789030387875226
-12.789086016195709
-12.789148680190861
-12.789205542952086
-12.789257174601179
-12.789343309655646
-12.789386294653678
-12.789430725406646
-12.789510512571518
-12.78956456960731
-12.789637104009413
-12.78974899121176
-12.789836812976997
-12.789895722738867
-12.790000315493158
-12.79008670656033
-12.79020248517225
-12.790286239778656
-12.790360181650385
-12.790432891017186
-12.79048945788027
-12.790548223126699
-12.790609125072042
-12.790660029585979
-12.79073589640078
-12.790800540439724
-12.79085237449196
-12.790937790528272
-12.790963109939206
-12.791076112833846
-12.791123738698529
-12.79118137639383
-12.791260498214235
-12.791307468389038
-12.791413522971398
-12.79150258312224
-12.79159025360935
-12.791624579082736
-12.791686391019283
-12.791729982639373
-12.791776867608778
-12.791846140601914
-12.791882825863885
-12.791947885892744
-12.791979992920616
-12.792034522119499
-12.792044482077882
-12.792136281488357
-12.792166885538517
-12.792210158415722
-12.792264395317604
-12.792329961268429
-12.792386305713942
-12.792458451977982
-12.792510560897094
-12.79256992820988
-12.792640907782008
-12.792683977974644
-12.792725580106554
-12.792799352658829
-12.792858561176697
-12.792898705037214
-12.792984061838387
-12.793023574533416
-12.793075238076458
-12.79316172155661
