500 iters for seed 49 on 3R0.3 which is in the 95.34225463867188 percentile
 Maxcut: 20.0, MedianCut: 12.0
-11.981120935006977
-12.05372366609118
-12.094926944186799
-12.127089019141387
-12.157617922577128
-12.179805591516137
-12.200819795544982
-12.215730101701245
-12.228160067066517
-12.240328567126648
-12.254067715507208
-12.264262162628533
-12.2740824393726
-12.281330384166772
-12.288143108305258
-12.29515420452832
-12.301575337731993
-12.306685264459675
-12.312155330740504
-12.317844760092267
-12.321379732680075
-12.32747075800156
-12.330680401720645
-12.33405880983907
-12.336678374965972
-12.340367197310295
-12.342631287691376
-12.345783357124747
-12.347842383698755
-12.352066951469254
-12.35442071581496
-12.356820629341886
-12.358710243344342
-12.361277196704547
-12.36286545961973
-12.364384423818585
-12.366153633254102
-12.368324252004573
-12.369847608504486
-12.371834210824698
-12.374433168525808
-12.377237518512807
-12.379913294771006
-12.382974827347294
-12.385101608910137
-12.387410435948704
-12.389982667960979
-12.391422429350111
-12.393139420939981
-12.395376345197247
-12.396822258320778
-12.398112486915633
-12.400425577877689
-12.401791248420253
-12.403621302333148
-12.405281228432127
-12.406771034355145
-12.408565810395523
-12.410212368992443
-12.41200222286186
-12.413437496980265
-12.414779615038839
-12.416117201657247
-12.417425448364636
-12.4187498026807
-12.419844379859473
-12.4208916117726
-12.42244044408995
-12.423063171272787
-12.42405433361384
-12.424839169308752
-12.42568333089955
-12.426600530084176
-12.427722166708499
-12.428513654051857
-12.429513275883915
-12.430140677855757
-12.43103115828204
-12.43176365960466
-12.432444582712323
-12.433555181087439
-12.434502945539517
-12.435221415902065
-12.436009073537209
-12.436762761784856
-12.43772690678815
-12.438447418032075
-12.4390564159626
-12.43982552509601
-12.440463234374613
-12.441238697634809
-12.441851412185688
-12.442400873997949
-12.44287177487483
-12.443746220576893
-12.444154473136226
-12.44464606677393
-12.445166037013617
-12.445860387960492
-12.44628206818761
-12.446723281972558
-12.447269635738722
-12.447854309264331
-12.448337004632084
-12.44887492758279
-12.449282862930701
-12.449915243957566
-12.450585829306739
-12.451232581987066
-12.451647728432205
-12.452268818096606
-12.452800193600352
-12.453353465146307
-12.453925548661122
-12.454343956714078
-12.454925572801383
-12.4556265268348
-12.456178945434939
-12.456627628212821
-12.457145712257597
-12.457623364827025
-12.458254299914003
-12.458821192175078
-12.459349256372954
-12.459883999223027
-12.460553083746447
-12.46114864036415
-12.461541856461217
-12.462034088933573
-12.462332277634133
-12.46277618259593
-12.463251544478927
-12.46355808920848
-12.463901958191085
-12.464507836847346
-12.46468939830059
-12.465046318798915
-12.46533840111767
-12.465743947184716
-12.466083789669067
-12.46636119478081
-12.466888566915632
-12.467376092078803
-12.467790851673362
-12.468224433331475
-12.468537486040423
-12.468945648939453
-12.469394772495084
-12.469714851384749
-12.469979906703891
-12.470391748557285
-12.470635504294926
-12.470937303068743
-12.471379219661271
-12.471628468706207
-12.47187376845303
-12.472314296486438
-12.472529945812944
-12.472768211184707
-12.473044007734714
-12.473191538877554
-12.473409809352013
-12.473543325453317
-12.473784841948
-12.473904165689785
-12.474079910798299
-12.474261010236448
-12.474498138864933
-12.474663184015643
-12.47482650835332
-12.474996737449835
-12.475211270354686
-12.47546352568996
-12.475675423503374
-12.475900920893874
-12.476156367832841
-12.47637369609843
-12.476584220498339
-12.476733871126026
-12.477036327145925
-12.477179437511417
-12.47736660987621
-12.477607841225073
-12.477849531016473
-12.47799880562284
-12.478194403084785
-12.478338330799806
-12.478479019470734
-12.478733164458095
-12.478847465375491
-12.47899917217803
-12.479217684636122
-12.479424538589809
-12.479524218012035
-12.479766039328624
-12.479826690864328
-12.480000327400438
-12.480119489346784
-12.480274429615022
-12.480487446296621
-12.480603726868555
-12.48083128835951
-12.480999537778315
-12.481172394578739
-12.481323596161424
-12.481481229172113
-12.481683394494265
-12.481879323830338
-12.482063546085802
-12.482331561156236
-12.482524746100303
-12.48269625568523
-12.482953931605088
-12.48310044617985
-12.483316717294326
-12.483467194003431
-12.483644341393111
-12.483757421273918
-12.483938559802402
-12.483986539892275
-12.484219803317824
-12.484334272702954
-12.484473519787644
-12.484648358719017
-12.484765568802164
-12.48488399859465
-12.484976946729988
-12.485085519970864
-12.485173227251357
-12.485261277240852
-12.485338731418546
-12.485410016364549
-12.4854828487323
-12.485630438644632
-12.485684224632106
-12.485758430282761
-12.48584550172232
-12.485949198081714
-12.486050952451997
-12.486176681859385
-12.486263018452954
-12.486394091693612
-12.486495072054803
-12.4865930283328
-12.486672013579753
-12.486783536631634
-12.486875877917893
-12.486943262848804
-12.48706165933017
-12.487132407882772
-12.487214532942772
-12.487350555669918
-12.487440300115413
-12.487618210043834
-12.487690636705768
-12.487854230579497
-12.487948536603987
-12.488063265039429
-12.488251550015097
-12.488373915709632
-12.488524908402255
-12.488647459019218
-12.488750225311131
-12.488868470300876
-12.488989794843997
-12.489123584041545
-12.489215855350709
-12.48934919274971
-12.489482771240489
-12.489609462047406
-12.489696662345438
-12.489843928247328
-12.489938200235889
-12.49004391289244
-12.490165154314385
-12.490247028650439
-12.490378328006665
-12.490499135641965
-12.490610384957183
-12.490711970352969
-12.490809752956968
-12.49089560879116
-12.490967460397153
-12.491054795622322
-12.491139344365855
-12.491246412425093
-12.491338620691323
-12.491418634102422
-12.49147505325594
-12.491573764809928
-12.49162565200183
-12.491695759272393
-12.491764875592452
-12.491860016500137
-12.491914721067731
-12.49197750049627
-12.492055619996531
-12.492131985485864
-12.492192154571246
-12.492246013715752
-12.492293508622005
-12.492377398681764
-12.492442445018874
-12.492516809642831
-12.492594448409287
-12.492666418415427
-12.492752132393047
-12.492826999253364
-12.492903916790102
-12.49297059642037
-12.493044751293338
-12.493108658715906
-12.49316840911953
-12.493224642562177
-12.493276702367988
-12.493333874556892
-12.493394772668124
-12.493460027362536
-12.493510472304981
-12.493552637855599
-12.493601987690647
-12.493648945192515
-12.493703808250338
-12.493753658361003
-12.493795437755045
-12.493849835050447
-12.49390723044809
-12.493967031112174
-12.494019962470682
-12.494069629289642
-12.494112202705427
-12.49415776127753
-12.494197226802658
-12.494258138245653
-12.494286383509573
-12.494320053618118
-12.494367880059016
-12.494398941383603
-12.49443453435134
-12.494471056079826
-12.494500404329905
-12.494529211672896
-12.494560741745994
-12.494598613913258
-12.494631603310442
-12.49466127790278
-12.49469725121259
-12.494722559383506
-12.494752080267645
-12.494795502472902
-12.494818979082575
-12.494839461027158
-12.494880654653077
-12.494902555575258
-12.494938826768806
-12.49497553019334
-12.495016373584889
-12.495036374210487
-12.49507055812498
-12.495100125206356
-12.495128758457648
-12.495165813378968
-12.495193899396078
-12.495234047120567
-12.495275336922397
-12.495298229812885
-12.495340628197468
-12.495354262413226
-12.495404058794128
-12.495424675970034
-12.495445386287102
-12.495477241892651
-12.49549982009975
-12.495530052773274
-12.495556204008139
-12.495588337837122
-12.495601483164949
-12.495635959291603
-12.495653289260684
-12.495671730040254
-12.49570607060021
-12.495722726210754
-12.495756474161547
-12.49578130793196
-12.495810206264023
-12.495829643454874
-12.49585295486238
-12.4958775435527
-12.495894698865088
-12.495919116211827
-12.495947047357879
-12.49596604175609
-12.495993552642977
-12.49600878894149
-12.496033550789647
-12.49605744528004
-12.496074445137879
-12.496111362389607
-12.496133009287714
-12.49615339399741
-12.496175894451584
-12.496201386236113
-12.49622996630285
-12.496255865330104
-12.496280328113063
-12.496295331838423
-12.496316213764642
-12.496340137508868
-12.496365309315077
-12.496378361760245
-12.496409778017885
-12.496423301101835
-12.496449158629522
-12.496468476279013
-12.496487945683954
-12.496519801981146
-12.496540771827004
-12.496563758791858
-12.496582333927718
-12.49660263123553
-12.496625102671947
-12.496645765072483
-12.496667807428633
-12.496687093071605
-12.496703705111788
-12.496728220901357
-12.496745541126106
-12.496758705588125
-12.496792512195146
-12.496801866264393
-12.496818964806813
-12.496837392278689
-12.496852841301985
-12.496880519817907
-12.496894303946354
-12.496919142275104
-12.49693955604786
-12.496962343831981
-12.4969806325422
-12.496993958384762
-12.497014863070826
-12.497030839379306
-12.497043883541743
-12.497069592600546
-12.497076318903298
-12.497094573802336
-12.497106540877814
-12.497120564170338
-12.497141189727593
-12.49714915811083
-12.49718855728386
-12.497203000188968
-12.497223038870256
-12.497242235649859
-12.497266007481795
-12.497288067135392
-12.497303374832974
-12.497319495922012
-12.497343345235892
-12.49735467728536
-12.497383276226543
-12.497395741730964
-12.497414799213063
-12.497427524377782
-12.497450200002708
-12.497467482679891
-12.497484783714668
-12.497513381776976
-12.497530893315176
-12.497552091267382
-12.497569297710932
-12.497588191948374
-12.497608188094144
-12.497627771742739
-12.497647036334302
-12.497664001901597
-12.497683586488826
-12.497711757403751
-12.497730986770978
-12.497754653675457
-12.497777439806914
-12.497797645459663
-12.49781645580871
-12.49785498360598
-12.497872221028654
-12.497892050054066
-12.497915696707079
-12.497943661041019
-12.497966313135269
-12.49798919492471
-12.498007591495332
-12.498024455358314
-12.498052353318153
-12.498063268369293
-12.498089548646677
-12.49810813759808
-12.498125744377852
-12.498156090571321
-12.498178835199383
-12.498214900498414
