500 iters for seed 4 on 3R0.3 which is in the 78.79714965820312 percentile
 Maxcut: 22.0, MedianCut: 12.0
-12.012952712501118
-12.069918568358403
-12.213257624327795
-12.262782932540452
-12.311655995860226
-12.354112174602026
-12.389609113061036
-12.419206538169673
-12.446262758423718
-12.468172653473333
-12.486530311313588
-12.503688936797765
-12.519141813367737
-12.53126477425026
-12.541028149494197
-12.551480822193287
-12.559013221863939
-12.568660714629349
-12.5775490526153
-12.584580986534084
-12.591517309124452
-12.601290996771608
-12.607563570391337
-12.614729860470394
-12.620736138222536
-12.625447843296808
-12.631569761561618
-12.63672220532812
-12.639526002415403
-12.642765597335403
-12.645004240435256
-12.647869386641347
-12.64995168737475
-12.652704927300054
-12.655431910888797
-12.659104987787227
-12.661895920266824
-12.665089592691922
-12.666435393629184
-12.66945207026195
-12.671112965394684
-12.672939788109085
-12.675408544950574
-12.678172649788593
-12.680313918579126
-12.682835249362986
-12.684787170576925
-12.686433418638138
-12.68918374570581
-12.690749630823946
-12.692396683214152
-12.694206859523469
-12.695435953555148
-12.697346818713765
-12.698925781533655
-12.700154535416956
-12.70192131544086
-12.703266816528647
-12.704737459646788
-12.705926719733682
-12.706932380395646
-12.708187269538021
-12.709231348685211
-12.710122216886639
-12.71140448263873
-12.712383833786301
-12.713799556799563
-12.714595183655875
-12.71560222473978
-12.716410102137365
-12.717405011034947
-12.717975691927291
-12.718670888121764
-12.719379609730098
-12.720237430168943
-12.721037460376216
-12.721770683071357
-12.72271357515427
-12.72363688937951
-12.724587583180156
-12.725406898203701
-12.72647910675582
-12.727722421031634
-12.728953944380631
-12.730102045633117
-12.731331339896439
-12.7325894988064
-12.733909741704537
-12.735382866067523
-12.736917811144265
-12.738148835612337
-12.739367814504778
-12.741301572028593
-12.74264649573233
-12.744144867332928
-12.745587487547438
-12.746480568121873
-12.747671218332565
-12.748694909282914
-12.74952503580139
-12.75012028924489
-12.751019338352334
-12.751715993175692
-12.752164008326197
-12.752961116545608
-12.753522089113577
-12.754247132908326
-12.755188026877521
-12.75589976974468
-12.756567965360187
-12.757495290278703
-12.758092770903161
-12.758811081058369
-12.759784484387776
-12.76033450732878
-12.761175829984795
-12.761851133133582
-12.762527732430794
-12.763192493981643
-12.763785839911442
-12.764390514967438
-12.765005090773759
-12.765445095563864
-12.765916640223672
-12.766630503563288
-12.767163090903091
-12.767836294683885
-12.76845910079671
-12.768946689854598
-12.769358983237328
-12.770042253793994
-12.770328574049513
-12.770775242122367
-12.771166337351758
-12.77154113800339
-12.772164388928209
-12.77248141529216
-12.772931558247018
-12.773179090484852
-12.773509895283397
-12.773784243569802
-12.774282844951843
-12.774546893076018
-12.774853928485655
-12.775314754618677
-12.775728712938188
-12.77620108395703
-12.776616100991959
-12.776944498183648
-12.777083130740541
-12.777846282098778
-12.778038094972095
-12.778374052440084
-12.778769897955165
-12.779089282962833
-12.779411578426233
-12.779725417532225
-12.780021588625797
-12.780431006288984
-12.780782783297912
-12.781030820617186
-12.781343131875078
-12.781606594569533
-12.781941289302662
-12.782186352865818
-12.782406456270294
-12.782660661736887
-12.78308705177038
-12.783319547031091
-12.78363413794853
-12.784087149498692
-12.784339319956521
-12.784735508484074
-12.78499451619253
-12.785330504965142
-12.785579439162715
-12.785851560115724
-12.786124107433512
-12.786304916991053
-12.786531692418688
-12.78686235920352
-12.787014887236644
-12.787236306549865
-12.787454639376222
-12.787726527444915
-12.787886537569104
-12.788050598202172
-12.788256048835269
-12.788490095230998
-12.788667802929428
-12.788868398107438
-12.789011372590428
-12.78913585719797
-12.789372590784033
-12.789466521604162
-12.78957211406616
-12.789766955145566
-12.78986138057932
-12.789995030172298
-12.790155690691469
-12.790238458466966
-12.790398485529273
-12.790537802038672
-12.79066893010187
-12.790813139269885
-12.790902033257245
-12.791014940726793
-12.79112038025999
-12.791268205636165
-12.79133631739094
-12.791464297084747
-12.791501161006913
-12.79165935231342
-12.791746689496495
-12.791838812080313
-12.791971253534475
-12.792051822194534
-12.79220123072511
-12.79231575055847
-12.792484674650932
-12.792610083267524
-12.792719265424884
-12.792870636555904
-12.792973035427
-12.79314086302432
-12.79328482290574
-12.79338243569746
-12.79351965061478
-12.793629647206116
-12.793755904529606
-12.793872953048044
-12.793961873006527
-12.79408092985827
-12.794196959294084
-12.794287421630303
-12.794397582747047
-12.794497957719507
-12.794609527822454
-12.794710028115045
-12.79480470832596
-12.794902526483359
-12.795045897313322
-12.79511120701261
-12.795213370248893
-12.795252529482301
-12.795366279535784
-12.795413860019915
-12.795474168088157
-12.795576879315245
-12.795640543839301
-12.795743332560848
-12.795823328145364
-12.795919154162952
-12.796014979493258
-12.796101652269797
-12.796226587514493
-12.796304089505007
-12.796386445644988
-12.796508573324434
-12.79658923976797
-12.796625083028712
-12.796799893511853
-12.796841897698624
-12.796929622489715
-12.796998243493373
-12.797097785107272
-12.79715367080957
-12.797204172595725
-12.797265713796666
-12.797340000144377
-12.797408274328587
-12.797481388644155
-12.797541550074701
-12.797605587175793
-12.797687155634444
-12.79775119587098
-12.797850557932748
-12.797937756403702
-12.798017855591402
-12.798100783746545
-12.798185677858546
-12.798260808548584
-12.798337979458903
-12.798408178405928
-12.798495239888748
-12.798598848496137
-12.79868032671272
-12.798763274373776
-12.798858592930245
-12.79891279057517
-12.798975165131925
-12.799083929504844
-12.799151672253572
-12.799240452049848
-12.79931465713813
-12.79938854825966
-12.799464625459246
-12.799539393498003
-12.79959710046011
-12.799649979752997
-12.799712011878684
-12.799792541562162
-12.799869139802938
-12.799942386936033
-12.800012910457516
-12.800089663889265
-12.800151671139348
-12.80022345665164
-12.800289888325361
-12.80036524369911
-12.800453731735018
-12.80052657867986
-12.800589545448474
-12.80069423050358
-12.800734556639018
-12.800807265627872
-12.80088570131412
-12.80094424164437
-12.801053234966135
-12.801138792994134
-12.80123087415809
-12.801313395660678
-12.801393220138586
-12.801491058524029
-12.801575629466496
-12.801648801031716
-12.80169921258617
-12.801781055748283
-12.80185976582245
-12.801903199408864
-12.801988807364541
-12.802048545012212
-12.802121163781997
-12.802203736141308
-12.802255341080908
-12.802345897533973
-12.802423755924286
-12.802493996877415
-12.802581754057812
-12.802657332116645
-12.802747625080386
-12.802848749433776
-12.802911284467946
-12.803020111916323
-12.80310557863057
-12.803192998083158
-12.803278766329704
-12.803370365239681
-12.803477716542297
-12.803579369411004
-12.803679595998872
-12.803777821184124
-12.80385716525452
-12.803979523663923
-12.804083870428569
-12.804197656059241
-12.804362325555767
-12.804479899847195
-12.80468412083367
-12.804891278067325
-12.805004571104128
-12.805196621570174
-12.805337285768974
-12.805524360728676
-12.805704266547016
-12.805851289848487
-12.80613412933064
-12.806326117457413
-12.80654294647393
-12.806736171167358
-12.806933775494818
-12.807134131995134
-12.807416633676617
-12.807610302018059
-12.807837266473264
-12.808123340491415
-12.80846315643054
-12.808671138309997
-12.808902349006136
-12.80912325948593
-12.809352070823095
-12.80960563949525
-12.809792248962586
-12.809969852023936
-12.810235799673954
-12.810394145386741
-12.810577218954615
-12.810871301096176
-12.811106114450686
-12.811259043190393
-12.811556595909071
-12.811721936434981
-12.811916132929596
-12.812157560700708
-12.812318832115507
-12.812610487539745
-12.812802790475493
-12.81303855230224
-12.813196729843561
-12.813363986907543
-12.81355607150736
-12.813808285834991
-12.813938556514795
-12.81410057039978
-12.814261513411283
-12.814462641839555
-12.814691983514036
-12.814854421350717
-12.815040705137534
-12.815239888066056
-12.815395771266855
-12.815540984474158
-12.815634162089443
-12.815766268875436
-12.815825339123078
-12.815944459177361
-12.816021215127826
-12.816093224473716
-12.816214921766115
-12.816236702413821
-12.816388843215549
-12.816432905444127
-12.81652314165606
-12.816614688821488
-12.816724104109989
-12.816796076721442
-12.816887165314762
-12.81695281384009
-12.817048375442592
-12.817146500682936
-12.817224841460174
-12.817320010890764
-12.817438743939922
-12.817499994978434
-12.817592635707443
-12.817620468568649
-12.81773908418184
-12.817814220673542
-12.817891319183307
-12.8180162856586
-12.818101154618782
-12.818257468368108
-12.818361797984348
-12.818489065041007
-12.818551970032203
-12.818681015439816
-12.818785376479404
-12.818880638450462
-12.81904056150296
-12.81911725745877
-12.819263904088736
-12.819384031640288
-12.819526538158392
-12.819670414391789
-12.819819497617791
-12.820015756749681
-12.820191126925854
-12.820341731345195
-12.820602079117776
-12.820786501619285
-12.820910936478134
-12.821160759506439
-12.821272640816034
-12.821407896471921
-12.821624944794
-12.821701969051398
-12.821793768711359
-12.821953258459914
-12.822053761959708
-12.82223439272192
-12.822302723744956
-12.82245485420969
-12.822521470583816
-12.822638257267933
-12.822806640202385
-12.822858683717746
-12.823056043085497
-12.823129252771505
-12.823240062490076
-12.823356532896403
-12.823535330597512
-12.823681964512115
-12.823803816825622
-12.82397013869749
-12.82414551654978
-12.8242682736829
-12.824425033482095
-12.824507516434677
-12.82460642410188
-12.824752218880512
-12.824830335954285
-12.824869352193986
-12.825093874691255
-12.825146095264163
-12.82523748015044
-12.825305354492919
-12.825411662139418
-12.825485187422654
-12.825538615648703
-12.825643687740465
