500 iters for seed 59 on 3R0.3 which is in the 78.74832153320312 percentile
 Maxcut: 20.0, MedianCut: 12.0
-12.007050360618043
-12.014538177105203
-12.079388337101367
-12.096121080233308
-12.192281664961314
-12.221253973019127
-12.248701217092176
-12.270559208715039
-12.277181821626282
-12.309283192361626
-12.321827272303297
-12.336011328118541
-12.346946005797484
-12.355367481773811
-12.364094724275319
-12.371344444475566
-12.378784497231312
-12.384605752602111
-12.392972617698469
-12.399336267740832
-12.405429186660063
-12.410060476214221
-12.417116616397893
-12.421008297020325
-12.425604608264115
-12.429806373587285
-12.433816522460866
-12.437400062955714
-12.441277093435168
-12.44468972346709
-12.447565685457391
-12.45041902811054
-12.453224543286858
-12.4565899263891
-12.459583264611323
-12.462275222263584
-12.464890344196148
-12.467170622696067
-12.468813709095183
-12.470559133996481
-12.472878713187143
-12.473987348045666
-12.475107375118457
-12.476410200205198
-12.47766460841157
-12.478613118935614
-12.480254823006904
-12.480953211404
-12.482052709598221
-12.483075887180274
-12.484157552363147
-12.484969524078453
-12.485913053854008
-12.487008637837516
-12.488366158517481
-12.490036689239636
-12.491244441698257
-12.492192317909918
-12.493372921317487
-12.494252334917016
-12.495244519104
-12.496288237417687
-12.497169638913164
-12.498429898304865
-12.499360809590755
-12.500242016131045
-12.501032537153176
-12.50181295499132
-12.502752005196653
-12.503626929896647
-12.504197549932613
-12.50483952994331
-12.505156876427463
-12.506085612289091
-12.506493865906808
-12.50701750213899
-12.507837015314
-12.508196011890867
-12.5090580390693
-12.509404316993734
-12.509945930643159
-12.510310784841455
-12.5111381052291
-12.51155210285303
-12.51203881164806
-12.512682609398917
-12.513021683372486
-12.51365973678445
-12.5139561166919
-12.514335308731503
-12.51505097082255
-12.51544405235622
-12.515950569897667
-12.516406643524668
-12.516773037376385
-12.517239043647125
-12.517720299761303
-12.518297322567363
-12.51865721695863
-12.519036132987967
-12.519521468456212
-12.51987575573691
-12.520365315502168
-12.520791969742547
-12.521273699136117
-12.521798617917282
-12.522320486671282
-12.52282029111733
-12.52324964452165
-12.523624449589905
-12.524018067420023
-12.524437289592784
-12.524814668440026
-12.525163180784965
-12.525569366240473
-12.525929840945874
-12.5261975523788
-12.52654783553758
-12.52677289608157
-12.527034410028348
-12.527344960349945
-12.527519846344223
-12.527808206825295
-12.528202472294398
-12.528549691709232
-12.528741462947442
-12.529065078307783
-12.529190777488205
-12.52943576841785
-12.529625740896847
-12.5298211614544
-12.530201180566397
-12.530359264022286
-12.530669369250901
-12.530917017960467
-12.531167476254344
-12.531378847027
-12.531565764379318
-12.531809165370738
-12.53199640249536
-12.532256564572448
-12.532463048996163
-12.53266491916354
-12.53309196049339
-12.533276233125306
-12.533629167892549
-12.533851074788219
-12.534042449842772
-12.534208542596076
-12.53438686206703
-12.5345667280219
-12.534756494845727
-12.53495927153724
-12.535150456436085
-12.535366572677315
-12.535551674147152
-12.53583608543514
-12.536028398402916
-12.536204234346439
-12.536538084576256
-12.536701569038613
-12.536901667301263
-12.537065365708251
-12.537223415291333
-12.537425041711547
-12.537643478092157
-12.537797254324225
-12.53793015373353
-12.53813014499137
-12.538310884391219
-12.53852525930544
-12.538708227312242
-12.538875872572518
-12.539040017245409
-12.53922071476029
-12.539376510165349
-12.539489196925807
-12.539599338632337
-12.53975569758763
-12.539910281450707
-12.54008007857663
-12.540228916901974
-12.540396939259278
-12.540552024755184
-12.540695095984473
-12.540834191828786
-12.540972559803903
-12.54110946513416
-12.541229176621314
-12.541373292665082
-12.541466379026808
-12.54158235685314
-12.541782010302164
-12.541900828779259
-12.54213391711978
-12.542286061752781
-12.542416138550003
-12.542549193599793
-12.5426771761852
-12.542818621552804
-12.542973087702277
-12.543068868800846
-12.543209769660168
-12.543272732884114
-12.543418752580942
-12.5435007350913
-12.543586689648121
-12.543720880530689
-12.543859863729747
-12.543971913950584
-12.544148210759905
-12.544272335045335
-12.544438479332227
-12.544606568884102
-12.544737447863994
-12.54485582330987
-12.545018029899438
-12.545119940976717
-12.545208148111044
-12.545374624206397
-12.545469592719938
-12.545567924595781
-12.545729009200176
-12.545809458550435
-12.545879475713946
-12.546028034984982
-12.546110679407832
-12.546246322113142
-12.546380743339311
-12.546438486044538
-12.546544834507252
-12.546609602657716
-12.546714470892951
-12.546785482958068
-12.54685210504732
-12.54697848914655
-12.547079893800353
-12.547167338684815
-12.547251526276014
-12.547333188451157
-12.547452321853804
-12.547548251042036
-12.54763797252911
-12.547718839496008
-12.547828757464613
-12.547928183432173
-12.548027848863327
-12.54810439017182
-12.54817373643404
-12.548267245146384
-12.548375725835868
-12.548484025436906
-12.548581770809278
-12.54868916355328
-12.548779769759157
-12.548906596421185
-12.549011202543635
-12.54912749005602
-12.54922545413373
-12.54929556720731
-12.549386081169349
-12.549471036748619
-12.549564565866353
-12.54961558443743
-12.549688709334003
-12.549725389899274
-12.549803412996559
-12.549858681796218
-12.549907048677955
-12.549971517804622
-12.550055151703488
-12.550113801845214
-12.55017624423149
-12.55027130138903
-12.550333409900148
-12.550422568201755
-12.550491852587893
-12.550561449146326
-12.550634365795023
-12.550714037333194
-12.550790645502488
-12.550867630089831
-12.550930317377475
-12.551014864447781
-12.551034853501912
-12.55113671378667
-12.551184538362918
-12.551237383428187
-12.551303526996094
-12.551363544357717
-12.551456411684963
-12.55151650618115
-12.551574497249263
-12.551628019385468
-12.551697623214281
-12.551776012670052
-12.551838413829245
-12.551909440104163
-12.551992522370032
-12.552064114104894
-12.552126157331863
-12.552180656288682
-12.552251893807666
-12.552325751100465
-12.552397614356249
-12.552458030413172
-12.552513594315268
-12.552579712396273
-12.552643028076323
-12.552717887497831
-12.552779961636924
-12.55285068511713
-12.552925506803515
-12.55300429893442
-12.553111431993587
-12.553179265892274
-12.553264775558938
-12.553347379624824
-12.553426171204467
-12.553513621717988
-12.553588265596838
-12.55367726038979
-12.55372153974277
-12.553808453006088
-12.553849330489264
-12.553950407027862
-12.554018623525984
-12.554081837856979
-12.554188100596406
-12.55422939210464
-12.554335533560893
-12.554380477264365
-12.554467884825995
-12.554601257500261
-12.554660349829815
-12.554772980296583
-12.554867459645942
-12.554964424057356
-12.555043429460428
-12.555127437783813
-12.555232226692404
-12.555298432393398
-12.555399148801616
-12.555502081138881
-12.555621447179899
-12.555740396289046
-12.55585833145016
-12.55597923046527
-12.556140178371235
-12.556257139079282
-12.556394695613218
-12.556597092183933
-12.556738093023892
-12.556923437111614
-12.557108357110213
-12.557286551894746
-12.55744912819788
-12.557624404132358
-12.557764681851884
-12.55790145546107
-12.55807554195686
-12.558214958274162
-12.558347453493422
-12.55853921833686
-12.558680954357452
-12.558880817986411
-12.559074061861775
-12.559273227129827
-12.5594266126695
-12.559578723013203
-12.559712059954727
-12.55984538500926
-12.560030682844452
-12.56012236812126
-12.56022942294132
-12.560324480145278
-12.560427565872505
-12.5606223288649
-12.56075295728633
-12.560904162081762
-12.561054467190647
-12.561194743936005
-12.561354075646552
-12.561504831501514
-12.561668008684379
-12.56177740607497
-12.561899180698452
-12.562087613008291
-12.562176362715093
-12.56227060292622
-12.562404626110322
-12.56247692271565
-12.56268327918124
-12.56272015491613
-12.562886516579459
-12.562941052191048
-12.563033942844974
-12.563135813251423
-12.563248904190706
-12.563340197293604
-12.563420144329285
-12.563493779062195
-12.56358732068597
-12.563688987940983
-12.563755481911778
-12.563844870421365
-12.563928190355785
-12.56401105820996
-12.564074595884076
-12.564147830293827
-12.564240660855337
-12.564315904991993
-12.564389766676513
-12.564512273603853
-12.564591457562017
-12.564647565335758
-12.56474078029046
-12.564808220433527
-12.564901401550964
-12.564992918890532
-12.565094420939293
-12.56518255232122
-12.56527358826868
-12.565358526986781
-12.565444104709654
-12.565519169750717
-12.56562447653113
-12.565670569461128
-12.565745768873477
-12.565825913607656
-12.565884071876038
-12.565945528084685
-12.566017166166935
-12.56609199123262
-12.566162831210704
-12.566229784059983
-12.56631801998144
-12.566396081219928
-12.566463583966422
-12.566552158683976
-12.566612296739018
-12.566698380714698
-12.566755916259448
-12.566826675959687
-12.56687233413814
-12.566949411216633
-12.566992578029867
-12.567058296366941
-12.56710678571819
-12.567158658717888
-12.567228671295078
-12.567303207795053
-12.56735673581809
-12.567421436231697
-12.567464866555706
-12.567513241541336
-12.567584991058933
-12.567619671835978
-12.567648715645873
-12.567714486147779
-12.567733533696337
-12.567764757189373
-12.567795836041837
-12.567833533949427
-12.56787755517335
-12.567911889134258
-12.567974081494945
-12.568013870582657
-12.568055107408727
-12.568087769135962
-12.56811848308934
-12.568164899444337
-12.568197606669674
-12.568240260209205
-12.568283368314258
-12.568323406646881
-12.568352307602185
-12.568405048065014
-12.568423549867587
-12.56848012082289
-12.568517573119685
-12.568561135361453
-12.568632145573364
-12.568674777911554
-12.568751578033169
-12.5687966473812
-12.568839902483958
-12.568879117716628
-12.568910681837027
-12.568959410406183
-12.568972444522737
-12.569027231723332
-12.569053921578686
-12.56908640008568
-12.569118403132514
-12.56916340380312
-12.569200726929209
-12.569229716349168
-12.569266339446687
-12.569309841570252
