500 iters for seed 37 on 3R0.3 which is in the 94.82650756835938 percentile
 Maxcut: 20.0, MedianCut: 12.0
-12.039501130143606
-12.156531707710887
-12.18712972796643
-12.282491120065597
-12.313452234908018
-12.35616430416399
-12.389910482778081
-12.413050822049378
-12.434203803809979
-12.452066554440188
-12.467636066212892
-12.481556734201305
-12.494433827658778
-12.50996517114202
-12.526144120340671
-12.536053124896647
-12.545752601979162
-12.554355003205877
-12.561817019872345
-12.567442265227504
-12.574367876138744
-12.578737523810215
-12.584583785624735
-12.589239463949191
-12.59412218675887
-12.599146992100556
-12.60460092362738
-12.608135882981516
-12.612886512958536
-12.616089890668878
-12.62071789201839
-12.624276577734832
-12.627760668101459
-12.632506537829363
-12.636143471053995
-12.638630329503798
-12.641169084571045
-12.643176723435445
-12.645104112159478
-12.647902245663506
-12.649492689558267
-12.651980940656161
-12.65290350412724
-12.656243555378948
-12.65760434955424
-12.659252514986175
-12.661575666437342
-12.663345747810187
-12.665418377355643
-12.66722492062722
-12.669085226958444
-12.671414304958962
-12.674126028229184
-12.676366689695346
-12.678616506755032
-12.68102927386825
-12.68277175080442
-12.684479639355969
-12.68613427597351
-12.687732336432957
-12.689143860626448
-12.69063005546788
-12.691549351831094
-12.69288789966634
-12.694038378469608
-12.695483621578646
-12.696476970116374
-12.69748484054472
-12.698417678704597
-12.699906540196631
-12.700807258195516
-12.701676069116484
-12.703066093626537
-12.70392723573952
-12.704842225601572
-12.70562429814712
-12.706462392996617
-12.707421245132021
-12.708279946682993
-12.709157521948368
-12.710006994285242
-12.711096403697573
-12.711987945398716
-12.712735849512395
-12.713596621212446
-12.714530467892189
-12.715442574727184
-12.716479992339538
-12.717236102363525
-12.718130417572695
-12.719227486380287
-12.719986090724646
-12.721032681216274
-12.72206308434355
-12.722949725203593
-12.723691662097632
-12.724654142171861
-12.725477825530856
-12.726245788192946
-12.727243316311258
-12.727999514026582
-12.729043951607162
-12.729863963866958
-12.7306130539714
-12.731443440319435
-12.73237585356396
-12.733164069611707
-12.73389929056674
-12.734610608128708
-12.735218731228146
-12.735904143917631
-12.736657776504586
-12.737369934451966
-12.738105236820415
-12.73871089553765
-12.739446686862737
-12.739972196114127
-12.740446915855328
-12.740953387707632
-12.741375382383001
-12.741920421407716
-12.742346048670681
-12.742663866108833
-12.743013903777149
-12.743257762710988
-12.743552134961025
-12.743788965644637
-12.744008750045829
-12.74447582502507
-12.744606543649478
-12.745092820100078
-12.745301809942982
-12.745621239883246
-12.746077540683125
-12.746436133710784
-12.746796759447395
-12.747098213406595
-12.747402967725503
-12.747742045832064
-12.748190209577208
-12.748463608494864
-12.748746423371411
-12.749288499368044
-12.749778636183986
-12.75008356835302
-12.750514131955772
-12.750822017492883
-12.751184100615882
-12.75181957200883
-12.752136129846173
-12.752533511716562
-12.753018013624452
-12.753284408578965
-12.7535494597144
-12.753878249442886
-12.754124601179559
-12.754402764866937
-12.754823735221331
-12.755071732157191
-12.755370372408922
-12.755497948772016
-12.755843209072076
-12.75600600484226
-12.756174479606727
-12.756438338347792
-12.756578754744622
-12.756953680871067
-12.757091131621022
-12.757288241979836
-12.75759730066587
-12.757767085917955
-12.758016425986064
-12.758165968120416
-12.758371608879703
-12.758534822563538
-12.75875775347703
-12.758944721194483
-12.759115380147335
-12.759313274499432
-12.75952402729429
-12.759703886812764
-12.759906135269256
-12.760033694273679
-12.760261062046968
-12.76052594043858
-12.76073158198226
-12.760932998781495
-12.761064583833361
-12.761216601997551
-12.761298389950346
-12.76153413561035
-12.761604986130829
-12.761722294623208
-12.761813828386115
-12.76197718454259
-12.762093807305263
-12.762201169209364
-12.762387469034557
-12.762468719029647
-12.762619212435636
-12.762725212282902
-12.762875170007714
-12.762952639200163
-12.763077114452214
-12.763180851759163
-12.76328037323166
-12.763454572758166
-12.76354966739477
-12.763631658852123
-12.76373137967336
-12.763842073286058
-12.763989922298112
-12.764135832258185
-12.764265046624224
-12.76438816571739
-12.764537939150864
-12.764702777351573
-12.764842682067865
-12.765012560776736
-12.76516841889121
-12.765310337760033
-12.76547657757269
-12.765622238754815
-12.765721171410167
-12.765925352837149
-12.766055427544504
-12.766204046961645
-12.766481850782602
-12.76657087557369
-12.766695369272941
-12.766848651742118
-12.766974816261548
-12.767202413168024
-12.767429627261762
-12.767598318753773
-12.767814256706384
-12.767993476524587
-12.768257156304445
-12.768422090671296
-12.768578558512111
-12.768754669332623
-12.768953775195177
-12.76912994930904
-12.769307229983173
-12.769427800767515
-12.769584688425658
-12.769729058504156
-12.769971397520044
-12.77010872396083
-12.770272601578906
-12.770497504597028
-12.770663279803493
-12.770868451730873
-12.770986837228229
-12.771129405079474
-12.771227012179438
-12.771421318154108
-12.771509456725346
-12.771617436898344
-12.771793431450174
-12.771950362283494
-12.77206881352026
-12.772178077046618
-12.77227758919094
-12.772424541316266
-12.772540158243647
-12.772658485861466
-12.772770641794835
-12.772881660746918
-12.773010089329189
-12.773160554582837
-12.7733016287263
-12.773432641810768
-12.773533225554491
-12.77366287420933
-12.773767046139612
-12.773878968595236
-12.77402752109247
-12.774127001527695
-12.774258202659693
-12.774374278600149
-12.774464280696229
-12.774525431780257
-12.774631208006943
-12.774694068560331
-12.77478536384874
-12.774880464007428
-12.774947704118592
-12.775056095979789
-12.775164359020666
-12.775232091589482
-12.775326332469284
-12.775397585598705
-12.775476386860342
-12.775610124358927
-12.775663790568604
-12.775716493969664
-12.775821754439747
-12.775887052559389
-12.775979354836387
-12.776080987142313
-12.776122754978806
-12.776202940056717
-12.776265613326562
-12.776359704685648
-12.776428499204957
-12.776481828929095
-12.776571101047839
-12.776674521132271
-12.776746263162483
-12.776843225497384
-12.776924019705906
-12.777011935107296
-12.777155402916094
-12.777214527915625
-12.777281756192714
-12.777416427649985
-12.777485506761558
-12.777612109595921
-12.777651295049516
-12.777799524822342
-12.777861062778964
-12.777934387439965
-12.778055228942113
-12.778153680003298
-12.778339201282561
-12.778433036972599
-12.778559599114972
-12.778593880087657
-12.778753426264835
-12.778837951559993
-12.778927620968776
-12.779066742371887
-12.779144634947688
-12.779271967568704
-12.779360669465055
-12.779496565136963
-12.77961388859166
-12.779738769889878
-12.77990160119978
-12.779999112307914
-12.78018828696603
-12.780330052453753
-12.780498468811587
-12.78064232289828
-12.780775963278057
-12.780935439073518
-12.781145356757225
-12.78127940606873
-12.781448392078078
-12.781537103617488
-12.781750670294963
-12.781880000047764
-12.782017815240415
-12.782255919973714
-12.782412800589867
-12.782645527055056
-12.782818509945674
-12.783031916977082
-12.783237827088922
-12.78344608331388
-12.783688401227481
-12.783847041237944
-12.784089344039051
-12.784351245816111
-12.784612321986323
-12.784796015417708
-12.785098622324815
-12.785295609320501
-12.785505760159063
-12.78573095837741
-12.785898020646405
-12.78630362848782
-12.786501345326402
-12.786785660018534
-12.786931504303883
-12.787117462821634
-12.787295808807926
-12.787532534994416
-12.78766034176251
-12.78784011974783
-12.787977294438274
-12.788173103792081
-12.78832045530609
-12.788438924547695
-12.788648556618043
-12.788775423531401
-12.788955036923184
-12.789049691616299
-12.789163923283851
-12.789235393279952
-12.789375841654108
-12.789436251599637
-12.789519926858063
-12.789675841618756
-12.78972163699465
-12.78990039735201
-12.78996444066336
-12.790068548980045
-12.790226676225203
-12.79031360328331
-12.790424826223767
-12.790512432141663
-12.790588641406536
-12.790677600388326
-12.790763577051134
-12.790849331218622
-12.790919192140999
-12.790989085304478
-12.791108249849751
-12.791188110059053
-12.791248132053138
-12.791344669763006
-12.791406364703699
-12.791492773472422
-12.791582129982656
-12.79166254173895
-12.791726280798832
-12.791814080051756
-12.79188977541273
-12.791942775111753
-12.7920515107154
-12.792105489015972
-12.792163948738668
-12.792249699767446
-12.792313073814343
-12.79243595316142
-12.79253751654217
-12.792591251357262
-12.792652331497466
-12.792714372531423
-12.792797615303531
-12.79288146493747
-12.792948700286777
-12.79300138932527
-12.793073951328505
-12.793119574522395
-12.793178454063717
-12.793234909991556
-12.793285722984333
-12.793356603750016
-12.793431221817386
-12.793475087082967
-12.793535223927254
-12.793579387259404
-12.793630310110624
-12.793727931146506
-12.79376599892731
-12.793808955912798
-12.793903892224773
-12.793954747366591
-12.794020861153838
-12.794115140526081
-12.794148671620787
-12.79422437840823
-12.794266553971111
-12.79435194177482
-12.794402335573519
-12.794450495474818
-12.79454462014031
-12.794610552257579
-12.794695697017456
-12.79475973275154
-12.794823439704732
-12.794894571644367
-12.794959983977536
-12.79502533014649
-12.795080977146927
-12.795117108618594
-12.795206917580936
-12.795227570005157
-12.795294072645447
-12.79534297894503
-12.795390210816315
-12.795461738313756
-12.795504055149348
-12.79558232599336
-12.795630741940903
-12.795698055992208
-12.795747835649763
-12.79579650863681
-12.79587094088576
-12.795915276352341
-12.795982205547329
-12.796031719155275
-12.796088481379781
-12.79614080542488
-12.79621406690136
-12.796248775173321
-12.79635097034897
-12.79639529998747
-12.796448328527635
-12.796519627312572
-12.796574844417536
-12.79664052782277
-12.796689491159087
-12.796747748695893
-12.796821500357137
-12.796904773342309
-12.79696168125429
