500 iters for seed 119 on 3R0.3 which is in the 94.81124877929688 percentile
 Maxcut: 20.0, MedianCut: 12.0
-12.01617371846324
-12.03052301500848
-12.130314077667755
-12.175609922554482
-12.221888588869783
-12.249349889049025
-12.27323452523947
-12.299811407768344
-12.32046093808196
-12.335469244729147
-12.349147852341307
-12.363397311934632
-12.377129465485268
-12.3886053506628
-12.397480402006915
-12.405011586068408
-12.412541785610756
-12.418934160807245
-12.424583793326335
-12.429325788305515
-12.433557983422205
-12.4369895102421
-12.441526467312446
-12.444369536678815
-12.447636347833669
-12.450270715512556
-12.45295430314487
-12.456069046003241
-12.459329982391203
-12.461540732455818
-12.464427331486643
-12.467108887062274
-12.470452067304382
-12.47273833084448
-12.47504792032333
-12.476836841217525
-12.478852978143154
-12.48044207136886
-12.482175589148921
-12.484206780563584
-12.48605017174415
-12.487880799609016
-12.489930734960932
-12.49168505417223
-12.493711359803537
-12.49571451382062
-12.498067570915431
-12.499797106929295
-12.503189258737427
-12.504735514436982
-12.506404216946704
-12.507342433851306
-12.508704557261375
-12.509465791563231
-12.510362827522117
-12.511727810118952
-12.512983467380097
-12.513878881111893
-12.515075382461262
-12.516123573604656
-12.517398203359534
-12.518477645784396
-12.519428134000396
-12.520594364242278
-12.521471665192758
-12.522395990619557
-12.523050783459386
-12.52377526098535
-12.524575261847833
-12.525688626588433
-12.526429329497564
-12.527219209915334
-12.528356882311972
-12.529323638943339
-12.53006174195583
-12.530967237449643
-12.53167064050583
-12.532527385133164
-12.533347552413433
-12.533977316750883
-12.534537599553673
-12.535111207736062
-12.535468949361478
-12.535810906951262
-12.536211293936992
-12.53653799691845
-12.53688106560266
-12.537156908024743
-12.537483435600956
-12.537815333553173
-12.538241380937281
-12.538591283255373
-12.538902620936875
-12.539171346153882
-12.539445221914027
-12.539727526296215
-12.54007464288427
-12.540419834600115
-12.540856207892244
-12.54140717323953
-12.541852116694951
-12.542275498481619
-12.542907877738337
-12.543380950612098
-12.543909423903107
-12.544367309572724
-12.54473618564753
-12.545221679740328
-12.545662078480362
-12.546093993185433
-12.546441142011247
-12.546987087109333
-12.547180131102103
-12.547702007791909
-12.547936749425551
-12.548273853581264
-12.548695835746592
-12.549056744341302
-12.54936112492547
-12.54964631456846
-12.549859424880356
-12.550155695058104
-12.550427488555606
-12.550604873279873
-12.550928393433109
-12.551032201436998
-12.551455044580832
-12.551633548678
-12.55184698697785
-12.55219905874323
-12.552420058518031
-12.552734487193995
-12.552935404690208
-12.553198071207202
-12.553423735284275
-12.55362449307771
-12.553849571482473
-12.554011366394473
-12.554267540698863
-12.554478053540368
-12.554716852652954
-12.554857989387385
-12.555016956892562
-12.555177832159519
-12.555406819124286
-12.555597088696246
-12.555762577969222
-12.555845875115036
-12.556109247968227
-12.556212219523918
-12.556345908638168
-12.55650983092927
-12.556695122602115
-12.556853089119043
-12.557057431316794
-12.557178283603923
-12.557292936181844
-12.557474566994957
-12.557572626795887
-12.55774288311867
-12.557919535434516
-12.55812497249293
-12.558269646164986
-12.558463420058905
-12.55858915612302
-12.558755677719862
-12.558887219328598
-12.559001820034421
-12.559068201791042
-12.55925917155044
-12.559332741068772
-12.559437971561314
-12.559603272971628
-12.559714999150323
-12.559849915668199
-12.559925071098672
-12.560013470413825
-12.56011115372794
-12.560217242856998
-12.560269516308823
-12.560340711444283
-12.560416604715934
-12.560505402744297
-12.560607414380659
-12.56069112870664
-12.560748071094316
-12.560904749110854
-12.560937412656454
-12.56102585662485
-12.561089035479378
-12.561163692083166
-12.561281237263836
-12.561339973522244
-12.561466743502182
-12.561547492915745
-12.561627813388338
-12.56168884184461
-12.561770709724813
-12.561847290108968
-12.561924147191652
-12.56199220192805
-12.562062048049423
-12.562129793594202
-12.562202476735102
-12.562285040752077
-12.562379727948029
-12.5624773756752
-12.56256831564335
-12.562648271133027
-12.562720689277263
-12.562832214484851
-12.562926088412635
-12.563030394953103
-12.563107381502439
-12.56317601114546
-12.563254427371344
-12.563374203352796
-12.563433546074938
-12.563509537398565
-12.563587974300422
-12.56369302499723
-12.563787152366473
-12.56385497769302
-12.56393074616843
-12.564015385021914
-12.564103388796172
-12.564192846530883
-12.564257089450036
-12.564349571012647
-12.564404978338997
-12.564489697363957
-12.564565994692384
-12.564636156287744
-12.564775043642692
-12.564857375405515
-12.564967781899567
-12.56506733921433
-12.565171828579471
-12.565291223756125
-12.56542838137082
-12.56550186061133
-12.565575990557623
-12.56566824593392
-12.565761125035067
-12.565815860189408
-12.565952242001046
-12.566008089563265
-12.566094048047376
-12.566209822393144
-12.566239121349026
-12.566388615137942
-12.566433753233277
-12.56651859808467
-12.566647116346264
-12.566766805496975
-12.566868563278376
-12.566963325390779
-12.567033179875152
-12.567131218216874
-12.567254637489455
-12.567326232320573
-12.567387032594803
-12.567490561462169
-12.567567765693976
-12.56764770000753
-12.56776305086093
-12.567846451530853
-12.567936361846304
-12.568017637092144
-12.568110767611252
-12.568180107342249
-12.568242082458635
-12.568324253217785
-12.568402580887225
-12.56850546112733
-12.568588906095929
-12.568655371683455
-12.568722883837001
-12.56879849202897
-12.5688764455507
-12.568927523159402
-12.56898445941355
-12.569030921136479
-12.569093833291952
-12.569178451838951
-12.569223018335983
-12.569295760679827
-12.569329240559048
-12.569371220107847
-12.569421853106316
-12.569477848931141
-12.569521555307247
-12.569562374959213
-12.5696076903502
-12.569672435066924
-12.56972295606809
-12.569761906349477
-12.569832961766032
-12.569861131135164
-12.56993352641711
-12.569964422361467
-12.570016418316097
-12.570058743881201
-12.570121419051222
-12.570152023276794
-12.570191348100721
-12.570228805301682
-12.570276927054211
-12.57032360783834
-12.57035588186244
-12.570391691287568
-12.570431548530289
-12.570466451404057
-12.570513152030298
-12.570521750210181
-12.570596252710793
-12.570623783318037
-12.570660928037807
-12.570702590603915
-12.570751292276793
-12.570791087759698
-12.570836412743205
-12.570872862033498
-12.570908667409757
-12.570958236812864
-12.570992828184501
-12.571013012133971
-12.571081802168564
-12.571127558507017
-12.571197895100862
-12.571244187959401
-12.571298344172021
-12.57134682793685
-12.571386384188546
-12.571437415494374
-12.571500149901212
-12.571553150328157
-12.571602699255656
-12.571664504790453
-12.571711022306467
-12.57175889477415
-12.57182963431773
-12.571880534035888
-12.571947278107926
-12.572018025402498
-12.572085518949171
-12.572140990684353
-12.572205203320108
-12.572265297214587
-12.572332106849094
-12.572391292633727
-12.572457401940227
-12.572509842822164
-12.572568619938213
-12.572628834202327
-12.572677415943138
-12.572713876051168
-12.572825242890957
-12.572869077015795
-12.572936323116469
-12.573015071321192
-12.573104682262482
-12.573170758351353
-12.5732425146112
-12.573300413149166
-12.573376367626397
-12.573455417242393
-12.573512666562266
-12.573586354881154
-12.573668630491955
-12.573748674649842
-12.573821932156234
-12.573883204302057
-12.573971806190265
-12.57405532402003
-12.574134063780411
-12.57422611011514
-12.574279204716461
-12.574343477695706
-12.574443056245595
-12.574485864238229
-12.57454374738984
-12.574598075526016
-12.574645761254768
-12.57474110682282
-12.574803449848481
-12.574866296156161
-12.574915026444026
-12.574967363007186
-12.57502532605064
-12.575085013402962
-12.575130851680662
-12.57517805050052
-12.575186774097139
-12.575273547196412
-12.57530612431135
-12.57534183702431
-12.575393742723609
-12.57543174954643
-12.575500411343679
-12.575550079721221
-12.575618931494908
-12.575641428577564
-12.575707542222357
-12.575745762740683
-12.575795002922503
-12.575840092087756
-12.575903552260973
-12.575958522393126
-12.57600554058861
-12.576056233822166
-12.57611452415534
-12.576161139134658
-12.57621279601683
-12.57627013950533
-12.576334740048635
-12.576373051078662
-12.57643071834359
-12.576469792381122
-12.57651270706577
-12.5765667611904
-12.576597519050619
-12.576640946022941
-12.57670848617275
-12.576727944356355
-12.576756915021077
-12.57678712695856
-12.576822178709627
-12.576857302584978
-12.576880335311264
-12.576913397219686
-12.576948285397318
-12.576969579856826
-12.577001247942274
-12.577032710704827
-12.577068026971487
-12.577099655818403
-12.577124793106055
-12.577156439771983
-12.577185775756849
-12.577229182947379
-12.577247458781025
-12.577272128422809
-12.577293302975866
-12.577325131706427
-12.577350694050674
-12.577373270840445
-12.577418725445412
-12.57744701278255
-12.577488343493075
-12.5775222554697
-12.577557261927067
-12.577592226070195
-12.577624031857674
-12.577661132034168
-12.57768936088112
-12.577721199693725
-12.57776461962896
-12.57778884114517
-12.577817054802896
-12.577841318158036
-12.577864379650627
-12.577905330716526
-12.57792038344694
-12.57794608835564
-12.577964817972369
-12.577989543310201
-12.578011153836407
-12.578033826088761
-12.578054940007329
-12.578077700176944
-12.578114107499578
-12.578133683988742
-12.578165443775482
-12.578188900511377
-12.57821308444816
-12.578228830984505
-12.578265449052772
-12.578285113440382
-12.578307842717638
-12.578334371143313
-12.57836895245373
-12.578397187666335
-12.57842631271626
-12.578450548158463
-12.578470961717274
-12.578499914243451
-12.57851826290271
-12.578537269202304
-12.578573102416817
-12.57859366830288
-12.578615057629955
-12.578661395864717
-12.578676495821107
-12.578701751002214
-12.578728904045654
-12.578759258929889
-12.578782322048152
-12.578798651308635
-12.578819345911267
