500 iters for seed 81 on 3R0.3 which is in the 78.63235473632812 percentile
 Maxcut: 20.0, MedianCut: 12.0
-12.112446039700377
-12.164910637400508
-12.203492399710031
-12.236214091889
-12.263714010178516
-12.288805891236322
-12.30570804528683
-12.321508013593427
-12.333940657638554
-12.34594912790684
-12.352787336415625
-12.36009810104118
-12.367863501256588
-12.375821880017039
-12.381819098374203
-12.387738685344091
-12.392597125546269
-12.397372139387445
-12.401119425020198
-12.40509019288823
-12.408198041883278
-12.412673437391568
-12.414967837433617
-12.41783690781052
-12.420880802539955
-12.424346226979466
-12.427871222904162
-12.431239691801782
-12.433705067505546
-12.437501152352697
-12.44006457248496
-12.442789550524251
-12.44484057727118
-12.44807871332604
-12.449726648591668
-12.451258080031725
-12.452808056622752
-12.454873017186191
-12.456535390155095
-12.45834442108421
-12.46025871914039
-12.46199724425085
-12.463466598118284
-12.465080275632506
-12.466464330977749
-12.467862976826838
-12.46875810048061
-12.46993517548035
-12.47096276838403
-12.472422471771583
-12.473474920615175
-12.474634831480405
-12.475499960812275
-12.477452959733826
-12.478442764657345
-12.479758723236774
-12.481107361071581
-12.482599312515319
-12.48374260618625
-12.484898026870932
-12.485787646058496
-12.486685248922262
-12.487481144227397
-12.488058725873096
-12.488736762380764
-12.489758264418537
-12.490141030301949
-12.49078670739124
-12.491255847942316
-12.491848937156716
-12.492391714973184
-12.492830202724813
-12.493355381653538
-12.493980170428406
-12.494421412192812
-12.494903216257217
-12.495498423819527
-12.496081004271574
-12.496428581713023
-12.49682310892976
-12.497122339572936
-12.497462985264962
-12.497952489659035
-12.498206328287768
-12.498502121454994
-12.498938117209057
-12.49917078497538
-12.49940590484401
-12.499844076694716
-12.500108607357262
-12.500467445952701
-12.50100466819853
-12.501522400939429
-12.501830521218036
-12.502637364693605
-12.503015081003177
-12.503397191556243
-12.503864478911172
-12.504189549433399
-12.504576080551121
-12.50528120728626
-12.505654122714
-12.506123984461015
-12.506784891447332
-12.50726954815468
-12.507618240313123
-12.508588142671584
-12.50900173134249
-12.509713505483026
-12.510072550456226
-12.511015169283032
-12.51157792328457
-12.512144371584714
-12.512802584749691
-12.513480713012267
-12.513958344490852
-12.514548346100465
-12.514998579651975
-12.51539580953451
-12.51598224773359
-12.516342181323907
-12.516705098127217
-12.51739517384556
-12.517764005902375
-12.518050701872756
-12.518622347987355
-12.519071878605747
-12.519473079627284
-12.520043389571724
-12.520394812572222
-12.5207979242458
-12.521310600159726
-12.521956211265703
-12.522329356578199
-12.52285458449395
-12.523273072566013
-12.523823563471229
-12.524480533935199
-12.524969586142973
-12.525517957782023
-12.52606158910946
-12.526497112648972
-12.526933414159306
-12.527330653825894
-12.52778323000765
-12.528131945224722
-12.528456577951427
-12.52870260784098
-12.52941279104533
-12.52973657556435
-12.530149974538581
-12.530770074290679
-12.531274827530794
-12.531926692773377
-12.532330970111207
-12.532788211723132
-12.533535586536095
-12.533627707977306
-12.534298238107661
-12.534487126967388
-12.534834967076725
-12.535023778304105
-12.535456182907996
-12.53569403848735
-12.535925130223179
-12.536269633769148
-12.536503907368317
-12.536796319418839
-12.53701300712242
-12.53724849505089
-12.537493374633195
-12.537724643344175
-12.537968182690294
-12.538160227157068
-12.538460397904217
-12.538659423606177
-12.538874568357468
-12.539043967309508
-12.539243339503349
-12.539455271907007
-12.539657745203055
-12.539863449191802
-12.540022450538965
-12.540203397888803
-12.54035887396494
-12.540491202335785
-12.540623914297285
-12.540790088389151
-12.540928801923672
-12.5410325170412
-12.541271038364718
-12.54137188329343
-12.541593449374135
-12.541734945070559
-12.541891441261656
-12.542131842406405
-12.542213728491781
-12.542397066024071
-12.54247784661728
-12.542631374443864
-12.542809388457604
-12.543014272492886
-12.543195636096405
-12.543356215234024
-12.543532679200887
-12.543697730655037
-12.54387404452428
-12.544035223461288
-12.544229611733186
-12.544371588053236
-12.544574301396603
-12.544731622677903
-12.544916529485599
-12.54517006965076
-12.545463797263299
-12.545681646074547
-12.545945766520815
-12.5461024151669
-12.54627078666675
-12.546519714261269
-12.546684125132387
-12.547103196120418
-12.547374121441582
-12.547613869777301
-12.547855808695004
-12.548024030588108
-12.548226333156753
-12.548472939949939
-12.54862421978198
-12.548774024782638
-12.549085360599225
-12.549213080662012
-12.549371440715257
-12.549610725207101
-12.549729277767531
-12.549881106527392
-12.550078780348617
-12.550210330581454
-12.550344803241298
-12.550514321143226
-12.550636922887522
-12.550762025373658
-12.55094741228152
-12.55107367816298
-12.551222850300451
-12.551413600034394
-12.551581717513653
-12.551705842186983
-12.551876556255136
-12.551934195853711
-12.552056695842547
-12.55214800498634
-12.552228220747605
-12.552367329564891
-12.552445888012922
-12.552571831093566
-12.552650019874035
-12.552745342306656
-12.552831000203714
-12.552919657809623
-12.553030010599242
-12.553137513090984
-12.553250293147675
-12.553371187288585
-12.553473232438012
-12.553548410269608
-12.553660517556008
-12.553746396560005
-12.553851291206978
-12.554004520239426
-12.554075913752712
-12.554138281944292
-12.554260307557012
-12.554366500928928
-12.554427698910677
-12.554619994535944
-12.55470314617057
-12.554834795267867
-12.555010558064284
-12.555164471833464
-12.555302623720596
-12.555411427612528
-12.555506370613948
-12.555625753787952
-12.555725517819827
-12.555802736188461
-12.555890679615274
-12.555962835741145
-12.5560775391562
-12.556163161211655
-12.556251340405383
-12.55643101521218
-12.556521247808437
-12.556642628952225
-12.556744898456202
-12.556850551663887
-12.556958236506782
-12.557063870346248
-12.557154726763551
-12.5572454006887
-12.557358012987123
-12.557482622946061
-12.557606487550379
-12.557707968393212
-12.55785055372476
-12.557951418311958
-12.55809545857173
-12.55821977454424
-12.55832286620555
-12.558383721594591
-12.558547716092681
-12.558616223785483
-12.558708452902291
-12.558833032400342
-12.55892219687833
-12.55902390142759
-12.559113541019599
-12.55920268988821
-12.559292709357456
-12.55940051502156
-12.55947395406464
-12.559557456998597
-12.559636646155047
-12.559730173982548
-12.559795343925721
-12.559857484312458
-12.559925654770423
-12.560003624835392
-12.560074246424966
-12.560149209453193
-12.560211892702931
-12.560273916789082
-12.560344617903922
-12.560386907369267
-12.560472446931671
-12.560564232969467
-12.560613049956945
-12.56069819542788
-12.560769402695819
-12.560856129358392
-12.56095962246293
-12.561034011835146
-12.561092101102945
-12.561194428973941
-12.561249307318631
-12.561303907092663
-12.56139446818069
-12.561442049455652
-12.561507018276828
-12.56156296890757
-12.561620770299983
-12.561662946992689
-12.561709689546829
-12.561752768721838
-12.561793289181114
-12.561838091006898
-12.561863792392788
-12.561891766429458
-12.561925478088714
-12.561947745961314
-12.561969376978666
-12.562007679938318
-12.562020900978107
-12.562046729081842
-12.562061675019134
-12.562091200731935
-12.56211106974573
-12.562128610611005
-12.562160496492012
-12.562178322026263
-12.562207793805307
-12.562229702528038
-12.562254081404415
-12.562277268150156
-12.56229781459691
-12.562332530366461
-12.562352110284529
-12.562374809642945
-12.562396005520174
-12.562413177214813
-12.562440154961951
-12.562467954749437
-12.562484305857947
-12.562511970714343
-12.562529555696605
-12.562550399380537
-12.562570537131117
-12.562581990803421
-12.562594890996904
-12.562621195394689
-12.56263039605022
-12.562647118587112
-12.562670224870395
-12.562692731529209
-12.562709906476773
-12.562726089241746
-12.56273943487704
-12.562757681869037
-12.562775684554286
-12.562793680576615
-12.562812680059228
-12.56283560744648
-12.56285227687277
-12.5628676565116
-12.562886541908007
-12.562909689727778
-12.562928918696981
-12.562955795834506
-12.562973132416078
-12.562995078047035
-12.563013378650172
-12.563046409326702
-12.563066894102771
-12.563088848760996
-12.56312561779746
-12.563146336264719
-12.563182749950284
-12.563207799606475
-12.563232885164016
-12.56325733951536
-12.563277362543236
-12.563320202090122
-12.563339861450357
-12.5633705861199
-12.56340003164692
-12.563421987217879
-12.5634480478385
-12.563492215713582
-12.563514858333082
-12.563537679781106
-12.563572181203408
-12.563609691542677
-12.563641137320758
-12.563670378249142
-12.563704159800977
-12.563746140869032
-12.563786323312748
-12.563807280669966
-12.563833311058664
-12.563860858291676
-12.563893959303588
-12.563928365479976
-12.563954839819706
-12.563986764788154
-12.564016791690598
-12.564047863911284
-12.564084117308944
-12.564110112778016
-12.564137756694821
-12.564167560130365
-12.56419044162417
-12.564229222822433
-12.564275244542298
-12.564298291883713
-12.564337618541956
-12.564362805923505
-12.56439792969317
-12.564432103624098
-12.564451189285755
-12.564498585721726
-12.56451652245801
-12.564556558150404
-12.564575240260218
-12.564595813429156
-12.564635483603452
-12.564664637196476
-12.564713842018953
-12.564736604577906
-12.564761314138728
-12.56477993740713
-12.56480784921616
-12.564836002798941
-12.564854978356854
-12.564882496743387
-12.564915710069657
-12.564939952350903
-12.56496620950158
-12.564989876408564
-12.565016270523829
-12.565051051787345
-12.565071704282108
-12.565085691191731
-12.565119084426655
-12.565132838562311
-12.565149648057952
-12.565181843042819
-12.56519711561483
-12.565221354727125
-12.565241507819099
-12.565270871800749
-12.56528616240357
-12.5653046552958
-12.565325433492468
-12.56534592089952
-12.565362752204898
-12.565378050329489
-12.565400526401323
-12.565418214109
-12.565435421671522
-12.565452187635348
