500 iters for seed 151 on 3R0.3 which is in the 78.90853881835938 percentile
 Maxcut: 21.0, MedianCut: 12.0
-12.125052723474807
-12.177713309902813
-12.208125102584344
-12.238107439875213
-12.258923785172815
-12.28234950578068
-12.299940903920154
-12.313781828606258
-12.32798293661673
-12.341262818148685
-12.350702067296236
-12.360414093725952
-12.367019075639618
-12.373896686294088
-12.379401729875111
-12.385839061606415
-12.390577447381094
-12.398645383087867
-12.40353503135146
-12.409225253150822
-12.413007266645856
-12.4174617248096
-12.420830436424122
-12.424377269388998
-12.426909224800628
-12.430104072203061
-12.432635380330197
-12.43581922128867
-12.437757261118477
-12.44256807549034
-12.444499465723542
-12.44712261672174
-12.449337966102195
-12.452119096313647
-12.45454177256399
-12.456870622062555
-12.459248171897404
-12.462121506682003
-12.464802196502909
-12.466823523759707
-12.469388501844819
-12.471782271115368
-12.473796259880924
-12.475778153854232
-12.477325544493802
-12.478896329748604
-12.480618661506085
-12.482147956958716
-12.483625816536332
-12.484734672881954
-12.486033936216588
-12.487192065508642
-12.488320955737459
-12.48945419490964
-12.490353989524646
-12.491304293779194
-12.492665245566776
-12.493472479542628
-12.494601407980696
-12.495723133723105
-12.496960925173926
-12.497701095322748
-12.49850484634585
-12.499229928101526
-12.500101574773076
-12.501094385408134
-12.50186158339959
-12.502613712582555
-12.503712992150065
-12.504339032039683
-12.50503716547124
-12.50573603290491
-12.506648199853274
-12.507269553199512
-12.50796600002845
-12.50828697136419
-12.509166915534152
-12.509584435451938
-12.510001795818635
-12.510725189251922
-12.511178811691927
-12.511862829540135
-12.512385073660255
-12.512951613310069
-12.513444285898274
-12.513870029727562
-12.514522732677507
-12.514929351422293
-12.515437253236573
-12.516096162873653
-12.516564103871984
-12.516914425835573
-12.517705664521014
-12.518016323433226
-12.518370260669716
-12.518688448327206
-12.519013104653146
-12.519478434622467
-12.519828821836711
-12.520248854439691
-12.520543717345452
-12.52088331585665
-12.521109222561998
-12.521595801884512
-12.521800889939342
-12.522088592826503
-12.522387143152264
-12.522755137750938
-12.52294096657522
-12.523189231542986
-12.523456978315789
-12.523785513403169
-12.524079872678147
-12.524337390826094
-12.524560805310884
-12.524739312771285
-12.525051315301727
-12.525206098526809
-12.525444957972061
-12.525668276268028
-12.525833031787418
-12.526187441436312
-12.526398629241532
-12.526622392534929
-12.526824227873234
-12.527060435210604
-12.527321446777705
-12.527590352453707
-12.52782335844076
-12.528001788527735
-12.52825005139641
-12.528466103335175
-12.528674167233346
-12.528841674317723
-12.529036292041006
-12.529283849268037
-12.529474433860539
-12.529687054902068
-12.529909112252506
-12.530135363522465
-12.530358953626964
-12.530564933189893
-12.53081142354731
-12.530971442965486
-12.531120267039615
-12.531296934151793
-12.531427058221423
-12.53156774863579
-12.531778392581547
-12.531871330298436
-12.532027761394247
-12.532135616871173
-12.53228676776205
-12.53243150365413
-12.532549459476291
-12.532689880648046
-12.532855629966928
-12.533035518389848
-12.53320268528617
-12.533337279272803
-12.5335409959105
-12.533745387574665
-12.533916115474492
-12.534178741160554
-12.534334838765414
-12.534518654673594
-12.534763872506087
-12.53488896531841
-12.534955865443358
-12.535190014375486
-12.535298447388504
-12.535418118694356
-12.535502946513914
-12.5356386346294
-12.535862637617534
-12.536001005478163
-12.536163322985905
-12.536308171337511
-12.536467572405725
-12.536651448662136
-12.536898540398441
-12.537015318256486
-12.537155983259488
-12.537260684239602
-12.53739190006062
-12.537533638432896
-12.537623501275867
-12.537774135296885
-12.537976669094743
-12.538082083051085
-12.538266876982856
-12.53836100166047
-12.538547714983348
-12.538681704126788
-12.538780918228845
-12.538970259539747
-12.539071706617003
-12.539180589503202
-12.539309526646568
-12.539430935935641
-12.539562958768574
-12.539684992543107
-12.539778741727652
-12.539875642342633
-12.540007432028657
-12.540132201534771
-12.54025187108319
-12.54036244276694
-12.540526474232381
-12.540688342460697
-12.540826968194919
-12.540983893429761
-12.541113657650264
-12.541293703079834
-12.541424596372451
-12.541541414912768
-12.541738066174045
-12.541945748623766
-12.54206511045283
-12.542235491085432
-12.542357449572524
-12.542492276842037
-12.54265624977754
-12.542730877867792
-12.542850533977518
-12.54298676710397
-12.543173984594159
-12.543251522475614
-12.543384335634405
-12.543466118096354
-12.543571515083741
-12.54371044199431
-12.54381556197487
-12.543940251322036
-12.544064308177589
-12.544180878333211
-12.544275814176792
-12.544364444523698
-12.544492794164222
-12.544557233438324
-12.54466802438749
-12.544740872935376
-12.54482900800381
-12.544872409779975
-12.545029328439002
-12.545093698836858
-12.545166443523346
-12.545274516730277
-12.545349438727282
-12.545556179805287
-12.545645522506682
-12.54576911944765
-12.545838199756343
-12.54593726254841
-12.546057101052167
-12.546152539245789
-12.546258720816816
-12.546381638217063
-12.54648188000827
-12.546602071236407
-12.546699603458487
-12.546833702801374
-12.547008219902914
-12.547207649424614
-12.547355060558777
-12.547534022707204
-12.547645333770857
-12.547778246730909
-12.54799803639067
-12.548123784015662
-12.548298900206095
-12.54853914269698
-12.548658704835375
-12.54882935985526
-12.5489562816724
-12.54911562132165
-12.54929708345055
-12.54940867485776
-12.549574290581587
-12.549726089482103
-12.549849490217944
-12.550050722099675
-12.550140309851626
-12.550266461034715
-12.550401546354369
-12.550503259622422
-12.550677699580598
-12.55079271900489
-12.55089356476975
-12.550977615384705
-12.551083397640573
-12.551157311798034
-12.5513268214554
-12.551395009698275
-12.551488529656393
-12.55159828501023
-12.551716421356526
-12.551805723920749
-12.551903328031129
-12.551983819087368
-12.552047220865465
-12.552148052620714
-12.55219088614669
-12.552252149812654
-12.55232926653164
-12.55238512467951
-12.552507590791045
-12.552535606565211
-12.552656617852673
-12.552691087652654
-12.55275972512397
-12.552840640591828
-12.552932005597548
-12.553014016465013
-12.553084422590768
-12.553157425653371
-12.553240168421809
-12.553330473300697
-12.553413372756618
-12.553481297598902
-12.55357555039787
-12.553645162213526
-12.55370064735402
-12.553792406193166
-12.553851225558773
-12.553935270535913
-12.553975751411503
-12.554097811274803
-12.554133582859844
-12.554208385502864
-12.554279051812388
-12.554358329440777
-12.554421542367594
-12.554479079028232
-12.55453756773409
-12.554601151200243
-12.554674359517415
-12.554736899225263
-12.554795082044429
-12.554884331696638
-12.554930680480197
-12.55499013534459
-12.555053704610653
-12.555108685581299
-12.555164898469444
-12.555268187329176
-12.555314972255399
-12.555385702558432
-12.555441324548172
-12.555530694374285
-12.555597503217676
-12.555653714873221
-12.555751444321237
-12.555819888786228
-12.555911970410822
-12.55598655242709
-12.556056170038888
-12.55613429145446
-12.556218217779428
-12.556286398891414
-12.556364048318873
-12.55642393704938
-12.55651104716938
-12.556554477117945
-12.556647076841267
-12.55671079108069
-12.556767718207057
-12.556867570860566
-12.556919908106867
-12.557008293391286
-12.557074623619076
-12.557174328427001
-12.55724756423845
-12.55733230047267
-12.557423407767697
-12.557481630963721
-12.557553583092513
-12.557664179206267
-12.557723148137864
-12.557832043625295
-12.557919551197422
-12.55804248144836
-12.558117428185465
-12.558189175465493
-12.558294607008769
-12.558395092328562
-12.558488541985978
-12.558565303004372
-12.558637695900812
-12.558724460441187
-12.558804329292292
-12.558860831598672
-12.558920217453645
-12.558977131128405
-12.559075748174797
-12.559129436066891
-12.559189366935197
-12.559283104919748
-12.559390240583879
-12.559471311882726
-12.559554524827233
-12.55963476373244
-12.559721173996017
-12.559851982679568
-12.559883212270007
-12.559975870472835
-12.560026363480999
-12.560094629963782
-12.56018472024861
-12.560202052482285
-12.560317032621072
-12.5603455580476
-12.560400048601494
-12.560453737505362
-12.56052850535223
-12.5605729920381
-12.560620897890225
-12.560666781013095
-12.560726284051176
-12.560786877997382
-12.560837011251177
-12.560885128453748
-12.560944355157547
-12.560993352541468
-12.561036446158184
-12.561054569384869
-12.561147513395056
-12.56117981496531
-12.561224611310266
-12.561283097436004
-12.561338052215625
-12.561385647192102
-12.561424232088468
-12.561465011312459
-12.561512210257598
-12.561566395959607
-12.561603534885196
-12.561640972515892
-12.561697840820482
-12.561755960871245
-12.56178762868329
-12.561835872010182
-12.561863457633105
-12.561897737361619
-12.561945571720287
-12.56197570076343
-12.561985971368209
-12.562073390519286
-12.56209605099749
-12.56213872627635
-12.56218994849647
-12.562246703175198
-12.56228703254212
-12.562334919311386
-12.562375073101554
-12.562424666022402
-12.562490895562672
-12.562538062657888
-12.562579219563752
-12.562651910161001
-12.562696440815708
-12.56273489905618
-12.56277961287111
-12.562823231362255
-12.5628535891361
-12.562929644312238
-12.562961779647258
-12.563001372750087
-12.563049150822346
-12.563107331299047
-12.563151336978207
-12.56320028893717
-12.563245780027195
-12.563276627151229
-12.563332283309183
-12.56334593227121
-12.563383604891758
-12.563414983171063
-12.56344406506696
-12.563490133102714
-12.563519819564984
-12.563574522714113
-12.563609908930783
-12.563648701784322
-12.563681499854667
-12.56371042823109
-12.563749146440315
-12.563781010792232
-12.563808984329384
-12.563849545999256
-12.563873231707529
-12.563899866969471
-12.56395146400127
-12.56398338371452
-12.564004234418448
-12.564043737553403
-12.564071294194385
-12.564089618539752
-12.564140896476982
-12.564164070907857
