500 iters for seed 122 on 3R0.3 which is in the 94.74411010742188 percentile
 Maxcut: 22.0, MedianCut: 12.0
-11.904810672298773
-11.933504239889391
-12.104221416599627
-12.212715746550307
-12.231631100025037
-12.33914794069403
-12.366527610698888
-12.412794055228074
-12.43932168538546
-12.474527043315002
-12.50260551281171
-12.520579787681367
-12.544738531451436
-12.563738050392569
-12.577064154109575
-12.590138137970127
-12.604527132108712
-12.614493897663648
-12.624582752125564
-12.635159664155534
-12.645108211978869
-12.65682484807866
-12.670396812952031
-12.682410181136355
-12.692088622221561
-12.700626953827584
-12.707909556502258
-12.71679253033699
-12.722088976687777
-12.72824345006181
-12.733944381585141
-12.739165661696624
-12.745454545699985
-12.749971350776494
-12.75500171884024
-12.759623726627675
-12.763254000153452
-12.766836602282188
-12.770120579020881
-12.773434468477134
-12.776407388371354
-12.780058542364612
-12.781587315668759
-12.786011664337234
-12.78785497539047
-12.790656242782948
-12.794818295628602
-12.797472083455972
-12.80044858835328
-12.803220198687702
-12.806015085363637
-12.809373029061716
-12.812002722127973
-12.8142447156223
-12.816109635528083
-12.818831127811407
-12.820931220185479
-12.822112836806335
-12.823949939438378
-12.825468131985936
-12.827424437383865
-12.829625071102774
-12.831294422643632
-12.832821488328403
-12.834545044195094
-12.83614050820449
-12.837779923388505
-12.839159806537376
-12.84065373684101
-12.842336389127592
-12.843906006806126
-12.845094364339168
-12.84617513149641
-12.84764450755846
-12.84917445189842
-12.850666612270079
-12.851749085864547
-12.853092314201506
-12.853604197553569
-12.85542394573562
-12.856123920840089
-12.857125743719896
-12.857718030984067
-12.858856867895712
-12.859543848824647
-12.860265817300007
-12.861388038605046
-12.861695369040563
-12.86272417481155
-12.863091640986816
-12.863798141956215
-12.864745178754346
-12.865371990466492
-12.866239698942595
-12.86675581969308
-12.867321691174839
-12.868033008562412
-12.868968801130842
-12.869469694793256
-12.870158594020552
-12.870765650964055
-12.871534049591896
-12.87234593736257
-12.872827579057322
-12.873314814140246
-12.874087617065973
-12.874526973501046
-12.875053720344736
-12.875632006842238
-12.876172146229372
-12.876647041722137
-12.87723152644688
-12.877667089396624
-12.878187828036838
-12.878540802021675
-12.879347351707667
-12.879751151290296
-12.88018600088124
-12.880920680729812
-12.881425964067976
-12.882122277326223
-12.882628891151912
-12.88322132272437
-12.883833701291197
-12.884538360279008
-12.885086870757888
-12.885684442591298
-12.88607419474162
-12.886866530273753
-12.887433203542125
-12.888245892780667
-12.888930864934888
-12.889573608764533
-12.890864513181947
-12.89151720659473
-12.892297302700062
-12.892977393130234
-12.893691880964028
-12.89445343921767
-12.895197868015543
-12.895909724371693
-12.89650933006049
-12.897311851420264
-12.898090416611437
-12.898875388536437
-12.899761060423515
-12.900642106651931
-12.90140457169247
-12.902128377607427
-12.903111321776434
-12.904086937819434
-12.904691010634028
-12.90536927164943
-12.906034485803014
-12.906732733892941
-12.90752737415648
-12.90793374434598
-12.908450293693873
-12.90968049960603
-12.909882081946808
-12.910451889701251
-12.910859637708427
-12.911419208897497
-12.912045736046663
-12.912529554050833
-12.913275225341541
-12.91369817828907
-12.914183780489253
-12.914634153629443
-12.915183479564565
-12.915753670922319
-12.91615290434967
-12.9165463631856
-12.917423403792641
-12.917736416735538
-12.918539673604494
-12.919002380901867
-12.919500864183103
-12.920179742495382
-12.920750524017798
-12.921260212293927
-12.921629720218109
-12.92196913678564
-12.922286747009666
-12.922638101002722
-12.922823698548079
-12.92312610948175
-12.92368914252504
-12.923954725147961
-12.924387177240682
-12.924709880673287
-12.925034737599548
-12.925361609831965
-12.925690279210393
-12.925899868063725
-12.926103513617392
-12.926280079771907
-12.92653062286769
-12.926811655934104
-12.927029856183486
-12.927211863571484
-12.927519734173085
-12.92770644240063
-12.928190892315158
-12.928442649116917
-12.92869212326749
-12.928947815992988
-12.929197594892658
-12.929424801172853
-12.929644016441681
-12.929803884999478
-12.929970566786078
-12.930190723119772
-12.93045460855201
-12.930659950159935
-12.930856552646386
-12.9310233011685
-12.931294554760179
-12.931496983408735
-12.931646797200633
-12.932000509710788
-12.93215294049536
-12.932407300696838
-12.93257614600422
-12.932756422105543
-12.932924699306815
-12.93311882085914
-12.933267957791674
-12.933434966418515
-12.933654017590275
-12.933846098175266
-12.933950607981554
-12.934092914291485
-12.93422532246266
-12.934376375041449
-12.934576720486817
-12.934659825053235
-12.934782887079958
-12.934896685474898
-12.93499305998576
-12.935166855953636
-12.935247426219542
-12.935393164740868
-12.93545641797665
-12.935557721350598
-12.935701249951666
-12.9358206852244
-12.935914712669511
-12.936021001061166
-12.93609455794464
-12.93621578539318
-12.93627292986291
-12.936339821889923
-12.936444282021153
-12.93656810096844
-12.936605237810289
-12.936773493791545
-12.936840531186787
-12.936925169403747
-12.93705529891244
-12.937132147947082
-12.937263829567739
-12.937352227066848
-12.93746287391006
-12.93756056574606
-12.93767353208927
-12.93777204591802
-12.93784694103896
-12.937926185213652
-12.938059588774637
-12.93817098508161
-12.938294114340696
-12.938414591863157
-12.938539283977137
-12.938633358750312
-12.938761693937579
-12.938875681624321
-12.938998109810994
-12.939091520569256
-12.9391865142708
-12.939336060029536
-12.939416984572102
-12.939522613211679
-12.939661806791923
-12.939766533347811
-12.939894028544288
-12.940003897003058
-12.94009307282602
-12.940155813543882
-12.940214916230474
-12.940286161556061
-12.940347458626455
-12.940384786078905
-12.940452370456924
-12.940515334175245
-12.94059316697519
-12.940658380600205
-12.940706043588898
-12.940769774560275
-12.940854180611764
-12.940927175578404
-12.940978961656988
-12.941015396119473
-12.941081142054145
-12.941143441030427
-12.941215432700062
-12.941284092046116
-12.941330335125878
-12.941387299595723
-12.941469942071084
-12.941521438990431
-12.941570589619072
-12.941637808886723
-12.94169431136048
-12.941770642449267
-12.941865827385
-12.94192947725775
-12.942014266917102
-12.942127542058632
-12.942208289022757
-12.942322673936978
-12.94238821965339
-12.942471027584395
-12.9425477322158
-12.942638672961753
-12.942709991551013
-12.942766478315047
-12.942905418335302
-12.943009343251143
-12.943093661253952
-12.943169445919494
-12.943256617841872
-12.943376090430691
-12.943500648427857
-12.943574223623909
-12.943689705941384
-12.943759633127298
-12.943847983920332
-12.943961609501777
-12.944035631324002
-12.944141729077753
-12.944238514225917
-12.944371550130468
-12.9444848553042
-12.94454733129839
-12.944653428100732
-12.944766962917074
-12.944884558767379
-12.944989145039465
-12.945105411482162
-12.94527294590805
-12.945426752489231
-12.945611637404884
-12.945772866682791
-12.945962924297785
-12.946111696749231
-12.94628082754854
-12.946425336755073
-12.946564597333168
-12.946773032145808
-12.946968945318414
-12.94713501580106
-12.94734577728204
-12.947503512040702
-12.947691689938672
-12.947866075729774
-12.947963180765864
-12.948125839278058
-12.948274710780455
-12.948448219762852
-12.948575102975317
-12.948675032325404
-12.94885264351812
-12.949005866956858
-12.949155104307891
-12.9493139327099
-12.949471471756308
-12.949627796432942
-12.949829334689685
-12.949916957353771
-12.950068067727763
-12.950245475214366
-12.950442135293212
-12.950626443115727
-12.950829227512271
-12.95102077847269
-12.951224629641654
-12.951416674167227
-12.951519265064189
-12.951632574069837
-12.951866734499788
-12.951989331876174
-12.95212894441368
-12.952299833433718
-12.952394079632482
-12.952469210576513
-12.952608273619152
-12.952705763580079
-12.952824741579525
-12.952993099956151
-12.953083526320336
-12.95318744121413
-12.953260929449337
-12.953351133922837
-12.953438082987288
-12.953507764267451
-12.953659915922302
-12.953782826198108
-12.953878248076283
-12.953990271994815
-12.95408009984717
-12.954226598434634
-12.954363510517918
-12.954511451692202
-12.954604952227555
-12.954728392191821
-12.954822140663882
-12.954916224389066
-12.955041748817266
-12.955145390039913
-12.9552437276468
-12.955416514271569
-12.9554746393143
-12.95556883792515
-12.95561175048912
-12.955710002574058
-12.955764374596932
-12.955833070216556
-12.955955291716611
-12.955980722970276
-12.956212940247793
-12.956291720908574
-12.956386968966916
-12.956478768724832
-12.95657733970923
-12.956730715446183
-12.956851045038487
-12.957027688466628
-12.957190901617357
-12.957347437632828
-12.957485882691136
-12.957571235409667
-12.95773342385
-12.95780723152075
-12.957909499026492
-12.957991014259415
-12.958087732599123
-12.958246200876939
-12.958334866578289
-12.958512476045659
-12.958593208018996
-12.958686649833883
-12.95875742758643
-12.95887597423765
-12.958945712276805
-12.959012857256003
-12.95912548595747
-12.95918386486084
-12.959294389151896
-12.959383557898038
-12.959473631002435
-12.959562851261476
-12.959665338637945
-12.959772304839124
-12.959867806165118
-12.959968999106664
-12.960089893303287
-12.96021301500978
-12.960320339865227
-12.960430691898587
-12.960517154333417
-12.96059613986705
-12.960727037962174
-12.960801935560513
-12.960868384587764
-12.960991114412472
-12.961064694296189
-12.96118499148551
-12.961276837804133
-12.961423364578996
-12.9614808219169
-12.961585211771073
-12.961652251830847
-12.961738318177076
-12.961849097466366
-12.961946408367199
-12.962047696614011
-12.962149492579595
-12.962249431229523
-12.96234623893081
-12.962428421414794
-12.962515751335063
-12.962599342321887
-12.962667851867964
-12.962792351367542
-12.962817916615887
-12.96293144847527
-12.963000166338974
-12.96308872852699
-12.96320663086317
