500 iters for seed 38 on 3R0.3 which is in the 78.79409790039062 percentile
 Maxcut: 22.0, MedianCut: 12.0
-12.019910869481592
-12.13002143731423
-12.190920902127104
-12.251837954694675
-12.308678792251461
-12.33921539772541
-12.380980941366621
-12.406345700626183
-12.432603398278816
-12.45382108439616
-12.478146298817716
-12.49949868413489
-12.518216070257601
-12.53372400698956
-12.546853609812583
-12.55918352045136
-12.568412957093546
-12.578614920044185
-12.588351531052927
-12.59662554312715
-12.604281133682294
-12.611720488816431
-12.618212894987163
-12.62358751256771
-12.629516204133415
-12.635193613465452
-12.640233215656734
-12.644979813908213
-12.648635381033946
-12.652034768349226
-12.65523642292704
-12.658542625208064
-12.661481279107774
-12.66383005672498
-12.666742098497705
-12.668306578655171
-12.670481943513972
-12.672702680398597
-12.674363839221135
-12.677991030333525
-12.679928097738152
-12.682086168297525
-12.684875015206925
-12.687067775896727
-12.689887048903229
-12.691883759645178
-12.693726382737843
-12.695102452331783
-12.697098776479669
-12.698524490129165
-12.700071183567216
-12.701675943261982
-12.702742135584362
-12.704145810808368
-12.705543376193488
-12.706709697331537
-12.70744063174149
-12.708923437100772
-12.709603052752364
-12.710519739366392
-12.711730127514109
-12.712681713805058
-12.713348781534428
-12.714063394577744
-12.714794186610856
-12.715799174020134
-12.716503540639986
-12.717188591067659
-12.717895770697229
-12.718661913085747
-12.71945342919211
-12.720033089438068
-12.720719194667883
-12.721285557980865
-12.722068044588697
-12.722692513649042
-12.723175074608424
-12.723634412486625
-12.724428772074308
-12.724873310304083
-12.725403936155388
-12.72620761540941
-12.726786364001617
-12.727645494557052
-12.728280165960228
-12.728883838800378
-12.7303682481688
-12.730948897173846
-12.731958140799888
-12.73268686482777
-12.7333441318126
-12.733956470886941
-12.734658917989442
-12.73524278565212
-12.73570947244274
-12.736257381631354
-12.736748150695627
-12.737370373131286
-12.737924323802186
-12.738378876205848
-12.738831004052827
-12.739487026800719
-12.74004605231157
-12.740424506566459
-12.740884042586805
-12.741382115449467
-12.742072109642734
-12.742587346174947
-12.743115484941335
-12.74361719838392
-12.744202494750013
-12.744824450684533
-12.745358638224113
-12.745735740360235
-12.746229731883673
-12.746790883661268
-12.747405841751204
-12.748076768229845
-12.748544298292217
-12.749176416462726
-12.749710253923483
-12.750116500638088
-12.75065929613372
-12.75112152449224
-12.751528744069088
-12.751982961573107
-12.752331272786657
-12.752807550674056
-12.753157457470685
-12.753536390076407
-12.75387028352911
-12.754263216930308
-12.75462977032134
-12.75496560163638
-12.75526211378695
-12.755547178555931
-12.75579717361813
-12.756018309278048
-12.756230650378859
-12.756402126141813
-12.75658619005035
-12.756895980906762
-12.757188812923717
-12.757469192571865
-12.757722013464042
-12.758022723122147
-12.75841273084352
-12.758812205007944
-12.759218796058267
-12.75955997577439
-12.759908529530552
-12.760211316552322
-12.760565519700458
-12.760883267927442
-12.761155259673018
-12.761375982269719
-12.761761838366299
-12.761945555800517
-12.762283588652068
-12.762571927805288
-12.762811356250497
-12.763293260777678
-12.763528664895501
-12.763936612276211
-12.764267253599312
-12.76470531839258
-12.764916602760735
-12.765276813040247
-12.76560879760519
-12.765936217108512
-12.766559456940842
-12.7669188412495
-12.767479063115935
-12.768021701182397
-12.768516729890594
-12.769090007938532
-12.769709825489862
-12.770285162744823
-12.770824009805054
-12.771580332852025
-12.772144417138382
-12.7726902299384
-12.773057883536586
-12.77337997182954
-12.77378128753002
-12.77421211266413
-12.774535122603266
-12.77486245347688
-12.77515256409271
-12.775498427369367
-12.775780852012712
-12.775978653850714
-12.77629765322857
-12.7764986679671
-12.776765355596137
-12.776959934969852
-12.777162794402845
-12.777525090970036
-12.777706790534543
-12.777998717276127
-12.7781766114737
-12.778407667342691
-12.7785996151573
-12.778906844510463
-12.779098148229558
-12.77932692686149
-12.779669702481623
-12.780054580056177
-12.780321670646558
-12.780628846016887
-12.78090563593712
-12.781218932837698
-12.781588333131019
-12.78180231748371
-12.782045562139649
-12.78236775601688
-12.782592667712121
-12.782907237953882
-12.783239517095927
-12.78356192748872
-12.784038239011203
-12.784250169940158
-12.78476729337876
-12.785043774340767
-12.785387543743392
-12.785908760444448
-12.786087891107364
-12.786523144305386
-12.786682265434909
-12.786961823595103
-12.787177789884309
-12.787572145425958
-12.787819388638217
-12.78806769578684
-12.78833580914795
-12.7886357313389
-12.788858287107708
-12.789157437258433
-12.789397646071203
-12.789664166154639
-12.789857318523184
-12.790088968486026
-12.79029203156502
-12.790474934309541
-12.790748332460499
-12.790920543008973
-12.7911015026662
-12.79138125515479
-12.791499519227786
-12.791680293669184
-12.791857379257362
-12.792166114340372
-12.792256036989382
-12.79247600529834
-12.792603883763785
-12.792779111903705
-12.79301837341205
-12.79319844193255
-12.793409395144847
-12.793712240626945
-12.793974179760868
-12.794263914315883
-12.794522796466403
-12.794820965330576
-12.795048821615712
-12.795319890406907
-12.795604343289014
-12.795841959498597
-12.79605869865471
-12.796340324802406
-12.79655052987755
-12.796815669703692
-12.797073661355261
-12.797269485749762
-12.797482709282182
-12.79787989113272
-12.798062214611791
-12.798305120790168
-12.798526927491281
-12.798804984829403
-12.799074094971278
-12.799282689840364
-12.799615161722658
-12.799948073037921
-12.800122891228831
-12.80043738999181
-12.800599595184417
-12.80086002923831
-12.801111755248778
-12.801284179592123
-12.801648739100393
-12.801806570615215
-12.802009379533615
-12.802189948563685
-12.802398502104138
-12.802598600993665
-12.802774636700676
-12.80297151550537
-12.803157278363049
-12.803346032264344
-12.803567122906742
-12.803685750209294
-12.803867031043433
-12.80402476646094
-12.804261573431383
-12.804430394844285
-12.804576334155195
-12.804757577356867
-12.805021334222719
-12.805227112456329
-12.80539962724023
-12.805646200742759
-12.80588084839405
-12.806060760832331
-12.806304623745643
-12.806476963037657
-12.806689373028457
-12.806919418642657
-12.80706637007551
-12.80721566051827
-12.807440797335754
-12.807594480771096
-12.807787891242805
-12.807951652167764
-12.808115809329772
-12.8082410132231
-12.808448873237648
-12.808600743188558
-12.80872844807553
-12.808853809350051
-12.80899161242789
-12.809222936631498
-12.809420587139961
-12.809538738751815
-12.80967950621572
-12.80980950448383
-12.809998605418887
-12.810126770738869
-12.810274423283271
-12.810388577845618
-12.81053386007102
-12.81063998779285
-12.810769743260508
-12.810857607097367
-12.81093690891963
-12.811092144830734
-12.811202504005612
-12.81131580920219
-12.811405737040698
-12.811491859948587
-12.811574377184723
-12.811715911638364
-12.81178639467823
-12.811871239802748
-12.81200802873923
-12.812058523200488
-12.812215255520568
-12.812277556841568
-12.81237213770445
-12.81247951176343
-12.812623041316904
-12.81272804499704
-12.812870132951986
-12.812953051296612
-12.813095409392112
-12.813220360823856
-12.81333242502221
-12.813541800116163
-12.813641642106667
-12.81381265326479
-12.813890877495092
-12.814012976564735
-12.814174168076065
-12.814325805029446
-12.814500642961121
-12.814640177289299
-12.814853657638787
-12.815134938986844
-12.815246953733803
-12.815442129431956
-12.815559782129165
-12.815772984076574
-12.816033095656516
-12.816289966468794
-12.81645837404514
-12.816630105830498
-12.816745761489576
-12.816904037464088
-12.817207477000903
-12.817365620667772
-12.817499684317674
-12.817933538365713
-12.818148188186852
-12.818428522818225
-12.818794716415937
-12.819055015766345
-12.819344118923805
-12.819840923558866
-12.820038017829535
-12.820309515451653
-12.820538419078122
-12.820790068934162
-12.82096357788868
-12.821373566563823
-12.821626047239057
-12.82188723938924
-12.822297852755808
-12.822529313592696
-12.822874684358066
-12.823159752900036
-12.823542543118858
-12.823835393256896
-12.824084043213157
-12.824409367396552
-12.824602455941882
-12.824855427994
-12.825063396272032
-12.825293039190688
-12.825476516694872
-12.825731725200257
-12.825871307771695
-12.826136658333953
-12.82631668629394
-12.826472178499086
-12.826740667710276
-12.827086093307699
-12.82726153366667
-12.827475732254058
-12.82757797683487
-12.827717853389387
-12.827907705062914
-12.828086449286667
-12.828254620300273
-12.828394661271192
-12.828596118126137
-12.828826505705592
-12.829002205943343
-12.829140640944372
-12.829290952799322
-12.829458552330014
-12.829587995710098
-12.82967578285553
-12.82978258027895
-12.829880177110276
-12.830008641179855
-12.830150222743724
-12.830271071029484
-12.830382942812275
-12.83048579864369
-12.830600650440925
-12.830705670264194
-12.830850137528428
-12.830942370412128
-12.831034945899667
-12.83115618350405
-12.831310274109764
-12.831407021248962
-12.831499760784189
-12.831588074868872
-12.831684976901357
-12.831841961382285
-12.831935809526279
-12.832065850914104
-12.83216574481805
-12.832255639196148
-12.832395574511647
-12.832515970031654
-12.832607321854379
-12.832697090230244
-12.832785817716388
-12.832918277386892
-12.832977947959561
-12.833057754568914
-12.83311162240187
-12.833185279540785
-12.833286055563498
-12.83338631454767
-12.83345833453956
-12.83355506242748
-12.8336135133659
-12.833673299750592
-12.833781676947723
-12.833837339563907
-12.833884808178066
-12.834015200100001
-12.834051347172252
-12.834134940223032
-12.8341783785687
-12.8342353610544
-12.834299320620474
-12.83434849187912
-12.834405762223486
-12.834464864580994
-12.83452365795087
-12.83456871353117
-12.83461849857608
-12.834672560722371
-12.834739845866036
-12.834781641745161
-12.834839239319885
