500 iters for seed 32 on 3R0.3 which is in the 78.71627807617188 percentile
 Maxcut: 21.0, MedianCut: 12.0
-11.995726104969139
-12.013782307023913
-12.064717335112494
-12.090949252763073
-12.164936086437303
-12.19825943603135
-12.22284917394959
-12.234931181368543
-12.272762699621198
-12.289583141225513
-12.305519886274734
-12.319661544877752
-12.330386512936236
-12.34226494456237
-12.350561758487261
-12.358194016783159
-12.364928003572448
-12.371981583256275
-12.378197196369863
-12.382701900006353
-12.389704045261652
-12.394469921306536
-12.401195945550889
-12.406368953567485
-12.411224444280641
-12.415764242789006
-12.4198119014491
-12.423978972961926
-12.427964977076117
-12.432256607026488
-12.436025681159789
-12.439392195353419
-12.443223448494813
-12.44588684360789
-12.449501077371862
-12.451370274283214
-12.453931003219763
-12.456228071602252
-12.458565562053973
-12.460438586445349
-12.46219969301209
-12.464142151215095
-12.466231122086626
-12.467692565243997
-12.46956483760544
-12.471043051959754
-12.472550552425059
-12.4738672609585
-12.475115714965703
-12.47557414006333
-12.477611341479573
-12.478211806333134
-12.479432635841896
-12.479897784394899
-12.481016150481258
-12.481548345945674
-12.482182879762021
-12.483166758419063
-12.483424987121516
-12.484668886160225
-12.485113057708034
-12.485900376200739
-12.486513545836095
-12.487518438660343
-12.48822457613132
-12.489078244827592
-12.490390245312671
-12.491126409250285
-12.492462776916852
-12.493243308555108
-12.49418055719065
-12.495262572274068
-12.496618510979506
-12.49754892039971
-12.498524974151382
-12.499741381894307
-12.501221776401703
-12.50237659160663
-12.503320166683446
-12.504259870341304
-12.50550244486362
-12.506631673742888
-12.507580032031548
-12.508568951167694
-12.50989936567043
-12.510528266233841
-12.511621753973941
-12.512640207697258
-12.513702789528278
-12.514475814031677
-12.515141318808213
-12.515912301986182
-12.516600033416431
-12.517195598713576
-12.517675195570535
-12.518169656019651
-12.518635185481116
-12.518993069130898
-12.519392539065581
-12.51973148404264
-12.520102529609703
-12.520492911983883
-12.520839061479696
-12.52124217665704
-12.521607523765187
-12.521905117329444
-12.522177456723437
-12.522605770142022
-12.522827804957354
-12.523075082693033
-12.523336016557252
-12.523522247368426
-12.52376901040983
-12.524112333639005
-12.524285614376335
-12.524550881910082
-12.524748509216
-12.52504678090174
-12.525246430177011
-12.525405646253809
-12.525583815683294
-12.52579201792284
-12.525923540291915
-12.526113188388443
-12.526279017656512
-12.526446026253264
-12.526695666517456
-12.52681529622905
-12.526969612357044
-12.52720269608831
-12.52732779473773
-12.527472924280858
-12.527774721331404
-12.527903303268983
-12.528123267912424
-12.528262361681321
-12.528567052033688
-12.528740780026958
-12.52889759167119
-12.52913110447266
-12.529297357374809
-12.529513539945654
-12.529660953281812
-12.529838722505055
-12.530050680892106
-12.530344678048984
-12.530516037482537
-12.53071653973014
-12.53090249933345
-12.531138707658254
-12.53136083611946
-12.531621683979623
-12.531797469783102
-12.531983804666293
-12.53220075730709
-12.532335135138029
-12.532478931090079
-12.532697978890738
-12.53278929231806
-12.53292531946371
-12.533122860494299
-12.533312333105041
-12.533431414573167
-12.53358186472933
-12.533685413942923
-12.533801356957156
-12.534023043841792
-12.534123984770346
-12.534227502043711
-12.534429203423036
-12.534549154940313
-12.534702898908098
-12.534939681225268
-12.53509358104286
-12.535318077912837
-12.535536622520796
-12.535782775770553
-12.536054427927434
-12.536289558356549
-12.536495922986672
-12.536839804156466
-12.537070452580796
-12.537288262615101
-12.537543902985123
-12.537773203052875
-12.538135089001504
-12.538512007102304
-12.538711946682067
-12.538975061997753
-12.539205030714626
-12.539499757368528
-12.539965404204743
-12.540188109116189
-12.540452870183003
-12.540778620271988
-12.54101583660539
-12.541139021545677
-12.541526670851793
-12.541674486076476
-12.541885887902174
-12.542191966032059
-12.542369150364804
-12.542647369157097
-12.542791596034577
-12.543000161942935
-12.543188687113801
-12.543515136145198
-12.54368773218485
-12.54386836691424
-12.544104997601819
-12.544201985944403
-12.544483406754878
-12.54457935608772
-12.544695165889516
-12.54486422127642
-12.545036463768215
-12.545151534981583
-12.545317575191426
-12.545409273936894
-12.545541093082745
-12.545700935386114
-12.54579695488016
-12.545938018588195
-12.546078642277202
-12.546163310613874
-12.546311510820697
-12.546418060188405
-12.546566146446116
-12.546692215260904
-12.546796505304568
-12.546948172526582
-12.547119014887421
-12.547222005966294
-12.547351762923109
-12.54744715994745
-12.547525654204744
-12.54764417617026
-12.547703028037708
-12.5477576918394
-12.547908210670563
-12.547973905510961
-12.548064144631004
-12.548079738565178
-12.548194165069207
-12.54822295828702
-12.548301683237227
-12.548371602363163
-12.548446183235818
-12.548503675655294
-12.548570325319801
-12.548631946862141
-12.548712291160266
-12.548779014550554
-12.548832884164
-12.548912884987184
-12.548988611077391
-12.54904301035138
-12.549119945112976
-12.549167735128886
-12.549219873528902
-12.54929880373157
-12.549337651770527
-12.54937394433054
-12.549449409132176
-12.549488200786568
-12.549503352381365
-12.549604071679934
-12.549630200060115
-12.549684631564505
-12.54973670926536
-12.549807459046832
-12.549866430348265
-12.549920849496266
-12.549988956354033
-12.55006113846258
-12.55011845033685
-12.550190956438287
-12.550254493454272
-12.550360195344807
-12.550395718699008
-12.550499835325295
-12.550546376997355
-12.550613251253056
-12.550688003226735
-12.550771168473668
-12.550835994160652
-12.550919997007176
-12.550980983621931
-12.551039565578158
-12.551159958388274
-12.551210179581322
-12.551270813511321
-12.551397378730249
-12.551456067910493
-12.551535780679625
-12.551613788795692
-12.55167912921208
-12.551724242212291
-12.551806814624001
-12.551857321856987
-12.55190511781026
-12.55198018132112
-12.55203200717429
-12.55206541174236
-12.552171463636764
-12.552202809193208
-12.552263603408985
-12.55232397193079
-12.552400591648732
-12.552458845231538
-12.552512121346616
-12.552558792912805
-12.552603499007372
-12.55266296815711
-12.552703731907554
-12.55275273754271
-12.552840753499067
-12.552884781375774
-12.552923314115938
-12.552971970211313
-12.553011313131549
-12.553032302391989
-12.553100597108093
-12.553126705004464
-12.553163121881159
-12.55320141104169
-12.553248027731481
-12.553284476473259
-12.553324939971997
-12.553362471725016
-12.553399489502832
-12.553455569896585
-12.553488743489858
-12.553524884130194
-12.553609233828295
-12.553647499552195
-12.5536964002802
-12.553724843662835
-12.55378907632413
-12.553809204158288
-12.553863848031451
-12.553884620507016
-12.553937550425063
-12.553969416856077
-12.554000963105967
-12.554048691610715
-12.55408837244547
-12.554140074272535
-12.554168498787453
-12.554199339194621
-12.554230244799825
-12.554276069466
-12.554295726480769
-12.55432821951987
-12.554345089207017
-12.554385655728069
-12.5544154483706
-12.554439882809055
-12.554485922156678
-12.55450959290724
-12.554553775285392
-12.554585087107082
-12.554627185160022
-12.554661154699351
-12.554687080385108
-12.554726287771985
-12.554752247613498
-12.554780734313738
-12.554829580844196
-12.554860246635318
-12.554885454401768
-12.55493615693329
-12.554965536898935
-12.55498803231595
-12.555020619529598
-12.555045381598699
-12.555073964053344
-12.55512131404903
-12.555153844676948
-12.555189481100452
-12.555224126127262
-12.555270404478337
-12.55530235973617
-12.555337037191181
-12.555376992604785
-12.55542731653469
-12.555473937057403
-12.555517996826026
-12.5555589541963
-12.555597707241228
-12.555655513054122
-12.555686808481989
-12.555725739122183
-12.555775153197054
-12.555810225387068
-12.555833182196466
-12.555891251344732
-12.55590120991261
-12.555937851206384
-12.555959311857723
-12.555991821674368
-12.556031117957946
-12.55606553669482
-12.556107854071865
-12.556138740224565
-12.556177947244317
-12.55622703885697
-12.55628862060771
-12.55631850539147
-12.55635396350931
-12.556376065022922
-12.556406547704803
-12.556442755860038
-12.556465070407711
-12.556483344598544
-12.556524557165707
-12.556542912753637
-12.556571421076997
-12.556621038820682
-12.556678705113857
-12.55672551182336
-12.556784763770487
-12.556821777719597
-12.55686196762934
-12.556921640586564
-12.556956781909143
-12.557009539889775
-12.557079430792761
-12.557113835573535
-12.557170697368443
-12.557208443647383
-12.557254232670058
-12.557288915809767
-12.5573125586486
-12.557356994244088
-12.557395770187403
-12.55742037415662
-12.557462563878119
-12.55748793686542
-12.557521393158286
-12.557562228293536
-12.557588796207583
-12.557629912117951
-12.557671551201402
-12.557699896919626
-12.557747731698042
-12.557786799337551
-12.557827194670613
-12.557878075477038
-12.55791102323738
-12.55794428293133
-12.558016670842122
-12.55806436854864
-12.55809647719447
-12.558134594256792
-12.558176983929648
-12.55821274814302
-12.558270009829899
-12.558310755498434
-12.558356627893554
-12.558392589216522
-12.558457997116305
-12.55849917933716
-12.55854100594961
-12.558606818721525
-12.55866190226728
-12.558717367350937
-12.55876080527426
-12.55880910033331
-12.55885100265633
-12.558908064576872
-12.558941645955043
-12.558986320009598
-12.559020336603563
-12.55905394996981
-12.559090853917176
-12.559114064017987
-12.559156950855133
-12.559188452727943
-12.55920791810474
-12.5592334654584
-12.559257884451553
-12.559287849607955
-12.559315632128465
-12.559341879329665
-12.559368359658851
-12.559401136327848
-12.559424139161345
-12.559450135420839
-12.559468796965946
-12.559494941100086
-12.55951438995205
-12.559550432307109
-12.559574733824935
-12.55959983903736
-12.559644870194328
-12.559678967554627
-12.559725537732568
-12.559754036598626
-12.55978807200437
