500 iters for seed 104 on 3R0.3 which is in the 79.05044555664062 percentile
 Maxcut: 21.0, MedianCut: 12.0
-12.018614260380662
-12.109938527772155
-12.165844695348056
-12.22052081072833
-12.253955537947423
-12.28798919219881
-12.321238158460753
-12.350462222060708
-12.376046458321277
-12.39804403480923
-12.413590847394193
-12.425807284327647
-12.439533086985442
-12.452028341658194
-12.461583995662163
-12.471657762252939
-12.479521652278958
-12.488078444783504
-12.496261641148724
-12.503194154902985
-12.50988373775731
-12.516631571559056
-12.522711607246972
-12.527685262107862
-12.532375223317835
-12.536422059808745
-12.539554624259338
-12.543118360860356
-12.54590864856276
-12.548701863189883
-12.551843971308166
-12.554727749223407
-12.557156224325196
-12.559753769138483
-12.562082447349228
-12.56455260120796
-12.56710480116833
-12.56910110642804
-12.571414064876986
-12.573901720066008
-12.575778170636534
-12.57769223146943
-12.579595188855242
-12.581088552787996
-12.582781578933563
-12.584267197161273
-12.585790622067282
-12.587377348361477
-12.589159343939638
-12.590786162405731
-12.592236580835003
-12.593648965358362
-12.595019785755541
-12.596396372050854
-12.597313916936502
-12.598638202525782
-12.59961593209994
-12.60111792394714
-12.602022614597253
-12.602832512800035
-12.603123246073112
-12.604391034684182
-12.604863773463343
-12.605509498501316
-12.606501790359953
-12.607304882136532
-12.60856944005125
-12.609502050378428
-12.610472455628962
-12.611306184884493
-12.612229262472635
-12.613435058132712
-12.614215019760142
-12.614880701245545
-12.616043968800517
-12.616672654130417
-12.61745562189093
-12.618089003992036
-12.618678071652779
-12.619413804616341
-12.62046445644346
-12.621139638454462
-12.621992400169793
-12.622755354907671
-12.623414590448862
-12.623974913576449
-12.624467442012207
-12.624970145495922
-12.625442576559609
-12.626098794610327
-12.626694368759969
-12.62714019579023
-12.627811383294102
-12.628246643836212
-12.628943691733513
-12.629448459604804
-12.629918662790207
-12.630502765928485
-12.631190368274135
-12.631567669139276
-12.632037150033222
-12.63229881944782
-12.632818929686163
-12.633134059381105
-12.633409379219575
-12.63389709119648
-12.634375619715803
-12.634796771413898
-12.635284457616898
-12.635629707766345
-12.636135846346072
-12.636537517800747
-12.636971547419947
-12.63742070142273
-12.637725850796537
-12.638157016460237
-12.63845440477662
-12.638817642524147
-12.639245497722138
-12.63984073073434
-12.640315317488001
-12.640796019658833
-12.641285334797404
-12.64189457332999
-12.642359183020126
-12.642901327873052
-12.643114275335515
-12.64374276230539
-12.64409728827091
-12.644499968510774
-12.645207338017828
-12.645358823684997
-12.646536491508995
-12.64692541903323
-12.647574929957091
-12.648419837184749
-12.648752216037893
-12.649938469821048
-12.650405916280095
-12.651068991755281
-12.652052649942327
-12.652584624595443
-12.653111942581086
-12.653599879956081
-12.653989319291323
-12.654455438260307
-12.655078837202826
-12.65537191793712
-12.655712180531657
-12.656260307065672
-12.65654008616726
-12.656836568480212
-12.657245847230566
-12.657481519442692
-12.657832548252893
-12.658203137881454
-12.658550822511197
-12.65883408195572
-12.659178653166274
-12.65955260027156
-12.659992551752394
-12.660353344599432
-12.660674688293557
-12.66095114254552
-12.661295696884109
-12.661552876955136
-12.661786393849283
-12.662038544645874
-12.662243703437241
-12.662474973078304
-12.662831842863527
-12.66308777321045
-12.663326636760956
-12.663629855722824
-12.663830425990078
-12.664134798198877
-12.664335739684534
-12.66452994793053
-12.664771150146795
-12.664952714609617
-12.66516023032225
-12.665371720840993
-12.665554313841785
-12.665789878087606
-12.665988130142694
-12.66616397369236
-12.666292947844553
-12.666433202782713
-12.666595414078413
-12.666730371577536
-12.666887399678757
-12.667058360582008
-12.667209601492873
-12.667332284100858
-12.667535871255897
-12.66757499064369
-12.667772218107945
-12.667850890553582
-12.667966728322595
-12.668131476461118
-12.668167537881743
-12.66838074092902
-12.668437788712586
-12.668549123926873
-12.66864268387409
-12.668773506988183
-12.66888234682683
-12.668974758368176
-12.669076370909384
-12.669198195298826
-12.669286338967206
-12.669437716976285
-12.66950434099579
-12.669617314217211
-12.669708356953088
-12.669786023292065
-12.669916551183416
-12.670048523201789
-12.670135128479982
-12.670258584705667
-12.670342062153356
-12.670436483490308
-12.670606180245827
-12.670675339331927
-12.670764796443263
-12.67097507482438
-12.67104738828412
-12.671134492902386
-12.67123968668331
-12.67134597889912
-12.67149793463997
-12.67156529537083
-12.671694181657555
-12.671805061488678
-12.67193449721042
-12.672069265707266
-12.67222079136014
-12.672341645319381
-12.672475975049114
-12.67259689229114
-12.672737550800317
-12.67288022710511
-12.67300514456474
-12.673180161369311
-12.67335649892966
-12.673494714342196
-12.673641746226453
-12.673751944414231
-12.673921442792901
-12.67403081285876
-12.674144564477704
-12.674390243362618
-12.674533439805781
-12.674749070925643
-12.674933912055161
-12.675118312380093
-12.675295121590095
-12.675446065428417
-12.67558813601999
-12.675698157018047
-12.675869212437666
-12.676014854923446
-12.676142906509686
-12.676255853877393
-12.676372624203413
-12.676520531523213
-12.676653471170985
-12.676777398193126
-12.676905425750228
-12.677049711322592
-12.677186580404367
-12.677332739392087
-12.677434728131386
-12.677549177759701
-12.677696323088329
-12.677802520993541
-12.677925397904309
-12.67807315470286
-12.678194447211016
-12.67826054685465
-12.67842583565863
-12.678459495455652
-12.678578290274388
-12.678644454662452
-12.678726195457102
-12.6788532516935
-12.678907094538296
-12.67914035075398
-12.679211942591673
-12.679307454873165
-12.679394372452549
-12.679519951372885
-12.679667228864279
-12.679772243550545
-12.679882667796816
-12.679991277638916
-12.680129682862578
-12.680224646344817
-12.680338160041403
-12.680475859221628
-12.680581480710513
-12.680690613348727
-12.680829537989744
-12.680948595683567
-12.68103003927468
-12.681230527097838
-12.681277222843534
-12.681430731545793
-12.681513822647755
-12.681638884389013
-12.681802573853112
-12.681978799873121
-12.682126124770054
-12.6823313488988
-12.68245826096794
-12.682627178834476
-12.682918938398203
-12.683044903600353
-12.683188053336536
-12.683445961184555
-12.683581572521406
-12.683792930496
-12.68398676838807
-12.684192297359203
-12.684320565654717
-12.684508594690383
-12.684651551018035
-12.684830190420296
-12.684958355746401
-12.685079084200462
-12.685253567792094
-12.685455933344784
-12.685567661914085
-12.685725182691435
-12.685833798761172
-12.685997834583734
-12.686182166977673
-12.686286403540157
-12.68652166767296
-12.68657392135065
-12.686765942130767
-12.686840079042565
-12.686988293990243
-12.687210751169609
-12.687336128454197
-12.687564545562797
-12.687756748801892
-12.687977131029644
-12.688121336100284
-12.688343420415531
-12.688514504608705
-12.688645577459258
-12.68891205310862
-12.689031594969187
-12.689233062129839
-12.689369948381815
-12.68951867207455
-12.689654064575404
-12.689789056175888
-12.689962696282059
-12.690104636713322
-12.690289092642141
-12.690433498188593
-12.690580595002723
-12.690686060204353
-12.690832040618131
-12.690922238426825
-12.691112714084424
-12.691218424630655
-12.69133840565602
-12.691506336647192
-12.691634580430534
-12.691778846331875
-12.691866162338457
-12.691970734575186
-12.692009146234254
-12.69221709786452
-12.692290297843352
-12.692389237649577
-12.692543737520598
-12.692642743528241
-12.69281982531879
-12.69292795076353
-12.693039185571719
-12.693125912333587
-12.693213722838408
-12.693340300373219
-12.693425154306238
-12.69350052701461
-12.693646986494873
-12.69372414621002
-12.693803993559639
-12.693903711416178
-12.693978477801721
-12.694075505441546
-12.694220735429877
-12.694295372082852
-12.694383492960569
-12.694489601406833
-12.694606542198766
-12.69469682277066
-12.694795697045944
-12.694857374350962
-12.694931127961885
-12.695018431738255
-12.6950872926353
-12.695157456219551
-12.6952536330876
-12.695310993022881
-12.695365998194541
-12.695460247607551
-12.69550245542498
-12.695540682617212
-12.695614244317499
-12.695660967576472
-12.695725739016254
-12.695821597609829
-12.69586905840779
-12.695936902408498
-12.695981321976582
-12.696064619067567
-12.696113352759568
-12.696163039665237
-12.696233493791112
-12.696276000488897
-12.696330358857965
-12.696380175245249
-12.696442175729638
-12.696490151139528
-12.696565911407765
-12.696615910036822
-12.696670149455043
-12.696738770523181
-12.696804452071818
-12.696852535351164
-12.696905971368619
-12.69694159227862
-12.696991133276065
-12.69703733079113
-12.697093222344373
-12.69712306995792
-12.697182836567654
-12.697209734378067
-12.697246232379747
-12.697303616070029
-12.69734985364663
-12.697383473674126
-12.697427533882822
-12.697457546345237
-12.697489948765734
-12.697513741481835
-12.69755509286121
-12.697574251620896
-12.697600080346318
-12.697635904954895
-12.697672373954399
-12.697706129512222
-12.697738812741191
-12.697764140791156
-12.697804279844448
-12.69783533677261
-12.69786021739922
-12.69789177032553
-12.69792129887111
-12.69795873841384
-12.697992055658109
-12.698027027676943
-12.698053158626722
-12.698097455504408
-12.698124776527196
-12.698159212468921
-12.69817656307615
-12.698223879438443
-12.698244653171045
-12.698267108821199
-12.698303914887532
-12.698331171263408
-12.698364827782461
-12.698387643634486
-12.698417190928271
-12.698443942013649
-12.698468210957262
-12.698499349229092
-12.698518088157293
-12.698542447623826
-12.698572013359627
-12.698595059567635
-12.698612075906649
-12.698649291796134
-12.698666818297868
-12.698683652039726
-12.698707069740337
-12.698726161517566
-12.69875099749314
-12.698780242074417
-12.698797854429618
-12.698820523371541
-12.69883568032738
-12.698858324635417
-12.69888455832239
