500 iters for seed 102 on 3R0.3 which is in the 49.314117431640625 percentile
 Maxcut: 22.0, MedianCut: 12.0
-11.829617200902977
-11.849333258910423
-11.868905117337038
-11.912713474277387
-12.009981932446834
-12.039490676230594
-12.062495607148596
-12.118566491416232
-12.136800537319525
-12.161199140543069
-12.183277757006513
-12.199108521985499
-12.211001380624246
-12.221501754563398
-12.230994000303898
-12.241092937332706
-12.249751678652636
-12.260300606121085
-12.270661265568364
-12.278771219373667
-12.286447326239838
-12.293185451439685
-12.298927565314933
-12.305255716248698
-12.31040611884839
-12.314933529936543
-12.319606821118809
-12.32367237920034
-12.32841469387966
-12.335220646264887
-12.339395636142015
-12.344205584111938
-12.34843575173138
-12.350582519521645
-12.353064662149613
-12.355982487340983
-12.357753406030708
-12.360317070349026
-12.362280707440629
-12.364558039658426
-12.366210105638324
-12.368227904248615
-12.370184067397753
-12.37224099657194
-12.37395858607357
-12.375592694695058
-12.377387679505372
-12.378869022734834
-12.381042191008792
-12.382452226644102
-12.384787388817715
-12.38638248151701
-12.388244534109166
-12.389886285795662
-12.392001272258641
-12.393062588830228
-12.394482330075302
-12.395580050826466
-12.397169567812268
-12.39807693670189
-12.3989891191945
-12.400077594832787
-12.401240308627758
-12.402024057700395
-12.40304978913729
-12.404233770036807
-12.405297376830372
-12.406290589166666
-12.407473158516634
-12.408689295785884
-12.409991454888505
-12.411659135218557
-12.412966189954716
-12.414099604859857
-12.41526089499325
-12.416068779877172
-12.416800377119008
-12.418549908001062
-12.419170783473675
-12.420274804689791
-12.421295555163576
-12.422267393305395
-12.423692225810633
-12.424126246413003
-12.42547759926395
-12.425998454308038
-12.426983529192675
-12.427533080031154
-12.428475829964832
-12.428965279873342
-12.429707521764415
-12.430453115556075
-12.431564797746963
-12.432386623082264
-12.433198892840066
-12.434459841801866
-12.435148982525417
-12.435958064891516
-12.436712383305636
-12.437451449695294
-12.438209851246103
-12.439190372136895
-12.439856560658592
-12.44071288462389
-12.441518317890006
-12.442551878091193
-12.443380958090152
-12.44401816169777
-12.445012549921355
-12.445650898089658
-12.446350089977237
-12.44690355655615
-12.44747622484676
-12.447919141823368
-12.448806175193381
-12.449151402425404
-12.449600343723851
-12.450150252628317
-12.450760633072434
-12.451234860693969
-12.451690667668263
-12.452015582211068
-12.45242306670491
-12.45289932654971
-12.453317882153325
-12.453659659702579
-12.454176574678451
-12.454437697611075
-12.454919072490789
-12.455274232337446
-12.45560854613771
-12.455846645902703
-12.456292758313749
-12.456595044360485
-12.456905954004274
-12.45747952295678
-12.457743074890189
-12.458218879038036
-12.458562529764881
-12.458979720885775
-12.459340669217756
-12.459667245829895
-12.460156520229582
-12.4604269004635
-12.460693647276216
-12.461084519624526
-12.461283884800274
-12.461534054663307
-12.461946666162126
-12.46227287356388
-12.462442183458041
-12.462807455703668
-12.46294123157967
-12.46323116469503
-12.463472967913393
-12.46368762680736
-12.464060310737239
-12.464275782944167
-12.464624762262565
-12.464884873745655
-12.465201856000746
-12.46550200204078
-12.46577295129268
-12.46609364907335
-12.466353633071439
-12.466550778967859
-12.466983750712462
-12.467069758440918
-12.46746521331357
-12.467779356698177
-12.468100606864537
-12.468477307819981
-12.468968336980698
-12.469515155317014
-12.469825347263379
-12.470183645387511
-12.470415311134607
-12.470787910079988
-12.471111827558307
-12.47132987069276
-12.47183727556165
-12.472127342493405
-12.472590199651913
-12.473045802191194
-12.473380333041202
-12.473695565354662
-12.473990756205847
-12.474428100660575
-12.474683408510092
-12.474986196089302
-12.475362629885026
-12.475555274347927
-12.475828874231738
-12.476179330331776
-12.476410832463735
-12.476604740237377
-12.476871469318477
-12.477089607713854
-12.477368459264879
-12.477611341057745
-12.47780932084805
-12.478055582971992
-12.478308705862258
-12.47853301541219
-12.478750242057187
-12.478901665583738
-12.479099534439472
-12.479399054360876
-12.479492965169925
-12.479684241034024
-12.479825296472864
-12.479993966438098
-12.480216578231984
-12.480319500284331
-12.480506694916912
-12.480599040147258
-12.480750164377739
-12.480875422914258
-12.481119177068624
-12.481249082788374
-12.48138023782395
-12.48153733321007
-12.481729255967302
-12.481899089195416
-12.482073941859042
-12.482195450938184
-12.482303537748932
-12.48253815455677
-12.48260439428283
-12.482753311654749
-12.482877981456497
-12.482981315101522
-12.483127196229423
-12.48325751035145
-12.48335412176995
-12.483463580640898
-12.483568710565725
-12.483721642148078
-12.483858607455229
-12.483989095497368
-12.484113385656904
-12.484234653549102
-12.484376070907963
-12.484481633892955
-12.484606540492805
-12.484726895600778
-12.484849371602134
-12.484962665447805
-12.485104581474456
-12.485194358381033
-12.48530549883305
-12.485397424773813
-12.485518889468084
-12.48562818868979
-12.485750430690274
-12.485850935850465
-12.485963684999653
-12.486077635378543
-12.486170523614975
-12.48627063477647
-12.48645349671508
-12.486552183459178
-12.486678199977572
-12.486778264634815
-12.486944033546823
-12.487073760767935
-12.487169236330498
-12.487368254811237
-12.487456579899726
-12.48759744444941
-12.487716729537826
-12.487894768083638
-12.487981209649693
-12.488159000498605
-12.488289071525609
-12.488414453062088
-12.488593510097253
-12.488768232387338
-12.48889883672042
-12.489069309161867
-12.489219764038301
-12.48947698836594
-12.48968644933494
-12.489877704996156
-12.490110113553778
-12.490277009315857
-12.490434388232877
-12.490624687503207
-12.49077464277936
-12.490947327782024
-12.491141053417412
-12.491236506837183
-12.491392443739894
-12.491491455924697
-12.491635183229791
-12.49177135429655
-12.491879378996984
-12.492017652455836
-12.492240806340895
-12.492292165942917
-12.492526340981438
-12.492624570719602
-12.492762486106383
-12.492943631852786
-12.493064617835133
-12.493211354366172
-12.49332572847695
-12.49346769902081
-12.493500566494667
-12.493690555342965
-12.493765947982872
-12.493856419817654
-12.494005916776768
-12.494117814981637
-12.494296704086674
-12.494390526575852
-12.494494795814477
-12.494595749732733
-12.494716224624382
-12.494839715136045
-12.49494162612045
-12.49504958505889
-12.495149928482194
-12.495251386481465
-12.495316655804597
-12.495419556450832
-12.495440054112173
-12.495583704090576
-12.495645452231706
-12.495732511332836
-12.495862898772401
-12.495957992261728
-12.49607691106861
-12.496166425566942
-12.496268264904518
-12.496338262045542
-12.496428181827584
-12.496513038744512
-12.496581415731912
-12.496763669304487
-12.496872480371781
-12.496983628972359
-12.497088197879501
-12.49717369297471
-12.497266131039474
-12.497370640074458
-12.49744965734837
-12.497514418034635
-12.497616456471379
-12.49770445915737
-12.497749027045314
-12.497856583676834
-12.497903493399415
-12.497971802157165
-12.498036249795526
-12.498086539734762
-12.498201609256146
-12.498257074252951
-12.498343238702674
-12.498424496922516
-12.498502980874637
-12.498574139209412
-12.498631102009808
-12.49868799421981
-12.498751433327278
-12.49882629693788
-12.498909737070052
-12.4989604945569
-12.49903418042711
-12.499103068599439
-12.499208935534979
-12.499295160418692
-12.499365929885762
-12.499502737902846
-12.499550410175857
-12.499743579178391
-12.499804926385725
-12.499888189877659
-12.49992608475267
-12.500038981239504
-12.500107921167425
-12.500167744726346
-12.500267914725235
-12.500332055583037
-12.500435646975557
-12.500508140455418
-12.500594224465331
-12.500661248575009
-12.50071750312199
-12.500800905869676
-12.500865725318317
-12.500945739573723
-12.500989605894848
-12.501064752144968
-12.501106985299685
-12.501179459420765
-12.501246272795246
-12.501316534292823
-12.501387245647162
-12.501438408933506
-12.501539382391291
-12.501611708976597
-12.501679036314275
-12.501734311222537
-12.501786068111969
-12.501821496748256
-12.501906355861705
-12.501937535158792
-12.50198704844978
-12.502050936809828
-12.502120397016157
-12.502173178449327
-12.502238110728898
-12.502260447742952
-12.502305185022072
-12.502344640252357
-12.502378147723448
-12.502440992575078
-12.502474923958726
-12.502531943041621
-12.502575704233708
-12.502637838944933
-12.502669590319348
-12.502712113991691
-12.50276424160212
-12.502815493600673
-12.502866097951909
-12.502916068912196
-12.502964389364877
-12.50299464948423
-12.503037652135585
-12.503090388182338
-12.503140070684237
-12.503166803164634
-12.50320970985265
-12.503235969829309
-12.503280568770654
-12.50331220641412
-12.503340312947183
-12.50339668765953
-12.503415873686345
-12.503455895072232
-12.503485352364645
-12.50352249832662
-12.503553817185871
-12.503588712133084
-12.503628706061548
-12.503679208298008
-12.503726510801705
-12.503774387014456
-12.503812069000462
-12.503852964624754
-12.503911097586792
-12.50394958517866
-12.50398397787099
-12.504026450430676
-12.504065448645001
-12.50412093336702
-12.504168757522194
-12.504227257444349
-12.504282318946682
-12.504328738275301
-12.504378573537526
-12.504429908691776
-12.504460323650147
-12.504530406471332
-12.504559213169548
-12.50459403128369
-12.50465124262715
-12.504684392147082
-12.504730712297283
-12.504778021951887
-12.504823319731992
-12.504903642175815
-12.504944946357487
-12.505025409144238
-12.50509961739656
-12.50517722524079
-12.505203486145142
-12.505272218300565
-12.505309748121215
-12.50535319575972
-12.505420849469838
-12.505462906264057
-12.505508655607406
-12.505544675204336
-12.505596154160664
-12.505626808566737
-12.505682802469753
-12.505710361758009
-12.50573404121837
-12.505775238402212
-12.505803047253055
-12.505845022168014
-12.505882621999664
-12.505916069976381
-12.505954394103536
-12.505999706289051
-12.506038112660658
-12.506073137234074
