500 iters for seed 193 on 3R0.3 which is in the 78.85818481445312 percentile
 Maxcut: 21.0, MedianCut: 12.0
-11.984804570500534
-11.993373965242132
-12.069184778407568
-12.129435327110281
-12.178886576335175
-12.227284211804108
-12.276169761934135
-12.295074207357354
-12.32879076080678
-12.355815328758437
-12.37445280118029
-12.396297515114906
-12.414599774992745
-12.429931644754939
-12.446373219364416
-12.465337850974317
-12.482750396817712
-12.49816889776148
-12.51214946017921
-12.526218199417308
-12.536534433688312
-12.546375390140986
-12.55436662998386
-12.560484460807514
-12.565818184310057
-12.571840651555632
-12.577707160420312
-12.582697408179028
-12.58667598987865
-12.59036410890219
-12.594317367516242
-12.597746540559923
-12.600615180524837
-12.603139343810522
-12.605870329990681
-12.607946457549005
-12.610209427658734
-12.613155207416938
-12.615227031873074
-12.617509170301258
-12.62037923801672
-12.62207072915852
-12.623911464820697
-12.626900184795003
-12.628714664092644
-12.631383568779825
-12.63344453452546
-12.635167519341946
-12.637464466403802
-12.638219748706142
-12.640463829771853
-12.64167403496884
-12.642859805800697
-12.64477444739573
-12.646073932671083
-12.648121025006184
-12.649709611782036
-12.651342351684189
-12.653073986082163
-12.654998083093272
-12.656856306442053
-12.658237363961765
-12.660147607168385
-12.66138742340291
-12.663388349938192
-12.66432657056831
-12.665350705711404
-12.666816660201263
-12.667908797760743
-12.66890091523051
-12.670052297022298
-12.670760877881857
-12.671403332654533
-12.672730040954267
-12.673397494497173
-12.673908934061174
-12.675239885821085
-12.675618760543465
-12.676323307162797
-12.677079903685307
-12.67765569840938
-12.678257075709437
-12.679157720259497
-12.679669799996695
-12.68029414234034
-12.681223824236042
-12.68197468948052
-12.682661279079205
-12.683245672665873
-12.683936373929567
-12.684488264948886
-12.685289987830746
-12.685917935312805
-12.686663695219801
-12.687434918233805
-12.688212197863562
-12.68941853307073
-12.690257411439989
-12.691210827198999
-12.692459212065767
-12.693024676942924
-12.693506038716963
-12.694565080606086
-12.695349040243117
-12.69577837871572
-12.697061491914637
-12.697526205910382
-12.698111499873322
-12.69897949413887
-12.699813439489434
-12.700422517640522
-12.700938937188619
-12.701416216778894
-12.702043159546674
-12.702428265487205
-12.702953240685295
-12.703369941702775
-12.703927788211232
-12.704374419566197
-12.704730002254866
-12.705601133966631
-12.706047791331505
-12.706765158226615
-12.707290672241196
-12.707780338993992
-12.708235978160117
-12.70869243025681
-12.709116005501938
-12.709759670903328
-12.709929415253232
-12.71040545625754
-12.710646581783532
-12.710998262032643
-12.711182003847021
-12.711569198335908
-12.711780730324723
-12.712004603520038
-12.712255679789958
-12.712653566154989
-12.712986189648268
-12.713322773583897
-12.713847620139111
-12.71413342768335
-12.714664100707745
-12.71492253652302
-12.715284649025474
-12.715751470001315
-12.716180225586085
-12.71638993305232
-12.716721800340189
-12.71697131860152
-12.717287526730889
-12.717634329296368
-12.717890783980662
-12.718357347766366
-12.718740508554701
-12.719142267614169
-12.719551334314028
-12.719850041348895
-12.72006585696733
-12.720769258137375
-12.721047719099325
-12.721463572406337
-12.722042960166814
-12.72230188145593
-12.722874154301035
-12.723308131036125
-12.723837284653913
-12.72431895522261
-12.724825062382216
-12.725199915876082
-12.725606016740098
-12.725955067771823
-12.726488154183738
-12.726819193067806
-12.727114975665218
-12.727368590171418
-12.727676350911072
-12.727914210229091
-12.728206546591036
-12.728428668983533
-12.7286628094788
-12.728907740965344
-12.729209580763474
-12.729420754504536
-12.729635999261781
-12.730081203649796
-12.73033245974758
-12.730756024479131
-12.731099723881034
-12.73139620580448
-12.731657089529497
-12.731920655897033
-12.732244483532938
-12.73255268609445
-12.732863579925848
-12.733136727825684
-12.733427636306104
-12.733907150879716
-12.734310727346648
-12.734575427148165
-12.735037190739574
-12.735329328867948
-12.735638669287136
-12.736094048202784
-12.736385341683436
-12.736616995111932
-12.737065249096107
-12.737214931061931
-12.73752171221258
-12.737815693737945
-12.73804272730982
-12.738409497788606
-12.73878488779924
-12.739372765156553
-12.73961352976603
-12.740000291180314
-12.740401694488684
-12.740829985094402
-12.741257137072866
-12.741637009564434
-12.741990551725547
-12.742339738093403
-12.742678369665759
-12.743012593621549
-12.743369919698564
-12.743680664292237
-12.743955817451695
-12.744325343527347
-12.744746479900364
-12.745128546579414
-12.745464825808941
-12.745765819469696
-12.746108931695131
-12.746468907731945
-12.746792926036882
-12.746992318660384
-12.747303440366467
-12.747484505844579
-12.747651346284089
-12.747984383280242
-12.748181177819468
-12.748473532407008
-12.748682502492748
-12.748884573997142
-12.749102198670943
-12.749414464633269
-12.749629447699716
-12.74993711431013
-12.750116243711638
-12.750368308453618
-12.75057102443505
-12.750924296256684
-12.751149066929356
-12.751393303567813
-12.751655140956286
-12.751974792863493
-12.752308991612743
-12.752579787255806
-12.752830014824447
-12.753149072618402
-12.753348927961712
-12.753615291214182
-12.753751546271246
-12.754063865195745
-12.75422294121686
-12.754415482313403
-12.754615759708848
-12.754878390102881
-12.755048032685472
-12.755236914401742
-12.755532672943712
-12.755748270952756
-12.756023264999724
-12.756185626653485
-12.756383156051026
-12.75650999842235
-12.75683692385876
-12.756949143909521
-12.75710879265721
-12.757233243759178
-12.757419030869023
-12.757569405081284
-12.757698011763543
-12.757900171328629
-12.758110993946545
-12.758255100406124
-12.758461853487448
-12.758633670025738
-12.758805920787132
-12.759081488030578
-12.759215552328703
-12.759348523873399
-12.759510581123978
-12.759634976563499
-12.759738252239298
-12.75988759034167
-12.76005429036406
-12.76024507126641
-12.760388042046376
-12.760593841347228
-12.760768299667273
-12.760916496616659
-12.761187313235219
-12.761252663333144
-12.761533200662813
-12.761636768765655
-12.761803853742958
-12.762028288740407
-12.762246464405608
-12.762418537839963
-12.762594581902336
-12.762776828410942
-12.763054771337888
-12.763272545388537
-12.763435799931846
-12.763593679225776
-12.76365777483659
-12.763826161841056
-12.763989098760922
-12.764085908576211
-12.764206285158577
-12.764368975592983
-12.764515721804829
-12.76463024562104
-12.76482291209062
-12.76492399604917
-12.765041665094294
-12.765254966864067
-12.765354113805081
-12.765396701968886
-12.765653576116426
-12.765702840486961
-12.765813296979744
-12.765905705726261
-12.766016563906486
-12.766093398818903
-12.766184291880611
-12.76627008305229
-12.766360001208604
-12.766486870335232
-12.766575071890916
-12.766681273427416
-12.766802461597004
-12.766892318658803
-12.766964267713972
-12.7671254566459
-12.767247396903649
-12.767383839057429
-12.767578155519429
-12.767679245849832
-12.767776585816513
-12.767932363775401
-12.768051168107592
-12.768302816043375
-12.768503560662229
-12.768655990221184
-12.768778650870228
-12.768917806902191
-12.769088390130642
-12.769220699827091
-12.769311319489777
-12.769442131565103
-12.769543890499763
-12.769702158947599
-12.76980906750617
-12.769887463553765
-12.770031003793028
-12.770126215229551
-12.770256601468335
-12.770344187808337
-12.770440415133875
-12.770548255055314
-12.770658902598104
-12.770773413871638
-12.770854406169937
-12.770939496148413
-12.771041662267088
-12.771134308717913
-12.771230152004627
-12.77132893860939
-12.771433292041856
-12.7715449031818
-12.771684445477309
-12.771782271743907
-12.771871900278217
-12.77194717155266
-12.772067389584787
-12.77215026017934
-12.772307368337797
-12.772389926761367
-12.772479027317697
-12.772547141403791
-12.772669138894592
-12.772733173375263
-12.772796208087772
-12.772892553114932
-12.772912053188413
-12.773094295444627
-12.773147839551648
-12.773226941633482
-12.773327595723691
-12.773399648004155
-12.773516639045974
-12.773602845973594
-12.773718237859804
-12.773775669635992
-12.773874757593873
-12.773985924109905
-12.774060996862975
-12.774131218996821
-12.774247928728817
-12.774306045858422
-12.774419685521902
-12.774480472844692
-12.774567155568363
-12.77468899749508
-12.77477825277426
-12.774863909843068
-12.77492699947654
-12.775009705333058
-12.775133796207687
-12.775231023431335
-12.775305783015416
-12.775388010173486
-12.775512577587488
-12.77565481115944
-12.775783058417735
-12.775877766099452
-12.775970610711964
-12.776052806521292
-12.776136203369923
-12.776188336265601
-12.776302930100291
-12.776366844765684
-12.776430286062098
-12.776556502058812
-12.776642959532765
-12.776768752424365
-12.77685288041139
-12.776955617365044
-12.777065385826386
-12.777180366721257
-12.777269170898741
-12.77736606439968
-12.777452318971122
-12.777568275192056
-12.777616108512492
-12.777782352612087
-12.777866912630785
-12.777960145152079
-12.778081568797484
-12.77818492554693
-12.778388072524466
-12.778460561606318
-12.778534752833817
-12.778621644955505
-12.778738263953224
-12.778869142946318
-12.77894018199629
-12.778985739040165
-12.779076869683328
-12.779135725321648
-12.779204285419334
-12.779290300895752
-12.779350430322664
-12.779412755822317
-12.779517706300336
-12.779584251215272
-12.779645825081339
-12.779716251174612
-12.779776712941796
-12.779893409695218
-12.77995825412001
-12.780020560345744
-12.780071380771108
-12.78012313541005
-12.780195031876428
-12.780266892316138
-12.780333485438149
-12.780396296948174
-12.780443448159744
-12.780510311932126
-12.780557220143095
-12.780595768679754
-12.780685613665568
-12.78073318970672
-12.780785337929276
-12.780832019576401
-12.780881462497902
-12.78095464635905
-12.781037801588528
-12.781120291236089
-12.781179559061169
-12.781254215000226
-12.7813096200543
-12.781363377817168
-12.78145329357226
-12.781512337099294
-12.781599973025608
