500 iters for seed 30 on 3R0.3 which is in the 20.908355712890625 percentile
 Maxcut: 20.0, MedianCut: 12.0
-12.102909903413256
-12.163984505520277
-12.196386842833721
-12.223630683215625
-12.24642105468007
-12.262435462202296
-12.28448910013445
-12.29486362187464
-12.308733003292197
-12.32059715729788
-12.331624411078685
-12.343336699464187
-12.350925629199677
-12.35738207640409
-12.363126373692625
-12.368364151827436
-12.374830881031196
-12.37819248027812
-12.38315672045883
-12.386144696482663
-12.389275339181946
-12.392897900989782
-12.396751743894855
-12.399353602437547
-12.402146885082388
-12.405298125250091
-12.407991348625075
-12.411876861624407
-12.415685921686373
-12.418769916201969
-12.423226606180144
-12.426181894089542
-12.429225803088013
-12.431629989137937
-12.433670453010233
-12.435922909293334
-12.438581227559713
-12.440617030532533
-12.442304639066084
-12.444832755785976
-12.44679010015282
-12.448710833165276
-12.450747994810826
-12.452703402526062
-12.454090764921055
-12.456206760246797
-12.457157120294758
-12.458671587375004
-12.45978452024045
-12.461759903821838
-12.462918395967666
-12.464392234972925
-12.465893078623303
-12.467782016221571
-12.46907180846318
-12.470610512378379
-12.471916135949733
-12.47343753199425
-12.474683558230202
-12.47574910936154
-12.476816806130554
-12.478136583709365
-12.478887834369486
-12.480107627670186
-12.481085021083192
-12.482451647826519
-12.483091465518573
-12.484062852337551
-12.484976956859684
-12.486046081359946
-12.486981863606035
-12.487833565414649
-12.488651350796445
-12.489582654678607
-12.490489906406424
-12.49130312956103
-12.492181008433551
-12.49323973816276
-12.494006230284908
-12.494994381803933
-12.495616304097013
-12.497167016336775
-12.498021104959856
-12.499118271942612
-12.500837673473828
-12.501915823233023
-12.503508137501605
-12.504785808050261
-12.50574810398177
-12.506683637949727
-12.507824207273428
-12.508784667352195
-12.50970111473182
-12.510543320454946
-12.511290983422938
-12.511687009530718
-12.512383511195779
-12.512733820529432
-12.513148743794364
-12.513899131873721
-12.514330600212118
-12.514889853626924
-12.515416492223169
-12.516044179849608
-12.516624545016173
-12.517350677535525
-12.517937309127648
-12.518495792888576
-12.518915745975267
-12.519792175464685
-12.520243021685566
-12.520688434455447
-12.5213999176155
-12.521583245499194
-12.522244100428967
-12.522451079501359
-12.522866599664582
-12.52333144872554
-12.523757877639762
-12.52403403985288
-12.524399337627756
-12.52465350871218
-12.525010356808991
-12.525437483939605
-12.525682692435995
-12.525928069051181
-12.526337276409528
-12.526645474708479
-12.526813477267174
-12.527079241950773
-12.527325808401521
-12.527611649239947
-12.527841180914585
-12.528110719550863
-12.528340703432615
-12.528605779913546
-12.528890846702213
-12.529141284399097
-12.529328849663038
-12.529661317540125
-12.52970355621866
-12.529977575974803
-12.530118849895608
-12.530338347460969
-12.530610209241758
-12.530734115281177
-12.53100632291839
-12.531196101552073
-12.531411545874032
-12.531573366084173
-12.5317320975082
-12.532063691696862
-12.532232916937776
-12.532380328679634
-12.532610118424707
-12.532768331406883
-12.53289921612548
-12.533214101002983
-12.533340961907445
-12.533562146213045
-12.533637392304326
-12.533956040527977
-12.534087951119771
-12.534229710360291
-12.534456369810194
-12.534634848503085
-12.534900014070235
-12.535076190138401
-12.535313027546543
-12.53536213054793
-12.535634452897442
-12.535757288716797
-12.535906928467774
-12.536089003581496
-12.536246394442989
-12.536433403613263
-12.536590561213753
-12.536745578677415
-12.536988071875875
-12.53726850305165
-12.537437526351862
-12.5376828067693
-12.53784055938699
-12.538049682121997
-12.538333727842192
-12.538500127948229
-12.538550756607787
-12.538979095566749
-12.539086982736478
-12.53927840888681
-12.53946204354363
-12.53969203981845
-12.539846772177393
-12.539986388033663
-12.540171323099681
-12.54038818332833
-12.540583031590803
-12.54078180313536
-12.540949619586499
-12.541158206499556
-12.541407690640082
-12.541615754071067
-12.541749362157386
-12.541968198375613
-12.542097290227954
-12.54222910135736
-12.54243766492252
-12.54255633697453
-12.542764689802217
-12.542903241142717
-12.543009813269716
-12.543157174160017
-12.543283926132831
-12.543463873033982
-12.543627000989332
-12.543730900818911
-12.543844862040253
-12.543941864189426
-12.544030193836301
-12.54419406406716
-12.54427967810105
-12.54437873193197
-12.54452532690151
-12.54463563487283
-12.54478357287978
-12.544960158879334
-12.545048289307783
-12.545219204076542
-12.545311782312156
-12.545454482636565
-12.545558174888809
-12.54566049185438
-12.545800385211246
-12.545980133493934
-12.546080815459062
-12.546218266489586
-12.546327794236724
-12.546499275836625
-12.546685690668765
-12.546809052992359
-12.54710751939931
-12.547231400870428
-12.547427820314844
-12.54756828170506
-12.547709106819362
-12.547843649731611
-12.547979899972178
-12.548111458041882
-12.548250403403678
-12.548395256842149
-12.548540013779872
-12.54864219132159
-12.548727274694572
-12.548804789761135
-12.548875738297568
-12.549021598954493
-12.54914946829536
-12.549244089331841
-12.549377326630495
-12.549467225897697
-12.549589861592933
-12.549706980682842
-12.549808899978611
-12.549904437460189
-12.550048692684122
-12.550164767561439
-12.550237763211825
-12.55034682165372
-12.550422279226389
-12.550517370850999
-12.550632013425826
-12.5507109484616
-12.550766425253059
-12.550877470379067
-12.550953632824285
-12.551081163037601
-12.551122152265455
-12.551259256875843
-12.551319753475415
-12.551395428222836
-12.55147324208029
-12.55156046283071
-12.551616358037494
-12.55167232275481
-12.551715449048936
-12.55177229607775
-12.551825900489554
-12.551871115277837
-12.551961948898617
-12.552003555011979
-12.552069525190293
-12.55212596807936
-12.552178034419343
-12.552236005173935
-12.552316336868
-12.552372679644925
-12.552436029561687
-12.552495520408074
-12.552554548960998
-12.552604570375635
-12.552652009694917
-12.552716891480166
-12.552766795898174
-12.552828025393152
-12.552889272881153
-12.552942385528775
-12.553041290934274
-12.55311962494122
-12.553176825623694
-12.55322676466144
-12.553275527640457
-12.553367923847475
-12.553451303786364
-12.553530867233013
-12.55359410546711
-12.553650047323067
-12.553727286718306
-12.553790205952382
-12.553847708434187
-12.553946624497092
-12.554013127743776
-12.554070806251744
-12.554130041091813
-12.554180659861384
-12.554253027883611
-12.554311574134676
-12.55435555084972
-12.554405333539167
-12.55445156463011
-12.554498977204652
-12.554561161685314
-12.554606230633924
-12.55465517370387
-12.554710907563834
-12.55474952273909
-12.554795411092707
-12.554906165836556
-12.554951171048515
-12.555003935874833
-12.55507532147836
-12.555119085044291
-12.555172436223563
-12.55522102248095
-12.555266079033917
-12.555277332916125
-12.555344341472555
-12.55537097440591
-12.555408934595352
-12.555466805196504
-12.5555112062837
-12.555585701227256
-12.555636182261026
-12.555692529590925
-12.55574754243572
-12.555815704696231
-12.555868903828294
-12.555930739407705
-12.555973187903179
-12.556039399859458
-12.55608144190499
-12.55615234171276
-12.556203900678392
-12.556248672748952
-12.556334547685394
-12.556379296836122
-12.55644329073826
-12.55648948203803
-12.55654202789907
-12.556593617634238
-12.556643846491653
-12.556696275813463
-12.556730110576984
-12.556756224050051
-12.556803345434021
-12.556817832915053
-12.556855682595854
-12.55688252092552
-12.556909176634782
-12.556955977832272
-12.556986160507229
-12.557045280884065
-12.557086141576644
-12.557132879034137
-12.557167794707322
-12.557191553035262
-12.557239056874499
-12.557267054112167
-12.557299152186483
-12.557344137256683
-12.557372618757206
-12.557404692100718
-12.557438005243378
-12.55747482324363
-12.557493191434723
-12.557549350243466
-12.557573682585414
-12.557606776559686
-12.55764842275414
-12.557682039460792
-12.557711553158242
-12.557748238392547
-12.557781661457712
-12.557826676758562
-12.557866189364972
-12.557895662922313
-12.557923491305326
-12.557953138229415
-12.557982581129744
-12.558006933052093
-12.558025637503505
-12.558054090817437
-12.558084114712877
-12.558101779309174
-12.558132130343424
-12.558142430916108
-12.55817480880679
-12.55819234792321
-12.55820766434942
-12.558233829438322
-12.558240053652545
-12.558288265893903
-12.558302072448503
-12.55832323272576
-12.558340634678615
-12.558361378711883
-12.55838054675259
-12.5584056802001
-12.558423991896909
-12.558458544315386
-12.558481728826937
-12.558504739411363
-12.558535605099259
-12.558570749372464
-12.558593364663414
-12.558621526165782
-12.55863916982026
-12.558668305061785
-12.558695406352511
-12.558717461151737
-12.558738105903895
-12.558775727703846
-12.558797816028317
-12.558821663378703
-12.55885787813481
-12.558881324662288
-12.558907009323963
-12.558926505540786
-12.558953922875038
-12.55897823325857
-12.559010889640813
-12.559029339410896
-12.559053137264085
-12.559071028917623
-12.559095902985309
-12.559122420123003
-12.559139635118703
-12.559179108197185
-12.55919468690697
-12.559218129952308
-12.559238316516254
-12.559264402289308
-12.559289802872495
-12.559314774901585
-12.559342967355256
-12.559360937003177
-12.559379671433113
-12.559411454162273
-12.559427125033263
-12.559445143024547
-12.559494389149453
-12.559511382210355
-12.559538055831592
-12.55956805578449
-12.559597248030373
-12.559643716740398
-12.559661066563766
-12.559682983729836
-12.559715278115736
-12.559739954387009
-12.559762032128734
-12.559795906310327
-12.559822162761504
-12.559844975942461
-12.55986382439783
-12.559882194700096
-12.559911257985789
-12.559937854335761
-12.559963218153301
-12.559982946672214
-12.560006609055476
-12.560024545097262
-12.560043057692068
-12.560063693321194
-12.560080885359834
-12.560096908137929
-12.560120191512755
-12.5601315257604
-12.560147744888937
-12.560156292680208
-12.560180817769474
