500 iters for seed 53 on 3R0.3 which is in the 94.70596313476562 percentile
 Maxcut: 21.0, MedianCut: 12.0
-11.999806039852544
-12.052271190561624
-12.104558096909784
-12.151303404671348
-12.175506623089815
-12.229151188753624
-12.248962170464871
-12.275075004189661
-12.289428296660372
-12.30548515510774
-12.3149766111211
-12.325927011643804
-12.33785360039302
-12.34590715006276
-12.354078229324205
-12.36146233687603
-12.369424855797678
-12.374359389679851
-12.38234726442004
-12.386958696722516
-12.392370306604835
-12.396765718574144
-12.400855385733307
-12.405934472655693
-12.410468687285048
-12.414464081354668
-12.419544287041916
-12.422846225191547
-12.427229847279717
-12.429785969603367
-12.43284257337138
-12.434993112260956
-12.437039762208135
-12.439819214971447
-12.441551203095717
-12.443400487386496
-12.44549394983312
-12.447638965880962
-12.449144889596148
-12.451701735407823
-12.453202256165344
-12.455062869087687
-12.45795498420941
-12.45928407622257
-12.461013882304245
-12.462316593744221
-12.463204482981512
-12.46425412145512
-12.465814321398529
-12.466668520834979
-12.468289114861399
-12.469335148832137
-12.47067749977041
-12.471596528135489
-12.472426286700477
-12.473471223401516
-12.474532161709721
-12.475253624719908
-12.476370720901095
-12.477078795277976
-12.477962030820049
-12.47870684502926
-12.479217590570288
-12.480096538964522
-12.480915861780161
-12.481702128207486
-12.482484520766075
-12.483283217935565
-12.484099754002328
-12.484729036017185
-12.485247692466949
-12.486309434064337
-12.486690257655196
-12.487254961384268
-12.487946820429475
-12.488551605208336
-12.48901751952167
-12.489436764883605
-12.490027049123523
-12.490680631806208
-12.491213747302462
-12.491554002851778
-12.491987344776815
-12.492413819486265
-12.492993272764092
-12.493312856085149
-12.493749585131303
-12.494271702898407
-12.49454755402615
-12.49510411764981
-12.49536905272929
-12.49576991314356
-12.496269075623204
-12.496799835524916
-12.497221637011494
-12.497711495382106
-12.49841393262802
-12.499021057542517
-12.49938941607691
-12.499817108911357
-12.50017730444624
-12.500575686091722
-12.50094227603526
-12.501270990506448
-12.501496195093269
-12.501817111266906
-12.502075037275436
-12.502279554963224
-12.502710236132959
-12.502940649464087
-12.50322010245542
-12.503503765961739
-12.503732654585601
-12.50405409875797
-12.504332985077724
-12.504608444518658
-12.50482620976347
-12.50502074751078
-12.50516094302171
-12.505331671589905
-12.50543025386765
-12.505647085251228
-12.50589705614376
-12.506010207622024
-12.506251597187704
-12.506367415849116
-12.506588404536046
-12.50685505872819
-12.507103471861853
-12.50730868510598
-12.507499243028814
-12.5076468795864
-12.507854518081071
-12.508075356809178
-12.508264956677987
-12.50848673609547
-12.508711773466924
-12.50897057927347
-12.509118108254018
-12.50925504854116
-12.509444545174771
-12.509589820201088
-12.509737866620927
-12.509907079228727
-12.510032603875528
-12.51015770574181
-12.51034044751218
-12.510511097750927
-12.51068170238552
-12.510825682816503
-12.511059468191384
-12.51129157118531
-12.511489739625477
-12.511730516918995
-12.511975366605709
-12.512200869000544
-12.512501037940023
-12.512764171564015
-12.513162781425532
-12.513343141582071
-12.513585047976882
-12.513769283941178
-12.514038810910463
-12.514375974979366
-12.514586871303983
-12.514802941502946
-12.514998504630608
-12.51517228519872
-12.515434178399035
-12.51571682392991
-12.515960662694884
-12.516201232153035
-12.516415624095362
-12.51661450830936
-12.516830203930704
-12.51694605264797
-12.51712743182583
-12.517284617025014
-12.517505166062953
-12.517654840625504
-12.517838136416335
-12.517933543862648
-12.518219722114402
-12.51835395919634
-12.518493713993347
-12.518680569812961
-12.51876076476897
-12.51894224175646
-12.519018930502957
-12.519242507210071
-12.519316660064078
-12.519448487456378
-12.519532640536175
-12.519618212499587
-12.519757360296595
-12.519900504517604
-12.520022271760446
-12.520177095181998
-12.520311194735548
-12.520471688309721
-12.520618365838533
-12.520727779504082
-12.520863496969067
-12.521030905507015
-12.52118945909389
-12.521309298020686
-12.521491563681007
-12.521637164952207
-12.521839667937673
-12.521919127712785
-12.522060306880604
-12.522151673841636
-12.522296826654719
-12.52248683379797
-12.522603794792325
-12.522725325340817
-12.522841709574621
-12.522965408600124
-12.523119194605295
-12.523278596095741
-12.523432707158051
-12.523573919355979
-12.52373532957128
-12.523904437274576
-12.524087126059953
-12.524254908972209
-12.524480206474475
-12.524670782012478
-12.52481954459622
-12.525047643175057
-12.525262815901767
-12.525515160426895
-12.525780971556365
-12.5260429835796
-12.52622367463059
-12.52639242220911
-12.526583078220224
-12.526812648377952
-12.527005503951873
-12.527127274443352
-12.52723465299821
-12.527435161111109
-12.527636400396268
-12.527776202903564
-12.527948883520413
-12.528095371569826
-12.52829557763684
-12.528452339484947
-12.528556772725915
-12.52875022916549
-12.528953293728893
-12.529107277928247
-12.529240975631682
-12.529419779178014
-12.529524947096109
-12.529696360537729
-12.529854404635842
-12.530192289410719
-12.530347372615037
-12.530519954822534
-12.53069138431475
-12.530846353575756
-12.531039796681078
-12.531218606020044
-12.531352344334211
-12.531486226120556
-12.531557971984538
-12.531775351002757
-12.531868131916529
-12.531955352759237
-12.532120783331123
-12.532248684500079
-12.532452455975754
-12.532531303515425
-12.53266531734124
-12.532777731784018
-12.532906208356074
-12.533022922574894
-12.533128077007003
-12.533231180696768
-12.533393110559144
-12.533484705106456
-12.533567172474251
-12.533632901492673
-12.533757743229838
-12.533830427903561
-12.533932500825335
-12.534005873897826
-12.534074966495606
-12.534161391784295
-12.534250607830106
-12.534370624493146
-12.534459897695779
-12.534523162029977
-12.53466805358887
-12.534744366812285
-12.534831206807873
-12.534942982451527
-12.53500283412927
-12.535072448705087
-12.535163727927085
-12.535221412570081
-12.535271402630013
-12.535363580511675
-12.535422186280888
-12.53546353549211
-12.535603515615454
-12.535648058234665
-12.535739489672702
-12.53584750071635
-12.535947704102863
-12.53602097005989
-12.536097748562383
-12.53617507464191
-12.536270802487481
-12.536341717948824
-12.53639045636551
-12.536463433102385
-12.536543945510306
-12.536636999623873
-12.536701687058223
-12.53677360693112
-12.53684211446216
-12.536928966067642
-12.536997432584936
-12.53707394922889
-12.537158458661215
-12.537244700736757
-12.537316376865773
-12.537368967966643
-12.537429062174935
-12.53752168750906
-12.537581034905955
-12.537651239744276
-12.537731965752645
-12.537791772522336
-12.537878051546516
-12.537948007122697
-12.538018163223171
-12.538085257501427
-12.53815719777846
-12.53824944575616
-12.538336772342623
-12.538393508289616
-12.538447610341017
-12.538523374952375
-12.538607475700235
-12.53867191268036
-12.53873463038375
-12.538780940433858
-12.538839955375286
-12.538902635938506
-12.53895405527631
-12.53900876304387
-12.539057478713202
-12.539120116745941
-12.539206524735507
-12.539252846190902
-12.539313887898732
-12.539355616603672
-12.539411173081158
-12.53947769411209
-12.539529630844012
-12.539640905583132
-12.539657723877923
-12.539779962793187
-12.539822065086106
-12.539884697887915
-12.539984064645406
-12.540123285319579
-12.54024812914727
-12.540326178638768
-12.540408466026921
-12.54046263252471
-12.540546951478136
-12.540649216028845
-12.540698672823778
-12.540795039530607
-12.540913300893363
-12.540973714977127
-12.541071821872292
-12.541150453700553
-12.54123223845398
-12.541338115325209
-12.541420021513431
-12.541523541045361
-12.541604055558425
-12.54168143810079
-12.54178866867231
-12.54186180411645
-12.54196751443856
-12.542044140961401
-12.542131751329784
-12.542192270342216
-12.542330187425849
-12.542392321666949
-12.542467992053668
-12.5426115930819
-12.542702496262056
-12.542813119975403
-12.542887229356472
-12.542962807127836
-12.54304324002669
-12.543124756864835
-12.543206381860372
-12.543274955662593
-12.543334222605075
-12.543429996529463
-12.543475585329748
-12.5435500476546
-12.543636359946104
-12.543725848914319
-12.54380570548182
-12.543881120169239
-12.543957808707386
-12.544023794267119
-12.544104637050829
-12.544178693318955
-12.544238777497458
-12.544297571439973
-12.544363629293215
-12.544469136384455
-12.544514634470145
-12.5446310331154
-12.544685899315995
-12.544758312202939
-12.544783257667788
-12.544879311009105
-12.544930669719708
-12.544993646959536
-12.545100118441328
-12.54514445440314
-12.5452490167995
-12.545313490952669
-12.545393276019833
-12.545459798174736
-12.545506219303187
-12.54559033015991
-12.545636561118252
-12.545714793655051
-12.545765020138907
-12.545814109797563
-12.545901170806241
-12.545954740290261
-12.546016709384178
-12.546068307104116
-12.546114463376558
-12.546164738519522
-12.546222760719171
-12.546277368826852
-12.546332028714344
-12.54637676568827
-12.546434957646866
-12.546475325449556
-12.546526019245723
-12.546596753661255
-12.546619141562157
-12.546665485815273
-12.546700353831467
-12.54674325052811
-12.546796812542713
-12.54683301374487
-12.546880007621118
-12.546905824500833
-12.546934170742873
-12.546981108826808
-12.547014408698722
-12.547042101966703
-12.547071704973582
-12.547108196058907
-12.547150369897832
-12.547204825382087
-12.547239320864673
-12.547277321790203
-12.547294315534618
-12.547352372963365
-12.54737418001801
-12.547396123270477
-12.547432051653498
-12.547480962464885
-12.54752384219318
-12.547551783877976
-12.547599897985641
-12.547628862211221
-12.547671272096405
-12.547724440881442
-12.547757966011439
-12.547798320000231
-12.547857271080241
-12.547884399721477
-12.547910473119181
-12.54794403206019
-12.547980151262367
-12.548025486544653
-12.548046343812594
-12.548086182220906
-12.548123387731117
-12.548168842117501
-12.548205348966754
-12.548238807616821
