500 iters for seed 96 on 3R0.3 which is in the 94.81430053710938 percentile
 Maxcut: 20.0, MedianCut: 12.0
-12.102358849159497
-12.249855341279783
-12.283013813719922
-12.336224757763652
-12.379579311038194
-12.404878283331467
-12.433970390132934
-12.462302643197507
-12.48077432397194
-12.49812521645181
-12.510319186697956
-12.522099933412619
-12.532928184685641
-12.54327241798125
-12.55578450513789
-12.56692002476805
-12.576903943991212
-12.585071323369272
-12.59132258038751
-12.596417843373214
-12.601054675992994
-12.606262482267965
-12.610013443059344
-12.614486697825175
-12.618678350118808
-12.621851424619695
-12.625176763354105
-12.627740793133578
-12.62980666485694
-12.63278946486148
-12.634970603905666
-12.637266548015873
-12.639716520577451
-12.641917946888427
-12.644868594892587
-12.648160729380619
-12.65077615035408
-12.654341977744492
-12.656507466654348
-12.660232877073136
-12.662533550846522
-12.664963838593106
-12.666611681403657
-12.669761083724719
-12.671324416701964
-12.673125572352152
-12.674865576107843
-12.677258980067904
-12.678921875185074
-12.680946992794404
-12.682604732108219
-12.68446413837987
-12.685598873806555
-12.68690924097092
-12.68852860947975
-12.690018313868894
-12.691156699803408
-12.692543476737844
-12.693503232864451
-12.694569077096324
-12.69603586766988
-12.6968549244338
-12.698254675772152
-12.699157589388438
-12.70055088881891
-12.701789591550012
-12.702993082099308
-12.704502846508952
-12.706157227430941
-12.707189515946986
-12.708513460121655
-12.709744711743355
-12.711077254028979
-12.712222577482358
-12.713131971652869
-12.714121704882551
-12.715276740857579
-12.716257719981456
-12.717240826656312
-12.718712760937674
-12.719931561411771
-12.72133463305924
-12.722668383011497
-12.72361004995287
-12.7248637254389
-12.725995515903808
-12.72708735341535
-12.7280038207066
-12.729041190554355
-12.730067156919182
-12.73109765410624
-12.73223284279074
-12.733258945896928
-12.73433946589649
-12.73541707309223
-12.736216394631793
-12.736948488226934
-12.737870118395254
-12.738602946282509
-12.73958770525883
-12.74053031781769
-12.741354923571315
-12.741957191340703
-12.743004471659278
-12.743282977846418
-12.7442511532768
-12.744700430929893
-12.745268170455146
-12.746142749522074
-12.746665878312474
-12.747710246701786
-12.748194408963286
-12.748934509295035
-12.749691618017998
-12.750691479871367
-12.751287137508934
-12.752018091819393
-12.75238100133571
-12.753081190311493
-12.753500175671087
-12.753876279609429
-12.754548781692758
-12.754883660653087
-12.755295869704423
-12.755617758692573
-12.7560541109835
-12.756353947907689
-12.756911982610546
-12.757301553121904
-12.757652219815455
-12.758399236690646
-12.758799310765475
-12.7594739532613
-12.759983973920027
-12.760418426331407
-12.760823070245118
-12.761249225280498
-12.761748232284774
-12.762119556631324
-12.762493409319424
-12.763025007359584
-12.763423252796528
-12.763870422004068
-12.764372890631941
-12.764731790879152
-12.765326875422614
-12.765909255230046
-12.766366834594074
-12.767096507138016
-12.767603706901944
-12.76823478130509
-12.768855621608894
-12.769285496922961
-12.769734014689577
-12.770573577148163
-12.770924072894177
-12.771472785830547
-12.771964049087915
-12.772589717882454
-12.77301750596475
-12.77342910051659
-12.773845832000214
-12.77432120640067
-12.774701459150984
-12.77509591681341
-12.775512359715265
-12.775871814373701
-12.776245371929056
-12.77654041565237
-12.776934665266188
-12.777311944915688
-12.777698162098307
-12.778005849954402
-12.778401381076865
-12.77847737440809
-12.77901878152854
-12.779231375832271
-12.779538860486305
-12.779931750043783
-12.78031385190078
-12.780642665154803
-12.780925434641826
-12.781173231729102
-12.781495255066838
-12.781739073803152
-12.781952793590886
-12.782170016473993
-12.782363172450768
-12.782571412961506
-12.782688350342326
-12.782852282095948
-12.782900576628064
-12.783141149708246
-12.783224696355427
-12.783351636172377
-12.783547034910924
-12.783650762186848
-12.783862899578448
-12.783955684010303
-12.784085569965956
-12.784280695873875
-12.784400606830458
-12.784562423250676
-12.784677792209331
-12.784803143953123
-12.784930949142046
-12.785100279287814
-12.785221741110176
-12.78532422563705
-12.785507409484781
-12.785673573171
-12.78579241569582
-12.785997768606334
-12.786143141779766
-12.786309984734118
-12.78657838410595
-12.786704176217862
-12.786852939342165
-12.787158824341843
-12.787316440428196
-12.78757914119414
-12.787768030982651
-12.787974354421685
-12.788093071075746
-12.788265931935838
-12.788399971224361
-12.788577810891146
-12.788701589826562
-12.788820353613355
-12.78903767193593
-12.78915689413413
-12.789324151670028
-12.789416412475548
-12.789513113510635
-12.789575076595433
-12.789730979598893
-12.789789292086283
-12.789866357784756
-12.789986526312092
-12.79000406307298
-12.790176579859969
-12.790223214592556
-12.790306434789825
-12.790411210613614
-12.790509882643926
-12.790581037655901
-12.790664887805056
-12.790727383508035
-12.790820953835631
-12.790914226381249
-12.790998157483608
-12.791057641509362
-12.791182006068114
-12.791257241445514
-12.791339224810013
-12.791426605303862
-12.791518997195471
-12.791667302158952
-12.791796371084954
-12.791893912236992
-12.791983064920178
-12.79204437999455
-12.792136810382944
-12.79221955595342
-12.79232318656987
-12.792382163157964
-12.792495961564041
-12.792515621324222
-12.792654836194478
-12.792722535632013
-12.79281736390971
-12.792942719724856
-12.793031896787426
-12.793166657072389
-12.793262454066442
-12.793370953498856
-12.79347187906926
-12.793566610203237
-12.793682913094779
-12.793740160771753
-12.793804479865893
-12.793946663761451
-12.793995766562354
-12.794038931664758
-12.794145423937888
-12.794190548180207
-12.794249744849651
-12.794338134870323
-12.794398739349898
-12.794500141987845
-12.794597642399772
-12.794666220519508
-12.794741653327435
-12.794815854111064
-12.794927696273405
-12.795009309480104
-12.795086782052639
-12.795181906699469
-12.795260073658639
-12.795338891319199
-12.795423297156571
-12.795489469260705
-12.795601973244517
-12.795676894471683
-12.79575091623575
-12.795829024883037
-12.795898479783869
-12.795990283800894
-12.796074006300582
-12.796144613936415
-12.796228051253216
-12.79630647904919
-12.796378827920073
-12.79644990105531
-12.796509504067004
-12.79659586617386
-12.796679238700506
-12.796735501827692
-12.796827710122091
-12.796887749017088
-12.796968440308056
-12.797049173388261
-12.797107889419038
-12.797180603559895
-12.797277921346934
-12.797325638172895
-12.797410323789224
-12.797456608501266
-12.79751588477044
-12.797585436270149
-12.797630934945275
-12.797687357957273
-12.797775584561885
-12.797824186342147
-12.797891171147617
-12.797945842638297
-12.798006066379871
-12.798100427760446
-12.798198440010912
-12.79827444834033
-12.798362683039482
-12.798416387414857
-12.798473736463148
-12.798565060229162
-12.798602116968521
-12.798641361617433
-12.798762973592314
-12.79880883400955
-12.798863249963155
-12.798958054373966
-12.799004498251593
-12.79909805983674
-12.799203881562244
-12.799263856708523
-12.799343899634252
-12.799404663692082
-12.799478243426076
-12.799569654230275
-12.799619967101716
-12.79967074043278
-12.799758784740693
-12.799788460815945
-12.799857653220672
-12.799880372551225
-12.799962714090688
-12.800001090365457
-12.800040149702603
-12.800098415422815
-12.800120262564983
-12.80023040466269
-12.800268224718524
-12.800313678054621
-12.800371549566172
-12.80038521829478
-12.800483201135991
-12.80051271471519
-12.80056614322457
-12.800599462260243
-12.80066606215995
-12.80070419820812
-12.800743810559764
-12.8008033058297
-12.800840014071557
-12.800894065591503
-12.800931699303009
-12.80098252680503
-12.801024252244128
-12.801070464453694
-12.801124443848352
-12.801164945168857
-12.801221606261596
-12.80129719923706
-12.801335547029954
-12.801385969878147
-12.80143052632543
-12.801486330618246
-12.801529177856303
-12.801564190076492
-12.801641486423332
-12.801681836198286
-12.801723904490487
-12.801765489759386
-12.801810253879697
-12.80185967717215
-12.801903215533166
-12.80194905916471
-12.80197879911962
-12.802016814363295
-12.802062060670398
-12.802093549993678
-12.802118619909422
-12.802170908192618
-12.802195903391496
-12.802226056298212
-12.802274218470384
-12.802306711238977
-12.802365098678631
-12.802429640007281
-12.802466203418813
-12.802514211129594
-12.802540108648577
-12.80257200647747
-12.802616376456122
-12.802641961259301
-12.80269545575421
-12.802738705137847
-12.802763860858853
-12.802792353936706
-12.80282472623804
-12.802875524804055
-12.802919824586938
-12.802954885163764
-12.80300579541087
-12.80304424150131
-12.803095849761426
-12.803143155595665
-12.803187079717821
-12.80323950870447
-12.803276062686969
-12.803312962425755
-12.80334177779911
-12.803370457462012
-12.803401599884934
-12.803436027343881
-12.803469258079332
-12.803500187971373
-12.803535566294915
-12.803568091261553
-12.803594918607734
-12.80362521512462
-12.803655252077123
-12.803689437866174
-12.803711519557753
-12.80373504288262
-12.803750278453983
-12.803802797708133
-12.803822773803823
-12.803849762466019
-12.803890189532794
-12.803916929518527
-12.803962115942582
-12.803995615297337
-12.80404561653212
-12.804077059664772
-12.804113334423862
-12.804147191151785
-12.804172653238847
-12.80421226352833
-12.804250955934906
-12.804279436314323
-12.804320778650306
-12.804353394513367
-12.804406331079216
-12.804443197749618
-12.804476432823433
-12.804545814111869
-12.804587728496951
-12.804644149630539
-12.804685844772173
-12.804728314875401
-12.80476848266564
-12.804804889925384
-12.804850471936009
-12.804885521335345
-12.804925923007128
-12.804968958427875
-12.805007879234822
-12.805032116982524
-12.805082736468115
-12.805101152245902
-12.805142523103875
-12.805180756222033
-12.805214604799637
-12.805276660984106
-12.80531200553221
-12.80535741316184
-12.805391601264205
-12.80543344825031
-12.80547394786063
-12.805513566406054
