500 iters for seed 21 on ER0.3 which is in the 69.79293823242188 percentile
 Maxcut: 25.0, MedianCut: 16.0
-15.5772000647065
-15.722044542266248
-15.776802195433923
-15.82070148996246
-15.868425055292374
-15.908419072251128
-15.935033284340353
-15.960877020454873
-15.985236738543739
-16.007366849514014
-16.02543066617467
-16.039930834897575
-16.054108728838962
-16.06398408591468
-16.072166749327437
-16.07985249453351
-16.086646984762833
-16.09291590446024
-16.09895969171115
-16.10317165715916
-16.107020998594336
-16.111909950070686
-16.11658155042023
-16.120940722744958
-16.12451015543109
-16.127435176048287
-16.130427261353542
-16.13367211762338
-16.137683399144706
-16.140654738689054
-16.146304081528807
-16.150153183631836
-16.15464720566579
-16.15927522959283
-16.163948261297037
-16.167647974434363
-16.170401831573333
-16.173465444856248
-16.176953975535515
-16.18028030653203
-16.182786703361927
-16.185473862933296
-16.18865891053401
-16.191527813730314
-16.194765592146794
-16.197660901031828
-16.200236379410914
-16.202952444002314
-16.205447012715467
-16.207200238690348
-16.20850126964787
-16.210232594495665
-16.21160822577006
-16.212897314192297
-16.213854273312343
-16.21472337706157
-16.215533963288852
-16.21643361093458
-16.217216955056152
-16.217915241652854
-16.218600885632682
-16.219623897658913
-16.220223153717335
-16.221099292976227
-16.22176279436138
-16.222451944892953
-16.22286551713716
-16.223755649763294
-16.224158149011362
-16.224612776079834
-16.225233278394988
-16.22581241946188
-16.226273823585807
-16.22700419747524
-16.22755928663084
-16.228364468313284
-16.229196790984396
-16.229999086479694
-16.23070676710676
-16.23148636412278
-16.232317942255126
-16.233096557777195
-16.233788961703198
-16.23472065109143
-16.23536381274491
-16.236163297559575
-16.237526937463386
-16.2381482742248
-16.238832001416146
-16.239528579791248
-16.24004473798756
-16.240489722506936
-16.241132745384437
-16.24138094688994
-16.241788286869653
-16.24209872579514
-16.24254318699369
-16.24288454147385
-16.243214328151666
-16.243346268969336
-16.243923353136523
-16.244115163376375
-16.244373399071222
-16.244743248062086
-16.244993888150265
-16.245326912514166
-16.24555070830698
-16.24581346972944
-16.246030590201553
-16.246215349901643
-16.246468920172475
-16.246646198050666
-16.246923307675864
-16.247077447330327
-16.247246499711245
-16.247410535010516
-16.247559762908715
-16.2476196711508
-16.247855437359654
-16.247928543977416
-16.248041557548035
-16.2480882326538
-16.248214542014278
-16.248286196960247
-16.248350064378812
-16.24846094429773
-16.248522391794587
-16.248684068378495
-16.24873215738746
-16.24878663043958
-16.248838174387668
-16.24889430373052
-16.248976140269793
-16.249022881970184
-16.249109368354844
-16.249236608411
-16.24929304455815
-16.249409219983196
-16.249494673547982
-16.249611811267634
-16.249763950404073
-16.24988433004544
-16.250238842775317
-16.250364431691768
-16.250615128479343
-16.25085456997682
-16.251050049094438
-16.251280979280487
-16.251626761127017
-16.25184146389097
-16.252042406516612
-16.252366322857814
-16.252607829181663
-16.252886844814025
-16.25322655119884
-16.25347779059249
-16.253767444363056
-16.254006042109012
-16.254288441845713
-16.254494239879776
-16.2547587253732
-16.25519511014718
-16.255354048315183
-16.255721394996847
-16.255860424990864
-16.256035242893283
-16.256351242886762
-16.256509188795057
-16.25678514792226
-16.256979359022903
-16.257107136846457
-16.257291768947677
-16.25740174982561
-16.25754107673331
-16.25772375822733
-16.257829766192536
-16.258029935090182
-16.258138884831776
-16.258257612226796
-16.25836182569209
-16.258478690399023
-16.258608320476267
-16.258722841178372
-16.258851809675757
-16.258964495508295
-16.259072702083387
-16.259197937082515
-16.259265396991825
-16.259348044554322
-16.259459366078488
-16.259525712384644
-16.25967716409287
-16.259725161272964
-16.25984523468047
-16.25989603711283
-16.25997988264075
-16.260033735193915
-16.260148820205586
-16.260217362305784
-16.26029142552749
-16.26042094634434
-16.26048476450171
-16.2606143734585
-16.260709549407764
-16.260826175583375
-16.260922862093157
-16.261019718599794
-16.26113351681486
-16.26120502142002
-16.261288889481516
-16.261397216034876
-16.26145587529149
-16.26152329329393
-16.26159864691785
-16.261656629188924
-16.261706722266364
-16.261822422935197
-16.261882445424984
-16.261958132740645
-16.262056256825765
-16.262180188891044
-16.262286015435613
-16.262404576334795
-16.262502699610575
-16.26261488209128
-16.26271122095126
-16.262808256055283
-16.262900919719527
-16.262976969422652
-16.263089771934315
-16.26311397573122
-16.26323595060153
-16.263304393959135
-16.2633753168701
-16.263466382355546
-16.263568298471952
-16.263711050884474
-16.263763164338414
-16.26382523789806
-16.2638863336703
-16.26397485653805
-16.264060010849928
-16.26412948224879
-16.264179498075077
-16.26425708760008
-16.26431930160767
-16.264406438834435
-16.26447876691817
-16.26453483230186
-16.264660640632542
-16.264706231554566
-16.264789731540723
-16.26485844334271
-16.264917261672593
-16.26497047777446
-16.265020948279236
-16.265076450001484
-16.265130302770963
-16.26518207967786
-16.26523733143503
-16.265292376066313
-16.26532293012518
-16.265388196871108
-16.2654152204864
-16.265447627234188
-16.265504323168877
-16.26552517832146
-16.265593987071405
-16.265619095275824
-16.26565733786507
-16.265686290794324
-16.265731342221642
-16.265762904049208
-16.265788378815436
-16.26583671904308
-16.265862382319238
-16.265899817557553
-16.265935056275683
-16.265971795079434
-16.265995609401628
-16.266036155547447
-16.26605634302601
-16.26608132549609
-16.266110802431434
-16.266142925412186
-16.266166863812945
-16.266191368959298
-16.266209374922536
-16.266231344326805
-16.26625765421525
-16.26627315330859
-16.26629134182142
-16.266317641975352
-16.266335052796702
-16.26636081164045
-16.266374819067874
-16.26640089259977
-16.266418167364222
-16.2664346871831
-16.266464973262085
-16.266483962255577
-16.266509986549472
-16.266529701053432
-16.26655046283524
-16.266571526406388
-16.26659126519991
-16.266613688575607
-16.266628600012815
-16.266652974601243
-16.266677624232436
-16.266706829063505
-16.26672031812266
-16.266739919103784
-16.266758297063255
-16.266777675629097
-16.266795520952872
-16.266806179376513
-16.266822831123882
-16.266842625802983
-16.26685898408886
-16.266872411140994
-16.266890090600533
-16.266905301887178
-16.266915645165405
-16.26694091912313
-16.26695070386691
-16.2669663280751
-16.266978354327883
-16.26699593385062
-16.267007762915924
-16.267019306660192
-16.267032543190492
-16.267046970639623
-16.267060922324855
-16.26707170137896
-16.267083263023874
-16.26709333584636
-16.267108201722557
-16.26711614082242
-16.267123865763708
-16.267133638695277
-16.267140939261097
-16.267159055422518
-16.267167029344215
-16.2671751527072
-16.267180864519766
-16.267187456079416
-16.267196092891677
-16.267201048948724
-16.267208865354913
-16.26721258707255
-16.26721997415151
-16.267228694077836
-16.26723621052625
-16.26724353288793
-16.267250607518648
-16.267257751756574
-16.267263927688152
-16.267275767725867
-16.26728059699572
-16.26728718064049
-16.26729134514876
-16.267302536223742
-16.26730823582416
-16.26731337959077
-16.26732206226467
-16.2673283055453
-16.26733860052021
-16.26734426458286
-16.26735097041754
-16.267355323765596
-16.267359804883192
-16.267365338581484
-16.267368804703366
-16.267374308222536
-16.267378753758535
-16.2673835780319
-16.26738763771273
-16.267392084121116
-16.26739756338808
-16.26740176192741
-16.267404677723693
-16.267409792730856
-16.267412882866047
-16.267416039045475
-16.267419733198125
-16.267423238282245
-16.267425084125332
-16.267431166340295
-16.267433452245232
-16.2674383326051
-16.26744304008946
-16.26744612358877
-16.26745161553915
-16.26745492951713
-16.267460557228784
-16.267464664723214
-16.267469123714584
-16.267472972811806
-16.26747547705481
-16.267478427943793
-16.26748129091879
-16.267485034232102
-16.267490362467587
-16.267493354541795
-16.26749555513748
-16.267498574025417
-16.26750120909493
-16.267504338008006
-16.267507634492585
-16.2675098186327
-16.267512649814037
-16.267515181304894
-16.267517611747827
-16.267519147057047
-16.267521449557364
-16.26752381825458
-16.267525819187362
-16.267528665349893
-16.267530996840904
-16.267534249186063
-16.267536027652714
-16.26753853663333
-16.26753941379558
-16.267543052961965
-16.26754466813006
-16.267546787397364
-16.267550441047085
-16.267552911011677
-16.26755606416866
-16.267558065124366
-16.26756032597692
-16.267562658590926
-16.267565336012645
-16.267567141758292
-16.26756892352816
-16.267570736992884
-16.267572830036222
-16.26757556299807
-16.267577348242344
-16.26757938651641
-16.267580906308623
-16.267582750235782
-16.267584265552586
-16.267586337734627
-16.267587557070996
-16.26758867480121
-16.26758977666169
-16.26759114991883
-16.26759260962462
-16.267593374114444
-16.267595131259434
-16.267596089042527
-16.267597229419366
-16.2675986880371
-16.26759961691435
-16.267600837383746
-16.267602355000633
-16.267603344381428
-16.267604211849562
-16.26760619379418
-16.267607308178064
-16.267608683488312
-16.267611054126238
-16.26761291861065
-16.26761595481962
-16.267618037550207
-16.26762044056423
-16.26762268686489
-16.267624865778174
-16.267626954568254
-16.267628889530425
-16.26763027662466
-16.267632635565754
-16.26763435567749
-16.267636929975566
-16.267638957357352
-16.26764047388949
-16.26764317170379
-16.267645489933987
-16.267648171940337
-16.267650248649016
-16.267652299449395
-16.267653936556574
-16.267656944506747
-16.2676585430175
-16.267660053483233
-16.26766267008725
-16.267665398963263
-16.267667971210592
-16.267670074818888
-16.267672130987776
-16.267674611718167
-16.26767767084769
-16.267680018045393
-16.26768195621667
-16.26768609085899
-16.26768872707126
-16.267691273183065
-16.267693641045298
