500 iters for seed 43 on ER0.3 which is in the 55.367279052734375 percentile
 Maxcut: 28.0, MedianCut: 18.0
-17.481019271673357
-17.486364390333023
-17.51500494996214
-17.59951453388906
-17.636967627111318
-17.684367189308823
-17.739071472360116
-17.792486544862264
-17.80068624613119
-17.862177139542275
-17.86922318528989
-17.9069285399707
-17.922054597711167
-17.93848352174354
-17.951577221000306
-17.967501593675184
-17.978117660571954
-17.98847672398538
-17.998354281990714
-18.00784242560263
-18.01713756299825
-18.024271236780553
-18.031875031326535
-18.037798287622365
-18.04424795408969
-18.050366265948558
-18.05640275036325
-18.061622377869636
-18.06664984387546
-18.069779952925515
-18.072985336476545
-18.075967923230692
-18.078448310827625
-18.0805771209997
-18.082160249466025
-18.083818379211237
-18.08568632966155
-18.08743248005541
-18.08889309181213
-18.09024191754782
-18.091709608424125
-18.09302202971606
-18.09430914558746
-18.095394768350644
-18.096527531178857
-18.097672464960574
-18.098882322343215
-18.100290535179813
-18.101558331504513
-18.102819104854156
-18.104051276722295
-18.105698722597626
-18.10699280631862
-18.108860476965297
-18.110552764002062
-18.112041454014207
-18.11366267031943
-18.115367621307378
-18.11649462323306
-18.117979423413633
-18.119026108556053
-18.12014434933879
-18.121351671778754
-18.122343505122647
-18.123807471650693
-18.124878299707433
-18.125907470659907
-18.12683115039208
-18.128017474620037
-18.128908751983822
-18.129740077486456
-18.130406555919606
-18.131142431102667
-18.13202848943497
-18.132885195112152
-18.133535931189193
-18.13457678772363
-18.135422612290544
-18.13650877008847
-18.137346125405067
-18.138329804316466
-18.139303765205753
-18.140435912689284
-18.14121024953928
-18.142243658839643
-18.142799733446637
-18.143513329607778
-18.144017864466573
-18.144512072166656
-18.14505377125853
-18.145935680093732
-18.146370107426335
-18.14684286451312
-18.147406024038723
-18.148019846291156
-18.14856548355371
-18.149122998760223
-18.14967659737234
-18.15034234641003
-18.15089091628386
-18.151327661391925
-18.151792251102734
-18.152242291425836
-18.15273410516537
-18.153100704307093
-18.153509353262926
-18.15395828929405
-18.154451850663566
-18.155199249579724
-18.15574470463873
-18.156461362490578
-18.157185550419108
-18.157868778690897
-18.158502515938885
-18.159288361109937
-18.15993584169747
-18.160378273201896
-18.161066056872013
-18.16147021582761
-18.16188582277994
-18.16240810452274
-18.16268580215126
-18.16303300221831
-18.16354231872057
-18.163888794573207
-18.164413410424526
-18.164829092327768
-18.165209348261563
-18.165461654885462
-18.165790148769137
-18.166113388661596
-18.16639843393655
-18.166707494699406
-18.166967523357947
-18.167340869531973
-18.167629532407886
-18.167914373691872
-18.168241833111058
-18.168493519190378
-18.16875160776631
-18.169007463016584
-18.169199739227423
-18.169457399554048
-18.169700007581294
-18.169947457568522
-18.170157970832488
-18.17045563576111
-18.170639392869774
-18.17088351338311
-18.17109166531614
-18.1713157884381
-18.171537611267755
-18.17187363047748
-18.172072337666858
-18.172308351388764
-18.172475036542732
-18.1727177020984
-18.172934299192146
-18.173109044808037
-18.173390089123487
-18.17366109798809
-18.173827303353875
-18.174058105047642
-18.17416492046766
-18.174310254337502
-18.174463033944665
-18.174584924862096
-18.17486157633447
-18.175030244790143
-18.175241120195125
-18.175394667443157
-18.17554584348134
-18.175677237098437
-18.17591270231162
-18.176005036479307
-18.17613600473583
-18.17623276037058
-18.176364065250084
-18.17647332363729
-18.17654003549984
-18.17667306057671
-18.176790715181525
-18.176868392178534
-18.17697796277127
-18.1770499339179
-18.177133130728677
-18.1772178021682
-18.177268812428593
-18.17733860381638
-18.177390868618275
-18.17747429819321
-18.177513511495757
-18.177572127647554
-18.177650209926952
-18.177740858103448
-18.177806980330733
-18.17788632003
-18.17795062379573
-18.178019971130443
-18.178107373484305
-18.178166437969406
-18.178212163569267
-18.178339939786536
-18.17839713543975
-18.178448886778213
-18.178609996735972
-18.17865626865215
-18.17873142899855
-18.178811166446074
-18.1788663751449
-18.17897861560166
-18.178999040024664
-18.17911705872227
-18.179162867640223
-18.179239430247183
-18.17930593864709
-18.179379560510977
-18.1794332749936
-18.17952120695837
-18.179595787896744
-18.17968891535555
-18.179818471790558
-18.179894664950204
-18.179971097466023
-18.180099309998063
-18.180152903387736
-18.180222374036394
-18.18030653222145
-18.18037926295432
-18.180474811484245
-18.180601891114982
-18.18068622328188
-18.18079367998752
-18.180884220028453
-18.181011799007667
-18.18114859860281
-18.181252535924873
-18.181374827632673
-18.181531683155445
-18.181659796807644
-18.18177611666752
-18.181904446007213
-18.182052901743184
-18.182200271192997
-18.182349996263735
-18.182480310383415
-18.182587591759123
-18.182748695710124
-18.182861459853797
-18.182992425249793
-18.183195756434515
-18.183275807798445
-18.183395580818647
-18.183494621651867
-18.18360689195488
-18.18377639763959
-18.18388347809343
-18.18404365453614
-18.18417843102422
-18.184337011292556
-18.184505440138715
-18.184699629289895
-18.184892561582597
-18.185061803462382
-18.18523007985556
-18.185416515156582
-18.18553403858863
-18.185688263211194
-18.18578287574904
-18.1858913251339
-18.185999673186206
-18.18615632175333
-18.18624127223541
-18.186352729966238
-18.186438626414848
-18.186556532280495
-18.186659814869262
-18.18676012437113
-18.18679650939966
-18.18694513477943
-18.18699239152314
-18.187050079957363
-18.18713217132506
-18.18715343404176
-18.187265826936002
-18.187296437945065
-18.18734985028263
-18.187411853306546
-18.187481522359413
-18.187528918234538
-18.187585200764122
-18.187628724329613
-18.187668802463225
-18.18774658764974
-18.187775260569527
-18.187817100038185
-18.187875236437947
-18.187918110092582
-18.18799693332563
-18.188071761038884
-18.188110713122448
-18.188147019483715
-18.188191250339965
-18.18824659938221
-18.18828593020975
-18.188316807170295
-18.188370408830345
-18.18839504540867
-18.18844832531952
-18.18848897430123
-18.188524256826664
-18.188594934395002
-18.188633542528777
-18.188681295974074
-18.188723507665358
-18.18877156546207
-18.18881883222646
-18.188871492635172
-18.188922187947018
-18.18896314707197
-18.189002993000916
-18.189070386048588
-18.189103219424673
-18.189146811540716
-18.189168165112708
-18.18923053138977
-18.189261707354547
-18.1892906156903
-18.18934219040098
-18.189379566988016
-18.189465940735552
-18.18949792156777
-18.189541740646245
-18.189579663121048
-18.189630189604543
-18.18966767535967
-18.18970063896741
-18.189737807913463
-18.189778982441684
-18.189821190168455
-18.189849661769316
-18.18988600095539
-18.189930491969143
-18.189974375558748
-18.19000671482535
-18.190043468337763
-18.19007328070888
-18.1901138332193
-18.190143206297382
-18.190176953987233
-18.190191523393143
-18.19024916036845
-18.190270953801566
-18.190299016129448
-18.19033905587706
-18.190374724004105
-18.190405424920748
-18.190437138240164
-18.19047385759664
-18.190485330744274
-18.190554668423875
-18.19057405994317
-18.190606908296406
-18.19065418951246
-18.190671124683895
-18.190740812841035
-18.190768210427215
-18.19080463251862
-18.19083649783837
-18.190882478887332
-18.190918582233287
-18.190957263389866
-18.191000459241867
-18.191065191603343
-18.191111874440058
-18.19115077620632
-18.191217465831784
-18.19124109326142
-18.191331906516762
-18.191369226981134
-18.19142587335806
-18.191489842339134
-18.19155432782214
-18.191597252411853
-18.191645942014468
-18.191691918885418
-18.191758686508912
-18.191834562456783
-18.191917600227974
-18.191959375632823
-18.192040866572327
-18.192063053220863
-18.192139779474793
-18.192179619007327
-18.19223350951718
-18.19229429195584
-18.19234526514067
-18.19237711418345
-18.192411150789333
-18.19244275130297
-18.192482607804784
-18.192519668685875
-18.19254708713406
-18.19257165710487
-18.192614556547184
-18.1926570100533
-18.192676673548224
-18.19271535807613
-18.1927297031992
-18.19275803748326
-18.19278346081146
-18.192804239560093
-18.19283696420614
-18.19285548273548
-18.19287773127487
-18.192891267344333
-18.192911592305567
-18.192941511932865
-18.192962915457557
-18.192984701589385
-18.19300685006399
-18.193025930610283
-18.193038280171905
-18.193076314716773
-18.19308884408012
-18.193106674254892
-18.19312922689057
-18.193142678359976
-18.193168347468003
-18.19318480184966
-18.193201910195192
-18.193216294611638
-18.193229993174832
-18.193254444760463
-18.19326993162842
-18.19328506568106
-18.193304306476946
-18.193316138635637
-18.193329237025026
-18.193343048630833
-18.193349223039395
-18.19335982232387
-18.193364835546994
-18.19338140541416
-18.193388712487966
-18.19339602369702
-18.193407737972265
-18.193415818538156
-18.193427897230137
-18.19343677546931
-18.193448391031886
-18.193459715958184
-18.193468807335172
-18.19348489658284
-18.19349036911355
-18.193503517681037
-18.19351308015989
-18.193522445890395
-18.193538935735997
-18.19354743152947
-18.193560349236385
-18.193568331361874
-18.193577082022465
-18.193586187200722
-18.193594658452298
-18.193603636199143
-18.193611858537707
-18.19362018467313
-18.19363378198822
-18.19363998067897
-18.193648125830926
-18.19365957212276
-18.193666575440183
-18.193682944736917
-18.193692460212368
-18.193704553846
-18.19371189020253
-18.193720663073794
-18.193727958737266
-18.1937414963794
-18.193747809680065
-18.19375733038084
-18.193768341738345
-18.193776791031475
-18.19378497438421
-18.193791712669253
-18.193798469707986
-18.193806394658942
-18.193820592181705
-18.193827142245155
-18.19383536355381
-18.19384357347295
-18.19385295269224
-18.193859484728254
-18.193866645261274
-18.193873272554992
-18.1938844403424
-18.1938905776023
-18.193898252942724
-18.19390651739978
