500 iters for seed 45 on ER0.3 which is in the 88.99917602539062 percentile
 Maxcut: 35.0, MedianCut: 23.0
-23.143681792460644
-23.26481172708024
-23.316874760605867
-23.366211523667605
-23.40423245573765
-23.43040084845292
-23.459127639102604
-23.48276301072161
-23.50217285095836
-23.517952197634223
-23.534794728968976
-23.549887558562265
-23.564031030858676
-23.576457452721623
-23.587715998182055
-23.598697756162355
-23.607801998437328
-23.617201673387473
-23.62415058331371
-23.631148210161314
-23.638541257249422
-23.644184764253893
-23.648755817611335
-23.65353514633473
-23.657712998338358
-23.66171987952638
-23.66547536213818
-23.668633376166984
-23.670904219249223
-23.673250946330956
-23.674816650927077
-23.676238001851445
-23.67789773787612
-23.679340664316445
-23.680671513916167
-23.682363535421526
-23.683282583808435
-23.68451962063956
-23.68572912846303
-23.68726979941516
-23.68857213628226
-23.689791103382188
-23.691016060000013
-23.69245172803045
-23.69355240807236
-23.695293180892246
-23.69661925942572
-23.698250352212078
-23.700741473764396
-23.70269113347166
-23.70548828080144
-23.708202790650436
-23.711045708730524
-23.712686607604724
-23.714985890644165
-23.71660231477928
-23.719598306592232
-23.72161725593199
-23.72334584134971
-23.72593188812983
-23.728779616264685
-23.730790423851438
-23.733341895155384
-23.735063363935886
-23.7374753906049
-23.738804732979187
-23.74098005713737
-23.74219307467221
-23.744791033747173
-23.745816018307966
-23.747051664295224
-23.74794764604407
-23.74918476892981
-23.750031034034134
-23.75072067729162
-23.751606260375926
-23.75245636003955
-23.753209426261215
-23.75415198304916
-23.754878969079282
-23.75580118698422
-23.75679109298495
-23.757615917625895
-23.758625677721692
-23.75965034439112
-23.760640280511154
-23.76145129437579
-23.76256843043947
-23.763574911254302
-23.76451248771627
-23.765690237588792
-23.766374281503918
-23.76718871693543
-23.76813686177613
-23.768523540889813
-23.768950458879623
-23.76956160142469
-23.769960063349824
-23.770186098643915
-23.770993564403224
-23.771231594489702
-23.771710175223788
-23.77203165863424
-23.772573954688227
-23.77289673519413
-23.773258733897833
-23.773711723764116
-23.774212578390973
-23.774600320545737
-23.77502047950862
-23.775351165194177
-23.775648406533467
-23.776235673535815
-23.776507160159127
-23.77683850238283
-23.777264185868727
-23.77755543562826
-23.777851290242914
-23.778446691215564
-23.77866277172911
-23.77898390258676
-23.779274577568827
-23.779606433867457
-23.779812389509466
-23.780006365412433
-23.78021111561159
-23.780450577395804
-23.78068923608137
-23.780902583500914
-23.7811034210487
-23.781336297954482
-23.781562728143776
-23.781805596623403
-23.782016399856314
-23.782195520914172
-23.782338305500097
-23.782485836050622
-23.782606647507237
-23.78273019152031
-23.78284797823482
-23.782986808695057
-23.783065939795044
-23.78328589407461
-23.783393820866433
-23.783545573748707
-23.783725704665045
-23.783907206215357
-23.78402329416528
-23.784188500480365
-23.784323580035824
-23.784479731002097
-23.78470749827469
-23.784825870972387
-23.784909472497233
-23.785072539117955
-23.785179522667
-23.785344869337813
-23.78542097746221
-23.78562457524615
-23.785715426280106
-23.785857626871433
-23.786023472532705
-23.78609936838016
-23.78623298445958
-23.78630513242203
-23.786395180523805
-23.786545534143798
-23.786632154652246
-23.78675726950631
-23.78686279512586
-23.786966125641392
-23.787015986324256
-23.78714013085314
-23.787193003797142
-23.787250930837995
-23.787334348083
-23.787416537667358
-23.787494866830738
-23.787571384235747
-23.78763403833218
-23.787724176127
-23.787793264520374
-23.787862739179257
-23.787936546325017
-23.78802958889979
-23.788113227807187
-23.78820328735501
-23.78830924782925
-23.78843716656912
-23.788557814341665
-23.78871476276436
-23.788845745446
-23.78900700338137
-23.789195846714545
-23.789307910866167
-23.78943251222757
-23.78962318001533
-23.789716320307704
-23.789807869558935
-23.789953217750135
-23.790052337604145
-23.790134606704136
-23.79030122488267
-23.790370163455073
-23.790490289568822
-23.79057465709026
-23.79069530029923
-23.79080536160971
-23.790917229081206
-23.791021419749406
-23.79113485392336
-23.791277416435385
-23.79138677666812
-23.791472155593535
-23.79163079614944
-23.79172456643114
-23.791832706334457
-23.791982423470287
-23.792068899958238
-23.792148622768806
-23.792340188130044
-23.79241143241117
-23.792511891352195
-23.79265754534183
-23.792738361413377
-23.792907253617187
-23.79300865473333
-23.79309648535628
-23.793183657268578
-23.79325824232942
-23.79334781500075
-23.793438431872527
-23.793509029488472
-23.793569769317806
-23.793661578370617
-23.79370693106863
-23.79375397172989
-23.79382200805743
-23.793866597546877
-23.793884751032536
-23.793988171439878
-23.7940159779649
-23.794064088205694
-23.79411249559152
-23.794171869828034
-23.79421713765276
-23.79425977253775
-23.794294342717315
-23.79432987365916
-23.794367289146663
-23.794392680329903
-23.79442774537437
-23.794456302759418
-23.794474303691107
-23.794506181742683
-23.79452849232215
-23.794550263666363
-23.794572138495838
-23.794590523082746
-23.79461751408295
-23.794639979656125
-23.794656021954886
-23.794688031323176
-23.79470688969795
-23.79473644474107
-23.79475809878667
-23.794781326678713
-23.79480956729592
-23.794843333262968
-23.794861021611343
-23.794889525101745
-23.794896301077785
-23.794928281152128
-23.794945268007645
-23.794962718014943
-23.79498856748915
-23.79500725872459
-23.795039084257347
-23.795059364758405
-23.795086194067583
-23.79510238860074
-23.795125918493707
-23.7951534705795
-23.795176574833526
-23.795213582252167
-23.79523867341023
-23.795260927587684
-23.795277859691115
-23.795293873068758
-23.79530212149065
-23.79532535191616
-23.795332782998237
-23.795345913300398
-23.795362939786195
-23.795379658931402
-23.79539167877258
-23.79540618420696
-23.79541504522262
-23.795425062385124
-23.7954429886765
-23.795449584883727
-23.795458228506874
-23.79546630265877
-23.795475925324517
-23.795480175229777
-23.79548929401961
-23.79549283235004
-23.79549920424229
-23.7955038482429
-23.79550977160623
-23.795518253426618
-23.795522865233792
-23.795529440369194
-23.795534574188135
-23.79554223267498
-23.79554850534577
-23.795557642277203
-23.79556476711253
-23.79557163975458
-23.795579394746607
-23.795588683513465
-23.79559722438575
-23.795604191364106
-23.79560918491514
-23.79561899571875
-23.79562401675368
-23.79563015567443
-23.795638338702844
-23.795647992850974
-23.795655142687018
-23.795663935490758
-23.795671839845394
-23.79568026488276
-23.795692568238984
-23.795698010464477
-23.79570526312657
-23.795711424484004
-23.795716440721158
-23.795725553833798
-23.79573092396875
-23.795736534597612
-23.795741070927196
-23.79574600074697
-23.795751702061537
-23.79575704193931
-23.795762276662057
-23.795769022515124
-23.795776669863706
-23.79578365583732
-23.795790206061223
-23.795795598022956
-23.795801212806055
-23.795807453223155
-23.7958118440134
-23.795816418801774
-23.7958222671646
-23.795825957997756
-23.79582825297446
-23.7958362192649
-23.795839081013618
-23.795843115628738
-23.795848802894717
-23.79585284097432
-23.795858348809958
-23.795860986105122
-23.795864184211478
-23.79586923008869
-23.795873215257807
-23.795877048529047
-23.795880397394665
-23.79588334717454
-23.795887224394207
-23.795894583356386
-23.79589770185068
-23.795901780775658
-23.79590723964742
-23.795911761571745
-23.795918170118124
-23.795922453267575
-23.795928124368658
-23.79593405468084
-23.795940065022027
-23.795947327132872
-23.79595328107057
-23.795957830493087
-23.7959680882581
-23.79597304066828
-23.79597734766721
-23.795983538316996
-23.79598788032569
-23.795994140600772
-23.795999545559013
-23.796004278220998
-23.796009404421646
-23.796015409572952
-23.79601991167676
-23.796025140975885
-23.796029301131778
-23.79603460233959
-23.79604060067246
-23.796045384339344
-23.796050846622762
-23.796055969469585
-23.796060384284484
-23.796062964480825
-23.796066961105655
-23.79606943990763
-23.79607317676999
-23.79607626579974
-23.796078828957555
-23.796084014287842
-23.796086782817063
-23.796089228947007
-23.796091955986196
-23.796094755225468
-23.796097902415482
-23.79610097961033
-23.796104445866934
-23.796107431493894
-23.796110571485883
-23.796114379739983
-23.796116643313653
-23.796119554585083
-23.79612289997984
-23.796127079810184
-23.796129897843933
-23.79613380424849
-23.796136598199123
-23.79613969493214
-23.79614378211073
-23.796146169939107
-23.796149708486062
-23.79615231809723
-23.796154979224507
-23.79615798594252
-23.7961600670791
-23.79616361097869
-23.796165547064962
-23.796167902054453
-23.796171828459727
-23.796175097615716
-23.79617794458205
-23.796180643691624
-23.796183003616957
-23.796186017388173
-23.796190325965945
-23.79619197177842
-23.796194638871803
-23.796196517911508
-23.796199632534815
-23.796202118360995
-23.796204158495993
-23.796208303415586
-23.796209959810085
-23.79621313136824
-23.796215253970345
-23.79621732860979
-23.796219270817623
-23.79622045346114
-23.796222563050005
-23.796223773207164
-23.796225165825028
-23.796226510835226
-23.796227401279026
-23.79622905091819
-23.79623096427153
-23.79623180501052
-23.796233221251974
-23.796234467619072
-23.79623604099237
-23.796237524732213
-23.79623869511779
-23.79623982593872
-23.796241473583436
-23.796243745822835
-23.796244730213935
-23.79624683234697
-23.796247897079844
-23.796249317098606
-23.796251161903605
-23.7962522980946
-23.796253577918037
-23.796255260473124
-23.79625642366748
-23.79625787241246
-23.79625961656085
-23.796260843295634
-23.79626231422454
-23.796263974504278
-23.796266207302303
-23.796267612270597
-23.796268838632578
-23.796270345952603
-23.796272104423025
-23.79627388901012
-23.79627511802903
-23.79627675366201
-23.796278388045035
-23.79628026333366
-23.796281832779883
