500 iters for seed 44 on ER0.3 which is in the 95.70388793945312 percentile
 Maxcut: 29.0, MedianCut: 19.0
-19.006913199320437
-19.12168688516183
-19.18441531017759
-19.263760630233882
-19.32683923113823
-19.366025797294192
-19.405758718473145
-19.437339364454765
-19.460162843905064
-19.48115552658807
-19.49763269801118
-19.516925365157807
-19.531620393041315
-19.543240773492673
-19.555583140737212
-19.56537633215314
-19.573679843877855
-19.581495929388012
-19.589074210640156
-19.596436580316364
-19.603608253047806
-19.609912919512606
-19.615849742263766
-19.620900286345616
-19.624800796374043
-19.628321871872046
-19.631310244067983
-19.633610730254713
-19.635652246822268
-19.637913761768026
-19.639882284543305
-19.641738383478664
-19.64336566132539
-19.645379379047093
-19.647031153535224
-19.648607677448865
-19.649719142565463
-19.650944036222974
-19.65185405445527
-19.653116152252004
-19.653765033314645
-19.654639022146572
-19.655515221930656
-19.65657228378003
-19.657330057451517
-19.658196045900983
-19.658989184662946
-19.660083659596953
-19.66118535750889
-19.66203520883709
-19.66339413670735
-19.664859188671244
-19.665996819305988
-19.667330877585616
-19.66851106663193
-19.66986983357061
-19.67075022138006
-19.671649676502668
-19.672756655934446
-19.67388094212193
-19.674945490493656
-19.676206562933704
-19.677433859679738
-19.678682430075675
-19.679979239212102
-19.68116831185003
-19.682407740193383
-19.68365523084914
-19.68449233461054
-19.685601812447942
-19.6865664839047
-19.687273318828243
-19.687895660171257
-19.6885307710863
-19.6891232672272
-19.689616159416275
-19.69019959858255
-19.69081948034301
-19.691351310325338
-19.691992384549838
-19.692343252355016
-19.692797626664216
-19.693167275375732
-19.69356117406223
-19.693878939040587
-19.694134413055682
-19.694374584842162
-19.694732712102102
-19.69483617930016
-19.695006366519653
-19.695122905629052
-19.695333486672713
-19.695523030279347
-19.695673455572496
-19.69595072499311
-19.696075701091544
-19.696278317016684
-19.696436911303735
-19.69662540109519
-19.69679869597293
-19.696960109552677
-19.697181243231356
-19.697338220455443
-19.69750773105479
-19.697750699253504
-19.69790188814457
-19.698052852128384
-19.69826749102731
-19.698440266316453
-19.69853551137227
-19.698739775259053
-19.69876313419598
-19.698898117291712
-19.698981292366682
-19.699105924858095
-19.69927978528876
-19.69940971878897
-19.699641402933352
-19.699805769452055
-19.699987621390086
-19.70015047224291
-19.700329203608746
-19.700612336757843
-19.700830387034866
-19.701010195139883
-19.7014393233063
-19.701532988061754
-19.701938307854153
-19.702182056523267
-19.702462315658924
-19.702805700287144
-19.70323961622023
-19.70366447835653
-19.7040006179987
-19.704418694925025
-19.705047623558315
-19.705728055460327
-19.7063105874441
-19.707134693058578
-19.707749213052
-19.70849863880565
-19.709300969440413
-19.709849884779572
-19.710419741966593
-19.71118582903655
-19.711575661265883
-19.712050240333966
-19.71244905221365
-19.712802539946594
-19.713115130622022
-19.713398046128624
-19.71368154546455
-19.71392093432854
-19.71416763708037
-19.714521041876758
-19.714743618730452
-19.715010540551845
-19.715370723176793
-19.715644958918677
-19.716057993865583
-19.716439933925813
-19.716853099604382
-19.717411009859106
-19.717765629252398
-19.71829180737203
-19.718699652562442
-19.719153562157445
-19.719623389705642
-19.720189036219907
-19.72050715558597
-19.720852087663793
-19.721138888384445
-19.721461908777734
-19.72174013070624
-19.72191667617984
-19.72223109192619
-19.722424971368614
-19.722613464209196
-19.722776623217154
-19.722948801840154
-19.723152925418116
-19.7233891098922
-19.723531909096636
-19.723727240358436
-19.723867749366512
-19.72405448144847
-19.72425854485445
-19.724412423999393
-19.72460176819321
-19.7248028531273
-19.724930807832727
-19.725122511659407
-19.72521000679755
-19.725359866349933
-19.72550981144731
-19.725616146057245
-19.725864218716065
-19.72598741531596
-19.726225727037104
-19.726414601504178
-19.726619896900573
-19.72679349108681
-19.72694367939011
-19.727206346281616
-19.727355899318027
-19.727519057033746
-19.72773433127029
-19.727886873234297
-19.72812345182766
-19.728338865053182
-19.728483002035087
-19.728699551328013
-19.728819611916002
-19.72897797832535
-19.729099424548508
-19.729209652218966
-19.729409574540142
-19.72955403408306
-19.729702015014126
-19.72985318022393
-19.72998627078544
-19.730125535358283
-19.730377580869987
-19.730479427720358
-19.730628486678313
-19.730755043799725
-19.730923156608068
-19.731082617057755
-19.731199107602162
-19.731371552892647
-19.731535749788588
-19.73167662955879
-19.731864600852635
-19.73197830801512
-19.732166107193883
-19.732313782896785
-19.732456744992877
-19.732613959261865
-19.732764387634774
-19.73293960535169
-19.73310791549767
-19.733251220689944
-19.73338947676127
-19.733553279769612
-19.733714155583062
-19.733895321194247
-19.734048084938184
-19.734208765637838
-19.734324605568233
-19.734450949742776
-19.734565736557418
-19.7346377113257
-19.734740676900955
-19.734857886446278
-19.734974294868877
-19.735043292402974
-19.735154053560088
-19.735204045560856
-19.735281645307534
-19.73533940509516
-19.735400238168477
-19.735452049559743
-19.7355434851576
-19.73558272382852
-19.7356247011412
-19.7356689478274
-19.735718819411108
-19.735753757246837
-19.735795674750833
-19.735831109942726
-19.735862831897
-19.73590800914295
-19.73592827863022
-19.73594835192987
-19.735990091966478
-19.736003348833492
-19.73602055087148
-19.736043893206773
-19.736060617868976
-19.736096253296424
-19.736117609463896
-19.73615819569517
-19.736188077887967
-19.736217061569963
-19.736245007409515
-19.736265410963284
-19.736291456890214
-19.736318542405243
-19.736348666403877
-19.73637499557541
-19.736403666529615
-19.73643270836378
-19.73646099594564
-19.736500991338566
-19.7365275487175
-19.73655960685597
-19.736610079750903
-19.736634842431307
-19.736660440136788
-19.73669852348316
-19.736728876106184
-19.73677632705792
-19.736822014030142
-19.736851666296875
-19.736889647317923
-19.73692267561773
-19.736973324334066
-19.737013631976858
-19.73706574845266
-19.737095127412022
-19.73713759318236
-19.737162934466948
-19.737198971493328
-19.737237842702022
-19.737272846236053
-19.737309797277295
-19.737341144185258
-19.73737997021262
-19.737408091794663
-19.73743066581782
-19.737469531703518
-19.737488592328717
-19.737508032553638
-19.737536195995613
-19.73755172982232
-19.73758512231725
-19.737619076924265
-19.737638063640905
-19.737674459387783
-19.737696546947955
-19.737729904290287
-19.73775403732359
-19.737772204161022
-19.737803796979236
-19.73783584929158
-19.73785422615189
-19.737883655546455
-19.7379029956021
-19.737918780164602
-19.737948189743307
-19.737966279733854
-19.737991202335934
-19.738021745431606
-19.73805743251579
-19.738074600012443
-19.738120719535218
-19.738130709445397
-19.73817022083422
-19.738192806494546
-19.7382292285478
-19.7382787856068
-19.73831534745908
-19.73836942910246
-19.738412529070395
-19.738461457032965
-19.73850490062084
-19.738559575359293
-19.738609148263876
-19.7386470735499
-19.73867438142033
-19.738746646042486
-19.738778236119504
-19.738817097480116
-19.73886976976046
-19.738914029827477
-19.73894417785011
-19.738976487626203
-19.73900333553713
-19.739040551565967
-19.739076437921295
-19.73910826864847
-19.73913667138916
-19.739175731181383
-19.739200754619393
-19.73923200153262
-19.739259897411106
-19.739281938876005
-19.739298402195857
-19.739331234027773
-19.739346598480928
-19.739364882011195
-19.739395628583743
-19.739415207234707
-19.739448019739687
-19.739470786807875
-19.73949490997028
-19.739516450190244
-19.739535163217724
-19.739558063206967
-19.739574685266746
-19.73958852621095
-19.739607702039553
-19.739620438538292
-19.739634282144472
-19.73966373230511
-19.739677492025766
-19.739692953142644
-19.739719463416982
-19.739738188638956
-19.739742759689182
-19.739787634463312
-19.739800425339855
-19.73982017861919
-19.73983553579548
-19.739860126471395
-19.73988031100211
-19.739895733243124
-19.739903110751772
-19.739929005219125
-19.739941271232038
-19.73995487815638
-19.739975593499725
-19.739989135131253
-19.740012913885653
-19.740026925677554
-19.740044075677904
-19.74005636550715
-19.740066035682034
-19.740080432011037
-19.740089490173474
-19.74010253162517
-19.740106815927362
-19.740115521192834
-19.740121272825004
-19.740128692867042
-19.740139132731663
-19.7401457868861
-19.74015777417507
-19.740167896922607
-19.740178103966116
-19.740188416301276
-19.740198134314575
-19.74021049711848
-19.74022089633855
-19.740232853645676
-19.74024233258654
-19.740251760458595
-19.74025909839762
-19.740268066639214
-19.740276936487668
-19.740285907685
-19.740296346034643
-19.740305608042448
-19.74031420047506
-19.740321103777283
-19.740330315041568
-19.740339760982906
-19.74034853153426
-19.74035472805752
-19.74036453145048
-19.74037012475641
-19.740381107373096
-19.740387674540855
-19.740395678060874
-19.740406999594434
-19.740420156551313
-19.74042991611227
-19.740445097054305
-19.74045010442787
-19.740462600117592
-19.74047119718547
-19.74047980339096
-19.740493067745902
-19.74049853598389
-19.740510810594373
-19.74051568354774
-19.74052416229886
-19.740539341916495
-19.74054784545379
-19.740557482557836
-19.740566104644994
-19.740574329381843
-19.74058451097381
-19.740593998292557
-19.740602060369376
-19.740607545424474
-19.74061453400204
-19.740622166209235
-19.740629314567762
-19.740634569613235
-19.740644229901086
-19.740651204691403
-19.74065693628778
-19.740667201615466
-19.740673395704064
-19.74068187914957
-19.74068813086659
-19.74069404410206
-19.740699351812022
-19.740705586337043
-19.740712862073323
-19.740719699865757
-19.74072628325635
-19.740731853717804
-19.740737143333146
-19.740742145973908
-19.74074670988295
-19.740750866522102
-19.740756060838752
-19.74076035151625
