500 iters for seed 48 on ER0.3 which is in the 73.18954467773438 percentile
 Maxcut: 34.0, MedianCut: 22.0
-22.13313390197401
-22.257493856995602
-22.309008020529184
-22.357615887503115
-22.391525244195478
-22.433044684836055
-22.45998421042018
-22.48340070191855
-22.50195453377671
-22.519851910903792
-22.534250001265384
-22.547203866923496
-22.55927573856489
-22.569024570811415
-22.57640114901139
-22.583090365168133
-22.58939155724015
-22.59537184745143
-22.60233146370823
-22.61017978879084
-22.617589552304388
-22.624651639261145
-22.630911800886295
-22.635509302653666
-22.641446333926137
-22.645993453221763
-22.64980235249773
-22.654468475462856
-22.658688007411005
-22.66414387675902
-22.669659283968485
-22.673178912813093
-22.678087945948914
-22.68183885575034
-22.684829926087613
-22.68769090524605
-22.690135213270754
-22.693019518969617
-22.69512872257792
-22.69717327905944
-22.69887238638935
-22.700702762685186
-22.702746302912097
-22.704708598739927
-22.70660667991237
-22.70862113324355
-22.710186125049788
-22.71153764975254
-22.712995089274692
-22.714197776299844
-22.715472414054094
-22.717019729031627
-22.71831667336728
-22.71943121318411
-22.720506033522792
-22.72141119083802
-22.72237618635812
-22.7231655277794
-22.723839985008063
-22.724713116212634
-22.72549721861056
-22.726177924047764
-22.72691658221111
-22.727489547568396
-22.728093285428958
-22.728614639669562
-22.729041458113507
-22.72953507198904
-22.730046558820455
-22.730563414926756
-22.731024961249187
-22.731455936265576
-22.731881222115085
-22.732287813096164
-22.732644098683338
-22.732978221183203
-22.733300474340975
-22.73363084077113
-22.734083304149948
-22.734424346973704
-22.734704152813336
-22.735117071376067
-22.735385457469274
-22.73573514960268
-22.736130589887637
-22.736525145988015
-22.736918427747188
-22.73758090511665
-22.73797305449499
-22.738410974205465
-22.73879942546497
-22.739206997573344
-22.73954676245357
-22.74025375480256
-22.740611627507562
-22.741036242892374
-22.74114483988995
-22.74169600576336
-22.74191898632592
-22.742205793862652
-22.742589196530393
-22.74296763908991
-22.74335196418761
-22.743605889414738
-22.74382760532377
-22.744029282024556
-22.7442964417696
-22.744446709394595
-22.744651222222355
-22.74485381275415
-22.745157621228934
-22.74537587717502
-22.745590009669606
-22.745903348686902
-22.74612718827281
-22.746436704927167
-22.74670719819805
-22.747019666149733
-22.74724288250094
-22.747576717875354
-22.747815116825443
-22.748020446396715
-22.748136881282555
-22.748462554419362
-22.748588351776338
-22.748740274438873
-22.748951179887197
-22.749072530480536
-22.749310106487787
-22.749428751223597
-22.749610421417408
-22.74974913204086
-22.75002298657751
-22.75017474599418
-22.7503396309929
-22.75057996040924
-22.750727825194655
-22.75089650812266
-22.751014043886634
-22.751146944925623
-22.751285394630724
-22.75142071688242
-22.751592989328742
-22.751711153410977
-22.751873129616296
-22.752020340583897
-22.752174862073474
-22.75228146043265
-22.75244753672458
-22.752582267645323
-22.752698287631528
-22.75288414379854
-22.753009036172166
-22.753216189743238
-22.753374851246477
-22.75352350493845
-22.753710830227696
-22.753853956218173
-22.754013205104258
-22.754172203471658
-22.7542935939628
-22.754446483292618
-22.75467871936072
-22.754833525393195
-22.754952868493014
-22.75512022418001
-22.755235573821835
-22.7553840684117
-22.75550406837173
-22.755627453665316
-22.755751034560472
-22.755887313307138
-22.756020370497957
-22.756132895771415
-22.756240001467802
-22.75636085112832
-22.756527809843817
-22.75666722100128
-22.756808792612613
-22.756926009212748
-22.7570580188916
-22.75720332837284
-22.757400066727715
-22.757550134528195
-22.7577100463124
-22.757860576386477
-22.758053918460362
-22.758225512276404
-22.758344320951647
-22.758508976870885
-22.75869142157861
-22.758798757267105
-22.75897315198133
-22.75902876829526
-22.759177507612726
-22.75927371909386
-22.759365526016886
-22.759537680844627
-22.759649166133965
-22.759863157583972
-22.76002762408868
-22.760211167948228
-22.760327517403066
-22.76044833205108
-22.76058163480335
-22.76069389491537
-22.760800757220522
-22.76105322256398
-22.761166333903788
-22.761317529264133
-22.761505167248778
-22.761725714568737
-22.76192881390528
-22.762122105325037
-22.762261086111103
-22.76241845859964
-22.762640751405733
-22.762785887216065
-22.762921150808783
-22.763082031057632
-22.763176751538793
-22.76329345603221
-22.763443068820617
-22.76351812103885
-22.763652426906624
-22.76369003041058
-22.76384728585164
-22.763919054236013
-22.764011031621777
-22.764139426326807
-22.7642662357394
-22.76437096915636
-22.764470292372593
-22.764544736643312
-22.764652601205057
-22.764769413693493
-22.764868997905293
-22.764982979477836
-22.765089121786435
-22.765200020244325
-22.765256103874513
-22.765387536163665
-22.765448716830786
-22.765525849422776
-22.765649565662795
-22.765709821034335
-22.7658497266807
-22.76590630133135
-22.76598366963838
-22.76603782384515
-22.766159346429006
-22.766246665494567
-22.76633288878691
-22.76649284250107
-22.766595180491706
-22.766795142610114
-22.76698070788363
-22.767167564618717
-22.767330912856995
-22.76750832849438
-22.767752685545013
-22.767921492896857
-22.76804821228599
-22.768260684738546
-22.768373739317926
-22.7685219240387
-22.76868079145786
-22.768783166523953
-22.76900841284178
-22.76908850090272
-22.769334211725678
-22.76945676409412
-22.76963440560486
-22.769867956335
-22.770077559371426
-22.770262300987717
-22.77046576091817
-22.77061846531679
-22.770879745341936
-22.771097997778718
-22.771300429463476
-22.77153191267503
-22.771701536844688
-22.7718553961975
-22.77208379730432
-22.772226183902063
-22.77239757018815
-22.772626514101777
-22.772766050967363
-22.77288546086524
-22.773033556346746
-22.77316022242863
-22.773334007404333
-22.773516559904245
-22.77364359971729
-22.773840997279326
-22.77396905604498
-22.77412254444155
-22.774319879733234
-22.774420481541465
-22.774528000564413
-22.774683490924858
-22.77478007818836
-22.774841630206584
-22.774952715275962
-22.775042245398254
-22.77512996847961
-22.77522877604555
-22.775300847209778
-22.775386892449696
-22.77540141986726
-22.775538971119815
-22.775574854132117
-22.775625948265954
-22.775687631682747
-22.775705950141464
-22.775780932748194
-22.775806485189857
-22.7758524835778
-22.775896280523114
-22.775960682273226
-22.776008944119248
-22.7760590486533
-22.776117744943875
-22.77618335942322
-22.77622847749039
-22.776279988898118
-22.776315145491065
-22.77634844587468
-22.776403707283812
-22.77643041307615
-22.7764665582682
-22.776509293467626
-22.776572540797225
-22.776594143008747
-22.77665008206467
-22.776661330892814
-22.776719501577205
-22.77674501990655
-22.776775068388176
-22.77681451058109
-22.776838542035794
-22.776880541248744
-22.776911133967324
-22.776950248693577
-22.776987181054444
-22.77702000863046
-22.777063713502976
-22.777095386292867
-22.777119449600047
-22.777166392400552
-22.777186788245707
-22.777215155920402
-22.77725739959915
-22.777279702501517
-22.777321763408473
-22.777375396314714
-22.777407290771603
-22.77745370754263
-22.777479612785008
-22.777513047984304
-22.77756812193719
-22.777597159640926
-22.777630474346758
-22.77767458803493
-22.77770399627356
-22.777748466360613
-22.777797981076883
-22.777843331883897
-22.777886364632465
-22.777924559665145
-22.77797019228606
-22.778013456662478
-22.778069206909777
-22.778117123963465
-22.77817074820821
-22.778218429867273
-22.77830664727909
-22.778352771557312
-22.778404554368763
-22.77847723418769
-22.778527306653267
-22.778583737755987
-22.778626297042138
-22.77867659708969
-22.778729554051846
-22.778776868511223
-22.778826659090363
-22.77886705315006
-22.77892856309166
-22.778963437467453
-22.779036064818218
-22.779070719663046
-22.779124157733907
-22.77920389511457
-22.779226949902597
-22.779326792924582
-22.7793574698798
-22.779408369173073
-22.77945947081362
-22.779528085597143
-22.779592741369182
-22.77964809116652
-22.77969637948513
-22.779761997968233
-22.77980617691605
-22.779855622551686
-22.779922130958052
-22.77999756974902
-22.780045823499805
-22.780113570758456
-22.78014632440295
-22.780207676489358
-22.780267658292303
-22.78030713635498
-22.780402539641315
-22.78044860566962
-22.780533717922104
-22.780603624326893
-22.780679253926586
-22.780742431375515
-22.78079354414934
-22.780876938425195
-22.78093001123738
-22.780984148734067
-22.781077483309545
-22.781129876813015
-22.781175679871758
-22.781296053354744
-22.781341262865553
-22.78139669205528
-22.781481029400922
-22.781537947944482
-22.781613246784033
-22.78170413656669
-22.781749960735084
-22.781810190197874
-22.781839365613205
-22.7819043105305
-22.78194770882721
-22.781991937298034
-22.782075817558542
-22.782107106457083
-22.782220207836012
-22.78226566003871
-22.782334863940306
-22.782450406238752
-22.782482820975925
-22.782613139909568
-22.7826563570624
-22.782720048424405
-22.782737149990233
-22.78282032983298
-22.782853305932296
-22.782888725247073
-22.782945177021126
-22.782985162243182
-22.78305659881027
-22.783104386407842
-22.783158900367695
-22.783202638393412
-22.783248999572557
-22.783310537473163
-22.783361935985475
-22.78342780424885
-22.78348316005462
-22.783556463385708
-22.78360244721893
-22.783660099022704
-22.783680165735113
-22.78376867669988
-22.78380708574648
-22.78385539848321
-22.783925747193237
-22.78399295656262
-22.784064516179676
-22.78412299138635
-22.784191664709088
-22.784252049688344
-22.784340313571402
-22.78440657707399
-22.784484748280825
-22.784553176054324
-22.78461830748046
-22.78469828108504
-22.7847418420747
-22.78478443482229
-22.784843595134824
-22.78487685751712
-22.78490542378212
-22.784971841153915
-22.7849932289873
-22.78502225940525
-22.78506238200432
-22.78508218953808
-22.78510282205697
-22.785155598072254
-22.785177725494236
-22.785214216742567
-22.78526547544106
