500 iters for seed 24 on ER0.3 which is in the 98.30093383789062 percentile
 Maxcut: 25.0, MedianCut: 16.0
-15.534121209727678
-15.62318073943022
-15.665006177758968
-15.749765123654285
-15.78186309617252
-15.817446389671032
-15.841580203949505
-15.861810041401807
-15.886322820194795
-15.904834403346985
-15.921509385519538
-15.934590594381179
-15.947335166903702
-15.956664249008968
-15.964761303151914
-15.971449816909804
-15.97725984708684
-15.984191706645962
-15.991516387751778
-15.999671514293455
-16.006015097016093
-16.012032925663874
-16.017709729907402
-16.02281340416929
-16.026747631307998
-16.0315224050837
-16.034276903392065
-16.03888923018403
-16.042339300294245
-16.04555742389806
-16.04945476024541
-16.05290539296374
-16.055298764913477
-16.057646272101913
-16.060530533287693
-16.06179609854138
-16.063768975338174
-16.064812798406063
-16.065794186228352
-16.06708664395686
-16.06835178798777
-16.069112831189344
-16.07007582579821
-16.071209896347487
-16.072336851627245
-16.073572298115256
-16.074896816783497
-16.07636486172764
-16.07780315125639
-16.079615550910713
-16.08077523567393
-16.08220629460594
-16.08340222132105
-16.08482266790536
-16.08624172843645
-16.08747889413607
-16.088867316650585
-16.090128371560887
-16.091216121562983
-16.092575207605705
-16.09353323564509
-16.094904369833927
-16.095766237177735
-16.096776903553547
-16.09749756650874
-16.098590984014102
-16.099072744653164
-16.09975088809088
-16.100185859191935
-16.10087573529159
-16.101253877743872
-16.101746416328297
-16.102513766205398
-16.102876173466285
-16.103605660836582
-16.104052018551982
-16.104616010021832
-16.105517656905896
-16.105861689198697
-16.106641103977974
-16.107028159750037
-16.107583427837195
-16.107784545445945
-16.10872268666772
-16.109134478224625
-16.10957632617363
-16.110212969567264
-16.110627324612537
-16.11164553415934
-16.11200817816037
-16.11263400062132
-16.112888386786192
-16.113634644496507
-16.113991928735324
-16.11440838274648
-16.11497351782992
-16.11558407612486
-16.116052583510687
-16.11644231706518
-16.116752621261387
-16.11734593806109
-16.117651360003077
-16.118163446589787
-16.11855984664385
-16.118970324893954
-16.119716503472596
-16.120139428618867
-16.120636764809035
-16.121032601424467
-16.12140417294132
-16.121852631367016
-16.12230715529397
-16.122682201773635
-16.12298540062488
-16.123338000738617
-16.123769498229947
-16.12411685948348
-16.124425739498086
-16.124989378574824
-16.1253338551495
-16.125800186037516
-16.126530017162356
-16.126916826690373
-16.127483696313618
-16.12799505021883
-16.12838757979018
-16.128975710895098
-16.129382348145928
-16.129869837288116
-16.130277676803807
-16.130636681751046
-16.13103739317185
-16.131589348199483
-16.131830267796232
-16.13218882450422
-16.132509876548532
-16.132803679403327
-16.13304293230552
-16.133267409717718
-16.13351466477716
-16.13377376042795
-16.13397660772793
-16.134225443191305
-16.134435258135507
-16.134641699851286
-16.134808444962992
-16.134993880189505
-16.135039308934793
-16.135391249498433
-16.13549790453015
-16.13564857738799
-16.135826256777655
-16.136034916921012
-16.136207695318998
-16.136389436298348
-16.136542236648722
-16.136687499272796
-16.136852262290297
-16.136984095402582
-16.137067625039137
-16.137275304224737
-16.13737384448216
-16.137510838224152
-16.137712953975626
-16.137840613159433
-16.137986870868364
-16.13813230298296
-16.13829307425931
-16.138458737276615
-16.138598669251305
-16.138768576822184
-16.138898556364826
-16.139029515973206
-16.139215842249225
-16.13934883192135
-16.13944184758386
-16.139633377799836
-16.139771369157707
-16.139971004613532
-16.140106166149387
-16.140228637859497
-16.140411331699756
-16.140512159470003
-16.14063901643196
-16.140767238594282
-16.140870557641968
-16.140992876535655
-16.14116721976408
-16.141250844913305
-16.141382215072795
-16.141449114507804
-16.141586801645992
-16.141691928537654
-16.14179830819872
-16.142020810553188
-16.142119116718455
-16.142476075352945
-16.142594929196363
-16.142715996676223
-16.142757093126768
-16.14291299188352
-16.143013212799875
-16.143112117839458
-16.143270766410957
-16.143354527159758
-16.14346439751992
-16.143535134739246
-16.143662579407852
-16.14376019402371
-16.14386190404553
-16.14398055940879
-16.14405913265799
-16.144214953674627
-16.144366505009437
-16.144447217229384
-16.14458963785157
-16.14469701674469
-16.14480449064123
-16.14494832653349
-16.14501533582029
-16.145090965817616
-16.14528971872197
-16.145387913121436
-16.145576705498197
-16.145736737363595
-16.145832964879165
-16.146012384277444
-16.1461659661352
-16.146346202169173
-16.146503550518183
-16.146663863525813
-16.146812992671745
-16.146962261202415
-16.14711365824875
-16.147320413094516
-16.147448546439932
-16.147582615241973
-16.147796768933823
-16.147916017237467
-16.148036265013282
-16.1482593875081
-16.148356331884628
-16.148466615082572
-16.148647608957788
-16.14872958616396
-16.148830594912074
-16.149011135312243
-16.14911264996739
-16.149220732400593
-16.149335168202306
-16.1493988446988
-16.149515491987422
-16.149572757517277
-16.149715414269398
-16.149783085879076
-16.149868789518976
-16.150016735880325
-16.15012314102555
-16.150248951959263
-16.150349355493674
-16.15046384246826
-16.150508909365794
-16.15072265153308
-16.15078934619819
-16.15088985751742
-16.151023303034947
-16.151138371707095
-16.151250861575768
-16.151317930013803
-16.151374149947404
-16.151452028428483
-16.151516124661878
-16.151580086688814
-16.151624222678223
-16.151671189325413
-16.151737444928408
-16.15177671542496
-16.15186358276157
-16.15191860365713
-16.151972144174437
-16.152031450522056
-16.152081958442665
-16.152108022451074
-16.152184475786882
-16.152208402999083
-16.152249264877753
-16.152289945252697
-16.15233321743476
-16.152369200691012
-16.15239613068515
-16.152437709411046
-16.15248432825016
-16.152510200060735
-16.152555686091052
-16.152588323850793
-16.15262797770616
-16.15266791104189
-16.152702273646497
-16.152736650717408
-16.152769459441576
-16.1527990425824
-16.152827569000404
-16.15286127200846
-16.152892745144836
-16.15293144258064
-16.15295987680892
-16.15300323000316
-16.153023403269803
-16.153048611912713
-16.153070463096658
-16.15309385517981
-16.153131858834726
-16.153149936793024
-16.15317601968094
-16.153193596873823
-16.153212138784447
-16.153225796808023
-16.15323767486891
-16.153248258772106
-16.1532579832851
-16.15327207465451
-16.15328638966032
-16.153294313393417
-16.153306711309227
-16.153315857819926
-16.15333328967903
-16.153344750111913
-16.153356205603902
-16.15336825523136
-16.153384743561126
-16.153394091587497
-16.153401738324487
-16.153407575983643
-16.153416707449946
-16.153424835676233
-16.153431597192508
-16.15344779593913
-16.153457468145938
-16.153469256044133
-16.15347925439896
-16.15349086973694
-16.153500580774256
-16.15351190306646
-16.153521434622913
-16.153529263768434
-16.153541572741453
-16.153553450088975
-16.15356049596898
-16.15357008227653
-16.1535794372357
-16.153594297627798
-16.153608089690792
-16.15362168607988
-16.15363128453584
-16.153643752712888
-16.153653718289497
-16.153665941261963
-16.153679603137803
-16.15369071795949
-16.153696913090762
-16.153717694500873
-16.15372500469433
-16.153735550118206
-16.153750178976885
-16.153767092812732
-16.153780623921843
-16.153798154928413
-16.153810810117832
-16.153824261911357
-16.153853639869528
-16.153869352069666
-16.153903060364108
-16.153909926693455
-16.153957211296238
-16.153978090775038
-16.15400208823342
-16.15403619796048
-16.154062019906227
-16.15409890649644
-16.154124490185374
-16.154159712746043
-16.154183076015684
-16.154232398261563
-16.154256199941514
-16.154284514845695
-16.154341025729597
-16.154379073719902
-16.15444338451342
-16.15447847715543
-16.154528239586575
-16.154611738973056
-16.154650065908818
-16.154726816663334
-16.154757698479223
-16.15480207671903
-16.154844064757444
-16.154904402975504
-16.15494044160748
-16.154977382372625
-16.154997098015684
-16.155059388296117
-16.15509231916655
-16.155124066788417
-16.155175808613265
-16.155202206745976
-16.15524762188083
-16.155279954316498
-16.155329244337306
-16.155376294706624
-16.155410816327628
-16.155471048459223
-16.15550814978899
-16.15554877219433
-16.15560222054994
-16.155633908261912
-16.15568551322531
-16.155730303257343
-16.155779316234568
-16.155823450900165
-16.155867893695387
-16.155909333453526
-16.15593962214392
-16.155965671383854
-16.155991762593203
-16.156036357208663
-16.15606938807627
-16.156101179107505
-16.156155233636706
-16.156177935642646
-16.156205431059806
-16.156243217228226
-16.156268339551602
-16.156320788775563
-16.156350906490832
-16.156379121893877
-16.156405704840292
-16.156437407681402
-16.156477567853564
-16.15651175616436
-16.15654434274941
-16.15657539936837
-16.15660804545466
-16.15664034868741
-16.1566697089078
-16.156696931312084
-16.156721514535207
-16.156748736239127
-16.156770741909224
-16.156790865488414
-16.156808278689784
-16.156836400550446
-16.15684950444574
-16.156864204337555
-16.156892897677665
-16.156902524744254
-16.156925616682507
-16.156935473073673
-16.156953920091127
-16.156969797276105
-16.156993192035877
-16.157009204172557
-16.157024361285906
-16.15704134206513
-16.157064232839893
-16.15708128394263
-16.157099846313194
-16.157117564619
-16.15713804873003
-16.15715449526677
-16.15717225991673
-16.15718207519044
-16.157196214228403
-16.157208141679654
-16.15721951718899
-16.157229521379378
-16.157239224170286
-16.157251144259313
-16.157258810178014
-16.15727052656301
-16.157288879092384
-16.157299960288473
-16.157310023736954
-16.15731919510305
-16.15732889178241
-16.157343198722888
-16.157358371475397
-16.157367054591965
-16.157377650006744
-16.157387117436496
-16.157398881754222
-16.157408847535674
-16.15742029560013
-16.157426189685882
-16.157443508684366
-16.157450359251015
-16.157460303849547
-16.1574728779975
-16.15748304754947
-16.157489498695433
-16.157499418482583
