500 iters for seed 37 on ER0.3 which is in the 87.46414184570312 percentile
 Maxcut: 23.0, MedianCut: 14.0
-14.002324849655102
-14.011596690632553
-14.02702446962661
-14.062974970470886
-14.13064324365666
-14.203061315099752
-14.25101492832392
-14.341808497054991
-14.36481176977948
-14.401246040264711
-14.451390938577381
-14.486235804158323
-14.516671352666897
-14.541793300295279
-14.561020114577552
-14.578890570480882
-14.592735905712072
-14.603937714055963
-14.617523574143892
-14.631879998903251
-14.642809844974783
-14.652418069512287
-14.662676046407183
-14.67187130706348
-14.680524425286842
-14.689721652594343
-14.698060289885436
-14.705296748739896
-14.710725068047939
-14.715838590267182
-14.720264837062523
-14.726185659022452
-14.730939260438975
-14.734797627067433
-14.73822896489403
-14.741061464262737
-14.743675900037958
-14.746556387303174
-14.74881898169674
-14.751189857226628
-14.75344547339624
-14.755609126653193
-14.758293342104713
-14.760833875734757
-14.763642954896229
-14.766649283399017
-14.770069514373137
-14.773165217007282
-14.775664155694844
-14.77798972938248
-14.780700335672574
-14.783009038618927
-14.785001045688098
-14.786875475409644
-14.788959018567578
-14.790945941410843
-14.792802625270037
-14.794561073151812
-14.795723416241088
-14.79754385034195
-14.798453724159906
-14.799495474165818
-14.80053312794718
-14.80132419673444
-14.80224610825732
-14.803497268244769
-14.804404256969281
-14.805316516225517
-14.80653769368512
-14.807393748498098
-14.808474701863071
-14.809327299941346
-14.810145073454938
-14.810883574357241
-14.811860334417888
-14.812506347683955
-14.813415108290268
-14.813941065541988
-14.81464178351347
-14.81547397275621
-14.816192093618548
-14.816805768807235
-14.817429510331857
-14.817977597213956
-14.818704674231626
-14.819191079356635
-14.81955283533436
-14.81996638619037
-14.820468802302656
-14.821038328404336
-14.821509321382194
-14.821972888981822
-14.822321394387412
-14.822647077368005
-14.823250669390045
-14.823383521281007
-14.82406172880771
-14.824412043834915
-14.8249007653093
-14.825499273389928
-14.826067723334894
-14.82655572500876
-14.827091072375426
-14.82744163645731
-14.827853422960192
-14.828330516912695
-14.828685888821447
-14.829187921985563
-14.829699534481684
-14.830200610751127
-14.830579379510905
-14.831032659414785
-14.831393267606177
-14.831765531948294
-14.8321983571209
-14.832564756288583
-14.833088437718772
-14.833593252070468
-14.833959534542785
-14.834512375111544
-14.83504680176321
-14.83560734711935
-14.836204978876689
-14.836687615323951
-14.837245083597182
-14.837727001651482
-14.838131760281161
-14.8386193266941
-14.839150094376581
-14.83965180793943
-14.840111996055784
-14.84053965594993
-14.840858761420144
-14.841306962532109
-14.841697221646
-14.842045811022448
-14.842544381046409
-14.842953217860213
-14.843359164986971
-14.843942846713047
-14.844255622303518
-14.844595402927053
-14.845149088304582
-14.845438228403543
-14.845903371751739
-14.846255310821077
-14.846732310114367
-14.846978171513477
-14.847307162824226
-14.847699408135192
-14.848130040965074
-14.84851750698094
-14.848860619471733
-14.849209719273874
-14.849744796753315
-14.850022220861888
-14.85034144817899
-14.850739765515293
-14.851170664366292
-14.851537091351036
-14.851893876319693
-14.852092047935843
-14.852499089312007
-14.852747720411152
-14.852988903924162
-14.853401501626848
-14.853635111552522
-14.853968036115702
-14.854309182346483
-14.854698618922802
-14.854944304873229
-14.855342584023367
-14.855540132054589
-14.85588944678966
-14.856105955678123
-14.856311445473006
-14.856717636105664
-14.856980825871165
-14.857391935511618
-14.857655139725994
-14.857917432907817
-14.858169062142766
-14.85839328153991
-14.858624134477404
-14.85873967024608
-14.858910984314885
-14.859066603467026
-14.859218428163922
-14.85935348459531
-14.859483748172567
-14.859663068426437
-14.85987956554475
-14.860019121007978
-14.860236375504563
-14.860423686031954
-14.860697362525816
-14.860925817559206
-14.861128014729122
-14.861446302933297
-14.86166624874831
-14.861951462781466
-14.862150454400032
-14.862455266851732
-14.86254920088627
-14.863094513041357
-14.86325924994964
-14.86351791129213
-14.863884794528959
-14.864118314470185
-14.864365889190454
-14.864514679731606
-14.864682936602273
-14.864828003543298
-14.865002292226636
-14.865170808248605
-14.865316798689143
-14.865590854112455
-14.86575529714668
-14.865893890446413
-14.866068729516943
-14.866220922016494
-14.866461570307726
-14.866665962017182
-14.866818273723599
-14.866998974526387
-14.867100297294742
-14.867239738026747
-14.8673898066429
-14.867480632904375
-14.867752367949198
-14.867881484337467
-14.868045336176092
-14.868139765891826
-14.86827697343224
-14.868396848333358
-14.868572586486856
-14.86867064084038
-14.86878345140767
-14.86891615426822
-14.8690455398439
-14.869144082174651
-14.869213768667052
-14.869302053100714
-14.869379524129366
-14.869499919435608
-14.869567907517999
-14.869658033326541
-14.869725772039374
-14.869791490361731
-14.86987715889969
-14.869930160734137
-14.870001020844908
-14.870070706956229
-14.870149221333449
-14.870188655225785
-14.870267387058012
-14.870318723263239
-14.870388661789336
-14.870457995449009
-14.87050116829268
-14.870577320076157
-14.870666971847314
-14.870719496840373
-14.870789621063237
-14.87083554625678
-14.870889796205008
-14.87094440479418
-14.870974195707731
-14.871017226197694
-14.87109925357494
-14.871139359895503
-14.871197272081929
-14.871248305740313
-14.871297400117593
-14.87139432755697
-14.871432117690585
-14.871493647728792
-14.871537587757336
-14.871597590801327
-14.871627940683437
-14.871683820076491
-14.871715783885211
-14.871751883106402
-14.871819677541932
-14.87185507127711
-14.8719254194583
-14.871953044495635
-14.871986913179942
-14.872034038557505
-14.872076953729504
-14.872100623367475
-14.872129373659313
-14.872152971457453
-14.872186770638415
-14.872199985899764
-14.872230469223528
-14.872244980895154
-14.872272821490926
-14.872307045960849
-14.872328671749075
-14.872355793525871
-14.872383844275344
-14.87241457575034
-14.872449697158942
-14.872494643591452
-14.872533506105414
-14.872574340833394
-14.872607796199
-14.872650742994066
-14.872680818801097
-14.872722060076164
-14.872764989756227
-14.872796631369607
-14.872830938904357
-14.872858900737729
-14.872884219633324
-14.872909294817081
-14.872939737889052
-14.872963005940381
-14.872984905042873
-14.873004368534998
-14.873038529490778
-14.873058439512516
-14.873077037389354
-14.873111210243328
-14.87314564274156
-14.873172225856452
-14.873205519445904
-14.873237194732116
-14.873287766113336
-14.873317215325331
-14.873350840622923
-14.873376437012563
-14.873405424284371
-14.873437049325977
-14.873475358471486
-14.873501041874711
-14.873529692396147
-14.873546221761261
-14.873574709706507
-14.873594328899625
-14.873615555945925
-14.873655307685105
-14.873678531347503
-14.87371770129343
-14.873749811239835
-14.87377851563298
-14.873805564836548
-14.873833309250191
-14.873866627109908
-14.873900914798849
-14.87393167148148
-14.873969957082767
-14.874003452714511
-14.874056642888082
-14.87411664739373
-14.874156167516704
-14.874213369803584
-14.87426413284054
-14.87433180259931
-14.874393562812287
-14.874440152457092
-14.874506060375817
-14.87458282479629
-14.874642781553513
-14.874707769238768
-14.874760297406612
-14.874828310643899
-14.874948723499571
-14.875003290240178
-14.875072123825692
-14.875141221009502
-14.875198336173892
-14.87531966453095
-14.875381533036032
-14.875473370970344
-14.87554629371344
-14.875619655220197
-14.875697880282177
-14.875779416558718
-14.875852443951015
-14.875912493374447
-14.875958489138442
-14.876069323243456
-14.876142397482518
-14.87623217599737
-14.876341361037145
-14.87641980803296
-14.876485938835762
-14.876571829197928
-14.876647902636625
-14.876691722698974
-14.876788678301297
-14.87685675087533
-14.876931583563515
-14.87701661800063
-14.877040208452643
-14.877090357890541
-14.877129720289982
-14.877182895107426
-14.877259465519415
-14.877330755761704
-14.877443090002263
-14.877514065924588
-14.877579835494906
-14.877640729268691
-14.877695724032371
-14.877759493191869
-14.877794350121746
-14.877845487527766
-14.87789784558442
-14.87797611045421
-14.87801688172701
-14.878088588918914
-14.878147021881794
-14.878217851282907
-14.878291447601136
-14.878331722115906
-14.878366489861381
-14.878448538012469
-14.8784810041052
-14.878533131820863
-14.878609545036634
-14.878662515759958
-14.878725602709265
-14.878756296898642
-14.878805119320242
-14.878857262898787
-14.87892286793496
-14.878957235039339
-14.879010907304925
-14.879073550012052
-14.879116466507462
-14.879161007215977
-14.879194160781996
-14.87923615851237
-14.879257239504819
-14.879352585871928
-14.879388616095667
-14.879432103963271
-14.879491368667543
-14.87954333769925
-14.879619618913436
-14.879656548570681
-14.879729513062351
-14.879746375612317
-14.879881284872482
-14.8799329038694
-14.879996821435157
-14.880086324847744
-14.880139122734146
-14.880251034637562
-14.880292620805298
-14.880365076613177
-14.880424763478375
-14.880514830179733
-14.88056446053582
-14.880622812805921
-14.88069695361137
-14.880745976244603
-14.88082440576728
-14.880898180392517
-14.880966669958765
-14.881008669754303
-14.881104048051595
-14.881147780644376
-14.881190785217559
-14.881244898569097
-14.8812556620014
-14.881364687548055
-14.88139480372969
-14.88143081657974
-14.881476585546757
-14.88151019854385
-14.881568144128728
-14.88159049226369
-14.881644351368715
-14.88168517208123
-14.88175790004141
-14.881789253650588
-14.881823203009278
-14.881853978470152
-14.88189817140233
-14.881938542840132
-14.881964730790239
-14.882020497753023
-14.88205227393503
-14.882088267795524
-14.882124983372274
-14.882154993062017
-14.882191210169342
-14.882218480830662
-14.882250034797009
-14.882281957560929
-14.882318650297316
-14.882349605161876
-14.882384810157754
-14.88240836067612
-14.88244837339556
-14.882478584433596
