500 iters for seed 6 on ER0.3 which is in the 21.956634521484375 percentile
 Maxcut: 24.0, MedianCut: 15.0
-15.142349141250634
-15.217206203742336
-15.259400958616029
-15.298455016536016
-15.330055330479317
-15.350348141709445
-15.370714856432048
-15.38916931991615
-15.407754296122645
-15.423509763298812
-15.438400649940602
-15.450955727804821
-15.459310542890812
-15.46776035336758
-15.474226586386298
-15.480313930796296
-15.486672878528559
-15.493340056933983
-15.49877877586331
-15.504775012006597
-15.509955189664108
-15.514844964369455
-15.52010868424777
-15.524455744106517
-15.529278487171313
-15.533091823756294
-15.536783448008991
-15.540165077650668
-15.543470438598147
-15.546183775797827
-15.548480618389256
-15.550923173339964
-15.553348779194353
-15.555727621639967
-15.557995860686777
-15.559706879895746
-15.561176242088106
-15.562653629234502
-15.563945575395138
-15.565088954622691
-15.566199614310932
-15.567039406312189
-15.567904384619602
-15.56925211515978
-15.569989995622958
-15.570879531531016
-15.5717707293904
-15.572734240095087
-15.57455554725423
-15.575257023629066
-15.577213338415335
-15.57825273792671
-15.579407380888567
-15.580845662139147
-15.582075448734695
-15.583075818895148
-15.584597752663823
-15.58583617674927
-15.58730010471898
-15.58876708837213
-15.590076488176365
-15.591318262910036
-15.59300851994689
-15.594320189708913
-15.59564936089041
-15.596585102035018
-15.597782546115674
-15.59859599262418
-15.59956296989885
-15.600434415256425
-15.601277780281718
-15.602230069649833
-15.60348322688127
-15.604187505086157
-15.60521278907781
-15.605868024365877
-15.606709934987386
-15.607303966711186
-15.607791850316795
-15.60831883068713
-15.608965127892741
-15.609353744182734
-15.609919907788417
-15.61063441340189
-15.611288704801392
-15.61174673279693
-15.612315774952512
-15.612577181607161
-15.612954107522617
-15.613374237910849
-15.61362860085986
-15.61427939382282
-15.614589644925612
-15.614920842236524
-15.615204987727418
-15.615475571002394
-15.615842889062892
-15.61618373198557
-15.616538929653668
-15.616899072618153
-15.617203505505707
-15.617537494735465
-15.617794924065423
-15.618034023835108
-15.618307546164175
-15.61863584728003
-15.618851226961725
-15.619048653503402
-15.619096249878009
-15.619452534367351
-15.619573834448396
-15.61973724397346
-15.619959968387924
-15.620126149379256
-15.620352421880352
-15.620503528576357
-15.620686355995838
-15.620831450599264
-15.620969095547506
-15.621153072658016
-15.62127616957616
-15.621494300871053
-15.621716862362383
-15.621849615219807
-15.622073582153275
-15.622208540191696
-15.622375548928373
-15.62253563486334
-15.622662581141771
-15.62275631219401
-15.622982028866891
-15.623074688734235
-15.623224216492556
-15.62339568840071
-15.623604478231279
-15.623768779022097
-15.623957896791923
-15.624101701425213
-15.62425976361966
-15.62445104841521
-15.624575827749657
-15.624761523038206
-15.624918991964833
-15.625076373968492
-15.625216460632299
-15.625378788266564
-15.625555555597067
-15.625692810502507
-15.625826441646932
-15.626037037295795
-15.626203223781589
-15.626399398927518
-15.626629355355222
-15.626764908001203
-15.626911917702218
-15.627095271637995
-15.627218319188605
-15.627386451936427
-15.62750949387615
-15.627616431377584
-15.627704580432846
-15.627823179708558
-15.627925196062462
-15.628004060968818
-15.628108958872007
-15.62818311206328
-15.628270641867417
-15.628388147895427
-15.628456324814618
-15.628523673722176
-15.628643843356787
-15.628715857344748
-15.628855623755287
-15.628945282200204
-15.629081130283474
-15.629170990400382
-15.629264165087436
-15.629361292162496
-15.629460777277744
-15.629565674670058
-15.62965922949722
-15.629774078781518
-15.629874561220387
-15.629970417776843
-15.630052675956492
-15.630168171249593
-15.630261780491644
-15.630400396586307
-15.630494127896704
-15.630600242836111
-15.630704855985712
-15.630872969180416
-15.630959124063896
-15.63104954462208
-15.631111995345016
-15.631205954876219
-15.631282066551261
-15.631342169872298
-15.631448776005193
-15.631525701393427
-15.631586609205115
-15.63163549831174
-15.631690703550568
-15.631748450031411
-15.631811542579545
-15.63183843767446
-15.631873345634991
-15.631903306701847
-15.631945111703695
-15.631971837587056
-15.63199784745333
-15.632025581736386
-15.632065126418883
-15.632090041728812
-15.632121880242602
-15.632149728037625
-15.632190956691108
-15.632220635186071
-15.632250644620697
-15.63226745613414
-15.632313698309675
-15.632339174150287
-15.632364423444127
-15.632404191047588
-15.632427684703917
-15.632466346488199
-15.632488924705253
-15.63251626906003
-15.632539416765539
-15.632562900338487
-15.632592499796997
-15.63261100058599
-15.63264148202431
-15.632672857183127
-15.632709426441762
-15.632730129271941
-15.632761984422407
-15.632787838313444
-15.632816301126145
-15.632850325828574
-15.632871383905037
-15.632904870118727
-15.632934871050436
-15.632966346031752
-15.632992007277961
-15.633020465807949
-15.633047504844926
-15.633073027412554
-15.633101421243804
-15.633126352541186
-15.633153353279678
-15.633179545968943
-15.633206836992104
-15.633234443454842
-15.633260848594206
-15.63329148838253
-15.633320011400503
-15.63334530991764
-15.633389254365458
-15.633412516727162
-15.633435710649957
-15.633473704980803
-15.633492826245805
-15.63351652335695
-15.633548891994169
-15.633570889105492
-15.633598743327784
-15.633634151203976
-15.633655010154161
-15.633681911639218
-15.633699451090552
-15.633739857370237
-15.633764169835114
-15.633784560052298
-15.633824843576562
-15.633844828518939
-15.633910286625685
-15.633929860395234
-15.633951458147363
-15.633971481469171
-15.633993532498296
-15.634008440457627
-15.634024592318053
-15.634038697094425
-15.634057175690678
-15.634073215524596
-15.63408788379415
-15.634100500080947
-15.63411769717613
-15.634132111158902
-15.634155094483134
-15.63417323833769
-15.634188642586505
-15.634207385371065
-15.63422994004787
-15.63424560429446
-15.63426311732287
-15.634279771097761
-15.634295822300372
-15.634316134067333
-15.634328488453967
-15.634341121303773
-15.634362452827446
-15.634379304436196
-15.634388795013152
-15.634412419743803
-15.634423876365442
-15.63443763706692
-15.634452636694467
-15.634461936027149
-15.634476401786662
-15.634490812424483
-15.634505032315204
-15.634518596970178
-15.634534663521439
-15.634553852358394
-15.63456983219299
-15.63458430833118
-15.634600684958775
-15.634619044070748
-15.634638329735042
-15.63465521105273
-15.63467107126516
-15.634689885022322
-15.634712233215204
-15.634735871704994
-15.634757807535888
-15.634788872339822
-15.634806963559399
-15.634826429430454
-15.634837689292432
-15.634868273174577
-15.63488446168638
-15.634900677685243
-15.634924546306763
-15.634953872354052
-15.634979004310766
-15.635008554295519
-15.635027880837953
-15.635051242685957
-15.635085205997731
-15.635107836932189
-15.635125210444023
-15.63516141256144
-15.635174941215125
-15.635190874119552
-15.635221162261345
-15.635235909524559
-15.635259537503455
-15.635284718911306
-15.635300443232126
-15.635329338851204
-15.635347843294635
-15.63538143486025
-15.635402923791577
-15.635421957651248
-15.635453427426981
-15.635471847977906
-15.63549810700021
-15.635518913033955
-15.635541443092588
-15.63556170949283
-15.63558182759238
-15.635609644512654
-15.635629247085864
-15.635661576238324
-15.635692769837762
-15.635727444948085
-15.635754165580243
-15.635780459016795
-15.635808153265332
-15.63583579393722
-15.635861805024389
-15.63588847377028
-15.635910400217577
-15.635931879392995
-15.63594539470818
-15.635972479987421
-15.635984653473677
-15.635996636941128
-15.636020475585191
-15.636036117370297
-15.636057477777586
-15.636069111346009
-15.636085224033799
-15.636094056027497
-15.636118139094862
-15.636128044177154
-15.63613992915107
-15.636157981900539
-15.636170808195896
-15.636188487592158
-15.636202790590332
-15.636217091614567
-15.636228524955309
-15.636243239150481
-15.636255513281682
-15.636265400962767
-15.636287022182325
-15.636299376012573
-15.636311269354005
-15.63632240110206
-15.636332556015686
-15.636344236726012
-15.636354018629143
-15.636364873108477
-15.636373444945988
-15.6363849403651
-15.636396783999686
-15.636411797489394
-15.636422785417308
-15.636438258526281
-15.636446755002563
-15.636465312125017
-15.636478075520948
-15.63648980191163
-15.636507778483022
-15.636519716812051
-15.636533861733511
-15.63654432861907
-15.636556655991786
-15.636568415831949
-15.636580175329332
-15.63659525378447
-15.636605193512551
-15.63661904091979
-15.63663146359949
-15.63664331450097
-15.636658163461938
-15.636670900294309
-15.636683491777308
-15.636699359199884
-15.636712326866611
-15.636728770166354
-15.636740688988791
-15.636751871657884
-15.636767127100672
-15.636775884469536
-15.636787768355626
-15.636794953735711
-15.636804012097183
-15.636819758694585
-15.636824218719445
-15.636839281423777
-15.636845858070046
-15.636855476002927
-15.636870244957032
-15.636880657450309
-15.63689426230838
-15.636906970177261
-15.636919785393662
-15.63693630288831
-15.63695454311822
-15.63697453781137
-15.63698875497657
-15.63700371673867
-15.637020988852033
-15.637035014672659
-15.637048508232185
-15.637062438727238
-15.637071343751721
-15.637079500960668
-15.637095391981966
-15.637103226484308
-15.637111997189386
-15.637123749890327
-15.637131998359617
-15.637146792094232
-15.63716006169464
-15.637170787372948
-15.637184360169249
-15.637193612110048
-15.637203313017773
-15.637218147912398
-15.637226003634925
-15.637236365613532
-15.637247699391315
-15.63725936733733
-15.637266427626834
-15.637283883209415
-15.6372913855472
-15.63729644512901
-15.637305765984062
-15.63731244804356
-15.637320764685645
-15.63732772557509
-15.637334170078566
-15.637341210359311
-15.637348122034048
-15.637356830602522
-15.637363007048418
-15.637371284767635
-15.637375129802441
-15.63738413261057
-15.637389289958994
-15.637395076889277
-15.637404499477233
-15.63741079468783
-15.637417091163329
-15.637422671532143
