500 iters for seed 26 on ER0.3 which is in the 87.73880004882812 percentile
 Maxcut: 30.0, MedianCut: 20.0
-19.51321344371563
-19.62525910969455
-19.72302102077316
-19.799605469875196
-19.851961835349478
-19.87861164885879
-19.919338554650466
-19.943140626202947
-19.961427118544876
-19.977174758424088
-19.990793069421365
-20.00533232207749
-20.01803600135751
-20.03154930501603
-20.042150477135976
-20.0503961684649
-20.057229844467724
-20.064536445083956
-20.069969226061044
-20.07610877473132
-20.08280577688953
-20.08860147728138
-20.095418474712595
-20.101284968991433
-20.10664725896902
-20.110976045147794
-20.11566763552486
-20.119894366243436
-20.12354040544608
-20.12643284771848
-20.12868057592927
-20.130344024069196
-20.13162256019377
-20.133302556868976
-20.134865336665847
-20.13619173211184
-20.137442321415357
-20.13851682290666
-20.13959187120836
-20.14050965200361
-20.141483861647377
-20.14240679281023
-20.14317967110268
-20.14427689652278
-20.145108869996502
-20.14596890610152
-20.14701145663756
-20.147746326559993
-20.14873925372268
-20.149730216576017
-20.150720884949095
-20.151685489283064
-20.1527315086266
-20.153745677514685
-20.154575220430136
-20.15554036508125
-20.156107564256747
-20.15705593023299
-20.15758855666849
-20.15813854155229
-20.15873761887144
-20.15934103405039
-20.15982622313045
-20.160286524369987
-20.16075626662265
-20.161193898420194
-20.161631320197337
-20.162064826149262
-20.16266762914553
-20.163294305091103
-20.163908369308942
-20.16481726072536
-20.165422111057275
-20.166462508112144
-20.167006134388682
-20.167524737818333
-20.168037010142502
-20.168582399669614
-20.169007703089758
-20.16945920225717
-20.16995753472649
-20.17050970216949
-20.17109191863628
-20.17163263704977
-20.172199989476063
-20.17267608495991
-20.173196177178436
-20.173522418349364
-20.173923419268508
-20.17429447395099
-20.174829947784268
-20.175166582832652
-20.175586006174715
-20.176016467824844
-20.176667391588566
-20.17714282969123
-20.177678222800324
-20.178482339070126
-20.179217090828516
-20.179921194820242
-20.180738012011243
-20.181434582782874
-20.182390843752565
-20.183033010655837
-20.183673280306117
-20.184376858029548
-20.18490767675971
-20.185579545688654
-20.18621571888324
-20.18682215854038
-20.187343388724305
-20.187891043151673
-20.188370968021328
-20.18898180324046
-20.18935194942369
-20.189851689662046
-20.19023565772781
-20.19087535888618
-20.19131781729616
-20.191768857783323
-20.192210724581237
-20.19282296847245
-20.19321156064907
-20.193591567428076
-20.194041591398754
-20.194481112491076
-20.194790890117442
-20.19515751077306
-20.195484390046488
-20.195858887467764
-20.196148577992318
-20.196364065354445
-20.196585874149402
-20.196910221209123
-20.197234887228817
-20.19746795744807
-20.19781759039978
-20.198016202533665
-20.198236320881943
-20.198541467611918
-20.198741644013122
-20.19894624162891
-20.199167413214276
-20.19931147559611
-20.19951675513479
-20.199665592437427
-20.199863880278308
-20.200069433628535
-20.20025111582753
-20.20049067703666
-20.200790257496145
-20.201152357426054
-20.201538180914774
-20.20201815018809
-20.202578287436236
-20.20320292210517
-20.20373936589442
-20.204473974643662
-20.20488167221052
-20.205545355609047
-20.20599152626137
-20.206294511431047
-20.20692352851102
-20.207551765136667
-20.207919496914315
-20.208376575543582
-20.208820905009173
-20.209194814074998
-20.209650223174833
-20.20996124757968
-20.210239615557747
-20.21051521364264
-20.21069073714334
-20.21088963190099
-20.211084862749548
-20.211229888428395
-20.211340845573236
-20.211565016007626
-20.21165201942219
-20.211801042174617
-20.211929377352785
-20.21202994572147
-20.2122089130964
-20.21230444485901
-20.212417581238167
-20.212526194697663
-20.212625196499534
-20.212765590131724
-20.212914006649164
-20.213060526707338
-20.21318779335464
-20.213331610395112
-20.213464098611293
-20.2135787223038
-20.213680555468528
-20.213784569444254
-20.21389433814587
-20.213984892388382
-20.21410074570901
-20.2142099424893
-20.214315080644297
-20.214472373800117
-20.21456866554336
-20.214650188077638
-20.214774163753255
-20.214869747541016
-20.214957030716718
-20.215122303731363
-20.215186499061947
-20.215282149172857
-20.215345910666212
-20.21542077636694
-20.215498661091228
-20.215554616529865
-20.215613049034786
-20.21566325775904
-20.215727563532866
-20.215778877416305
-20.215836411008034
-20.215902120365257
-20.215965934784876
-20.21600048214019
-20.21607412550112
-20.2160972338121
-20.216148839382182
-20.216186578948403
-20.216222807789663
-20.216288124594378
-20.21632962470246
-20.216401126335896
-20.216456509820688
-20.216509365296265
-20.216559795382093
-20.21660933508872
-20.21666366371997
-20.216714063966688
-20.216761180015684
-20.216821894829344
-20.216868359746258
-20.21693174069538
-20.216974723384276
-20.217021044044806
-20.217066241655427
-20.21712172022754
-20.21715322122002
-20.21722000452086
-20.217250212972306
-20.217285382670557
-20.217321237181668
-20.21736231781911
-20.217393604768752
-20.217419714067788
-20.217445994267187
-20.217475656405465
-20.217506352541847
-20.217531567591084
-20.217549565865255
-20.217580670494076
-20.217597260348267
-20.21762083229518
-20.217646232364814
-20.217663765778646
-20.217703954242463
-20.21772258072388
-20.21774242552403
-20.217760075684115
-20.217779352519187
-20.217800388000878
-20.217821599959922
-20.21784465910485
-20.2178651419945
-20.217888884266586
-20.217906921737885
-20.217920559553008
-20.21794209185131
-20.21795887349413
-20.21797860123338
-20.218003805112463
-20.218020019690258
-20.21803466119769
-20.218057485230766
-20.218071723283032
-20.218090488696173
-20.218111566983474
-20.218123542079937
-20.218133542934453
-20.218154305213467
-20.21816722285012
-20.218185541065807
-20.218205631574726
-20.218224245964652
-20.218239145003917
-20.218262425753533
-20.218280064328912
-20.218293790140685
-20.21831542279262
-20.218330065165887
-20.218352209736736
-20.218372276635552
-20.218395395450308
-20.218408222477997
-20.21842789283176
-20.21843939354965
-20.218463269600715
-20.21847919140268
-20.218495416212495
-20.21852016207125
-20.218545114649807
-20.21856552548949
-20.218593591133285
-20.21861812565558
-20.218652714319052
-20.21869807769804
-20.218723636303555
-20.218748128679984
-20.21879043760385
-20.218821204673418
-20.218846976393113
-20.218892802439775
-20.218918897499798
-20.218953881722356
-20.21900643253893
-20.21905597014053
-20.219099888426992
-20.219140760348395
-20.219175634981916
-20.219230236662334
-20.219272232759064
-20.21930368592905
-20.21933458335926
-20.219368332802926
-20.219402489231026
-20.219442080223516
-20.21947189436141
-20.21950517526234
-20.219555681170796
-20.219584472268274
-20.2196116492498
-20.219670753206564
-20.219705568222665
-20.219724786642935
-20.21980524912521
-20.219826081006588
-20.21986359576173
-20.219891658007047
-20.21993414213923
-20.21996389214928
-20.21998902532425
-20.220030891506312
-20.220050762225004
-20.220082079625588
-20.220113737974
-20.22014236512076
-20.22016311615957
-20.22018984798011
-20.220214892718985
-20.220236117442063
-20.220260016810638
-20.22028872210697
-20.22031228880698
-20.220339731119516
-20.22036301060819
-20.22039451694483
-20.220409573904963
-20.220427715441758
-20.220447487719994
-20.22047421554298
-20.220488804674176
-20.220502597611258
-20.220516754912794
-20.220534949867314
-20.220549597564727
-20.22056346627864
-20.220573786153594
-20.220587203379118
-20.220596836008635
-20.220606720122095
-20.22061826634991
-20.22063368847062
-20.220642974775153
-20.22065528214565
-20.220673206028696
-20.220690246987033
-20.220709156238733
-20.22072645009446
-20.220741922103585
-20.220762598086647
-20.220786465975973
-20.220802931447523
-20.22082512782913
-20.220841648275645
-20.22087527481077
-20.220894437861944
-20.220913195169526
-20.220944378236663
-20.220965833759756
-20.22099102964137
-20.221011345269428
-20.22103646371282
-20.221063975436532
-20.22108942959651
-20.22111995938841
-20.221140250726524
-20.221157200281635
-20.221194880557128
-20.221209245921838
-20.22122537548683
-20.221250178941848
-20.221264186018228
-20.221276374272236
-20.221315339683457
-20.22132967868242
-20.221355680865564
-20.221377756744353
-20.221416374451866
-20.22145011156043
-20.221481501005304
-20.221533071731706
-20.22154231265493
-20.221608034193444
-20.221628326276328
-20.221661104504413
-20.221700996305927
-20.22172755725348
-20.221768383776833
-20.221795992719066
-20.221822594092714
-20.22183788137339
-20.22188240927289
-20.22190278150754
-20.22192720337181
-20.221966879984095
-20.221988382347142
-20.22202959068037
-20.222048497023998
-20.22207566876339
-20.222111890831872
-20.222151259714085
-20.222176775880072
-20.22221184658026
-20.22222861539549
-20.22225013033333
-20.222280728247014
-20.222301334735228
-20.222338501062758
-20.22237594982675
-20.222393171495256
-20.22242445948538
-20.222446072893856
-20.22247416267829
-20.222503611190994
-20.222525337454066
-20.222554616418115
-20.22258921387917
-20.222617301882217
-20.222639685423328
-20.222666312470846
-20.222695176343674
-20.222731060936997
-20.222762381520262
-20.22279304719212
-20.222819961138995
-20.222850783690593
-20.2228901119261
-20.222920993188133
-20.222945491303495
-20.22298012833829
-20.2230042289198
-20.22303517383651
-20.223064381070163
-20.223081256089056
-20.223094186670117
-20.22312662876883
-20.223137065252303
-20.223154166494897
-20.223171285095937
-20.22318659232789
-20.22320894911004
-20.22322733666746
-20.223247560543935
-20.223260797837987
-20.223277473775475
-20.223292895194177
-20.223313464825395
-20.223326457056018
-20.223340361062967
-20.223353381910623
-20.223365309756815
-20.223383419463385
-20.223392381826343
-20.223404216262345
-20.223412058058955
-20.223422862306936
-20.22343264838932
-20.223445547195688
-20.22345673214079
-20.223466961758337
-20.22348119979475
-20.223490794448242
-20.22350387898596
