500 iters for seed 41 on ER0.3 which is in the 74.16152954101562 percentile
 Maxcut: 32.0, MedianCut: 19.0
-18.999031479930387
-19.108386657287774
-19.167221230557587
-19.233926692046673
-19.294987619493554
-19.318065924917438
-19.371964705102666
-19.400711523740494
-19.425677767496012
-19.445613113728754
-19.465940879384807
-19.48347589939727
-19.499138837828294
-19.515571479995238
-19.52867456227687
-19.53911387097574
-19.545583089550576
-19.553583184380265
-19.55877156370767
-19.564943128267274
-19.569744650244317
-19.5733821545792
-19.578630323966124
-19.58424629967123
-19.589197709397094
-19.59310763708306
-19.596693878381576
-19.599938408862183
-19.603498247575622
-19.606771296045594
-19.610552604646607
-19.6127989900344
-19.616238195417775
-19.618656981551126
-19.620930448274628
-19.623385086380747
-19.625275319291678
-19.627342702472934
-19.629545690565752
-19.631174478003196
-19.63250778396517
-19.63414585343846
-19.63508060755761
-19.636131114757355
-19.637347833666652
-19.638524564658333
-19.63954530795484
-19.640415696541016
-19.641329825431423
-19.642165324194046
-19.642887079997273
-19.64367589212027
-19.644419736296513
-19.64524039359616
-19.64604338059744
-19.647014709043827
-19.648210093502136
-19.649090381089227
-19.650338075637443
-19.65153345567702
-19.65263342338168
-19.653665971162237
-19.65464686266982
-19.65550944982244
-19.656160062831866
-19.656999938750936
-19.657654882695923
-19.65830114892332
-19.658888270962258
-19.65945831708303
-19.66007165047965
-19.660550111018523
-19.660941527177613
-19.6613290309321
-19.661748408094702
-19.662132292535382
-19.662554867122438
-19.66299039620362
-19.663530668775397
-19.66416544006057
-19.664776097825676
-19.66537601997935
-19.665956899201536
-19.666415659934103
-19.666862297539293
-19.667377381682005
-19.667825014083256
-19.66838981811683
-19.669130499836402
-19.66971279541355
-19.670414399296163
-19.671072980591887
-19.67167163066437
-19.67216318530261
-19.672678223069422
-19.673101170265664
-19.673481408964786
-19.67387075415904
-19.674281906099065
-19.67467357558617
-19.675013940607002
-19.675400135297398
-19.675703027427545
-19.676035485035676
-19.676451324308115
-19.67679127988637
-19.67712994725903
-19.677497882268614
-19.677836949729212
-19.678089718833334
-19.6786203402931
-19.678811078946055
-19.67924425636537
-19.67958601353052
-19.679986056027865
-19.680687923776883
-19.6811053525307
-19.6816418593815
-19.682099536238123
-19.682420340586738
-19.682816393931265
-19.683381736032594
-19.683714099312475
-19.684183742832275
-19.68460270177474
-19.68501073110383
-19.685357540867486
-19.685778214920788
-19.686168130583567
-19.686381504807578
-19.68665883520333
-19.68684713061364
-19.687069821587514
-19.687317539760507
-19.687485173380225
-19.687734011304816
-19.68795078155962
-19.688114495821935
-19.68838541976396
-19.688537743797554
-19.688744454897538
-19.68897069275495
-19.689148508482965
-19.689330860130298
-19.689562020903796
-19.689767198046876
-19.69000276716888
-19.690235288029157
-19.690492261606586
-19.690692106143683
-19.690901981827665
-19.691103367113612
-19.691295124262847
-19.691505364644406
-19.691747764847655
-19.691938455804113
-19.692076186175875
-19.692262178945082
-19.692402689153596
-19.692579826109124
-19.692750408877473
-19.692896411595186
-19.693041482230015
-19.69320756695282
-19.693321339867957
-19.693435205896805
-19.693597378229434
-19.693731882719526
-19.69389511952484
-19.694087610333376
-19.69423400586976
-19.694370917141008
-19.694528829919665
-19.694667781632994
-19.69481479711208
-19.694930666411533
-19.69504506403426
-19.695163411435264
-19.69530099744724
-19.695412264823663
-19.695527118396896
-19.69564685659113
-19.69577063318135
-19.695869213137463
-19.695975763213582
-19.696102277166716
-19.69623276077375
-19.69633495175851
-19.696431117290757
-19.69652562649865
-19.696610789856962
-19.69668908044851
-19.696765936042432
-19.696854164025932
-19.69692156920632
-19.696991028123673
-19.697079856513326
-19.697163334092007
-19.69724152861624
-19.697311525922544
-19.697397839179978
-19.697466259402432
-19.697526489129146
-19.697588458695332
-19.69766017752839
-19.697748077710887
-19.69781731400297
-19.697880049119497
-19.697957989844358
-19.69802585956864
-19.69814400485324
-19.698235936372434
-19.69832642272835
-19.698413935675386
-19.69848657261695
-19.698577287536377
-19.69867247785578
-19.698748074466863
-19.698814873609415
-19.69893523088053
-19.699009610231208
-19.699094210523466
-19.699193370579895
-19.699256653151103
-19.699374154182436
-19.699478201385695
-19.699542745122812
-19.699631668713725
-19.69970013104164
-19.699792949940733
-19.699856647409057
-19.699930557381585
-19.699980062151845
-19.70006763606027
-19.700175855194423
-19.700278641022518
-19.700344857733775
-19.70041991945027
-19.70048108978509
-19.700566448969138
-19.700701784379557
-19.700797104192585
-19.700886027819095
-19.701129772365306
-19.70123886929997
-19.701387287719662
-19.70153560437864
-19.70166283797402
-19.701868461118394
-19.701996261402392
-19.702183403445876
-19.702291179757726
-19.702419406704045
-19.70250588151123
-19.70265227146605
-19.702720546882848
-19.702816879220677
-19.702955793286936
-19.703115152247477
-19.70326425405444
-19.7034309143559
-19.703529099929895
-19.703640337502705
-19.703750067942806
-19.703808245540696
-19.703881887383602
-19.703982020132578
-19.704094891630966
-19.704155104434918
-19.70426015735614
-19.704317066481043
-19.704395608398215
-19.70451032262113
-19.70458602335637
-19.70466376674646
-19.704781423181554
-19.70486513432926
-19.704989048296124
-19.70510936202227
-19.705254531649125
-19.705404747672937
-19.7055531556007
-19.705693241739784
-19.705834608040604
-19.705946566098433
-19.70608200850562
-19.70623054375951
-19.70636337215731
-19.70646866462373
-19.706672622896885
-19.70679062384401
-19.706907618545635
-19.707034179667897
-19.70714161368716
-19.70731086531098
-19.707530467086293
-19.707676524074753
-19.707869602897816
-19.707992859706607
-19.70814028680311
-19.708290982086154
-19.70838106576433
-19.70848278730756
-19.70861981537564
-19.70867907444859
-19.708787839713786
-19.708862075508964
-19.708940353132142
-19.70905170332585
-19.709140194235914
-19.70931424170428
-19.709457096286457
-19.70955407563902
-19.709640403271173
-19.709728426847786
-19.70985038589315
-19.709949631516317
-19.710037190839916
-19.71011514789835
-19.710192506919512
-19.71027605113431
-19.710336840342332
-19.710404210759897
-19.71047586280789
-19.71054184836788
-19.710613201189137
-19.71066294720888
-19.710723095302484
-19.710790141242818
-19.71082924932535
-19.710940455128856
-19.710982961614917
-19.71105107370541
-19.71110379799946
-19.711150433507207
-19.711196907361927
-19.711254636071608
-19.711306109935407
-19.711355516459953
-19.711422611688377
-19.711463418498557
-19.711503453448735
-19.711545898184056
-19.711582944285574
-19.711640788244907
-19.711692129460705
-19.71174971809688
-19.711786752796726
-19.71182811631337
-19.71188749149055
-19.711931206288156
-19.711949619119945
-19.712043973527493
-19.712072823267746
-19.712119624423444
-19.712152762871607
-19.712208847553388
-19.712247679652574
-19.712278592886612
-19.712346308278626
-19.71238060672328
-19.712484813069292
-19.712525957581228
-19.712579324500275
-19.712646986100935
-19.71269648666322
-19.712781863963354
-19.712828560450788
-19.71288858569131
-19.71299789451258
-19.713052087196516
-19.713150137069658
-19.71319675549728
-19.71326501742954
-19.71335249506534
-19.713463683251383
-19.71353682296381
-19.713609211233944
-19.713668728230957
-19.71376378124198
-19.713833094469464
-19.713887224710266
-19.713994420976608
-19.714064674412036
-19.714156300865763
-19.71423597494907
-19.71432009393711
-19.714389683116465
-19.714469829244926
-19.714538255134343
-19.714597155213816
-19.714760031450098
-19.71485219237688
-19.71496294811948
-19.715077215468405
-19.715178435229454
-19.715313007919395
-19.71541989179454
-19.715511869399684
-19.715588335351512
-19.715676417563955
-19.715774794037277
-19.71584809280996
-19.71592564987659
-19.715993730448396
-19.716097518693847
-19.71617034310819
-19.716270076111712
-19.716346166839898
-19.716425646268416
-19.71647176866808
-19.71659563021039
-19.71665079622324
-19.716718004721564
-19.71680777662057
-19.716909061918788
-19.717002630687826
-19.717107136194674
-19.717190542395507
-19.717274070398837
-19.7173488850454
-19.717407207325916
-19.717497624965322
-19.717530918570453
-19.717710931968746
-19.717777652509838
-19.71788036932154
-19.71802884090435
-19.718109448130697
-19.718287342760462
-19.718357061339802
-19.71845991528558
-19.718528437471583
-19.71867196699532
-19.718740964454476
-19.718813118204086
-19.718886956951568
-19.718978184537214
-19.719052558750917
-19.719135285693
-19.71916316960256
-19.71928369583358
-19.719332679826472
-19.71938745551953
-19.719469287785532
-19.719521098374997
-19.719617791265428
-19.719685918916387
-19.71978080355808
-19.7198128049723
-19.719894414441196
-19.719943977699142
-19.719997223578815
-19.720061360912567
-19.720137610132458
-19.720190150787616
-19.720257326275146
-19.720315218283567
-19.72038377491169
-19.720441008310036
-19.72051470892588
-19.720574742641045
-19.720637681045147
-19.72071342271041
-19.72075171886514
-19.720800438708494
-19.72084973594576
-19.72088851265109
-19.720942115928004
-19.721003004412374
-19.72103229659936
-19.72107224794945
-19.72110441713776
-19.721145217447575
-19.721185782359168
-19.721215135368247
-19.721255107213107
-19.7212933643807
-19.72131992995967
-19.721355089905025
-19.72138515864468
-19.721424516321115
-19.721449256987906
-19.721490400556075
-19.721513069191037
-19.721555313809457
-19.721595648228046
-19.721642194197514
-19.72167515883901
-19.72171342357533
-19.721747162332996
-19.721789873396837
-19.721835977158403
-19.721864693931217
-19.72189644978092
-19.721931687417598
-19.721954683836696
-19.72197757099548
-19.721994593944657
-19.722014586291827
