500 iters for seed 31 on ER0.3 which is in the 78.91921997070312 percentile
 Maxcut: 28.0, MedianCut: 19.0
-18.51734803930277
-18.62657431078654
-18.686009518159022
-18.763575337984832
-18.80576728484906
-18.84696131465565
-18.875016867476724
-18.89953759982673
-18.92454866246547
-18.944574274159503
-18.96273025383243
-18.97645991902077
-18.98921440209312
-19.002029420891613
-19.01279966433154
-19.022370936283835
-19.03094317608839
-19.038171359925563
-19.047071989284106
-19.05548463373756
-19.064162172678902
-19.069746203626423
-19.076492688167775
-19.081810727697675
-19.088078469764525
-19.09303086927312
-19.096972796466645
-19.100288283672135
-19.102941131596026
-19.105566477502258
-19.108759950708148
-19.112550768953675
-19.115824529341545
-19.118233772964096
-19.12194139966136
-19.124413997301005
-19.128144340273945
-19.130174527682776
-19.131786963321787
-19.133757397942084
-19.13559032702921
-19.136824328110805
-19.13877311023508
-19.139658318402066
-19.14099423069566
-19.14190782318351
-19.142877891709524
-19.14430968989046
-19.145621032406495
-19.146844307044805
-19.148296029812826
-19.14919720216959
-19.150296701239927
-19.151194694045635
-19.152071195602794
-19.152967552530253
-19.154219215206833
-19.154783810913088
-19.15553485759296
-19.156320448998965
-19.15711653166809
-19.15780949057835
-19.158373377504127
-19.15893356450943
-19.15956325387794
-19.160160750901927
-19.160677039534757
-19.161276789164788
-19.162024150008392
-19.162751092446992
-19.16345438128392
-19.164232715448414
-19.164795907297815
-19.165498480002675
-19.166367311192815
-19.1670197235463
-19.167661452941097
-19.16859699507682
-19.16914227436628
-19.1697237932186
-19.170507092106856
-19.17108253524121
-19.17190891961792
-19.172620399168885
-19.173313564486495
-19.174030545228753
-19.174563567786965
-19.175099380918603
-19.175659515603748
-19.17613644364996
-19.17666981149645
-19.177088744927243
-19.17740346906409
-19.177821825235466
-19.178298754567724
-19.17864861292116
-19.178968496103373
-19.179325659815433
-19.179631072650245
-19.17991423758757
-19.180267171034064
-19.180553677816718
-19.18091519692484
-19.18129165588816
-19.181587568287693
-19.18179770273591
-19.18217395160247
-19.18238425025508
-19.182565859141807
-19.182833573355055
-19.183052089330936
-19.18342778474991
-19.18366496729373
-19.18388545175056
-19.184062566661645
-19.184274315476365
-19.184555615702124
-19.184867715708137
-19.18513337792642
-19.185407082408798
-19.185573923865782
-19.185863453719694
-19.18605098911945
-19.18622736657136
-19.186622598346844
-19.186851160090587
-19.187467838263686
-19.187760833050927
-19.18810321577295
-19.18840699909099
-19.18880318329769
-19.189187213197055
-19.189495986360825
-19.189826183235372
-19.190157500467755
-19.190518473676555
-19.190855007305984
-19.191143839544765
-19.191499071054192
-19.191861483057984
-19.192184658941816
-19.19252809387886
-19.192921837533063
-19.19324583837624
-19.193559392551386
-19.19378044027586
-19.19405317270314
-19.19423559653741
-19.194548463751644
-19.194706949555663
-19.19487932937705
-19.195145404322226
-19.19541455117549
-19.195629805344147
-19.195877449011157
-19.196033640665245
-19.19620341186911
-19.196487795036877
-19.19661312601226
-19.196759476458233
-19.19706808355297
-19.197208760863745
-19.197366108005
-19.197647621907443
-19.197804443649424
-19.19815520098358
-19.1982862992171
-19.19867006790222
-19.198833546301792
-19.19897887981899
-19.199226790601582
-19.19938438560742
-19.199589325603643
-19.19974476869714
-19.199916955600628
-19.200102644472267
-19.200289792241936
-19.20048352838707
-19.20061301070571
-19.200742303465397
-19.20094028279057
-19.2010731356673
-19.201184119566626
-19.201304846010515
-19.20139694384488
-19.201556294927826
-19.20168939630453
-19.201802005298624
-19.20196406184095
-19.20205860611896
-19.202180788252544
-19.202278954206836
-19.20236927144772
-19.202520751660103
-19.20260326996316
-19.202700575100717
-19.20277848598412
-19.202864599529534
-19.202939606991702
-19.203075547231236
-19.203139208379287
-19.203211063244545
-19.20327785358997
-19.20335435568471
-19.203416844802526
-19.203487506031937
-19.203545624612133
-19.20361003653725
-19.20369811877285
-19.203753901423678
-19.203840302079847
-19.203911883958266
-19.203980671793666
-19.204045971326604
-19.204128823923647
-19.204194086857658
-19.204248760406216
-19.204303061433123
-19.204367984314086
-19.20442760762532
-19.204489332010667
-19.204528652327006
-19.204573489063737
-19.20461489024794
-19.204688065544758
-19.204722672439363
-19.204762789311914
-19.20481419933687
-19.204865882416435
-19.20490552930668
-19.204946766710954
-19.20497428511738
-19.20500935432439
-19.20505401691543
-19.205083198987367
-19.20513178700059
-19.205168116824424
-19.20521667102183
-19.205245428320943
-19.205282833536632
-19.20530978628212
-19.205356759391137
-19.20538211346866
-19.20540662617246
-19.205446915682373
-19.205456362231303
-19.205500940082942
-19.20551296391798
-19.205534767006966
-19.20556866040167
-19.2055913320101
-19.20562495745929
-19.205645681346077
-19.20566599099266
-19.205700109439228
-19.205731515634195
-19.20575153296435
-19.20577625520115
-19.20578972589206
-19.20580884611456
-19.205836754144755
-19.205852716325005
-19.205876108557504
-19.205899899596204
-19.20591971686874
-19.205935292725872
-19.205954668087625
-19.205974191947654
-19.20599557416274
-19.20601298269211
-19.2060336199833
-19.20604402006349
-19.20606080708107
-19.2060792614283
-19.20609247236404
-19.206122990882143
-19.20613878616757
-19.206157324274265
-19.206177428299583
-19.20620142840074
-19.20622532790186
-19.206246170161
-19.20626714634965
-19.206284123057234
-19.206311572356253
-19.20632882335502
-19.206351392163267
-19.206371416050676
-19.206392706816573
-19.206424777314872
-19.20645669153913
-19.206482466876214
-19.206505453647164
-19.206525537590824
-19.20655461977275
-19.20657599751998
-19.206595771968267
-19.20662339254337
-19.206646552629827
-19.20667266701245
-19.206701020355897
-19.206721404597936
-19.20674566145294
-19.20677245769976
-19.20679301952135
-19.206810021802184
-19.20682832641448
-19.20684726892599
-19.206866719915407
-19.206887267448632
-19.206901150382457
-19.206914916289843
-19.20693360019766
-19.20695550065558
-19.206974792164196
-19.20699021948424
-19.207005811589873
-19.20702194571936
-19.20704170756172
-19.207056261660995
-19.207073479440602
-19.207091753382883
-19.20710700804016
-19.207123255846476
-19.207137097675655
-19.20715426777933
-19.207170396117434
-19.207186746466345
-19.207207479816795
-19.20722323260894
-19.20724831637767
-19.207261829626187
-19.207280749832364
-19.207290852444427
-19.207303863487084
-19.20731493836603
-19.20733203529874
-19.207340027415263
-19.207349749867504
-19.207362405541318
-19.207377269832218
-19.207388011336015
-19.207398764045035
-19.20740736699885
-19.207417568258045
-19.20743433989949
-19.207437654777593
-19.207454205124133
-19.20746223813631
-19.20747299312245
-19.207489024883582
-19.207502271771993
-19.20751789119512
-19.207527009959644
-19.207536102715387
-19.207546068459727
-19.207559181114863
-19.207569235571604
-19.20758045756378
-19.20759389213089
-19.207605992963146
-19.20761561448411
-19.20763148264672
-19.207639728900315
-19.20765032186015
-19.207658944826132
-19.20767213590008
-19.207684912991798
-19.20769563579274
-19.207701339991182
-19.2077235265287
-19.20773400662346
-19.207745624681387
-19.207763601560135
-19.207776797230064
-19.207811681477242
-19.20782443286113
-19.207841737295187
-19.207861189717484
-19.207884394231154
-19.20789972047536
-19.207914451268763
-19.20792646643097
-19.207946987055053
-19.20796080525743
-19.207973357463143
-19.20798521949852
-19.207997487097153
-19.208004442420048
-19.208017260407885
-19.208022719329044
-19.208031098106222
-19.208040653088734
-19.20805169045401
-19.208059541933245
-19.20806845661687
-19.20807601913336
-19.20808542975172
-19.208096104041985
-19.208105156448333
-19.208115632692955
-19.20812591281002
-19.208135639621023
-19.208143205816476
-19.20816165949488
-19.208171442638104
-19.208181760422473
-19.208198456999398
-19.208210362433714
-19.208236627728812
-19.208248544702432
-19.208265576151547
-19.208278611413395
-19.20829757578624
-19.20831669376288
-19.20833226318064
-19.20835174336292
-19.20837400974706
-19.208401985028008
-19.208423094509996
-19.208448668797487
-19.20848014274855
-19.20850902372071
-19.208534776520672
-19.208578141655707
-19.20861073760826
-19.20864222562079
-19.20867601189546
-19.20872650376481
-19.208762905042413
-19.208797009249768
-19.20884431478043
-19.20889605104059
-19.20894203479331
-19.20899231998393
-19.20902724682459
-19.20907581008155
-19.209135402140458
-19.209186807772422
-19.209224722969452
-19.209299273883293
-19.209348781387835
-19.2093907243588
-19.209459199945144
-19.20950432356353
-19.209585555125695
-19.209659384212053
-19.209726991387814
-19.209799970278752
-19.209862811692112
-19.20992532048419
-19.209995865915495
-19.210059094829393
-19.210141879715678
-19.210209754499026
-19.21027478069239
-19.210352631586055
-19.21041634905858
-19.21047814611635
-19.21054790386313
-19.21059930992128
-19.210651052188375
-19.21070849694081
-19.21074894547276
-19.21081607395451
-19.210858843770676
-19.21096833028883
-19.21100923487041
-19.211084450294358
-19.21112440099337
-19.211216562487344
-19.2112771549807
-19.211335292561404
-19.21142544462495
-19.2114737055786
-19.21155320761559
-19.21158962758037
-19.211645401891438
-19.211691087562535
-19.211769184548558
-19.211809366265594
-19.211854218320312
-19.21192455791816
-19.21193511807147
-19.21204460731099
-19.21207636860656
-19.212123235662897
-19.212179945818775
-19.212228520635747
-19.212273245532668
-19.212307179177785
-19.21233852158459
-19.212364066511064
-19.212438495702617
-19.21246406522678
-19.21250468258355
-19.212555516711173
-19.212582933216655
-19.212641905305524
-19.21266975108346
