500 iters for seed 19 on ER0.3 which is in the 69.48165893554688 percentile
 Maxcut: 29.0, MedianCut: 18.0
-17.660209776469454
-17.745296399608094
-17.799074028558223
-17.843955522024274
-17.872678285063145
-17.903812497537636
-17.924446699758658
-17.94143717021081
-17.958535390111106
-17.971376011057504
-17.981652892527585
-17.99104915084682
-17.99952920952827
-18.007098779131123
-18.01435736944751
-18.02333511184822
-18.034130110460598
-18.04116863359337
-18.047124423246885
-18.052967371499857
-18.058122054079206
-18.063568495707642
-18.06929920869203
-18.073989055452902
-18.08057469035574
-18.084683870760227
-18.088154453783734
-18.092041022599716
-18.095536413748093
-18.098251236521875
-18.100638984353484
-18.103193279912052
-18.104955808388027
-18.106771439380267
-18.10898570152557
-18.111164830760625
-18.113827901811632
-18.117129745630805
-18.119281958945173
-18.12123884858928
-18.122797031390455
-18.124386591803653
-18.125751921894498
-18.127162015003854
-18.12850730047373
-18.129859003049322
-18.131569050005442
-18.133207680192555
-18.134906885432354
-18.136497235021857
-18.137973554757423
-18.13905594868251
-18.139956035339356
-18.140902055539776
-18.142049787225428
-18.14307553068835
-18.144016806892683
-18.145071583076216
-18.14590763341901
-18.146758920722363
-18.147663132549376
-18.14836227860865
-18.149167308264122
-18.150245832494523
-18.15092574980325
-18.15169276586561
-18.152588577279342
-18.153183824800006
-18.153894452275825
-18.15465241816146
-18.15532841746689
-18.155928867293877
-18.15665984678474
-18.157078356548084
-18.157539737707687
-18.157913367425238
-18.158234024258906
-18.158615481886706
-18.159102532479523
-18.159424406547945
-18.15982895914827
-18.160185077368098
-18.160669319161716
-18.161000061549014
-18.16137737481027
-18.16161778842159
-18.16201941688282
-18.16229198861706
-18.162570649535688
-18.163031341684253
-18.163346754197356
-18.163669414287966
-18.163934514701495
-18.16420377807743
-18.164545612186302
-18.16488169197828
-18.165246887703837
-18.16553377472772
-18.165844983747068
-18.16623523252008
-18.166525762772018
-18.166744050295772
-18.16707722151641
-18.167306662574397
-18.167538122441954
-18.167927443642725
-18.168184232288567
-18.16853751125804
-18.16890739278146
-18.16915400264771
-18.16955697983893
-18.169760330812213
-18.17011381500128
-18.17032217505099
-18.170553288149172
-18.170820667451398
-18.171140578492313
-18.17134753349009
-18.1716417175652
-18.17180248628269
-18.172090461969205
-18.17228622207681
-18.172472370933278
-18.172750361996805
-18.172846173702297
-18.173070819138434
-18.17316509354063
-18.17333590567677
-18.173483130113823
-18.17369168600254
-18.173819976422052
-18.173933490698715
-18.1740759188357
-18.17422705867263
-18.174327994826776
-18.17447728140335
-18.174575449909472
-18.17469765261796
-18.174816567584756
-18.174910477998964
-18.174957256750982
-18.175127441540607
-18.175188398091876
-18.17527238979309
-18.175327376236346
-18.175420563515683
-18.17547515669571
-18.17553132143501
-18.175632645179093
-18.17569042094898
-18.17578510340359
-18.175849549026907
-18.175925472212242
-18.17598625311131
-18.176051148563342
-18.176120882955907
-18.176171265654
-18.176233811633523
-18.176326949356543
-18.176367041545895
-18.176425888709346
-18.176461494281504
-18.176525975907055
-18.176572325870588
-18.176606232919298
-18.176677481862967
-18.176722292417296
-18.176801728252144
-18.17687202715194
-18.176954669352057
-18.17699821331817
-18.177072525899295
-18.17711902494804
-18.177168314844927
-18.177237939186444
-18.177310767648507
-18.177367888163726
-18.17744639931881
-18.17750472634877
-18.177573478702264
-18.1776646194794
-18.177706727815682
-18.177809403665346
-18.177845818082773
-18.17795830871384
-18.178023002877225
-18.178091694066026
-18.17821445773779
-18.17829548386616
-18.178430381052323
-18.17850947773689
-18.178581889607077
-18.178647933490396
-18.17873323589781
-18.1788147451936
-18.178873439676696
-18.178974439410162
-18.179031306386115
-18.179095470560988
-18.179145099948197
-18.1792175862954
-18.179302954089373
-18.17937460166142
-18.179452912620015
-18.179535437176785
-18.17963019023287
-18.17970194734759
-18.17977257056843
-18.17986391293347
-18.17993304615732
-18.179984754947668
-18.180076236742742
-18.18012648720206
-18.180181010696252
-18.18024578451126
-18.180285572195775
-18.180356713625024
-18.180441670917396
-18.180489035992075
-18.18059114815346
-18.180688951330893
-18.180800086937115
-18.18100134199861
-18.181119040843065
-18.181299323622646
-18.18148009433608
-18.181730393224047
-18.18183506641453
-18.18204688995172
-18.18219398445028
-18.182374237093327
-18.182563646039178
-18.18269940812172
-18.18281822336227
-18.182968747190984
-18.183092222418686
-18.18327462141356
-18.183431848903723
-18.18361369745482
-18.183764173324477
-18.183917529426267
-18.18411231203131
-18.18433356903246
-18.184499792227367
-18.184703120151706
-18.18489591935242
-18.18510537160693
-18.185327821491065
-18.1854670729273
-18.185666180330664
-18.18585090816253
-18.186029168542742
-18.186164645445125
-18.18631823744434
-18.186463902716735
-18.186574092658034
-18.186695254762306
-18.18679250238383
-18.1869102848429
-18.1870100839039
-18.187100525755163
-18.18720614248559
-18.187307515607323
-18.18739933046376
-18.187497474822695
-18.18758301770264
-18.187669083442792
-18.187764978235784
-18.187852652739156
-18.187960206825828
-18.18805561823835
-18.188151014139187
-18.188252085077586
-18.188341992229223
-18.188441256189023
-18.188506216683198
-18.188592530416045
-18.188669087003774
-18.188763749571397
-18.188822851888
-18.18889762959852
-18.188954964936396
-18.1890596180655
-18.189112750263348
-18.189186540408
-18.189259063891082
-18.18935277687195
-18.189445622291608
-18.18952382236744
-18.18958074894742
-18.189655250297708
-18.189710238545906
-18.18976325343012
-18.18980141587493
-18.189849250333644
-18.189894916429747
-18.1899409341804
-18.189986401258352
-18.190041635933476
-18.190093071804974
-18.190137498878414
-18.190186540570814
-18.190245785535723
-18.19028815601855
-18.190331370501443
-18.190371209783283
-18.190421256689646
-18.190450441892864
-18.19049555650665
-18.190511059104587
-18.19056424565882
-18.190596835508405
-18.19063068258646
-18.190682029158207
-18.19071068710585
-18.190764763755674
-18.190799832602334
-18.19084080343805
-18.190870179772226
-18.19089702282608
-18.190941694946794
-18.1909660293912
-18.190999775017247
-18.19104633882355
-18.19108336150217
-18.191112897726818
-18.19116472777868
-18.191217529470347
-18.191241331321713
-18.191302859276963
-18.191313915947397
-18.191360425731176
-18.191384771178523
-18.191413331686782
-18.191439010465484
-18.191469119180745
-18.191486481548615
-18.191504659023117
-18.191522134576466
-18.19154127574313
-18.19157349167961
-18.19159130871443
-18.191615690385063
-18.191647255930746
-18.191670645230786
-18.191685725478354
-18.191726217862488
-18.19174078639535
-18.191756292250048
-18.191795400194593
-18.191801375833627
-18.191832251580088
-18.191847402864003
-18.19186656998996
-18.19189326254449
-18.19191046539753
-18.19193166646846
-18.191945521732
-18.191963809083155
-18.19198235711002
-18.19199784399774
-18.192016907978932
-18.192032595008833
-18.192051412108263
-18.192078509721174
-18.1921069319803
-18.192120761696295
-18.192154112680196
-18.192164895114907
-18.192191698773648
-18.192209552675934
-18.192229253429318
-18.192257760891927
-18.192289659418428
-18.19231502559275
-18.192346576537542
-18.19237395610136
-18.192420423227983
-18.192461856834367
-18.192512057964834
-18.192551713039833
-18.192609134764247
-18.192642467631664
-18.192739998519965
-18.192801405459722
-18.192884896551025
-18.192996735522
-18.193136406880498
-18.193258399114626
-18.193389852516663
-18.193447699498684
-18.193558836505304
-18.193702845677045
-18.19380983092061
-18.193893725568564
-18.194012279544708
-18.1942083178947
-18.19430610158345
-18.19446510829394
-18.194589040368143
-18.194778084993274
-18.19489713335134
-18.195025762893476
-18.195129580026826
-18.19530084666117
-18.19541563643348
-18.195507037954304
-18.1956698370115
-18.19575797817811
-18.19586867754508
-18.195947776024532
-18.196038050004816
-18.196126252087886
-18.196204056194677
-18.196277624863022
-18.196331984518075
-18.19641426223035
-18.196477150530185
-18.19653052472474
-18.19660240788489
-18.196669266371376
-18.19674428676818
-18.196812134443398
-18.196878335629346
-18.19694239264068
-18.19702509446058
-18.19709084024195
-18.19715674300833
-18.1972217425661
-18.197283362918512
-18.197333071078035
-18.19741323033471
-18.197463669885003
-18.19751819364928
-18.197602968649555
-18.197674183985022
-18.197718981317326
-18.197771440164665
-18.197805073717966
-18.197848065508808
-18.197896956455857
-18.19793381107423
-18.19798539246473
-18.19802855035356
-18.19808050247947
-18.1981243415484
-18.198177034520867
-18.198187744611346
-18.198269814193274
-18.198291620969172
-18.198322104676166
-18.198362916374183
-18.198378428361625
-18.19842428050291
-18.198438344406327
-18.198458421277174
-18.19848845522077
-18.19851343069047
-18.19853816728984
-18.198559482633115
-18.19857838785527
-18.198600629312793
-18.198635331963146
-18.198660618939517
-18.198690749765614
-18.19871088313278
-18.198739695017505
-18.19876440760477
-18.19878795212579
-18.19880876401929
-18.19884150886697
-18.19885956904649
-18.198879249544834
-18.19890829260165
-18.198939732195097
-18.198968217363422
-18.19899730093609
-18.199021170423652
-18.19907379473453
-18.199107529855628
-18.199141464702763
-18.199176408733646
-18.19921399705475
-18.19925629191776
-18.199319667981406
-18.199361748125405
-18.19941615394294
-18.19949422170004
-18.199569476996245
-18.19962502263257
-18.199677283932168
-18.19972435243345
-18.19980229712617
-18.19983206319403
-18.199893164939752
-18.199927695914184
-18.19997462762387
-18.200046353081483
-18.20007701884939
-18.200172880567727
