500 iters for seed 25 on ER0.3 which is in the 80.70144653320312 percentile
 Maxcut: 29.0, MedianCut: 18.0
-17.506087479542177
-17.529910594759393
-17.649271841601927
-17.725913491292754
-17.75144537056769
-17.80300645697867
-17.847491417246736
-17.877879669270442
-17.90273130232932
-17.917522382728976
-17.935854122374433
-17.949639234409624
-17.96126569290563
-17.97472709455107
-17.987061070583092
-17.998362574634932
-18.007931321313052
-18.018146449655273
-18.02913714380197
-18.038993287618
-18.04555781357814
-18.051957573287517
-18.056148329486835
-18.06085364165455
-18.064168260050334
-18.0672791645809
-18.07082263043432
-18.073846480953193
-18.077562838655233
-18.080841470394457
-18.083482156179624
-18.086076163824174
-18.089169402780676
-18.091208216026892
-18.09380373951155
-18.095059317388856
-18.097947860524318
-18.099329986105957
-18.100607905139317
-18.102223644773055
-18.10334556116675
-18.104591153595038
-18.10575341670796
-18.10679987083249
-18.108170654295908
-18.109346972795247
-18.110219627776566
-18.111217599895152
-18.1124071576099
-18.113663813897453
-18.11489429487085
-18.116069313149016
-18.11728356054888
-18.118566705334715
-18.119582980746742
-18.120634497688563
-18.121988238029935
-18.12315391408721
-18.124601342403324
-18.126073388223052
-18.127393031437894
-18.128454909608227
-18.12986859888303
-18.130661466900776
-18.131683155429414
-18.132685774712392
-18.13367938524013
-18.13487352609458
-18.136474360147343
-18.137649005253152
-18.138898895282708
-18.139786161620247
-18.14095527661746
-18.141666551727482
-18.142353273597372
-18.143350005146978
-18.144240966971093
-18.14501985088433
-18.14586237879641
-18.14645317640778
-18.147092823790082
-18.14763407888881
-18.148052487592896
-18.14839844490981
-18.14891012042021
-18.14915853557769
-18.149481889271755
-18.14983792090643
-18.150147084945804
-18.15050915184738
-18.15089514244679
-18.15131149321031
-18.151650442619626
-18.151961839030378
-18.152377089245938
-18.15269051793502
-18.152921178835307
-18.153351810857174
-18.153629250160318
-18.153983562855046
-18.15440508232936
-18.15481681707889
-18.155123290998073
-18.155611379543505
-18.155838517277417
-18.15618687469086
-18.15648090712175
-18.15677716524295
-18.156987115842952
-18.157417456815843
-18.15764412213198
-18.157921131982036
-18.158285206277256
-18.15871650885008
-18.15908402681975
-18.15960560123269
-18.160025244819167
-18.160515653721497
-18.16111762381832
-18.161492891306047
-18.16180448938632
-18.16239166263242
-18.16276231210211
-18.163381932881222
-18.163716644060095
-18.164223729027675
-18.164581164685032
-18.164968790710205
-18.165241030477013
-18.165890280061195
-18.166207307782866
-18.16663401269046
-18.167035113061957
-18.167554246484205
-18.16797652399122
-18.16842081844541
-18.16884948904956
-18.169393904682355
-18.169869866472833
-18.170321473661733
-18.170821338528427
-18.1714466104676
-18.171785824290883
-18.17215958234642
-18.172452608874504
-18.172763246068772
-18.173094775276915
-18.173319228187435
-18.173659629423287
-18.17402413781291
-18.174236740017207
-18.174555527907884
-18.17468877629506
-18.1750105513021
-18.17519286872919
-18.175410249245502
-18.175771968141092
-18.17596164070037
-18.176256796930325
-18.176484897133044
-18.176763404126717
-18.176911475329927
-18.17719701701707
-18.177351357696825
-18.177498437126744
-18.177699359117078
-18.17789732135849
-18.178046634296976
-18.178236177510225
-18.178374292595237
-18.178550108909107
-18.178830926343274
-18.178982804171476
-18.179124682681426
-18.179410259879987
-18.179548872728
-18.179733163222835
-18.179905037672732
-18.180128374140622
-18.18021359238398
-18.18043944984623
-18.18055357405662
-18.18069046745906
-18.180831445590655
-18.180952035113105
-18.181195772156922
-18.18126348985997
-18.181485919643627
-18.18155931891131
-18.181673192876726
-18.181794110341475
-18.181956658829364
-18.18207338403287
-18.18218947399128
-18.182318354508293
-18.182448476348554
-18.182522129155277
-18.18260692655742
-18.182675136540688
-18.182741200679637
-18.182832746488636
-18.182899440109757
-18.182956212544973
-18.1830782620481
-18.183129874218007
-18.183180981525815
-18.183298138148775
-18.18335658910137
-18.183432997566683
-18.183528814452803
-18.18359425240679
-18.183655313619408
-18.18372893589545
-18.18379085025316
-18.183880301222363
-18.183957119584953
-18.184034558914366
-18.184100764291692
-18.184160808471415
-18.18421323657445
-18.18427342831373
-18.184317965376042
-18.184364570757914
-18.18441022450128
-18.1844410762975
-18.18448574394346
-18.184520648354358
-18.184556413482362
-18.18458549970104
-18.184626209630707
-18.184655562939092
-18.18468310228485
-18.184719487921555
-18.184751264073334
-18.184774352860803
-18.1848349543577
-18.18485517161598
-18.1848859279191
-18.184920989487033
-18.18496253152102
-18.185001327163643
-18.185036655359536
-18.18507536143268
-18.18510857005355
-18.18515790636826
-18.18517166990473
-18.185226691385733
-18.185253988491745
-18.185283520729726
-18.185325480942137
-18.185366768475795
-18.185445547165607
-18.185481690388954
-18.185527754297336
-18.185585180418848
-18.185655941448786
-18.18571039689322
-18.185768394038817
-18.18581327804477
-18.185877459073954
-18.185929952567054
-18.18598522818483
-18.186017968593955
-18.1860861029389
-18.18612719148899
-18.186179919586525
-18.18622027231065
-18.186276560465203
-18.186319775902465
-18.186365816638006
-18.186410637649498
-18.186453734341658
-18.18650163846392
-18.186529541883097
-18.18659660327401
-18.186626386251284
-18.186663324621385
-18.186720849221565
-18.186777814831288
-18.186819527502173
-18.186866408343956
-18.186904975644474
-18.18695875587092
-18.187014833803964
-18.187068062485658
-18.187110876114335
-18.187180245050712
-18.187242491035363
-18.187295682341627
-18.187376681921318
-18.187428976037456
-18.187494500235893
-18.187576763184587
-18.18763847610399
-18.187688845467495
-18.187770589530057
-18.187822496420235
-18.18786980433149
-18.18794763093686
-18.188007124483494
-18.188061787184797
-18.188183368295284
-18.18824729129765
-18.188326086094673
-18.18841102541006
-18.18851111889706
-18.188575417509014
-18.188651480474284
-18.188719606914837
-18.188797907272473
-18.18890187944618
-18.188960016809908
-18.189030960917844
-18.189120307631136
-18.189185626285823
-18.18922438487022
-18.189300665352636
-18.189340456221068
-18.189392424462625
-18.189467437286325
-18.18951218792156
-18.189593877919094
-18.189683336002876
-18.18972634439973
-18.18978860393388
-18.1898216710283
-18.189867457125757
-18.18991004961999
-18.189939326122534
-18.190009022333076
-18.190047950994767
-18.190097781434392
-18.190146668560086
-18.190191292731043
-18.190245758480366
-18.19029959138721
-18.19035224482303
-18.190398292563067
-18.190444561116617
-18.19049283989786
-18.19053303578266
-18.190584895414748
-18.19062510243231
-18.19066654301349
-18.190712204097906
-18.190754206969462
-18.190788036060994
-18.19088378513714
-18.190917954532708
-18.190972145744777
-18.191042387232603
-18.191105734238693
-18.191158340399532
-18.1912024799252
-18.19124587764877
-18.191303778567118
-18.191346300183117
-18.191386906581382
-18.191442104577696
-18.191473304260274
-18.191540063319202
-18.19158027833291
-18.19162410574139
-18.191706439027392
-18.191744814975916
-18.191811620520596
-18.191860763489316
-18.19192000122934
-18.191963557712402
-18.192009452329927
-18.192070281631956
-18.192124877016504
-18.192200000638636
-18.192269885748438
-18.192334898731048
-18.192412541312557
-18.19247223514308
-18.192524997425245
-18.192580276129394
-18.192628638612703
-18.192682119398537
-18.19276344059505
-18.19279660878499
-18.192857440509677
-18.192896185731342
-18.192946993817344
-18.19300531283865
-18.19305604717801
-18.19311887937781
-18.193179615814827
-18.193241183983893
-18.193297086600396
-18.193358377272915
-18.193424508486626
-18.193487654351504
-18.193546732120208
-18.19362093304748
-18.19367463551805
-18.193732346283632
-18.193782013905743
-18.193835774203293
-18.193908347756597
-18.193993549153213
-18.194040896790202
-18.194110826471025
-18.194163312681063
-18.1942320689878
-18.194327640186778
-18.19438340694769
-18.194427085531668
-18.194557076456476
-18.194597511704515
-18.19467263798609
-18.19472512585013
-18.19481723857383
-18.19487823843535
-18.194935223086276
-18.195035904000836
-18.19509949953258
-18.19518846629356
-18.19524785974611
-18.19530932987484
-18.195372915835815
-18.195438031136447
-18.195498030298268
-18.195540129119685
-18.19558754726937
-18.19565101740646
-18.19570485138107
-18.19576082675013
-18.19580006127905
-18.195846144384337
-18.195881324290646
-18.19591601834255
-18.195960218368494
-18.195995666283345
-18.196053202624814
-18.196101775447616
-18.196143697566633
-18.196214952376227
-18.196251721417987
-18.196317578282297
-18.196364552010664
-18.196408096321907
-18.196493763299912
-18.196521574250824
-18.196598356605865
-18.196626898089736
-18.19667265672697
-18.196708295512625
-18.19676644939434
-18.196801563666718
-18.196839626787124
-18.196900793866767
-18.196912806154437
-18.197008689079748
-18.19704429455541
-18.197092943625538
-18.197165469627326
-18.197212356977644
-18.19727623989587
-18.197321686265227
-18.197371609918754
-18.197404148007415
-18.197445623239876
-18.19747916861309
-18.197510221787784
-18.197559202347406
-18.19761422084687
-18.197646125725743
-18.19769555715215
-18.197720338016357
-18.197758819875357
-18.19780108055959
-18.197828879935113
-18.197902037807474
-18.197933979747386
-18.197983689328275
-18.198026126958958
-18.19807366855398
-18.19811706770066
-18.198156262703804
-18.198195301690866
-18.198238336098328
-18.198296546244578
-18.198348649899035
-18.198380207771628
-18.19843601340675
-18.19846960650593
-18.19850824124081
-18.19854833011329
-18.19857759340247
-18.198620380948725
-18.19868228000694
-18.19870956647499
-18.19875206693185
-18.198785551507495
-18.19883280223756
-18.198874202563132
-18.198904093494242
