500 iters for seed 27 on ER0.3 which is in the 17.964935302734375 percentile
 Maxcut: 26.0, MedianCut: 16.0
-15.505656185188872
-15.566962416519186
-15.589245963522808
-15.689016796201932
-15.740114504349243
-15.78441200044711
-15.802925589963396
-15.839241077442516
-15.865819800338318
-15.887759292705363
-15.906295381156504
-15.918928616935524
-15.93209237773608
-15.94196463792094
-15.950496155023737
-15.959752248219177
-15.96970207039609
-15.97784257114128
-15.986096658245588
-15.992725561927882
-16.00077785710682
-16.006874416166294
-16.011807932026503
-16.015608180163547
-16.019188651501548
-16.022768496400598
-16.026533824378376
-16.029673031120396
-16.032498301570254
-16.03540178303861
-16.037746199186873
-16.03961433577554
-16.041286452419484
-16.04329502408186
-16.044986205503264
-16.046421146759183
-16.048024080590345
-16.049317605502242
-16.05097260993785
-16.05304299820606
-16.054835752787145
-16.05667358793422
-16.058447803700478
-16.06021130435972
-16.061440642856116
-16.063257279837853
-16.064375146764412
-16.065643967871008
-16.06692785365261
-16.067954436466742
-16.069181975710265
-16.07030094467153
-16.071062341001397
-16.07186477364014
-16.072746297665766
-16.073556232431258
-16.074173034309755
-16.074782233747726
-16.075407430547035
-16.07619154924584
-16.076936791207117
-16.077693863048047
-16.078523335516458
-16.07957882936355
-16.08070527150713
-16.081630904084903
-16.083017835473218
-16.083791540972648
-16.08513710264795
-16.085957723848082
-16.086693429084026
-16.087500684358268
-16.088437114423783
-16.08900256734173
-16.090040354025376
-16.090638399222467
-16.09150340811906
-16.092274230612237
-16.093042849513726
-16.093751193307973
-16.09488663212086
-16.0953958717775
-16.096047048026655
-16.096788442739644
-16.09758087792029
-16.098221599101077
-16.099093495170333
-16.099788110918553
-16.100503337722248
-16.101520852388752
-16.102199156932024
-16.10318465242394
-16.10421349348258
-16.10543337417358
-16.1062309977437
-16.107321481080703
-16.107885467352627
-16.10874173634602
-16.109352649430143
-16.110022107597896
-16.110521109187765
-16.111452459165484
-16.111854337964473
-16.112441233657016
-16.113273919357937
-16.114181648791003
-16.115048934097537
-16.1158592813184
-16.116498755877128
-16.11749087672009
-16.11796010888691
-16.118555575037927
-16.118974852509957
-16.119397713126023
-16.120056223550435
-16.12058533605741
-16.121054682167582
-16.12154142316032
-16.12197026953143
-16.122613122347857
-16.123103687591147
-16.123532405020597
-16.123948983503766
-16.124273667789673
-16.12463643569572
-16.124953985590377
-16.125229462257323
-16.12552019466964
-16.12582365428821
-16.12602160662231
-16.126313180097863
-16.12647922409093
-16.126738911302844
-16.12689783313383
-16.127045156183705
-16.127305053981868
-16.127465466250285
-16.127638253365774
-16.127758399230824
-16.127894772391
-16.128064410926903
-16.128289555255947
-16.128405882112023
-16.12856768514782
-16.12871467264956
-16.128891731973926
-16.129053529177533
-16.129183263941606
-16.129312840250396
-16.129425159680235
-16.129590789826235
-16.129660550303214
-16.129849814230305
-16.129961520865653
-16.130057745982697
-16.130200410192497
-16.13029943335737
-16.130446695468002
-16.13055780883996
-16.130706964813186
-16.130843178049663
-16.130975190490652
-16.13116285173863
-16.131278750152084
-16.1314324469391
-16.131587739146894
-16.1317553722491
-16.131858970495916
-16.13208750587612
-16.13221473976448
-16.132354886079263
-16.1325467417274
-16.13268012651708
-16.13284499484365
-16.133081332371884
-16.13323766288211
-16.133384131705835
-16.133628731257176
-16.133772905147605
-16.133946037845526
-16.13420482052691
-16.134339167068262
-16.134482836143857
-16.134756362317265
-16.134911423991092
-16.135049842352032
-16.13525295393949
-16.135405953655923
-16.13555504896972
-16.135839290031797
-16.135965963870454
-16.136163312310103
-16.13622141288399
-16.136540907336975
-16.13669042949377
-16.13688152214684
-16.13714782251749
-16.137272465082862
-16.1374903360488
-16.137628165062868
-16.13781990862341
-16.137943562432916
-16.13812462854852
-16.13825286649184
-16.138386936300893
-16.13856646022881
-16.138752135289067
-16.138871611738615
-16.139014003092836
-16.139136960595305
-16.139274195232478
-16.13943691872548
-16.139584193955784
-16.139745523295176
-16.139947393606338
-16.140078288119305
-16.1401856535337
-16.140313165414103
-16.140422382033236
-16.14053523811648
-16.140737328048772
-16.1408362396013
-16.140965812023467
-16.141068316290312
-16.141207613101393
-16.14129950290191
-16.14137584236418
-16.14144884759276
-16.141549538381682
-16.141613986440646
-16.141682814373123
-16.14173905412995
-16.14182386797177
-16.14188104904037
-16.14194200578075
-16.142036477156317
-16.14214907307038
-16.142240020409965
-16.14234388219136
-16.142421934986366
-16.14248897990676
-16.14261482336719
-16.14265176993279
-16.14273679656731
-16.142817231870477
-16.142905501306927
-16.143038788811094
-16.143103725625238
-16.14323259508496
-16.14330592769808
-16.143387640115247
-16.143452952247785
-16.1435175169662
-16.143615976504368
-16.14367235456936
-16.143729450160627
-16.143831081827468
-16.14388607911915
-16.14395119410962
-16.144023598361763
-16.144088752436957
-16.144123513842274
-16.14420681912471
-16.144216249237324
-16.144293654579208
-16.144332764468032
-16.144384044886912
-16.144452864607683
-16.14450578843715
-16.144601166459243
-16.144650302633252
-16.144696498990527
-16.14473332671456
-16.144768804965224
-16.14480994979376
-16.14484381850368
-16.144866089628316
-16.144914487833923
-16.144931995728562
-16.144960286928676
-16.144994137035233
-16.14501887014826
-16.145072178058413
-16.14510461084794
-16.145144393551025
-16.145178286707313
-16.145215503546645
-16.145251626004793
-16.145280176477133
-16.145317601828737
-16.145346717051986
-16.145381049809462
-16.145426855058254
-16.145463975214053
-16.14548643632124
-16.14553474092413
-16.14555485830882
-16.145586764238907
-16.145615373391472
-16.14564319769466
-16.145691369373214
-16.14572079245383
-16.145782720117033
-16.145829224987875
-16.14586921696571
-16.145903580315753
-16.145932955575617
-16.145986882821553
-16.146013364340153
-16.146051945042544
-16.1460795639666
-16.146106112220572
-16.146158401111492
-16.146191267513295
-16.146217003549722
-16.14624037093811
-16.1462701868725
-16.146309511757067
-16.146321903041667
-16.146352278626484
-16.14638926501653
-16.14642679269875
-16.146467586577053
-16.14649747856984
-16.146524848254565
-16.146554218786093
-16.146586805271816
-16.14662472964927
-16.1466568449565
-16.14668940833887
-16.14673237901728
-16.14677488206849
-16.146800126308808
-16.146849182098997
-16.14687223730185
-16.146904397410918
-16.14693834495253
-16.146963659134954
-16.146996694378487
-16.147042836778816
-16.1470771117792
-16.14710257941153
-16.14713532830718
-16.147167935130085
-16.147208779930736
-16.147244130354157
-16.147271980082127
-16.147298055879546
-16.14732576799162
-16.14735475529161
-16.147376991783787
-16.147402920615463
-16.147420122984755
-16.147445968467018
-16.147460838971515
-16.1474775390659
-16.14748651620413
-16.147514926648785
-16.147528491829068
-16.147543864533837
-16.147569488422857
-16.147575327060412
-16.147611666691542
-16.147622177780484
-16.147642890392994
-16.14766352468041
-16.14768818348274
-16.147707889077868
-16.147727719922013
-16.147748790028725
-16.147771274206004
-16.14779473097188
-16.14781349721412
-16.147823710699786
-16.147851203063144
-16.14786159185764
-16.147877031592866
-16.147893449767313
-16.14790642076705
-16.14793501354222
-16.14795394167971
-16.14798370055005
-16.148007356778667
-16.14803315610246
-16.14805926176525
-16.148083552993484
-16.14811016458325
-16.148134372795973
-16.14815580452051
-16.14819594479351
-16.148210914448203
-16.14823709141245
-16.148260164824638
-16.148283416089733
-16.14832867717748
-16.148354067308468
-16.14840052612863
-16.148437307884087
-16.14847503698515
-16.14850676966292
-16.148536668387827
-16.148568393545272
-16.148598663320257
-16.14862457200546
-16.148657476204942
-16.148682856559127
-16.148701204382036
-16.14873960397305
-16.14875894209198
-16.14878454580367
-16.148819559727485
-16.14884226089252
-16.148881138283045
-16.148930240560993
-16.14895428211485
-16.14899068075323
-16.149010143561565
-16.14904529997696
-16.149074882395333
-16.14909675286412
-16.149143963154334
-16.14916752292172
-16.14920742116601
-16.149239105750922
-16.14927277469898
-16.149303263196945
-16.149330515332927
-16.149365638455752
-16.14939559373137
-16.149428152740917
-16.149464938076022
-16.149493339552272
-16.14951936559215
-16.14956731523975
-16.149589110964296
-16.14962388649939
-16.14965831348413
-16.14968223444648
-16.149725963614415
-16.149759827706504
-16.14978805680054
-16.14981412047893
-16.149844409251546
-16.149892786580818
-16.149933890531493
-16.149967810095482
-16.15000538048017
-16.150044881704808
-16.150085006475713
-16.15012358694534
-16.150151412875985
-16.150192400564382
-16.150235830193346
-16.150276790672095
-16.150312554571027
-16.150358600709232
-16.1504033061336
-16.150443556663767
-16.150507424475496
-16.15055673445898
-16.150603279770316
-16.1506965236398
-16.150745489876904
-16.150816135782833
-16.150913698210974
-16.150966203247833
-16.151122851656886
-16.151209935057402
-16.15130643306494
-16.151399725696677
-16.15147646458844
-16.15157584018647
-16.151660647387146
-16.151759719518665
-16.151806719875626
-16.151912506902136
-16.151925334504675
-16.152045093254273
-16.15209044548814
-16.152165096213857
-16.15227189208172
-16.152288183942147
-16.152470167222535
-16.15252590379833
-16.152618604017782
-16.152718510189697
-16.152835238071397
-16.152929855541135
-16.153062471363675
-16.153162648509827
-16.15328460433677
-16.153495865281094
-16.153594522374704
-16.15373687336485
-16.15388065010296
-16.15405103524553
-16.15414273412565
-16.154325162077296
-16.15439118708899
-16.154557263813338
