500 iters for seed 15 on ER0.3 which is in the 48.606109619140625 percentile
 Maxcut: 31.0, MedianCut: 20.0
-20.081189347849907
-20.21629701082829
-20.248497783902792
-20.3285310099688
-20.371605488501146
-20.40318727565098
-20.432668878264607
-20.458376532646
-20.478672177431143
-20.496318863074897
-20.51472078507832
-20.52929549872911
-20.54196991111468
-20.55385357982319
-20.564888810254093
-20.573642801046386
-20.580653293456688
-20.58679012495617
-20.591046738828712
-20.594769160959743
-20.597725981193953
-20.599875159445883
-20.602582785079093
-20.605752704089845
-20.609109942272568
-20.612553744119595
-20.616217324686268
-20.618867724944906
-20.621532226416697
-20.624041821554442
-20.626674877609666
-20.62908555485788
-20.632076978536148
-20.63410375623473
-20.63616218302384
-20.637504024082663
-20.638691460268586
-20.63967573664457
-20.640746638146325
-20.641673038663917
-20.643247407438682
-20.6441501927366
-20.645208107073213
-20.646261910611674
-20.647480087731914
-20.648863468879277
-20.6500695388125
-20.651438413183747
-20.65303286435662
-20.654554137185084
-20.655962439877122
-20.65790867395259
-20.659041197928666
-20.661400850295067
-20.663300508267376
-20.664690578506693
-20.666907788850388
-20.669314349303587
-20.670886675253104
-20.672333182808835
-20.674053959470882
-20.675612644197695
-20.676832980380322
-20.678161765992897
-20.67948351572153
-20.680718621833638
-20.681941526449815
-20.6831033887287
-20.684300537702995
-20.685617470814485
-20.686662169823773
-20.688162573882302
-20.689619958584558
-20.690788913077817
-20.691236434039517
-20.69360204116848
-20.6945579767848
-20.6957112598351
-20.69743023930208
-20.698200478599453
-20.6995668358856
-20.700580549422494
-20.701384064391117
-20.70265829996383
-20.703850939006614
-20.704742362223243
-20.70542738642722
-20.70633840664376
-20.70685706293036
-20.70773839554184
-20.708158862064458
-20.7086179304109
-20.709011803909924
-20.709502135424685
-20.709878317614287
-20.710301289481087
-20.710860590038767
-20.71143263690844
-20.711867043004325
-20.712339415572504
-20.712722139558082
-20.713096856738815
-20.71365808235163
-20.713866661656777
-20.714157445805
-20.714456264225007
-20.714648204018026
-20.71502664229196
-20.71520045576186
-20.71536198310463
-20.715523479620494
-20.715714470966628
-20.7159467515346
-20.716171754719028
-20.716396684960934
-20.716547716730403
-20.71671652150738
-20.71691867992842
-20.717091535232658
-20.717308981489985
-20.717501742588837
-20.717653915653575
-20.717839802829698
-20.71796177379452
-20.71811549013217
-20.71826105144784
-20.718361875747565
-20.718601229401024
-20.7187054818075
-20.718812133713726
-20.71891164474854
-20.719009246653606
-20.71912926264739
-20.719257640533936
-20.719374130604432
-20.71949172824377
-20.71961226706421
-20.719746850620993
-20.719858097176193
-20.72001415420256
-20.720132242002663
-20.720304455453682
-20.720469706055862
-20.7205986204803
-20.720733556450142
-20.720909497655985
-20.72108334473658
-20.721279196364563
-20.72151266029517
-20.721802353990835
-20.72204262051981
-20.722253499546024
-20.72247598456344
-20.722653120742024
-20.722909933809273
-20.723105297041986
-20.723296243742436
-20.723509500107816
-20.723743979456124
-20.72399629504818
-20.7242383532288
-20.724464633356554
-20.72468576684885
-20.724909654138163
-20.725119972337584
-20.72537053742011
-20.725604534279874
-20.72592040912457
-20.726236978278205
-20.726545969935145
-20.726832634354466
-20.727191449999047
-20.727453353728578
-20.727788325074258
-20.72803239566992
-20.72835887529555
-20.728577823128653
-20.728953414631672
-20.72917561142445
-20.729396887372975
-20.729651698402066
-20.72990086232236
-20.730103409573857
-20.7303484512786
-20.730571196174843
-20.730716612526606
-20.73090751180115
-20.731060678083132
-20.73120865009287
-20.731353030598537
-20.73147414208342
-20.731647210699236
-20.731794308317383
-20.73192129054534
-20.732070830715646
-20.732226801837022
-20.73237874981275
-20.732586094754566
-20.73273011890148
-20.732874900920493
-20.733132952149475
-20.733298459124203
-20.73352644926275
-20.73381116719256
-20.734169918505483
-20.73433967770699
-20.73479497988577
-20.735005085334166
-20.735222203316283
-20.735473184468187
-20.73570608562441
-20.735985577540074
-20.736257459089966
-20.736496057404043
-20.736724934584416
-20.736929211981895
-20.737130325983472
-20.737303001767877
-20.73747796467594
-20.737715674782606
-20.737901724456663
-20.738030039631518
-20.738298780214073
-20.73835288283671
-20.73852137853676
-20.7386271762781
-20.738735247172798
-20.738904009258114
-20.73900971847086
-20.739211459098378
-20.739337510824043
-20.7394647116207
-20.73956168182491
-20.73964956997667
-20.73979585765452
-20.739862134720624
-20.739931537230383
-20.74000655864237
-20.74005752862321
-20.740166301513998
-20.7402345272821
-20.740309020555614
-20.74037367747191
-20.740441923888152
-20.74049282992097
-20.7405669866245
-20.74059855743611
-20.740642772031492
-20.740660895621378
-20.740716742206743
-20.740738925745294
-20.740763198696357
-20.740797073691578
-20.74083380720986
-20.74086458576388
-20.740900093137434
-20.740917281127093
-20.740942202261827
-20.7409849076395
-20.74100707066138
-20.741060809102507
-20.741111021708562
-20.74113853707302
-20.74117912615782
-20.741215154580978
-20.74126237977486
-20.741311737652715
-20.741349376778953
-20.741375713137877
-20.74142645603596
-20.74144652221868
-20.74148000281723
-20.74150358909049
-20.7415255349836
-20.741561026965485
-20.741582859671993
-20.741610853839816
-20.741635152161123
-20.74166486391773
-20.741697475884397
-20.741727275166642
-20.741759167307087
-20.74178882679224
-20.741819556576964
-20.74186222659713
-20.74187988345308
-20.741917562306565
-20.741946782359673
-20.741973677634487
-20.742015467299215
-20.742039493430617
-20.742067538210545
-20.742089728499742
-20.742116813953
-20.74214267664453
-20.742167256667305
-20.74219188365521
-20.742211755607936
-20.74225381300529
-20.742287273156585
-20.742312033996214
-20.742347123381208
-20.74237583995466
-20.7424125041345
-20.74244751399039
-20.742472970074324
-20.742490231792004
-20.742525914099218
-20.74253603341628
-20.742560449564408
-20.742575983146338
-20.74259322930535
-20.742619718824262
-20.742637452728264
-20.74266132751338
-20.74267809152897
-20.7426984911007
-20.742715021612796
-20.7427316780908
-20.74274896413048
-20.742762388070354
-20.742781930266535
-20.742798920188108
-20.742810155942017
-20.742824832999393
-20.742836686920857
-20.742851622011244
-20.7428623923283
-20.742870472274
-20.742882284323212
-20.742896888562196
-20.742904957501874
-20.742917303948303
-20.74292492249822
-20.742936652946383
-20.74294654685875
-20.742954664644255
-20.742964484599334
-20.742977130294904
-20.742984230435216
-20.742994236491043
-20.743000884968097
-20.743012489678804
-20.743020907852845
-20.74302790819983
-20.7430350707588
-20.743044409194006
-20.74305089118943
-20.743057580511582
-20.743068382534737
-20.743073300199374
-20.743085473556093
-20.74309080123624
-20.743099390157404
-20.74310899245992
-20.74312072057787
-20.743129463461194
-20.74313820147593
-20.743147827635386
-20.74315889969496
-20.74316704189061
-20.743175552181114
-20.743182517588984
-20.743187821315956
-20.743195502137496
-20.743196825353763
-20.743204101744087
-20.743208175614683
-20.743212365234186
-20.743217720633307
-20.74322356241686
-20.743233240265145
-20.743236267144297
-20.743240290716876
-20.743242968263953
-20.743247345121983
-20.743251938574623
-20.743254990706927
-20.743258321193217
-20.74326417573762
-20.743267524376048
-20.74327106383062
-20.74327661554604
-20.743282070890174
-20.74328694105837
-20.743290617575965
-20.743295626797536
-20.743300460832053
-20.743304909382225
-20.74330833879156
-20.74331173811149
-20.743313913033667
-20.743320847717214
-20.743322991765474
-20.74332644112047
-20.743331271280713
-20.743335736080912
-20.743339730640606
-20.743342922927972
-20.74334558254945
-20.74334946921517
-20.743353658458688
-20.743356155065705
-20.743359128280176
-20.74336134995009
-20.743363676842623
-20.74336479179544
-20.743368322091612
-20.743370093195857
-20.743372114958976
-20.74337497719633
-20.74337665362263
-20.743379873817542
-20.7433819210993
-20.743384703422556
-20.743387347357775
-20.743390564357604
-20.74339259544207
-20.74339594719932
-20.743397547547293
-20.743400175244073
-20.743403294855334
-20.74340629202652
-20.743408406816307
-20.74341097329372
-20.74341305618215
-20.743415881467087
-20.743418233070066
-20.743420494950914
-20.743421489331677
-20.743424206354508
-20.743425691571403
-20.743427213471193
-20.74342990855861
-20.74343091006415
-20.743432577933206
-20.74343451000272
-20.74343619470013
-20.74343773304684
-20.743441301991467
-20.743443253842667
-20.743445311425116
-20.743448709782406
-20.74345110395294
-20.74345426927981
-20.743456085232044
-20.743458481769096
-20.743460692053773
-20.743462701238165
-20.743465189887154
-20.743467225773536
-20.743470148382062
-20.743472415144197
-20.743475191000474
-20.743476653910385
-20.74347903099208
-20.74348243149237
-20.74348488802271
-20.743488129568536
-20.74349024768356
-20.743493004490524
-20.74349580526526
-20.743500958405658
-20.743504109762497
-20.743507751060477
-20.743512068976468
-20.743518078619008
-20.743525511987006
-20.743533104429638
-20.74354018439889
-20.743546932103854
-20.74356055012996
-20.743567484412587
-20.74357622583818
-20.74359113841375
-20.743600276196528
-20.74362093869349
-20.743632344388953
-20.743647180045947
-20.74365570372948
-20.74366703582628
-20.74368000114356
-20.743699636354265
-20.74371222129456
-20.7437267772898
-20.743745654922385
-20.74376950062786
-20.743788721296106
-20.74380369445693
-20.743816918863942
-20.743837690628958
-20.74385111426117
-20.743865463994236
-20.743882397005166
-20.743899470785355
-20.743916924257697
-20.74393329415885
-20.743947221027085
-20.743961129470414
-20.743978477652703
