500 iters for seed 5 on 3R0.3 which is in the 79.02297973632812 percentile
 Maxcut: 21.0, MedianCut: 12.0
-14.00014529875045
-14.01018635653907
-14.020725503956253
-14.048835141604918
-14.33023857772483
-14.461837362816713
-14.542923679606325
-14.649037744306804
-14.853706488258487
-15.07554538400252
-15.260119641010151
-15.502431398180939
-15.70741648676141
-15.87980161849108
-16.073348223779163
-16.231085108825233
-16.42374862557279
-16.574203339285994
-16.743887917708957
-16.932635659764248
-17.05900275733354
-17.21128284575135
-17.364502000469233
-17.474193440135956
-17.57342584464313
-17.60810423488574
-17.693953336454427
-17.736148035901298
-17.788087017572703
-17.820345198632047
-17.851948315869805
-17.897479170987413
-17.90989811227531
-17.942432688547893
-17.950950371860046
-17.96564178087777
-17.977690493359233
-17.992178709079116
-18.002369618406718
-18.010947372169557
-18.022114022069896
-18.028313233220974
-18.03615550287909
-18.043019343511062
-18.050717743428955
-18.06210741367364
-18.06914338049658
-18.077928628750428
-18.08403619716974
-18.091964908325345
-18.110948966065774
-18.122054669983296
-18.14880296309485
-18.162073996604043
-18.185618866313156
-18.21287626711227
-18.229838850251134
-18.27266355177004
-18.297183837386036
-18.329485133577485
-18.349969328705114
-18.401440023681026
-18.435354163280522
-18.46967965288497
-18.49032841438197
-18.528437527397372
-18.549815416262582
-18.567886218915035
-18.590996938105505
-18.617141261276878
-18.640587689163844
-18.66180065484704
-18.686051534838636
-18.726291062837213
-18.7477688802553
-18.767294074566205
-18.779705412760933
-18.795552225001718
-18.80191046753011
-18.824115320256823
-18.83187348054981
-18.844978488992872
-18.86059585789431
-18.8632860904825
-18.879359022296654
-18.883141375539974
-18.89177439276334
-18.896879384042677
-18.90547964103257
-18.910047281069883
-18.913764187801483
-18.917061006782923
-18.921099745272777
-18.923729291708163
-18.927300618232152
-18.93326768705136
-18.93622284891383
-18.94021617231475
-18.94333705561799
-18.947104860075076
-18.94976513074828
-18.951746902648306
-18.954704610050705
-18.956787012253518
-18.959906876060458
-18.961852156512542
-18.96318303208251
-18.964726120838304
-18.966051991972293
-18.96804711820388
-18.96859738538584
-18.971227165187397
-18.972018681456852
-18.97326339144331
-18.974553196240763
-18.975967952927043
-18.97772461809712
-18.97890413790846
-18.980419372848793
-18.981997663780948
-18.983424024565863
-18.984187074114885
-18.98478373259042
-18.986160422488386
-18.98704551217099
-18.987390896383882
-18.9888114714424
-18.989081818919534
-18.98955780582283
-18.989921478260165
-18.99037033335728
-18.990737499087874
-18.990977527433248
-18.991362829142606
-18.991742682291235
-18.991883062788016
-18.99211866436064
-18.9923501336516
-18.99270846413937
-18.992994923770453
-18.99316432872299
-18.993404475562453
-18.99354136344
-18.99370610392793
-18.99391405162243
-18.99402641992979
-18.9942445032268
-18.994457264160687
-18.99458498076844
-18.994865308584593
-18.99499049478063
-18.995218643675823
-18.995395090858416
-18.995545099857512
-18.995838404089227
-18.995954379397666
-18.99618834930523
-18.9963445078522
-18.99647386843626
-18.99659943804722
-18.996744300142264
-18.996859257135508
-18.99705737692988
-18.99717443511478
-18.99727756699874
-18.997410519681292
-18.99754180453426
-18.997663738116685
-18.997891212166707
-18.997974027480417
-18.998079506805173
-18.998206019230462
-18.99829385616606
-18.998372479255423
-18.998409447029573
-18.99846988182784
-18.998536105935308
-18.998617665567195
-18.998656767843485
-18.998696032337687
-18.998753247574914
-18.998778772110615
-18.99884047301107
-18.998865275721133
-18.998894643094264
-18.998949923730542
-18.998975712669665
-18.999029844882497
-18.999068860686528
-18.999109667973386
-18.99912178890815
-18.999160976075217
-18.999180245214617
-18.999200185481712
-18.99923147671614
-18.999251065221777
-18.99930127920787
-18.999315254732327
-18.999331485978864
-18.999349400789352
-18.999373092711572
-18.999405213008796
-18.999427878855844
-18.999453871453717
-18.99947797153352
-18.99949067966116
-18.999506970397352
-18.999522028611924
-18.999540902698275
-18.99955538902703
-18.99956693826715
-18.999571966141236
-18.999586750431376
-18.99959186651534
-18.99960682452436
-18.99961783703157
-18.999627956702575
-18.999643937330557
-18.999659849715368
-18.99968051081874
-18.999688028530905
-18.999697476624746
-18.99970588849975
-18.9997164946469
-18.999727647133927
-18.999733853357075
-18.999740575322452
-18.999751407960535
-18.999757752200416
-18.99976340241504
-18.99977210267342
-18.99977809274773
-18.999790639943775
-18.999793964872012
-18.99980453818307
-18.999808407393587
-18.999814742997852
-18.99982130844141
-18.99982978451225
-18.999837415452
-18.999843822149973
-18.99984558136433
-18.99985575955546
-18.999860366588507
-18.99986481968097
-18.999870733919
-18.99987564529215
-18.99988332307998
-18.999887597503278
-18.9998924134591
-18.999897131919084
-18.99990203653284
-18.999907449421237
-18.99991259382631
-18.999917947025065
-18.99992428838643
-18.999929576780286
-18.999933067664763
-18.999937298759896
-18.99994134119429
-18.999944169239157
-18.999949846837527
-18.99995036438011
-18.999954238285124
-18.999955750873564
-18.999957988706765
-18.999960075120715
-18.999962437493572
-18.999964259925733
-18.999966036028
-18.999967065362593
-18.999969214898364
-18.99997001978498
-18.99997084603898
-18.99997158658004
-18.999972328272236
-18.999972982832077
-18.999973447071905
-18.99997439167026
-18.999975024157234
-18.999975475714244
-18.999975851729847
-18.99997631367913
-18.999977100917693
-18.999977496577156
-18.999977898348238
-18.999978272637964
-18.999978618699828
-18.99997900630781
-18.999979376733624
-18.999979750404872
-18.999980109584822
-18.99998046981124
-18.99998094010947
-18.999981243313005
-18.99998148059393
-18.999981912717537
-18.999982112504167
-18.999982549779535
-18.999982774363247
-18.99998296534705
-18.99998319781016
-18.99998345449835
-18.999983808714934
-18.999984129954246
-18.99998435342316
-18.99998455861417
-18.999984808557357
-18.999985044723363
-18.9999852442321
-18.999985494002807
-18.999985700174435
-18.999985985603693
-18.999986263581793
-18.999986414731772
-18.999986870409323
-18.99998709457151
-18.999987282539507
-18.999987456535944
-18.99998765635393
-18.999987975679396
-18.99998839175183
-18.99998879671438
-18.99998907855063
-18.999989436194276
-18.999989694933138
-18.999990011260394
-18.999990439896767
-18.999990711817908
-18.999990888596336
-18.999991249641976
-18.999991427165284
-18.99999161775869
-18.999991919127613
-18.999992018583153
-18.999992255764635
-18.999992521223298
-18.999992811894344
-18.99999309919517
-18.99999341279409
-18.99999361644792
-18.999993872087128
-18.999994097551962
-18.999994257956722
-18.99999443440784
-18.99999471842255
-18.99999485801278
-18.999995050286042
-18.99999522795345
-18.99999547272711
-18.999995675098383
-18.99999581327237
-18.99999609056921
-18.99999624990148
-18.99999645195781
-18.99999657513172
-18.99999680108123
-18.999996914335707
-18.999997031966124
-18.999997129813263
-18.99999721971845
-18.99999730584142
-18.999997458839356
-18.999997516449117
-18.999997590756777
-18.99999768559698
-18.999997755176274
-18.99999789837918
-18.999997939786894
