500 iters for seed 60 on 3R0.3 which is in the 48.966217041015625 percentile
 Maxcut: 20.0, MedianCut: 12.0
-12.025445085432771
-12.065466738223542
-12.211610137546066
-13.06228161959026
-13.267928176768923
-13.842346860321774
-14.429316881153744
-14.677423155246228
-15.083005154937288
-15.296906106073816
-15.485343800220777
-15.658495977970087
-15.857540998022612
-16.059059731456983
-16.324835247459514
-16.59376035760126
-16.917200881572676
-17.186905373740185
-17.41912588370699
-17.719082117483033
-17.99877614741516
-18.117440650655503
-18.409710110149714
-18.57306563142355
-18.710325007181755
-18.96046221876118
-19.05825445353423
-19.21898231728975
-19.330011806026263
-19.436820520549734
-19.489461367845756
-19.59926337831292
-19.6373306802958
-19.697517620465934
-19.73146825955109
-19.77882042283586
-19.799534723211444
-19.829448809977638
-19.858286286141258
-19.8854038774053
-19.89756215573583
-19.911139837478853
-19.923990002260375
-19.936147925457366
-19.946455645443194
-19.951652215676134
-19.95875303144178
-19.964014624143815
-19.96879061181213
-19.973655866677113
-19.976718847692606
-19.980606018589658
-19.982700536072187
-19.984547491978248
-19.986578376583374
-19.98870093387957
-19.991050182527307
-19.992777951440186
-19.99383626829344
-19.994761598938197
-19.995629830866623
-19.99643265879319
-19.997175345113913
-19.997731838314415
-19.998174456306653
-19.998603281186405
-19.998897924719518
-19.999149223947622
-19.99931543723491
-19.999378391202825
-19.99949079674531
-19.99950605073845
-19.999628513357234
-19.999666343023762
-19.999704541649322
-19.99975191695583
-19.99979224108631
-19.99984638731533
-19.99985842672114
-19.99986924535464
-19.999883535536213
-19.99989982703718
-19.999908210625
-19.999912592615054
-19.99991825886728
-19.999925879587703
-19.999932301367313
-19.999941301293113
-19.9999438453742
-19.999947538780386
-19.999951870701125
-19.999955523602473
-19.999958723524287
-19.999960969732616
-19.999963197372956
-19.999965883011274
-19.999968608385895
-19.99997020636645
-19.99997174806028
-19.999973601938816
-19.999975667823758
-19.99997704572453
-19.999978685393828
-19.999980020119796
-19.99998177195878
-19.99998297371355
-19.999984157557645
-19.99998485500347
-19.999985809115664
-19.999986624878048
-19.999987642217807
-19.99998880045075
-19.999989797545272
-19.999990644569678
-19.999991779644994
-19.99999249936298
-19.99999377760387
-19.99999446556132
-19.9999952323806
-19.999995878906418
-19.999996351172165
-19.999997010049253
-19.999997557583818
-19.999997937524743
-19.999998186733702
-19.999998428403007
-19.999998746366277
-19.999998967136595
-19.999999079985255
-19.9999992265273
-19.999999375890038
-19.999999530250854
-19.99999960948834
-19.99999966909896
-19.999999728788907
-19.999999768279334
