500 iters for seed 180 on 3R0.3 which is in the 94.91500854492188 percentile
 Maxcut: 20.0, MedianCut: 12.0
-16.001684864064522
-16.203912729715658
-16.206082694024747
-16.2647440713647
-16.59763330995208
-16.7933362007276
-17.067479409160995
-17.39984871983193
-17.772158146253297
-18.196943281013642
-18.44956342784134
-18.66646412746131
-18.824738947342
-19.0270237378524
-19.11525193676093
-19.256490020889654
-19.336740932431514
-19.42241079904042
-19.545921155480453
-19.57280320399254
-19.643245497296544
-19.66713008056784
-19.70385451111892
-19.749303257445444
-19.758812554941336
-19.807961346496455
-19.81972920720296
-19.842779398513883
-19.86292149112104
-19.87829857481847
-19.888480960145017
-19.8986928145744
-19.908422421031204
-19.916288565808646
-19.934400432254098
-19.938545452999026
-19.94761668776386
-19.95643601156669
-19.95904709593851
-19.968776174017815
-19.970720294122167
-19.975142759370748
-19.977919351477514
-19.980977918108486
-19.98318860283008
-19.98486573526563
-19.98727285856927
-19.989409194146166
-19.99096329416301
-19.992234939444067
-19.993213736949887
-19.994465242954725
-19.995117350072025
-19.995663455896366
-19.996388236541573
-19.996816177024076
-19.99715753268654
-19.99743749723083
-19.99771067655133
-19.99799702885331
-19.998215855636957
-19.99838547054128
-19.998521533775037
-19.99861644831261
-19.99875756604884
-19.998956560757783
-19.99905762404627
-19.99922034227448
-19.99928189758307
-19.999370344929748
-19.99940066338901
-19.999505646671953
-19.999556171247956
-19.999612971011693
-19.999700909648205
-19.999732621322575
-19.99977918364903
-19.999807487974074
-19.999833940371804
-19.9998629075067
-19.999888724844602
-19.999907116819713
-19.99992008188747
-19.999940634293388
-19.999946389427837
-19.999957334946476
-19.999962707606226
-19.99996775724635
-19.9999715315894
-19.99997594095727
-19.99997834077346
-19.99998017279411
-19.999982969323657
-19.999985322090247
-19.999986428082323
-19.999988421807828
-19.999990502076116
-19.999992341442628
-19.99999338977522
-19.999994261387457
-19.999995101612278
-19.999996053045233
-19.999996660589705
-19.999997065219286
-19.99999739315612
-19.99999770207483
-19.999997946667555
-19.99999818155285
-19.999998399430904
-19.99999856986048
-19.99999886273671
-19.999998970449123
-19.999999141634405
-19.999999219315537
-19.99999930559749
-19.999999384039338
-19.999999485830376
-19.999999557751316
-19.99999962111804
-19.999999660272895
