500 iters for seed 161 on 3R0.3 which is in the 78.58352661132812 percentile
 Maxcut: 21.0, MedianCut: 12.0
-14.000000368740078
-14.000001252685122
-14.00000411767883
-14.000013507713808
-14.000044357377657
-14.000145583952284
-14.00047581883261
-14.001534200036048
-14.004744753587005
-14.032848219311425
-14.076602602025572
-14.254746253270232
-14.35598333244589
-14.502773762860356
-14.6375080095695
-14.734891527017377
-14.820957292386431
-14.964793340444674
-15.14327325436103
-15.296416365359203
-15.49417283596485
-15.728138588133803
-15.978244332900246
-16.142143586058772
-16.37866535309519
-16.53003606634995
-16.760725323499738
-16.911026570340137
-17.131862917457042
-17.360997124869186
-17.609362448119743
-17.93546513699428
-18.295196683425917
-18.546983866869887
-18.770049177159446
-19.059083076900205
-19.415091689921493
-19.66866398189665
-19.89400635274214
-20.102214048375085
-20.18549303808396
-20.271506035222643
-20.37287229466577
-20.425248295282714
-20.495129558508133
-20.55122430155298
-20.603513626954705
-20.645726526728904
-20.68962467425091
-20.725482702186955
-20.75583963080435
-20.778952619928482
-20.802112402948648
-20.825381169035328
-20.84916037621323
-20.8689751685111
-20.885655857757463
-20.899715468868497
-20.917948390266844
-20.923301738973148
-20.935857612216672
-20.94063558458281
-20.946613347638227
-20.95341066758735
-20.957403906680316
-20.96121739731411
-20.966292896214956
-20.969947596831634
-20.970484337921352
-20.975762887208965
-20.977153581718266
-20.97970984833986
-20.981947331408207
-20.983165300363513
-20.98462090243266
-20.98521163208303
-20.986045943422187
-20.98659353767503
-20.987827214485183
-20.988223871038716
-20.988695575676488
-20.98930941713808
-20.989694003600718
-20.990269637070917
-20.990641177734428
-20.991173630847786
-20.99147720778691
-20.992014968585035
-20.992247108316928
-20.99253236207474
-20.99289610811839
-20.993320767691397
-20.993697609793976
-20.99402711458793
-20.994240105058815
-20.994475603765732
-20.99476279162223
-20.9950205139825
-20.995262650321017
-20.995522458797385
-20.995753520907506
-20.996072654600408
-20.99632959659871
-20.996579424065526
-20.99680446121921
-20.997010478201425
-20.997261513568535
-20.997416390578856
-20.99755014870134
-20.997662615520824
-20.997858255530726
-20.997931362654754
-20.998023795487548
-20.998175985740094
-20.998279394435855
-20.998439647587386
-20.998522488981248
-20.998601199593367
-20.99868360782989
-20.998736496136985
-20.998840125158328
-20.99888202809755
-20.998949291350726
-20.999016063402518
-20.999099064674706
-20.999145068004395
-20.999198959092418
-20.999238561674044
-20.99928765323139
-20.999322377312847
-20.999348687682474
-20.99938625317753
-20.999428923850207
-20.999454976586165
-20.999487408998966
-20.999503776598196
-20.999522871372836
-20.999549644237398
-20.99956299140065
-20.999577663295952
-20.999594171738423
-20.999611546618752
-20.99962710085956
-20.999640790098507
-20.99965240300316
-20.999663743147053
-20.9996777714078
-20.999692548147205
-20.99970569971553
-20.999721426369472
-20.99973303982777
-20.99974511834794
-20.99975276502506
-20.99975758358345
-20.999764135670922
-20.999773352273483
-20.999776354023684
-20.99978147166659
-20.999786898997442
-20.999793439593656
-20.999798546240893
-20.999803610731288
-20.999807641584507
-20.999811119249106
-20.999814154505263
-20.999816491043397
-20.99982058892014
-20.99982429209014
-20.99982751854627
-20.999831232064775
-20.99983695491923
-20.99984256920095
-20.999845333816552
-20.999847937570202
-20.99985062976555
-20.99985372496633
-20.9998575621462
-20.999860154799503
-20.999862142004712
-20.99986910693602
-20.99987182098779
-20.999873703223937
-20.999876948778283
-20.99988046918324
-20.999883126372747
-20.99988915897031
-20.999891631635386
-20.999895390378875
-20.99989767968535
-20.999902352807464
-20.999904733500628
-20.999906687342214
-20.999909796511652
-20.999912937587702
-20.99991524835149
-20.999917914899115
-20.99992116437775
-20.999924545794624
-20.999927102557592
-20.9999304916891
-20.999934105526258
-20.999940090564905
-20.999943992063912
-20.999949116737035
-20.999951151390487
-20.9999541156072
-20.999956836070776
-20.999960424868153
-20.999963240266204
-20.99996559057507
-20.999968254528635
-20.999971073888158
-20.999973118163254
-20.999974826645587
-20.999975812497254
-20.999978558691186
-20.999979781245965
-20.999981197387726
-20.999983240561793
-20.99998439571286
-20.9999857740221
-20.999986532370706
-20.999987778580113
-20.999988410731735
-20.999989299298115
-20.999990057178717
-20.99999082029701
-20.999991634562917
-20.999992483307306
-20.999993216357566
-20.999993694821743
-20.999994218968265
-20.99999464075489
-20.999995059070578
-20.99999537644861
-20.99999568056892
-20.999996021592462
-20.999996248812753
-20.99999643084463
-20.999996505239103
-20.99999664644871
-20.999996804946598
-20.99999696879024
-20.999997080901245
-20.999997206442927
-20.999997328420214
-20.999997470283855
-20.999997583357004
-20.999997691070387
-20.999997770345853
-20.99999785121776
-20.99999794876832
-20.999998012706182
-20.99999811581331
-20.99999818790298
-20.999998289806737
-20.999998361625707
-20.999998426814784
-20.9999984968315
-20.99999860080223
-20.99999865159286
-20.99999872179608
-20.999998788912517
-20.999998868291424
-20.999998905665507
