500 iters for seed 185 on 3R0.3 which is in the 95.51925659179688 percentile
 Maxcut: 20.0, MedianCut: 12.0
-15.999999855700857
-15.999999916473476
-16.00000001494049
-16.000000142155113
-16.00000061501449
-16.0000046211693
-16.000063248530026
-16.000180531726823
-16.000442178844786
-16.000913948689274
-16.00174166032713
-16.002738745699865
-16.00313467324385
-16.010923960063888
-16.021152402022043
-16.057836275152773
-16.09780030314437
-16.124008110481153
-16.166575856299136
-16.26814428483975
-16.41372743037962
-16.59642749500163
-16.727542317129416
-16.897643253083
-17.025441803849127
-17.115444301130875
-17.201492010532426
-17.273434526683765
-17.379982158887223
-17.433661072702204
-17.485479106989388
-17.57081073490967
-17.61231736923426
-17.660763175280362
-17.686800364013493
-17.72668181370655
-17.77367078275496
-17.80331706352457
-17.829560678830333
-17.847763310704615
-17.86335738291155
-17.878171121693462
-17.889511862193412
-17.901076388377334
-17.911865644314545
-17.92471578975252
-17.93019317356127
-17.938380479824747
-17.94289345514807
-17.948106587722137
-17.95563077354243
-17.960632842662314
-17.96602716685862
-17.969523210516282
-17.973531393819698
-17.976634624161793
-17.979462490525535
-17.98258754887946
-17.98406420296052
-17.985852704353906
-17.98750121612833
-17.988982051493256
-17.990773422796238
-17.99246688718
-17.993463332364676
-17.994231987674404
-17.9950136148032
-17.995805799911963
-17.996348185377308
-17.997035723987644
-17.99733003502944
-17.9976130732196
-17.997926340819053
-17.998270750536534
-17.99854428931439
-17.998675333930116
-17.998860150765488
-17.998964254827197
-17.99908873370056
-17.999203809933054
-17.99927483332613
-17.999382029185426
-17.999492999804968
-17.99953412694944
-17.99960775529129
-17.9996864337674
-17.99973514215681
-17.999774195919457
-17.999793954577196
-17.99981200963918
-17.999832288797577
-17.999850984075476
-17.99987485641004
-17.99988670451399
-17.999909513484145
-17.999919126830342
-17.999927309341476
-17.99993434064245
-17.99994452207745
-17.999950221119565
-17.999955416238762
-17.999964218250096
-17.999968229297703
-17.999971779447765
-17.99997389264833
-17.999976786836303
-17.999980108214626
-17.9999826134431
-17.999984845177828
-17.999986605901658
-17.999988078819968
-17.99998933572633
-17.999990667289808
-17.99999177016987
-17.999993277455744
-17.999994021680074
-17.999995045246866
-17.999995514450497
-17.999996256499035
-17.999996738228184
-17.99999713567068
-17.999997583186552
-17.999998087864377
-17.999998388344437
-17.999998582989967
-17.999998693131595
-17.999998918190624
-17.999999049984563
-17.999999208106225
-17.999999285963366
-17.99999936919402
-17.999999447660525
-17.99999954726151
-17.999999585166385
