500 iters for seed 145 on 3R0.3 which is in the 20.725250244140625 percentile
 Maxcut: 20.0, MedianCut: 12.0
-10.035394085221455
-11.990548563434071
-12.006909449355575
-12.018079237700526
-12.076687218323304
-12.101768688544443
-12.124395321803323
-12.142527898802708
-12.171448762277176
-12.196828712325486
-12.221203492389842
-12.251306062732237
-12.267983759836955
-12.280797700306763
-12.295694427220402
-12.306665808595776
-12.318964276807122
-12.330061289717456
-12.33693398442468
-12.347504819651586
-12.35449125612019
-12.362507085372826
-12.369237433733565
-12.375234724586685
-12.37946604288813
-12.386552118744408
-12.388828202870814
-12.392928221600734
-12.39785347481748
-12.401404175774404
-12.404897239195432
-12.407228769782476
-12.410447739927935
-12.412780333022104
-12.417655780448236
-12.419721251099817
-12.422581672342867
-12.426700523110368
-12.429449928688213
-12.432623399179953
-12.435134774900401
-12.437829676237762
-12.4405878471544
-12.443150341972743
-12.4450500533764
-12.446982709056087
-12.448875446325008
-12.451379582059849
-12.452491841480626
-12.454742087501193
-12.455866396905076
-12.458268072365396
-12.459748294898054
-12.461233527514343
-12.463746463827214
-12.464833055410546
-12.466603010226173
-12.467865404167922
-12.469777854235199
-12.471202625669408
-12.472381584418264
-12.474019582963997
-12.47516584710041
-12.476882735350706
-12.478503667644588
-12.480169278437796
-12.48207879891567
-12.483838948947135
-12.485305831144911
-12.48691281936956
-12.488158594282934
-12.48954499212407
-12.491434388641704
-12.492468952673216
-12.493906762755216
-12.494899291292992
-12.496119932068014
-12.496960286719812
-12.498104088494614
-12.499095681387988
-12.500474190148248
-12.501723883287
-12.50272641927748
-12.503204419837054
-12.50460444640569
-12.505067549441598
-12.50578839468245
-12.50664062714309
-12.507573646736148
-12.508193555557716
-12.5088743031929
-12.509487691663349
-12.510123750797678
-12.511124149286951
-12.512039222604706
-12.513013431845318
-12.513774825492492
-12.514592772437222
-12.515212076852109
-12.51566459748984
-12.516439973729785
-12.51685442737456
-12.517632348109158
-12.518133998182003
-12.518620416721959
-12.519289115904888
-12.519765602872976
-12.520464327564245
-12.521008608039585
-12.521751301495812
-12.522290708509837
-12.522880374542385
-12.523377513550878
-12.523871221570086
-12.524805940575622
-12.525513142675475
-12.526435504956886
-12.527064218242826
-12.527761359547508
-12.528260056094004
-12.529193135938064
-12.529675465576899
-12.530287139168312
-12.530962658142386
-12.531858040295296
-12.53246409773269
-12.533029000643552
-12.533773772181725
-12.534615952066417
-12.535459669582028
-12.536132471240187
-12.5368409905727
-12.537603984929282
-12.538367323207954
-12.538985466223796
-12.539730911869631
-12.540295234448944
-12.540775340662373
-12.5412782218376
-12.541908316331229
-12.542476902222734
-12.543042630306111
-12.543502831928704
-12.54408262601745
-12.544601369035778
-12.54510230995698
-12.545548901539124
-12.546044992400478
-12.546465189899864
-12.546808413369742
-12.547161991188988
-12.547495634041574
-12.547903942450585
-12.548250662749089
-12.54860110579089
-12.548952897428107
-12.549513893345988
-12.54978542900737
-12.550054485375785
-12.550451054302671
-12.550746188450828
-12.550977290421468
-12.551531923016682
-12.55169526963073
-12.552031620556363
-12.552467783025056
-12.552721716347127
-12.553066242537827
-12.553302929544442
-12.553655384554789
-12.554069980914273
-12.554440311549614
-12.554778040680729
-12.555071725803073
-12.55540427141732
-12.555907184052447
-12.556187194527416
-12.556554116454624
-12.557085662251847
-12.557491627450204
-12.557800310568698
-12.558221797018058
-12.558530728083097
-12.558786265065947
-12.55931039744235
-12.559723997342822
-12.560200104257556
-12.560579286384078
-12.5608438547998
-12.561207308110141
-12.561553525156171
-12.561906357082
-12.562227575057848
-12.56252388715115
-12.56291415923036
-12.563257221744566
-12.563646909788329
-12.563877174412372
-12.564214655697423
-12.564425996840306
-12.564838881750594
-12.565038128585712
-12.565266958245138
-12.565745151998309
-12.566104968982405
-12.566496497866577
-12.566738984637066
-12.567103280786617
-12.567352368160979
-12.567829628903807
-12.568086714591127
-12.568357784013806
-12.568751640242922
-12.568932249987938
-12.569189437991085
-12.569412578452607
-12.56971158701956
-12.569951538465633
-12.57030614740303
-12.570558574618179
-12.570787116823116
-12.571179434844964
-12.571453834391583
-12.571858441839222
-12.572175036549098
-12.572495444406623
-12.572748300451561
-12.573127026323611
-12.573358384654746
-12.573613696968232
-12.573914667288944
-12.574281737436426
-12.574556029373435
-12.574841472529993
-12.575138287026391
-12.575512977784694
-12.575857491535556
-12.576135289440375
-12.576455714070867
-12.576780597768234
-12.577174471476926
-12.577461500291783
-12.577752687038394
-12.578181973555651
-12.578580069488627
-12.578833282043766
-12.579262121962968
-12.579609894603035
-12.580058191985344
-12.580522202814436
-12.58080656755531
-12.581073349266774
-12.581375549851826
-12.581601752795791
-12.581682195140964
-12.582135211540173
-12.58229527995898
-12.582502572005627
-12.582775413986301
-12.583037981978643
-12.583470678779076
-12.583773756649167
-12.58414652544873
-12.584420474996694
-12.584745168756795
-12.585019181386349
-12.585220591607634
-12.585516804761891
-12.585786647354254
-12.585996865156275
-12.586237930250205
-12.586428973376286
-12.58658026833996
-12.586856464695408
-12.58713637449549
-12.587445980399895
-12.587766848633304
-12.587913911652617
-12.588180883913164
-12.58842049110499
-12.58859544431064
-12.588873469713695
-12.589078890785743
-12.58933045335218
-12.58952042708562
-12.589695163043416
-12.589939309621473
-12.590177291832259
-12.590407009436852
-12.590550009858033
-12.590733153708237
-12.590993545286686
-12.591188532573861
-12.5913064509949
-12.591469717326145
-12.591621366224162
-12.591803451475405
-12.591991540668754
-12.59209730760233
-12.592258972898263
-12.592479465368642
-12.59260192098266
-12.592768995240888
-12.592883072399909
-12.593076957854887
-12.593218078361827
-12.593308920224406
-12.593538105196423
-12.593662913607051
-12.59382933016131
-12.594055678327056
-12.594229388759501
-12.594421714628048
-12.594710279496734
-12.594741970956202
-12.594937867576123
-12.595025806468396
-12.59513968837081
-12.5952928741249
-12.59554257335162
-12.595742244449099
-12.595879876766702
-12.596022619033256
-12.59617137033933
-12.596318216342528
-12.596615381083486
-12.596710788979344
-12.596865244913296
-12.596929987717322
-12.597158884877992
-12.59728781731944
-12.597423781547668
-12.597655909001425
-12.597806446009358
-12.59796828175006
-12.598098859933748
-12.5982693755706
-12.598361054348432
-12.598587042104134
-12.598678062867718
-12.598774376489974
-12.598960655655409
-12.599177230760514
-12.599452763844928
-12.5995604540351
-12.599672945587209
-12.599791391399162
-12.599972558403518
-12.600112396382539
-12.600198639519201
-12.600296651806055
-12.60038619838405
-12.600538263198708
-12.600664780278787
-12.600751204945984
-12.600882244215855
-12.60099254422153
-12.60110715572339
-12.601205965181697
-12.601354772782999
-12.601478207112493
-12.601589792284964
-12.60174142148793
-12.601830554228522
-12.60191684123716
-12.602081464268883
-12.60214774380935
-12.602272039489998
-12.60242306783239
-12.602468203444925
-12.60254165027849
-12.602635164042189
-12.602718993147203
-12.602796801101286
-12.602880105653345
-12.602957833824686
-12.603022355257373
-12.603147670851886
-12.603192573514276
-12.6032457523598
-12.603335040367591
-12.603377720122001
-12.603537311524782
-12.60358782358433
-12.603634467022198
-12.603706943579246
-12.603790487936372
-12.603905292698377
-12.603983873686774
-12.604052811772606
-12.604131246788342
-12.604232130843624
-12.604343323034913
-12.604414359491768
-12.604491179207967
-12.604564013082154
-12.604644334444242
-12.604682107988964
-12.60477271224156
-12.604825803123271
-12.604884650182386
-12.60497332842513
-12.605041944713813
-12.605129511741298
-12.60518127883763
-12.60525599794413
-12.605331358600878
-12.605413028477754
-12.605488428791553
-12.605557766507928
-12.605616826820683
-12.605705342897487
-12.605777642358571
-12.605839406853471
-12.605947947246964
-12.606001681553042
-12.606099929147293
-12.606123827273114
-12.60625925948342
-12.606304217759332
-12.606372634630656
-12.606476852521254
-12.60664456712978
-12.606761775342504
-12.606879653593941
-12.606948651217438
-12.607046757504708
-12.607123005451074
-12.60724457943305
-12.60730590520836
-12.607371237712295
-12.607428054801208
-12.607517806205724
-12.60759763980971
-12.607673891737564
-12.607764439038405
-12.60786109313043
-12.607951016609618
-12.608052670750084
-12.608136608380786
-12.608246061903838
-12.608347928567849
-12.608409360455571
-12.608510997093042
-12.60854869283944
-12.60869058661788
-12.608754724970183
-12.608818305286354
-12.60893095476603
-12.608976616958724
-12.609120171190144
-12.609161873137891
-12.609230044752866
-12.60931257381518
-12.609389257689926
-12.609438152847014
-12.609503870332889
-12.609562057955925
-12.609636108871738
-12.609724421217194
-12.60979484326705
-12.609861109342214
-12.609942425748814
-12.610029648173231
-12.610111738084068
-12.61019412273888
-12.610287877263605
-12.610361898434856
-12.610433533038936
-12.610538254682607
-12.610596312436199
-12.61067733494158
-12.610776857890063
-12.610873694637217
-12.610961158672191
-12.61106998333953
-12.611137169393531
-12.611202265640983
-12.61129777876198
-12.611373454783461
-12.611434802173358
-12.611545193750612
-12.611590661635367
-12.611675977554464
-12.611688234738192
-12.611825844286955
-12.61187853898951
-12.611955581113657
-12.612060561355715
-12.612151205893563
-12.612281394873401
-12.612362040662713
-12.612475170222178
-12.612548202686497
-12.612614901793167
-12.612725402837667
-12.612775358165301
-12.612831514478255
-12.612946058152048
-12.61301660707413
