500 iters for seed 56 on 3R0.3 which is in the 78.73001098632812 percentile
 Maxcut: 21.0, MedianCut: 12.0
-14.019219682565264
-14.897105457541695
-15.127870944279087
-15.49709195262072
-15.825104163521345
-16.391080676227936
-16.8610173513739
-17.18199874854637
-17.5292980526683
-17.8741640378025
-18.23381267438032
-18.467792005908276
-18.747049280519818
-18.91686493813221
-19.062967749201768
-19.20841682092935
-19.32339726334757
-19.40565482045613
-19.532457088854283
-19.5641540698062
-19.619634086440907
-19.66598000098468
-19.703207905991942
-19.760275138622603
-19.781057159403648
-19.803764704569492
-19.82644610534261
-19.84576365863244
-19.866035747946164
-19.88444991321978
-19.894827530202317
-19.90470009810546
-19.916599690904793
-19.926769199968167
-19.935366635862103
-19.942668414362842
-19.94901643046135
-19.955028069062713
-19.963509674970005
-19.969948888079923
-19.973021428310783
-19.976852121325486
-19.98022561548054
-19.983688233607147
-19.986640884107153
-19.988049978274073
-19.990111244982177
-19.99129426138765
-19.99279442471613
-19.99392175887094
-19.994832764815662
-19.995546607086304
-19.996125533246158
-19.99670270090287
-19.997117855896732
-19.99756439459218
-19.997922646493926
-19.998190776885387
-19.998424934763957
-19.998586633279665
-19.99883637472255
-19.998894436038128
-19.999035490827772
-19.999115448279305
-19.999196005698398
-19.99931505453155
-19.999396301808293
-19.999498418812298
-19.9995514404855
-19.999611660015262
-19.99967874602943
-19.999744301447432
-19.999783762092353
-19.999810666862565
-19.99983695343078
-19.999862706840993
-19.999887361692025
-19.99990824012836
-19.999916582522808
-19.9999333818938
-19.999938443517703
-19.99995125791313
-19.999958108024753
-19.99996280725807
-19.999969745849096
-19.99997350119304
-19.999979405856987
-19.99998343556116
-19.999986434169557
-19.999989056390508
-19.999991370475477
-19.999993112947774
-19.999994714471498
-19.99999553296904
-19.999996417636712
-19.99999685802024
-19.99999743401088
-19.999997740049583
-19.999998048053822
-19.99999830045899
-19.99999862619469
-19.999998768410173
-19.999998899149737
-19.999999145966363
-19.99999922564498
-19.99999934689768
-19.999999427776704
-19.999999526885407
-19.999999580748078
-19.99999963513839
-19.999999668842225
