500 iters for seed 162 on 3R0.3 which is in the 78.86123657226562 percentile
 Maxcut: 20.0, MedianCut: 12.0
-14.003880167961757
-14.672556534593163
-14.68264634947788
-14.931906885391038
-15.121247736771608
-15.424487307883417
-15.56634846526008
-15.82229919136193
-16.072349020296244
-16.38049714027443
-16.577974696015247
-16.766078152759118
-16.98989946360963
-17.26510691681866
-17.452629122884
-17.60792431369993
-17.66675912919712
-17.740708041696614
-17.771890848983382
-17.795004623466927
-17.815805096392946
-17.835343544235787
-17.85936300764054
-17.886930790734798
-17.900910948469132
-17.916034529268302
-17.92496711842256
-17.93706464158239
-17.943562075792446
-17.948902040378176
-17.95790529787346
-17.967217676570787
-17.97558206620483
-17.979818410329006
-17.983776860927303
-17.986601244057486
-17.989434543848375
-17.993554440295448
-17.995367704867594
-17.99795050938731
-17.998870050300976
-18.001996197675474
-18.00260366121128
-18.004134832689218
-18.004282941606128
-18.0057798634059
-18.006343723520132
-18.007136482170576
-18.008138032071482
-18.00864735806193
-18.010210397342775
-18.010611694305
-18.011168530009638
-18.011738096596474
-18.01217097761473
-18.012744617993004
-18.01305739914075
-18.01340171895781
-18.01387486311537
-18.01444783322923
-18.014669602313873
-18.014971618026358
-18.01530935702904
-18.01589904973179
-18.016504382399972
-18.017031464825923
-18.01747316909818
-18.01795309870563
-18.0188873938996
-18.01996839750077
-18.02090050195364
-18.022412049653717
-18.023451355201114
-18.024865111505317
-18.027010759343273
-18.028965466038375
-18.030733041552658
-18.032572532348723
-18.034612040371826
-18.036653012333048
-18.038581247499586
-18.03992346839596
-18.04157301782596
-18.04282957664014
-18.044325490919014
-18.045596567647976
-18.04748278379878
-18.049369601353035
-18.051014883451657
-18.053250076508334
-18.055294718405626
-18.057003474278748
-18.05979136350567
-18.06083411837592
-18.061948788297556
-18.0636408003436
-18.065024353476225
-18.06630548575984
-18.067951870208216
-18.06888756032649
-18.070058097940812
-18.071975145040565
-18.07435231635915
-18.077223979730267
-18.081155735646483
-18.08390648187021
-18.087306091650582
-18.091732726866212
-18.094527712062526
-18.098138367593272
-18.10220635996209
-18.10569526274502
-18.108898583604557
-18.111101731607018
-18.114718308207863
-18.116999320663126
-18.120734341394176
-18.126179575815282
-18.130219587212693
-18.136971022981378
-18.141710742039567
-18.148111751805914
-18.1527973599115
-18.161598308615424
-18.16644070535259
-18.171103681262565
-18.179086112869832
-18.184806394492597
-18.19548156165407
-18.207796569602476
-18.220746367844576
-18.232376423218447
-18.24415205024623
-18.25578732605702
-18.27098648887706
-18.287752035902468
-18.30623190352086
-18.323365470161686
-18.336808234917754
-18.35337881398294
-18.373959757946917
-18.387984603306986
-18.405425133851665
-18.43105236109655
-18.444056434910287
-18.459123549427016
-18.47825381041986
-18.49060497291979
-18.51024474774594
-18.532815668115852
-18.549868235825944
-18.568364922449796
-18.586144347206613
-18.60059609896153
-18.61585208007943
-18.632966618819424
-18.648822596377986
-18.66037014952495
-18.66995581571321
-18.680994066647767
-18.690537421446518
-18.698413474704175
-18.70970504145034
-18.7142510896011
-18.72175951230181
-18.728661368374947
-18.7364697179862
-18.74265695762489
-18.7472067125038
-18.75719972418251
-18.76199247464732
-18.770139856325383
-18.77598166635539
-18.780991262509055
-18.78576304229569
-18.790719718886574
-18.793918810820287
-18.79727178885551
-18.800767061042553
-18.80400687846941
-18.807626074895676
-18.812357443966548
-18.8158605083096
-18.819546110280015
-18.82421477917134
-18.829227277068966
-18.83278119018985
-18.837425454418838
-18.84262036618811
-18.84560056326822
-18.850303802504488
-18.854343584068104
-18.85838104323309
-18.868173495081322
-18.870188908221056
-18.885634978733634
-18.891625737447153
-18.90063465629531
-18.915322432275474
-18.922833822275955
-18.947716952700393
-18.958575074091208
-18.981431223572905
-18.987284812653677
-19.008376097583092
-19.017238626675876
-19.027382176104005
-19.038356484010293
-19.04774116781825
-19.05939579181006
-19.068451194124016
-19.075502049278544
-19.083337054183378
-19.08487947955551
-19.095031093515
-19.0982834148155
-19.102710186146457
-19.107349790764435
-19.109375336016047
-19.112157312443504
-19.11332043623973
-19.114521443996825
-19.115887063126436
-19.11752914896979
-19.11907145852299
-19.120274741985387
-19.12197535410335
-19.12378715016703
-19.12522576318784
-19.127044839249745
-19.128415612386842
-19.130297500279955
-19.13311564271132
-19.133927724274663
-19.135737839505897
-19.136628713120153
-19.138407854849234
-19.141076525169613
-19.145694023700575
-19.148606652014784
-19.15245223887163
-19.15532707693566
-19.15914924045568
-19.16447383789775
-19.170181525188497
-19.173526876179942
-19.17975154745147
-19.184626464051085
-19.192309207434725
-19.203603202178087
-19.20872907162731
-19.213031899781814
-19.21863605575516
-19.224666555608742
-19.231625821375815
-19.23667836963307
-19.24121758266534
-19.245022916350848
-19.247285271099866
-19.24995009874209
-19.252844065680165
-19.25499507854777
-19.257354578721902
-19.26041492826362
-19.263906827069
-19.266127610922233
-19.26851511276054
-19.27069305241071
-19.27309040568305
-19.27735998059301
-19.27920533479348
-19.281661527964214
-19.283961453044896
-19.28619177606494
-19.289518930394877
-19.293405567593478
-19.29620967084079
-19.30067024182742
-19.303544341973303
-19.30644900378059
-19.310237975305903
-19.313140571700323
-19.31685434276727
-19.321080526862584
-19.32384803617645
-19.32738088438115
-19.330025528579032
-19.33445988245047
-19.33643246186658
-19.339188667110417
-19.342298439420478
-19.34578382617171
-19.348330318220057
-19.35069174353411
-19.353735575886382
-19.356900965303538
-19.36045943936152
-19.36257092432382
-19.364408035142457
-19.367392213515817
-19.370382177711637
-19.37252478809618
-19.375749710346224
-19.37764005234149
-19.38028008408488
-19.383017546224284
-19.38463283918677
-19.388767739854085
-19.390313456574102
-19.393465262072926
-19.39580792682566
-19.39876403816889
-19.401076623538216
-19.403184005121833
-19.4056713334167
-19.407743930431202
-19.410584627566113
-19.41315161004228
-19.417200561365004
-19.418381316661197
-19.42077813152156
-19.422282446304326
-19.424045471312574
-19.425647313472275
-19.426776576886386
-19.429484342326845
-19.431357920781757
-19.43313680093745
-19.434393883525605
-19.436044618228866
-19.43887620956747
-19.4407616897042
-19.443459332148734
-19.445511028481285
-19.447933724528582
-19.450241009463436
-19.453024660893462
-19.45597424382443
-19.458213323560628
-19.460899151894836
-19.464107435677654
-19.466475504691385
-19.470100824807155
-19.473687804734077
-19.477740682089845
-19.48067581832873
-19.48402255253246
-19.48711162593888
-19.49072722637316
-19.494139637722398
-19.49736853909443
-19.500844161580282
-19.504747315666094
-19.50799705897686
-19.51128361191955
-19.514711510691342
-19.517978178204313
-19.520848637218023
-19.52385456926841
-19.526454885336406
-19.529018352303094
-19.531694247682523
-19.533847270869376
-19.536096972630354
-19.539198299436617
-19.54152283174612
-19.544097094525245
-19.546615387491315
-19.54836771135006
-19.549784695053262
-19.552609267177793
-19.555353112693883
-19.558051002482586
-19.56027428895803
-19.561940921156157
-19.564785160207204
-19.5662243076422
-19.56952391372448
-19.571100569203374
-19.572367864478274
-19.57428216667411
-19.577022735672024
-19.579958789129023
-19.58165504046802
-19.583283136582935
-19.58507447698799
-19.587544812173377
-19.589465976769667
-19.59100749341892
-19.593347172358868
-19.594473032247162
-19.595996434838206
-19.59714634745229
-19.59806642425335
-19.599281475289086
-19.60121514302617
-19.602051387448714
-19.603026657815114
-19.604485040239773
-19.605626324847908
-19.607450779226173
-19.60843330134731
-19.6096556854712
-19.61167842841049
-19.612678769217496
-19.61445886125696
-19.615991583554358
-19.617433274097795
-19.618753917343536
-19.619921581652374
-19.621149357067374
-19.622444340669933
-19.623651035381247
-19.625235408387038
-19.626209589960567
-19.627373660798973
-19.628743165210217
-19.6301899414
-19.631166808397005
-19.632162286022563
-19.63291589358274
-19.633767606411624
-19.634526126432853
-19.635089856356803
-19.636376913419948
-19.63656207833872
-19.63777471586042
-19.638121680346856
-19.63888603755414
-19.640007677828
-19.64075044176511
-19.642039985116142
-19.642817529964134
-19.643558932088954
-19.644226610298926
-19.644693640744215
-19.645379216908456
-19.64580970778761
-19.646216233661335
-19.64684523860131
-19.647321830035352
-19.648054951873196
-19.648620767445184
-19.64913254675444
-19.64966534432287
-19.650055193833545
-19.65048200279649
-19.650863669390848
-19.65122898157551
-19.65153237693057
-19.651955283899888
-19.652383258636775
-19.65281039646854
-19.653078320694714
-19.653418222502943
-19.653738098454294
-19.654102576535905
-19.654443605357226
-19.654653487632203
-19.654993774780312
-19.655414814207063
-19.655829707015865
-19.656183844763174
-19.656868039581504
-19.657249074631963
-19.65774819571892
-19.65808788203217
-19.65843291522223
-19.658952209070286
-19.659437267720048
-19.659854376715945
-19.660201009541474
-19.66059706249428
-19.660959221905117
-19.6614317889091
-19.66162138639678
-19.662035204435885
-19.662339682271345
-19.662742184013805
-19.663168645633753
-19.663435387196785
-19.66375144346339
-19.664139308259873
-19.664381627048066
-19.664783467511334
-19.664967232570746
-19.665270950377415
-19.665675151977045
-19.665996251113988
-19.6664814544273
-19.66678098413248
-19.667188323048425
-19.667507300628575
-19.667826861376398
-19.66825208219259
-19.668522713881007
-19.668885693930598
-19.669150430400222
-19.6693945359249
-19.66976843773909
