500 iters for seed 164 on 3R0.3 which is in the 49.773406982421875 percentile
 Maxcut: 22.0, MedianCut: 12.0
-12.005572372800621
-12.271778454973195
-12.3397756001756
-13.331908171710896
-13.607807013357686
-13.818535456461554
-14.205048798737051
-14.788131426772212
-15.11608218312893
-15.415487248598989
-15.733470421678506
-16.046330762404757
-16.333091243381702
-16.582898734833044
-16.949340017492393
-17.167647585390444
-17.442035323794045
-17.693407715972167
-17.917445546847173
-18.122681886348133
-18.26590240208895
-18.367895992125412
-18.436185877483222
-18.495952347446774
-18.545245633421697
-18.5928851711982
-18.639845525560293
-18.690835125162952
-18.71641220995384
-18.746318522934644
-18.773609356198573
-18.80359803115166
-18.833442093010355
-18.846193799178923
-18.862432435538967
-18.878039221473415
-18.890086565296286
-18.895264788393156
-18.910745739985867
-18.915068055100598
-18.92212006311661
-18.931024060890355
-18.944675656308736
-18.94727689067896
-18.956325984075317
-18.9591213037455
-18.96453126931701
-18.971075343334736
-18.97429505074387
-18.979760986790595
-18.981658154016312
-18.983828039711398
-18.98607606472002
-18.989362442883582
-18.99110486015361
-18.992379673502924
-18.995466928625355
-18.996132352139032
-18.999938463189547
-19.001116806359573
-19.002798028169224
-19.00468784895679
-19.006256593141963
-19.00766015428966
-19.008731468788046
-19.01046706729057
-19.013443295296984
-19.016133452478794
-19.0177210541091
-19.019774609770597
-19.022187891282627
-19.02509647786699
-19.02726472861858
-19.02880752447823
-19.031236200273774
-19.03393180407545
-19.036283670988137
-19.038929169437036
-19.04165773343657
-19.044429145950684
-19.049958791020323
-19.051057180580717
-19.058110880436264
-19.062222544421704
-19.068389560291678
-19.0758802526884
-19.083537902817504
-19.089099190238315
-19.097100675365414
-19.104233227841014
-19.115120249170513
-19.125884082753213
-19.136007890184644
-19.14782057286785
-19.158244296977596
-19.169845378584444
-19.182095423189097
-19.19235083613248
-19.202627794528226
-19.21175745197707
-19.220415173992787
-19.22944571542554
-19.23768691971638
-19.246190221958127
-19.252275943127273
-19.258586996546736
-19.266940263834336
-19.273059894585025
-19.280835118989113
-19.28939701620713
-19.29832349408294
-19.306785177709255
-19.3162418443935
-19.322392624333
-19.331970193663256
-19.3371453042925
-19.343718039239203
-19.347476054652088
-19.3524252983061
-19.3604979027425
-19.365772196780696
-19.372862062561328
-19.378429182117323
-19.38589447282495
-19.393493694563595
-19.40115090384784
-19.40672421651246
-19.413863372482243
-19.41802736585311
-19.422341571630035
-19.42809111241393
-19.43176398757208
-19.436757114590534
-19.440385522022662
-19.44320320448993
-19.445557178415385
-19.449121551771103
-19.452258205910596
-19.45509669318119
-19.458950036266305
-19.460905703017605
-19.462903190018878
-19.465106672313368
-19.466184901507248
-19.467397023640643
-19.469516741589114
-19.470594353838568
-19.473434602759056
-19.475806130333446
-19.477778537244546
-19.480677993695405
-19.483121175115905
-19.486873302102307
-19.489417388946425
-19.491064826736615
-19.49378821904571
-19.496151280709945
-19.498647851087107
-19.500511412055285
-19.502928925178477
-19.50525849987333
-19.507944723005412
-19.512161692770942
-19.515115245722868
-19.516401103603727
-19.51881675010418
-19.521583931473206
-19.52595528906329
-19.527320670270452
-19.529390425372505
-19.5316442232525
-19.53288444497683
-19.533857072582123
-19.535906412265902
-19.537316367693784
-19.53862640303313
-19.54007718643181
-19.54098637083531
-19.542275439875066
-19.543672943121894
-19.54481265910735
-19.54536899018109
-19.54614035173872
-19.546719994499327
-19.547434936452593
-19.5480520583297
-19.548464150443916
-19.548864490024325
-19.54926367964336
-19.549578045877297
-19.54985562435216
-19.550157429196272
-19.550438875506842
-19.550666281768187
-19.55095632738475
-19.5511882798451
-19.55143560907738
-19.551473512051675
-19.551891266147685
-19.552049941544045
-19.552249212763243
-19.552503670811337
-19.55297647884736
-19.553412390059066
-19.553704561389253
-19.554006472780923
-19.554222356546926
-19.55451523996504
-19.554800600339963
-19.555021952136823
-19.55519843452159
-19.555372119862017
-19.555601246465724
-19.555731812863904
-19.55592041382148
-19.5561536960717
-19.55630737070116
-19.556462196004265
-19.556581412597318
-19.55671835259167
-19.55680999954062
-19.557025840688684
-19.557102347116505
-19.557206513077226
-19.557277405913062
-19.557393088677035
-19.55745136635935
-19.557503979206636
-19.557591931817587
-19.557646862630847
-19.55772465283325
-19.557768115174238
-19.557811971920554
-19.557849949809917
-19.557889476955214
-19.557948700519724
-19.55796545173267
-19.557993223199542
-19.55801530090218
-19.558035107335908
-19.558049074172636
-19.558080196366852
-19.55809836490725
-19.558115263669837
-19.5581412053007
-19.558155460190182
-19.558208156695667
-19.558225925822835
-19.55825161953085
-19.558286730849712
-19.558324097905608
-19.55836602912354
-19.558390630978813
-19.55842151575862
-19.558434506109684
-19.558466024142167
-19.558482418322928
-19.558501892691712
-19.558534042054863
-19.558571768537455
-19.55860050705968
-19.55863605193736
-19.55866560698415
-19.558704088507724
-19.558733057563757
-19.558766988645647
-19.558797076017868
-19.5588328569852
-19.558892319019797
-19.55891892158799
-19.55896878968053
-19.559005128324362
-19.559045159877584
-19.559087377630327
-19.559135064828066
-19.55917583133805
-19.55921252441951
-19.5592511622875
-19.559294943786302
-19.559349366446593
-19.559394915920798
-19.559425860752686
-19.559461009426613
-19.559470040677905
-19.559522479683103
-19.559543190602174
-19.559563833292287
-19.559587937137092
-19.5596288506851
-19.55966821952494
-19.559691459659156
-19.559719060335212
-19.559740452624073
-19.559763864206488
-19.559789084297638
-19.559804244309927
-19.55982062237877
-19.55983987103366
-19.559854827210806
-19.559871827305763
-19.559892827760656
-19.5599068018839
-19.55992428755126
-19.55993963305254
-19.55995937380677
-19.559976877045386
-19.55998819869594
-19.560007701490484
-19.56002418832221
-19.560043374591302
-19.560059167847502
-19.56007852179183
-19.560096130193187
-19.56012092819848
-19.560139462347635
-19.560161886446796
-19.560191668933467
-19.560218423375588
-19.560242768013907
-19.560267287062555
-19.560289558135086
-19.560318296741812
-19.560338260601505
-19.560380999937102
-19.560401943069593
-19.56043298579938
-19.56045866983418
-19.560502920666426
-19.560533453721437
-19.560555422992753
-19.56060322662565
-19.560634944202118
-19.56069348837994
-19.560735589133447
-19.56078070842342
-19.560824401463197
-19.56086685453052
-19.56090695627051
-19.560945704298344
-19.560978889950526
-19.561033588546362
-19.561070779852958
-19.561126099811226
-19.56117872694298
-19.561226135585496
-19.56129111573692
-19.561354992275973
-19.56139346116922
-19.56144660616225
-19.56150416781046
-19.561589237406587
-19.561619952800477
-19.561682567077728
-19.56171198715102
-19.56175411126518
-19.561813894227043
-19.561850984218548
-19.56190623080891
-19.561945248776887
-19.561974324725792
-19.56199827465682
-19.56201626290482
-19.562047464680255
-19.562071032932657
-19.56209731260264
-19.562136178573017
-19.56216216714059
-19.562185078460935
-19.562204995981244
-19.562228705774018
-19.56225784408918
-19.56227848800003
-19.562304933502414
-19.562324667031472
-19.562348224636636
-19.562393505407645
-19.562415352971357
-19.562450216240336
-19.562475988915462
-19.562505417292048
-19.56253798122491
-19.562571265918486
-19.56261088749786
-19.562649005723397
-19.562708267443345
-19.56274729629517
-19.56281828704466
-19.562857987648385
-19.562914937161526
-19.562962099626652
-19.56302908300636
-19.563085845237115
-19.56313447094963
-19.563186137805626
-19.56325892700727
-19.56330792179996
-19.56335674210264
-19.56340511491622
-19.563453788200476
-19.56350039126402
-19.563532313381497
-19.563576477574458
-19.56361383693314
-19.56366356037388
-19.56370765767434
-19.56374898167496
-19.563825658852434
-19.563872451716136
-19.56392327110143
-19.56400990526046
-19.564062222137128
-19.56412459142907
-19.56421037737665
-19.56425165862643
-19.564301172010158
-19.564371270858533
-19.564443201408498
-19.564490915425832
-19.564564865527096
-19.564619257087177
-19.564687354270017
-19.564729388532257
-19.564780507754218
-19.564847124492953
-19.56491494350648
-19.564962980039336
-19.565013959111525
-19.565083328148553
-19.565150345963428
-19.565195118271426
-19.565243890587457
-19.565318303954033
-19.565387064384343
-19.565469246676567
-19.565517077140107
-19.565579168806316
-19.565607772935213
-19.56570396099341
-19.56574883542845
-19.56578912218006
-19.56583966156219
-19.565873907542212
-19.565928415851957
-19.56595619164376
-19.565998215567667
-19.566070460007825
-19.566107702839837
-19.566171499038045
-19.566212176247017
-19.566261964707117
-19.566344976130775
-19.5663968082987
-19.56646902508295
-19.56651832035979
-19.56657964468196
-19.56664602901478
-19.566721555575477
-19.566805866254725
-19.56684443409582
-19.566885948429583
-19.566943604126926
-19.566981399966956
-19.567071398553892
-19.567101663781933
-19.567185625448893
-19.5672199659502
-19.567268183816495
-19.567336882573727
-19.567398460173113
-19.567449048387004
-19.56749494541537
-19.567533660541994
-19.567601440351368
-19.567668492154752
-19.567727791492917
-19.567773765482617
-19.567833533242748
-19.56791662432428
-19.56798939008982
-19.56805516629423
-19.56813802667431
-19.568205160139758
-19.568298476977088
-19.568401974459544
-19.56849891323663
-19.56857448681412
-19.568676268079695
-19.56876282602966
-19.56885392919708
-19.568938678632794
-19.569014849000354
-19.569128981644965
-19.56925205526811
-19.569394834671876
-19.569507735700608
-19.569629578484296
-19.569772292115612
-19.569901160958302
-19.570029505275652
-19.57016982925792
