500 iters for seed 111 on 3R0.3 which is in the 78.72085571289062 percentile
 Maxcut: 21.0, MedianCut: 12.0
-14.000000043711948
-14.000000283492165
-14.000000821263454
-14.000002131297911
-14.00000537588532
-14.000013455254951
-14.000033630678212
-14.00008409348317
-14.000210591798172
-14.000528449333187
-14.001329654236818
-14.003356470928216
-14.008497644153966
-14.299449560994802
-14.306541280497495
-14.463089068336325
-14.806586904661396
-15.354101861881198
-15.73236952406489
-16.128613979636086
-16.541768216091274
-16.691814721920217
-17.039663734643053
-17.146392796401507
-17.290126156833555
-17.41273382734343
-17.519767163962705
-17.631372585488513
-17.708941397546887
-17.76283983837504
-17.81128730050202
-17.846250776646322
-17.873816274510894
-17.88995821606919
-17.911389735123105
-17.929523506619468
-17.94496318890654
-17.965411741562704
-17.97450547945751
-17.982463947698506
-17.988766388060416
-17.9974518550184
-18.00988162586895
-18.016554674345045
-18.031678569405287
-18.037063514969617
-18.045212616425225
-18.054207624062517
-18.06295540549331
-18.068495857966692
-18.07428359629508
-18.081160127879524
-18.093198124733483
-18.096297867439176
-18.105613456474593
-18.10981411818369
-18.11726613857665
-18.128319070289898
-18.136637691286236
-18.148888433692285
-18.159209316427088
-18.171567959127234
-18.18372419763746
-18.197966120738517
-18.21000985632331
-18.218977111458372
-18.226784224899358
-18.236528564148653
-18.243624634913292
-18.253190147804414
-18.25887947024749
-18.266024138588598
-18.275237664247694
-18.28629651734678
-18.298840755185697
-18.304607329668258
-18.311982836085832
-18.319280882496788
-18.32815836463697
-18.33704946912055
-18.343779626001407
-18.350190535054193
-18.35678246537441
-18.36134538142901
-18.36540237808485
-18.371905976939487
-18.376499607717044
-18.381597369005913
-18.385240692198924
-18.388602195301914
-18.39150647665872
-18.397338279234837
-18.40185611643125
-18.40763547830524
-18.410704330592694
-18.414575973841405
-18.417324530058988
-18.42209073609566
-18.42560735512503
-18.428013654157187
-18.43275745147155
-18.434879042384413
-18.43906077603092
-18.44286431542094
-18.447572177025826
-18.452690616266825
-18.458140312364815
-18.463405125535346
-18.469487993023264
-18.47483145755622
-18.47926898130446
-18.485149925136383
-18.48881152191492
-18.494595361461162
-18.497103444189538
-18.506732353230433
-18.509782172981307
-18.516550286680467
-18.525128893162595
-18.530427811985504
-18.536211455768512
-18.540399347768368
-18.545351787129366
-18.551644772745288
-18.55763684562254
-18.56375452825898
-18.568834592245526
-18.573973374454326
-18.579766808437522
-18.583331577519647
-18.586844198526023
-18.59161764135305
-18.594316413948544
-18.599932402560448
-18.603148516541076
-18.606679295488014
-18.611153145886405
-18.61605139905086
-18.621725917078603
-18.628030281705488
-18.636279273107128
-18.642698179032596
-18.648369833193918
-18.655485008445986
-18.66191988566576
-18.665815830209525
-18.67235469017956
-18.679059248596914
-18.685433173303185
-18.691902602241232
-18.699840794340744
-18.70715798984735
-18.714037922078425
-18.71880018474319
-18.726264913332493
-18.730991016051746
-18.736897664479308
-18.740057955878797
-18.743941215840692
-18.747786052166667
-18.752588646554123
-18.75626270064193
-18.760439735171392
-18.767269640056057
-18.770592876606543
-18.77642357379969
-18.780707264517513
-18.78523891830749
-18.788544875876767
-18.79206764795516
-18.79535970259195
-18.798511820588292
-18.801887256926292
-18.806137877121476
-18.810185388561198
-18.81477811420285
-18.81817120563192
-18.823960450495914
-18.827704115575806
-18.830955338644017
-18.83686499956281
-18.83966891351493
-18.84396497363292
-18.847156289295278
-18.850386075272375
-18.853441031251194
-18.855776390964902
-18.859343704503775
-18.861504281500515
-18.86457794234444
-18.86823827932248
-18.87226077478612
-18.87518035853603
-18.87955077077171
-18.883958269162697
-18.889121982413055
-18.893000367543188
-18.89658746840907
-18.899563301175927
-18.90296822274995
-18.905634152411267
-18.908475425790474
-18.911377794050587
-18.91440000013393
-18.91762350265558
-18.920038888869335
-18.92274547619779
-18.925477283394223
-18.928532528896227
-18.931981192671316
-18.935992169973694
-18.939287358970137
-18.942837733856397
-18.945677602382478
-18.94868013928509
-18.952287857801323
-18.955115916522967
-18.95854899773667
-18.96221595563773
-18.96378973231836
-18.96661110581414
-18.968243603140888
-18.970242059419284
-18.973262832592297
-18.975129654149605
-18.977217667560517
-18.978808972418562
-18.981240802098966
-18.983996705184875
-18.986763701434676
-18.98859361452894
-18.990344617417367
-18.991936615925614
-18.99469037534438
-18.996149230111566
-18.997439965945944
-18.998835677654725
-19.00006045237429
-19.00139230961568
-19.00310894924051
-19.004246110863953
-19.005841974855407
-19.00771542315632
-19.009250395641622
-19.01045789995956
-19.011324974868973
-19.01262100800318
-19.013550957778655
-19.01569264961298
-19.01652765875824
-19.01745335351903
-19.018919009241806
-19.019605465094266
-19.021285510275685
-19.021906016334846
-19.023068296742828
-19.024522861444353
-19.025968699211024
-19.026914423483227
-19.02796735669531
-19.028841213808207
-19.030195030969928
-19.031292049862017
-19.03240692396937
-19.03343948099216
-19.03457159785926
-19.03500127388629
-19.036277203730318
-19.036915786816714
-19.03765709322921
-19.038847713356766
-19.03958952424849
-19.04093224390053
-19.041810770441906
-19.042604494309426
-19.043339502872143
-19.044258502097396
-19.04526027607005
-19.046072951532178
-19.04675906130658
-19.047325934663238
-19.048026785333793
-19.04899978048629
-19.049689784306704
-19.050192784195573
-19.051305541057705
-19.05198422095173
-19.05257396638742
-19.053321790624793
-19.053887550625813
-19.05473383385016
-19.05600130907303
-19.05654525361117
-19.057323355156036
-19.057940705597073
-19.058599390487252
-19.05954637877668
-19.05972437893672
-19.06060715676531
-19.060875630678428
-19.06145414595713
-19.06225633690213
-19.062895254010524
-19.06357890067316
-19.064018172724587
-19.06455020339842
-19.064922347329276
-19.065722955679284
-19.066154419098154
-19.06652449452138
-19.067239215644314
-19.067614642993764
-19.068253549124982
-19.068677906444684
-19.06921397993646
-19.0696600895579
-19.070045139273535
-19.07058065677298
-19.071092521256116
-19.071774083812013
-19.072285305836544
-19.073104438138834
-19.07344609522534
-19.074126138512042
-19.074360354932466
-19.075105725494915
-19.075537674046224
-19.076000063237892
-19.076742696286146
-19.077318527008835
-19.078128483028028
-19.078481361663822
-19.079110540071294
-19.079555724711184
-19.080124426794995
-19.080596233210066
-19.08107904904454
-19.082023972983617
-19.082343508516086
-19.08312587382227
-19.08343416678722
-19.08397623230333
-19.084519561865324
-19.085068920388665
-19.085541153478133
-19.08596667148773
-19.08638877498531
-19.08700408905371
-19.087393350198667
-19.087861643443524
-19.088581015793498
-19.08879490684179
-19.08957101122518
-19.089814391525387
-19.09025417542088
-19.09094051257074
-19.091487294828863
-19.092422362216706
-19.092903166651457
-19.093676692991043
-19.094327207674855
-19.095314862024996
-19.095909408262663
-19.09644400332466
-19.09717786459797
-19.098017783065707
-19.098708274857763
-19.099557568246677
-19.099971969612913
-19.10060771332779
-19.10141078806128
-19.101914900672952
-19.10309553216042
-19.103629611677054
-19.104404872235854
-19.105128813938812
-19.106030601318007
-19.107133102015954
-19.10838089656773
-19.109482270660912
-19.11052702384481
-19.111977371146814
-19.113209093092205
-19.1143453198559
-19.11556856018596
-19.116485965303937
-19.117465912230895
-19.118599679518237
-19.120081576502184
-19.121177913822834
-19.122458982979285
-19.123423370389787
-19.125114559678348
-19.12582728276197
-19.126853055952363
-19.128207089769493
-19.12965583203742
-19.13070960239776
-19.131891001842607
-19.132648002373518
-19.13344839272404
-19.134927724956004
-19.135629681095136
-19.135870164450793
-19.13772434238244
-19.13813232465364
-19.13928109743904
-19.140174741960667
-19.141174921146096
-19.14190765965271
-19.142693030259963
-19.143957708511795
-19.14507480946734
-19.14603833330554
-19.14714919183694
-19.14787665472982
-19.148520404444792
-19.149648274708802
-19.150082437500018
-19.1510269711101
-19.15207238308706
-19.153225425302015
-19.154121596165137
-19.155050290824356
-19.155974677697028
-19.157086953995833
-19.158034124734584
-19.159081628768106
-19.16004015463639
-19.160680082270186
-19.16156389058904
-19.16200691548054
-19.16260337801966
-19.163054010178552
-19.163633093729363
-19.16409229612532
-19.164443520640475
-19.165078073186177
-19.165300431753177
-19.16580901854326
-19.166037123886124
-19.166459757688976
-19.166820848049472
-19.16738275482693
-19.16774487722792
-19.168049066594758
-19.16852825885525
-19.168972150299318
-19.16928824016196
-19.169888818098674
-19.17023643288977
-19.170690695887515
-19.17108766947156
-19.171440563001415
-19.172026866426783
-19.172657076887386
-19.17305671151095
-19.173488791304674
-19.173927459050844
-19.174393311113548
-19.17488604997484
-19.175215052654053
-19.1756209907795
-19.176165545731973
-19.17664962088203
-19.177019412925233
-19.177609921242695
-19.177967750406673
-19.178383272210752
-19.178674621257294
-19.179054370656356
-19.179422720738216
-19.17980197849129
-19.180189116821627
-19.180505294739472
-19.180803561467133
-19.18129549378077
-19.181721970946647
-19.1819913538859
-19.18264112581211
-19.1827315340233
-19.183322110609225
-19.183599217585954
-19.183904232555946
-19.184396085516777
-19.18473022855889
-19.185230760541373
-19.185535414008417
-19.18592245495047
-19.186260900524207
-19.18671318310804
-19.18721570027299
-19.187503216088437
-19.18784429985707
-19.188424447000227
-19.18865015590567
-19.18900675409225
-19.18951577338774
-19.189864397722655
-19.190290230801786
