500 iters for seed 47 on 3R0.3 which is in the 50.171661376953125 percentile
 Maxcut: 22.0, MedianCut: 12.0
-12.012509748870157
-12.14264838810497
-12.20480501293701
-12.652789796946394
-12.752984477931514
-12.949906213869186
-13.583062427970416
-13.82543126428455
-14.47943937502547
-14.719414456882562
-14.966599129856686
-15.224845274900824
-15.47376438339894
-15.828483285340429
-16.189673097984915
-16.547830400257954
-16.791705429739096
-17.006340057806817
-17.159484840979754
-17.321486001165294
-17.425047988744417
-17.53386089006026
-17.615289721588596
-17.685942257042974
-17.757572988882156
-17.81570136428519
-17.866824251618283
-17.92164410709263
-17.95889745902952
-17.993932640590437
-18.027193301104028
-18.058226439748875
-18.08849610651384
-18.117965089697922
-18.131335886120617
-18.152945377311017
-18.174894175213375
-18.19943467356956
-18.21509067084451
-18.228774158366612
-18.24056114734212
-18.260930666710674
-18.275954514816732
-18.294814830195254
-18.31740568146168
-18.33707325405058
-18.367959348970107
-18.405465000947697
-18.43714524100135
-18.487143897903103
-18.54657573947818
-18.607907163148536
-18.674262270140503
-18.748297252003663
-18.796428332923956
-18.870400245452455
-18.955346636691647
-19.02446781075159
-19.071493369095833
-19.15849798740348
-19.224994362684356
-19.289220111501084
-19.375062641107764
-19.444756561241164
-19.500303536233485
-19.561275549254688
-19.61667944914939
-19.660497138874252
-19.74654467729736
-19.792526897590832
-19.863317733922106
-19.929009842112787
-20.00083811921934
-20.057505751019185
-20.101413321977375
-20.1427193490463
-20.169030244115085
-20.192513463371956
-20.211200365718728
-20.229624005596325
-20.248811411848976
-20.265316314033576
-20.28427717389657
-20.305328159849438
-20.31921175904041
-20.32881969096109
-20.340771520479052
-20.349265528318202
-20.359499122373684
-20.366985598587984
-20.37332063104988
-20.382277958419508
-20.38809927553746
-20.396960960476843
-20.40308924854068
-20.409828573804468
-20.421462198400587
-20.42812919762427
-20.442517435416274
-20.449065233223966
-20.4571235517669
-20.469805906088705
-20.47755135140944
-20.492402959980662
-20.49912813385909
-20.50920439060153
-20.52393317379531
-20.537445092336238
-20.545342729264235
-20.555765439107322
-20.561064163370823
-20.56786306407403
-20.57501083475068
-20.580883679372153
-20.59266515721831
-20.602897952849627
-20.60932948335999
-20.61560492337238
-20.62080760425216
-20.627419824638093
-20.637631061272995
-20.642354901522165
-20.647552974836195
-20.661606769165306
-20.6652893172911
-20.671784092487876
-20.676587947955966
-20.681344060486005
-20.688486280921154
-20.692200343435772
-20.698697663246836
-20.7040062917611
-20.710121525588544
-20.715969228681875
-20.721386854818284
-20.728328735695538
-20.734084187462766
-20.740583710677345
-20.74606239549643
-20.75188659767104
-20.755444670252423
-20.763512227244757
-20.7676440420626
-20.772092413614697
-20.778262687525707
-20.779783141461778
-20.790142038235906
-20.793268920625888
-20.79752709668387
-20.80136998262492
-20.8051883044112
-20.811257185460782
-20.815051371476486
-20.820093451290784
-20.824218864410735
-20.828309214353414
-20.83254181157113
-20.836348532306385
-20.839578053705488
-20.84325928772566
-20.846800715334588
-20.84873223074348
-20.853107405856793
-20.85444305420581
-20.856967985350348
-20.85930760321134
-20.861779993266037
-20.8640422600748
-20.866083523793833
-20.869082820490267
-20.87231457442624
-20.87403064218727
-20.87717250136968
-20.879393130603678
-20.88253959336187
-20.885639768385698
-20.88800177332139
-20.89067887583211
-20.893208927632994
-20.896604398730382
-20.899393437112884
-20.902446606756076
-20.904708771066137
-20.906853698980957
-20.90927914902399
-20.91206983014162
-20.914969348429075
-20.917467608208714
-20.92106664246107
-20.923350069923643
-20.925993796686484
-20.927837338339433
-20.929682352649916
-20.931800458334802
-20.933655896698696
-20.935508401708006
-20.937029157834505
-20.939682248022223
-20.94239504655426
-20.94393130933105
-20.94637864322463
-20.94792484470694
-20.949944155169767
-20.953073724072183
-20.95465210223931
-20.958240656217676
-20.96033196777589
-20.962510085643235
-20.96385674426637
-20.965487828485763
-20.967544913256496
-20.96958081975717
-20.971705839594033
-20.973938886705245
-20.976313379451508
-20.97848512223993
-20.980560175181427
-20.98288376572827
-20.984960504568363
-20.987145334719315
-20.98894279475464
-20.990526222767794
-20.992271566082877
-20.99405445368904
-20.99570836112743
-20.997313066056968
-20.999314154479052
-21.00141433074339
-21.003876810860014
-21.0050942350287
-21.006833177869435
-21.007715374751054
-21.009451823057308
-21.010937021346425
-21.011963025086974
-21.013874268724145
-21.01492735854166
-21.016214893770247
-21.01706246750689
-21.018252577097222
-21.0194097751936
-21.020657529871823
-21.0221422593064
-21.023183613321418
-21.024315662454256
-21.02599046118518
-21.02720297638461
-21.028711905215935
-21.030486796818334
-21.031591348440795
-21.03293330131805
-21.03366090361622
-21.034599136230394
-21.03545922216326
-21.036585303771208
-21.037479201944336
-21.038232505825235
-21.03953553798242
-21.040591102309392
-21.041428119827046
-21.042394712373635
-21.043285691546174
-21.044363941342358
-21.0460712589239
-21.046734066066133
-21.04786492466685
-21.048601264978966
-21.049724546527898
-21.051289020628975
-21.052044238451096
-21.053429120912696
-21.054852940665672
-21.05571209618398
-21.057339659279492
-21.05795944111616
-21.05916825978556
-21.060217569354844
-21.061121762850625
-21.062993696111356
-21.06377277969681
-21.065386280267084
-21.066705456405945
-21.06788569426437
-21.068943359648273
-21.069823803700842
-21.07081132009392
-21.072087201707973
-21.072991641811356
-21.074144470053998
-21.07493309281485
-21.075797914837878
-21.07747938336508
-21.07837955750493
-21.07951561964803
-21.080345117766136
-21.081416059808074
-21.08287455998421
-21.0844158024485
-21.085405013935087
-21.086443895290042
-21.087437372424002
-21.088586626156424
-21.090023984709386
-21.090879379339462
-21.091925646569656
-21.092651528107123
-21.093377498246102
-21.093674052788337
-21.09498952016739
-21.09550186333525
-21.09609124751937
-21.09692831836468
-21.097727544823574
-21.099218660023393
-21.099993539996863
-21.10084057566344
-21.101682209562505
-21.102796944475188
-21.103814242642372
-21.104446903738108
-21.105380657879756
-21.106216941392816
-21.107310802843735
-21.108372816847147
-21.109386618775975
-21.11028931058459
-21.111134768806448
-21.112033037195275
-21.112754662174158
-21.113707127949766
-21.114562235241618
-21.11534212692324
-21.115860161792707
-21.116538996452693
-21.117118939476693
-21.117617395443013
-21.118247143923636
-21.118721697802453
-21.11959354729175
-21.11968531950238
-21.120645605001705
-21.120982682268316
-21.121572159807616
-21.122455857598514
-21.12322535656422
-21.124594312303255
-21.125248254991913
-21.12602554563922
-21.126777612013356
-21.127712304783895
-21.128861181781215
-21.129581358811848
-21.130686403326052
-21.131572278936584
-21.132529329714696
-21.133509068449456
-21.134128241856207
-21.135704245341962
-21.136536024621325
-21.13744813533579
-21.138155493434024
-21.13902974470289
-21.140122047132216
-21.14142330694784
-21.14221697046413
-21.143242827528915
-21.143864168599038
-21.144660859133097
-21.145737085258993
-21.14662016454026
-21.14798186857434
-21.149634384745607
-21.150677002783333
-21.15186877242359
-21.152656081905402
-21.154019734940405
-21.155041050311283
-21.155863966141048
-21.157540493991885
-21.158475894503287
-21.16019417555062
-21.16135903131418
-21.162500442611837
-21.163478033720654
-21.164411354410312
-21.165716601024858
-21.16622102602355
-21.166766503644943
-21.16732999874308
-21.167845290214842
-21.16909383609491
-21.170124255942458
-21.171491866411976
-21.172145983869644
-21.17277617846519
-21.1735476496107
-21.174451099944275
-21.175268554282532
-21.175948880122817
-21.1766507847307
-21.17736642221563
-21.178325207249063
-21.178729443567075
-21.179228931696144
-21.18037561791091
-21.18095601140903
-21.18188307394885
-21.18304885815779
-21.183620084096756
-21.18451128934598
-21.184903735392943
-21.185504857796808
-21.186052984066702
-21.186461006110115
-21.187374335723575
-21.18784936092655
-21.188406812609866
-21.189019413616247
-21.189654400771204
-21.190183581948904
-21.190610809766714
-21.19095383561862
-21.191404562558972
-21.192187518080868
-21.19291418016953
-21.193547611081392
-21.194125452395415
-21.194539381799505
-21.195424109263268
-21.19594068167525
-21.19659340019482
-21.197129147916275
-21.197491751021584
-21.197890782540956
-21.198486787885617
-21.19877772261205
-21.199294820038638
-21.19984501808216
-21.20022460877158
-21.200646893143183
-21.20094236986676
-21.201380200030226
-21.201526920655883
-21.202167252968994
-21.202424054271614
-21.20276940794319
-21.203405497048788
-21.203825830944737
-21.20459613122422
-21.205053391586652
-21.20562748138317
-21.206107008434206
-21.206682820712494
-21.20743516913137
-21.207976263273025
-21.20822120780512
-21.208965290650475
-21.20927334766316
-21.2097642678008
-21.210477708385838
-21.211006198702844
-21.2115465165481
-21.211936504875297
-21.212276949836905
-21.21272501703751
-21.21317644435002
-21.213480486352005
-21.2139389489659
-21.214681357789214
-21.214964725167018
-21.21542890787194
-21.215732866597214
-21.216149187337134
-21.216610998380595
-21.21707634326931
-21.217514896131927
-21.21775961621628
-21.21797734280496
-21.21865503650786
-21.218943569228585
-21.219334507651794
-21.219738031632026
-21.220131290428785
-21.220367625341247
-21.220768588693804
-21.22101873897897
-21.22133326065676
-21.221804574271268
-21.22208130870088
-21.222487170295615
-21.222908096173658
-21.223220652616217
-21.22375996317585
-21.22399924151485
-21.224417104587282
-21.22469804224767
-21.224970962453263
-21.225439008424825
-21.225682729602216
-21.225897241769545
