500 iters for seed 175 on 3R0.3 which is in the 79.02908325195312 percentile
 Maxcut: 21.0, MedianCut: 12.0
-14.000000725614365
-14.000002623163342
-14.000010125681351
-14.000040226128831
-14.000161721191976
-14.000653327806821
-14.002626226915153
-14.01584008319526
-14.040726504008859
-14.053134151792573
-14.054623134587866
-14.061710925348484
-14.117255364707708
-14.201516760574133
-14.258735684751962
-14.353164535776648
-14.508438562601363
-14.748560887819126
-14.964666398663429
-15.110042807394418
-15.250156873747615
-15.391170041934377
-15.508699756030445
-15.69675843200234
-15.966004500362034
-16.192647481906835
-16.49806611792633
-16.588265599896342
-16.74257932352222
-16.896828734232173
-17.001826387720126
-17.087503059688334
-17.146498065552507
-17.206445478540306
-17.25800723066019
-17.295802904779137
-17.330848853754123
-17.36789077623472
-17.403748644584383
-17.445672388422192
-17.49864766817516
-17.53244741659448
-17.577403721915577
-17.621054048819367
-17.66535560000615
-17.687826106064783
-17.716465731512272
-17.740516146078292
-17.773950849186257
-17.806400032111718
-17.829175606596216
-17.862595332840232
-17.88155837613715
-17.902013153490344
-17.92020679928113
-17.93751274683724
-17.949886534051437
-17.968119406831146
-17.975312976584142
-17.98673976706333
-17.995991401072803
-18.010622259106817
-18.02028804946494
-18.0291848834201
-18.038484726841215
-18.049434601908903
-18.057727560998387
-18.06656965767762
-18.078138062853125
-18.09130890218875
-18.10257855510316
-18.115586002146124
-18.126831402457867
-18.137648485406856
-18.152312768798566
-18.15652172816821
-18.167750323987043
-18.17347502191533
-18.182308533461697
-18.193651599117956
-18.20316971652538
-18.21001250045313
-18.216310371421574
-18.222766277564958
-18.230807157694557
-18.23984399064483
-18.24599150338376
-18.251916800343416
-18.259499495151317
-18.266352062803268
-18.270937921290308
-18.27781941657299
-18.282884270872742
-18.288109536331657
-18.29598505409556
-18.302949078391055
-18.30793994296768
-18.313136132522338
-18.314698737940596
-18.318456185588637
-18.32133141511951
-18.32371309361671
-18.327801626335443
-18.32958039728768
-18.334395490078695
-18.335897362057363
-18.33883438266984
-18.341678656547433
-18.34522811495183
-18.348154753105494
-18.350521526897033
-18.35323474575196
-18.3567208178986
-18.36020533280962
-18.36263640901705
-18.365245395554368
-18.367677377171916
-18.36941560165403
-18.372194812489916
-18.37388598276429
-18.376199526289607
-18.37738616077028
-18.378809552026087
-18.38077159357092
-18.382956493947223
-18.38478906064251
-18.38644047413882
-18.38809276537421
-18.39067398515127
-18.393176442961085
-18.395261627839886
-18.397283099749927
-18.39951469773749
-18.401373262457664
-18.403775117109223
-18.405830572848046
-18.407622497011836
-18.411155422982375
-18.412665017331733
-18.414567572193903
-18.417351229810603
-18.419200923110644
-18.423194303139148
-18.42487526884014
-18.42923001667884
-18.431052421932456
-18.4342990817327
-18.43674850028966
-18.44086379814208
-18.443116123198816
-18.44667339883898
-18.449690685200313
-18.453726522109342
-18.457497788393894
-18.460560278347607
-18.466521656041966
-18.470246024997444
-18.477610070156732
-18.481972535661367
-18.486218821626437
-18.49421225112327
-18.500430401122287
-18.50888121153976
-18.515001603071685
-18.520271104514233
-18.530577593196895
-18.541473425563993
-18.548433189098464
-18.556529427241944
-18.56465317366904
-18.57435428447853
-18.57640367575636
-18.58380754966998
-18.58724446757863
-18.592360734208494
-18.59896523750658
-18.607457634140175
-18.61289548219937
-18.618970059129648
-18.62306184765119
-18.628321255179525
-18.63590399840709
-18.641656370588397
-18.64563486042381
-18.650107204587034
-18.656272290377984
-18.661094270423142
-18.666027535593567
-18.67066321043666
-18.67367846410478
-18.67710818609304
-18.680047591045316
-18.682195060337925
-18.68579311807163
-18.687760761811028
-18.693022173680713
-18.694955797667475
-18.697800955854063
-18.701028019237864
-18.704985354932287
-18.708735353111805
-18.71333245903642
-18.718299963140595
-18.724437273954155
-18.732618412400342
-18.73840172311165
-18.744320504417708
-18.75765926172922
-18.76394010133371
-18.772022295467735
-18.78202061950163
-18.78808628928174
-18.794967154572397
-18.80497514275569
-18.811440019802507
-18.820091885901782
-18.82850029563906
-18.83472159438783
-18.842994038930275
-18.850757158787903
-18.85694944102948
-18.86598581726373
-18.873001467847086
-18.87864639924574
-18.887525813037048
-18.891486967145866
-18.898613275104893
-18.904999281414042
-18.909496507432394
-18.919100759921978
-18.92287406508834
-18.93027085137471
-18.935538681787417
-18.94074700668612
-18.944902978886912
-18.948808947252996
-18.953716735213398
-18.959749994878088
-18.963131601859104
-18.968471418224983
-18.971554269298874
-18.976181423874255
-18.979558825003217
-18.986887486618215
-18.992102141336446
-18.99714725320533
-19.00589496795739
-19.007746434650198
-19.019752505681634
-19.022361519870437
-19.02737458055984
-19.03270415859718
-19.03831482804636
-19.04456481533724
-19.050425272055094
-19.05605465167834
-19.061074086881206
-19.067871763108933
-19.072560268823658
-19.077051145472787
-19.083131222866143
-19.08444660823371
-19.09108087684121
-19.09359189390627
-19.097603110834555
-19.103281645754343
-19.106412804141215
-19.11076667539437
-19.113513174146007
-19.117576055545012
-19.120843618032556
-19.124652904014372
-19.12722136409037
-19.130058883904127
-19.133406379301654
-19.13732285922274
-19.14047563566029
-19.142871992329678
-19.145901007887428
-19.14842113786704
-19.151128814781995
-19.153278941925535
-19.156090201388384
-19.159130139454568
-19.16230669619413
-19.165655749745806
-19.168515895830193
-19.17126350766985
-19.175721884171974
-19.177495957362673
-19.181374237462297
-19.18343573767234
-19.18598301820108
-19.189355530776258
-19.191764730297507
-19.194597032465122
-19.196969007070035
-19.19941574375044
-19.203789798259393
-19.208008701156388
-19.210204578321164
-19.214530625863965
-19.216165287665326
-19.218353476542365
-19.22171854164982
-19.223879107246646
-19.22937221593413
-19.231959730717268
-19.235845011455467
-19.240306974666325
-19.245337646017802
-19.248643247235112
-19.254873633413304
-19.258746276708766
-19.262987950830624
-19.267230347353543
-19.272287487894292
-19.27660396193526
-19.281025005941768
-19.285909336933365
-19.29126757595267
-19.29742193617265
-19.302451531381156
-19.309483051004857
-19.314470004250346
-19.319548477175122
-19.324042395500264
-19.327655884877515
-19.33235529573123
-19.337364245431825
-19.34127959161409
-19.343628445878256
-19.348677177402138
-19.353887776693732
-19.359864408799794
-19.364661993127235
-19.367626299514743
-19.37361723856998
-19.375113348499035
-19.380511170314136
-19.38363908679936
-19.387599221304246
-19.393371868609776
-19.396689865434254
-19.402426890408083
-19.406763996931822
-19.411288579216333
-19.415455904688443
-19.419705368639324
-19.425182769210668
-19.429150939541113
-19.43374819261004
-19.438753241391964
-19.44451471135289
-19.450035766239967
-19.454543874978423
-19.458876435997187
-19.462791377910303
-19.466596595830932
-19.47424064339238
-19.478977977970647
-19.482938520202907
-19.48739973629611
-19.491126584201734
-19.496783375517733
-19.502625223072936
-19.507362099835895
-19.513304459312128
-19.51761243211585
-19.521443813824437
-19.52493949574846
-19.52828421972219
-19.53102007400094
-19.537981336651868
-19.540311350430006
-19.543833921929757
-19.548911373140974
-19.552187139027
-19.557214089514456
-19.56183690417662
-19.566778246041217
-19.57081223821882
-19.575171294754924
-19.580215665686417
-19.584537419426944
-19.588192704183438
-19.594187424438065
-19.597855903626826
-19.602530331639585
-19.607017280162072
-19.610441319467895
-19.616245494767902
-19.622583447982702
-19.625424303295095
-19.63042105926049
-19.63504019820535
-19.6404061334922
-19.6452492628408
-19.649195535614783
-19.653083045197494
-19.657665858880307
-19.663703609668485
-19.668582296254403
-19.673033784289135
-19.677835704127297
-19.68149648150515
-19.687036646524135
-19.69001766038805
-19.692694087732228
-19.698105087279433
-19.701804781439204
-19.70739802988631
-19.71207630864931
-19.71660183692195
-19.72102532375427
-19.72562288154778
-19.730488632193772
-19.735308515471477
-19.73981202563017
-19.747456869750128
-19.75058778206165
-19.75568226302508
-19.75965607108652
-19.763092000700038
-19.770702154752673
-19.772734371626164
-19.78304419753575
-19.788154309267505
-19.79492417112653
-19.803581250608712
-19.811772610743642
-19.817185529764124
-19.822522780306965
-19.82911882673564
-19.832858202796917
-19.84070724393235
-19.844314005236413
-19.848387932872377
-19.85561729029732
-19.860168673320082
-19.86709589847278
-19.872154386631124
-19.877186526936416
-19.88241131577911
-19.8884985599774
-19.89454669857601
-19.90034194335593
-19.903664306262893
-19.909817626326618
-19.912609568470092
-19.916456244377315
-19.921228460536874
-19.926503903996625
-19.92972113945539
-19.93337246690443
-19.93699607231027
-19.94125849860245
-19.947251544599485
-19.951563409774856
-19.957192278281493
-19.963384473235397
-19.968718125368706
-19.97279465516705
-19.978245256642296
-19.983841732224754
-19.98890412539266
-19.99312878143155
-19.997483849239167
-20.001595033801248
-20.006607269861316
-20.00907809782422
-20.013157040056086
-20.018258847051676
-20.02331791092004
-20.026807913957974
-20.031582008063285
-20.036792112009973
-20.04315965652991
-20.047980173664072
-20.051391917337785
-20.055890034149428
-20.05991782753021
-20.064040853449665
-20.068139224605815
-20.071159234882956
-20.07698745628611
-20.082332586938467
-20.085486870252527
-20.09037551401613
-20.093694837643394
-20.098464134945974
-20.10217486028983
-20.105343158914355
-20.10998784540766
-20.112624744695136
-20.117095560827444
-20.11884016018015
-20.12126126280645
-20.123814606306578
-20.12635946987463
