500 iters for seed 108 on 3R0.3 which is in the 78.95584106445312 percentile
 Maxcut: 22.0, MedianCut: 12.0
-14.000000313335052
-14.000001112267467
-14.000004297028541
-14.000017801283544
-14.000076195172838
-14.000329927086206
-14.068930055006692
-14.069201332971563
-14.085409937147263
-14.353802179332817
-14.507165981622215
-14.59883937682608
-14.746100621132355
-14.835532570789859
-14.921671939161605
-15.003371210233558
-15.063988288746014
-15.17986305542947
-15.27599926412621
-15.355239557082449
-15.488856300492387
-15.60066283671777
-15.744134917000782
-15.851717840090725
-16.08467533206767
-16.19087567950418
-16.2794422600633
-16.402194745395896
-16.51683785032064
-16.620455632647985
-16.710139909565374
-16.77870542814217
-16.880379295323387
-16.960154455460906
-17.04111367117313
-17.144151491898366
-17.22507945558451
-17.308146042838057
-17.379991891746347
-17.442645464553543
-17.507860031004697
-17.567206271055756
-17.604341486369893
-17.633786376274884
-17.677011220604285
-17.701501778461093
-17.72835241855517
-17.75602026103772
-17.776254671530037
-17.799142613874835
-17.850608970507203
-17.86730356546048
-17.89065298739318
-17.913417659092037
-17.934385436283616
-17.95780073438483
-17.97986349021434
-18.00488290349359
-18.025621576473494
-18.050463386785097
-18.086414799476508
-18.128064915522753
-18.14070532893234
-18.19018887469427
-18.218086605278522
-18.247234292845075
-18.289017236652757
-18.32401970234663
-18.358915761164198
-18.3950212392807
-18.423206118605123
-18.44278404826241
-18.491642781989547
-18.51651890130241
-18.55888075842559
-18.58465544803864
-18.629845598465725
-18.669554347514755
-18.705976464952702
-18.75638444171245
-18.79876071942358
-18.82556169476604
-18.845268619685417
-18.862678857018665
-18.883197043850007
-18.909003848626348
-18.927080858788756
-18.947934233356055
-18.970328501035738
-18.988276782642135
-19.002191371252568
-19.016820692286224
-19.028858270599436
-19.042714796489307
-19.05639619925284
-19.06557164343296
-19.075250293258453
-19.085859392874415
-19.095968512663717
-19.102991980512954
-19.11054759635718
-19.121008352795513
-19.13085429420676
-19.138765609901768
-19.147125197884854
-19.15553948631368
-19.164503317154768
-19.177826134539902
-19.18945947447824
-19.205867641737818
-19.227665118157567
-19.24679972958208
-19.271118175080073
-19.316389381334204
-19.340728074866664
-19.37038184673745
-19.42098651236764
-19.443758186541526
-19.483381959396965
-19.530517911036032
-19.55963654298537
-19.597745373891634
-19.6328738961581
-19.656655428692336
-19.690092323027198
-19.718704718330656
-19.74372821570813
-19.76901051421896
-19.786696385232762
-19.805213838419423
-19.821322246234267
-19.836894621424037
-19.850329993282394
-19.863925508743275
-19.87475875812019
-19.887377374454115
-19.893899866450585
-19.901202710242195
-19.90905415628422
-19.914064553078695
-19.925032897184266
-19.93024552002991
-19.93579400680339
-19.9391097415519
-19.94364654752491
-19.95149957669578
-19.95606058272818
-19.96239539119043
-19.965872596613938
-19.969620062627964
-19.973037394103425
-19.975682046802223
-19.978202007816794
-19.97999326136333
-19.981917059616208
-19.98364622983919
-19.984990085409567
-19.986130113554495
-19.98766491951294
-19.98873144542368
-19.98966650987798
-19.990894049259392
-19.991431772884553
-19.99200247032942
-19.992701281864782
-19.99317706024014
-19.993621214807963
-19.994256449320837
-19.994521160768517
-19.99490814155841
-19.995217919992978
-19.995578676333896
-19.995772298506424
-19.995989093909053
-19.996286243289752
-19.996572372471014
-19.996744780252715
-19.9969725123612
-19.997151838579903
-19.997331589782572
-19.997494273644538
-19.99761047179377
-19.997732546082165
-19.99789683730908
-19.99793538760732
-19.998045811285646
-19.998091956782584
-19.998160361312618
-19.998260319373205
-19.998279635434187
-19.99842741371675
-19.998459564404268
-19.99850525706444
-19.998556738350786
-19.99860128148862
-19.99866844881598
-19.998690915150988
-19.998718231091512
-19.998746678870138
-19.998778254106057
-19.998809670808235
-19.99883619862267
-19.998876416935943
-19.998914601005694
-19.998946676951057
-19.998974957351262
-19.99900916248501
-19.99903944181799
-19.99905983768334
-19.99909225021617
-19.99911928640281
-19.99915347725036
-19.99917831483094
-19.999195183196836
-19.99921376727072
-19.999236260214772
-19.99925936334409
-19.99927649448435
-19.99930990994238
-19.999325667146174
-19.999349804796022
-19.99936049446761
-19.99938049662383
-19.99940163244138
-19.999428758567692
-19.999450448220788
-19.999471560223284
-19.999500429699467
-19.999530137098734
-19.999546727053815
-19.999567693481556
-19.999583085242328
-19.99960318348381
-19.99963004699271
-19.99964522980119
-19.999675716981713
-19.999694225658292
-19.999708255379158
-19.999718251769337
-19.9997317706022
-19.99976023027651
-19.99977448096016
-19.99979120408166
-19.999805762635297
-19.999819720607277
-19.999835712944684
-19.999855662371818
-19.999864289628718
-19.99987130655271
-19.99988444158197
-19.999892431457923
-19.999908329690584
-19.999919350387092
-19.999926832644785
-19.99993094330323
-19.999935742600915
-19.99994197467725
-19.99994774660528
-19.99995059281018
-19.999953953636947
-19.999954891405928
-19.999957489217536
-19.99995891086331
-19.999960343711777
-19.999962375993746
-19.999963915096483
-19.999966351992203
-19.999967099991604
-19.999968217267437
-19.999969462435793
-19.999970861234285
-19.999972136637126
-19.99997328196168
-19.999974877480984
-19.99997638390961
-19.999977469481205
-19.999978880189836
-19.999979761261574
-19.99998060038219
-19.99998213716923
-19.999982911755684
-19.999984161602924
-19.999985183696438
-19.999986348335714
-19.999987517400033
-19.99998891953876
-19.9999901917441
-19.999991297930805
-19.99999216899124
-19.999993062375697
-19.999994370986148
-19.999995433926575
-19.999995976896695
-19.99999657133408
-19.99999706654845
-19.999997403234477
-19.999998002491274
-19.99999816276827
-19.999998510499385
-19.99999883157395
-19.999999106240235
-19.999999279326666
-19.999999357509243
-19.99999943810391
-19.999999518189888
-19.99999957962552
-19.9999996795294
-19.999999722048447
