500 iters for seed 103 on 3R0.3 which is in the 94.82040405273438 percentile
 Maxcut: 20.0, MedianCut: 12.0
-16.000000053275933
-16.000000174877503
-16.000000352308554
-16.00000067067456
-16.000001272056288
-16.00000243804574
-16.000004735881745
-16.000009609010792
-16.000019148427135
-16.000038586173268
-16.000078581240512
-16.00016165580477
-16.00033584569311
-16.00070431865786
-16.001489486360914
-16.003168067346362
-16.006740437906156
-16.01416831041726
-16.028787427909847
-16.060399452361025
-16.0988352187561
-16.14188196240738
-16.218837436179623
-16.25199311758292
-16.307557316117578
-16.402300410609918
-16.457574284947693
-16.535453236651023
-16.60783400187202
-16.71434789788599
-16.844191158245962
-16.99082889132942
-17.151624426929477
-17.33571791223014
-17.479865351075958
-17.57446265072497
-17.624846721678793
-17.67564192875184
-17.706682273673447
-17.761640374686124
-17.789082385218354
-17.819701642963764
-17.8474089653656
-17.8714458634348
-17.89079121991036
-17.909571761124916
-17.919067061184197
-17.938276036256777
-17.94365958802056
-17.950512174974715
-17.955659846226414
-17.961648279189184
-17.964578010203766
-17.967999303436965
-17.97274966372905
-17.97390012125149
-17.98012107754657
-17.981386954899037
-17.983108692476613
-17.985079078712424
-17.986988393739225
-17.988058375937385
-17.98894507999609
-17.989878082805138
-17.99074299318357
-17.991434357992958
-17.99194107215476
-17.992596549413875
-17.992962978427528
-17.99371308688362
-17.99402389194685
-17.994398493949667
-17.994999957850204
-17.995101535263846
-17.995814784660592
-17.995965592839042
-17.99624215761587
-17.996460826523037
-17.996757407604296
-17.99696077166871
-17.997112045248247
-17.997345919597638
-17.997443166492392
-17.997819588570227
-17.997944356928155
-17.99810953701959
-17.998316399642544
-17.998426359273775
-17.998629867513223
-17.99875327423611
-17.99884261217853
-17.998928796833916
-17.998990131487908
-17.99907798741809
-17.99917477614491
-17.999264657874654
-17.99932545893761
-17.99942441230035
-17.99950368660988
-17.999592754825567
-17.999730831076853
-17.999786998241568
-17.999837495645036
-17.999906504812625
-17.999956202861405
-17.999981627301853
-18.0000525620417
-18.000077741613815
-18.000125505039602
-18.000194338759766
-18.000227628536734
-18.000365809390193
-18.000409069184407
-18.00048048608437
-18.00059743652951
-18.000749085675935
-18.000901123233366
-18.00099463986906
-18.001087451918316
-18.00113381780579
-18.001185104077933
-18.00127329499222
-18.001329633946163
-18.001431957997873
-18.001492107480026
-18.00154837470842
-18.001576758535858
-18.00161701315346
-18.00169052907268
-18.001729927507196
-18.001772879666145
-18.00180877485092
-18.00184006570797
-18.001882527253052
-18.001922860846236
-18.001948365584884
-18.001984655548192
-18.002009480122805
-18.00204974069175
-18.00211239744272
-18.002151880602604
-18.002194495280182
-18.002230573597327
-18.00227682903948
-18.002318857126742
-18.002379151080437
-18.002422060425264
-18.002466815247402
-18.002493708670475
-18.002542159063076
-18.002575289961193
-18.00260709368729
-18.002664476469135
-18.00270338270629
-18.002761756576966
-18.002796776818652
-18.00283042446019
-18.00286610206395
-18.00291624370263
-18.00294958032631
-18.002990372030457
-18.00301137958205
-18.00304316935567
-18.003080538452913
-18.003128988215416
-18.003178164248503
-18.003222510056656
-18.003262477236213
-18.003351127596705
-18.00338460010139
-18.003464210928023
-18.0035097766187
-18.003569014773888
-18.003630015106143
-18.0037021159124
-18.003756976444112
-18.00382432043082
-18.003895254154028
-18.00398031081102
-18.004134370920074
-18.004227220921106
-18.004388310291127
-18.004590857185978
-18.004722407599242
-18.00495714981328
-18.00512405146701
-18.005396727972727
-18.005635385358897
-18.005824616721885
-18.006204409314567
-18.006578586595698
-18.00711372003947
-18.00753954222606
-18.007981016494384
-18.008564397877894
-18.009212585943956
-18.009921835610083
-18.010883741328893
-18.011209846542418
-18.01260697690778
-18.013384256227642
-18.013997071963306
-18.01514638052907
-18.016350076339275
-18.017636088272383
-18.019898574268172
-18.02140925695869
-18.023432952560142
-18.02574588733397
-18.028847052721893
-18.032206237820272
-18.036207634470145
-18.03941745687215
-18.042198013548997
-18.045471115825986
-18.0490091551983
-18.05276854733295
-18.05601786068763
-18.062486044455504
-18.06667733985706
-18.07275507278376
-18.077939102519633
-18.0832784218992
-18.089637963907418
-18.095858189879728
-18.101424168491615
-18.106511563584654
-18.109784719212964
-18.114937420109957
-18.12307023345162
-18.125782329814694
-18.130057422764757
-18.13506879040435
-18.138798454379536
-18.1470289248923
-18.152720450871616
-18.16111946683118
-18.16881618024119
-18.176021298139823
-18.1822259208183
-18.189075214597132
-18.19664021096359
-18.20321877730047
-18.209813354348434
-18.217048706584887
-18.222891436817772
-18.229775224882644
-18.23401081813002
-18.23881533374356
-18.24725179326212
-18.25215045314569
-18.25943466546578
-18.264371908305602
-18.26843188776765
-18.27463357801834
-18.27621917980707
-18.284617388735043
-18.287255636709183
-18.291058182608907
-18.295880025672773
-18.297961072290533
-18.303483622339158
-18.305259164236098
-18.30843988147657
-18.311182141336744
-18.31450491860835
-18.31745474251607
-18.32091741810212
-18.32461422703222
-18.329006079766977
-18.331804004343986
-18.334950377470975
-18.338554892610514
-18.342179530996013
-18.34478653323748
-18.347574629139455
-18.349894495034377
-18.35283350642986
-18.358430708355378
-18.35921906424853
-18.363255041486106
-18.365052654863156
-18.36845400532304
-18.372108825998517
-18.374569186118592
-18.37868984099037
-18.381874763423372
-18.385957616933297
-18.388013659885942
-18.3909690818038
-18.39372826864242
-18.395762344703076
-18.399500038167346
-18.400713477425228
-18.404429754493304
-18.405607109879558
-18.407373310433474
-18.409018766648757
-18.411077227788276
-18.412225880334763
-18.41381019127505
-18.415961463746907
-18.41794063845847
-18.421649831238234
-18.423629558116954
-18.42601884782029
-18.43021409938702
-18.4316629163268
-18.43645648457055
-18.438167574801053
-18.44086353388637
-18.442220633382192
-18.445005461713762
-18.44656401440456
-18.448287577410525
-18.45093242318395
-18.45231736485714
-18.4549793499935
-18.456236411713554
-18.458043074821198
-18.460635301311026
-18.46332529703121
-18.465112748685385
-18.467625379253317
-18.46915731855399
-18.47099787637668
-18.472799601399096
-18.47465987683907
-18.476332707805387
-18.47820714562761
-18.479626023532003
-18.481275439799557
-18.48293432708093
-18.484585023112018
-18.48608299285231
-18.487501735043548
-18.489412697587
-18.490635676524935
-18.4916636179241
-18.49379969781556
-18.494278743113405
-18.4972139066324
-18.498281547327757
-18.499863463801525
-18.501659968749568
-18.503554695444116
-18.50482616942773
-18.50660778745191
-18.507793003331944
-18.509383374702548
-18.5105722953269
-18.511514897152562
-18.513035786861845
-18.51362004897811
-18.51493299361379
-18.515528569776063
-18.5164406378595
-18.51755205953367
-18.51869094067796
-18.519402180618943
-18.520589004802495
-18.521404279341773
-18.522301224139632
-18.523407573572594
-18.524139210799063
-18.525748263805216
-18.527137959549435
-18.528034074745218
-18.529221168936804
-18.53012420863562
-18.531306248853067
-18.532221213028553
-18.533016103074864
-18.53362527591081
-18.534475997287032
-18.534608783458918
-18.535572651941887
-18.53589488360753
-18.536381551404304
-18.53707519568855
-18.538022727985926
-18.539028682533296
-18.539525873304356
-18.540218490823182
-18.540812960363517
-18.541569020293878
-18.542245366066062
-18.54280096859297
-18.543367284723843
-18.54406045026185
-18.54493750287185
-18.546159668447252
-18.54693141688058
-18.547658951778462
-18.54813395370474
-18.548819641438207
-18.5493732975396
-18.550531324753848
-18.55095129571326
-18.551403352432928
-18.552093804203373
-18.55269193464989
-18.55320450732467
-18.553636285897305
-18.554192015646727
-18.554771463176383
-18.55535244206878
-18.555799916870363
-18.556171626980966
-18.556775682044286
-18.55743834727345
-18.557866681020155
-18.558366660273823
-18.55893902535166
-18.55963573298226
-18.560411988646216
-18.560890231075362
-18.561640041369095
-18.562393424530388
-18.563293724273503
-18.56398928026877
-18.564774442387062
-18.56560288165976
-18.56633924301563
-18.56703331275534
-18.56783517362706
-18.568875823799033
-18.569635473557664
-18.570689853075766
-18.57134608574737
-18.57212177653809
-18.57259110361806
-18.57378472625366
-18.574337391050328
-18.574932465551267
-18.575769823976763
-18.57636246655741
-18.57720727657319
-18.577798870752343
-18.578566604565783
-18.579347916673203
-18.58011928974302
-18.581297228886303
-18.58213492979993
-18.582811378345614
-18.583852911393095
-18.58455368546512
-18.585455653403482
-18.586623867662286
-18.587339270273997
-18.588297357358975
-18.59028415905533
-18.591466764074507
-18.592734867673222
-18.593903290571888
-18.594831495290407
-18.59655711763385
-18.596977603109906
-18.598789507915725
-18.599768731976052
-18.60085175959242
-18.602563096413974
-18.603907652114422
-18.60606381854757
-18.607817338745715
-18.609908436993017
-18.611591062805466
-18.6134071572227
-18.615225377134433
-18.616781926241295
-18.619344730619037
-18.62209857658684
-18.624499157854828
-18.62748702229858
-18.629228879312883
-18.631473728311985
-18.633829677119504
-18.636213287858897
-18.640487296147263
-18.64512989432597
-18.648940668423425
-18.65286653672844
-18.656858085216218
-18.661699808632207
-18.66674489641
-18.670767562710274
-18.67447903330172
-18.68117861136294
-18.6833249883754
-18.68833871745003
-18.691793534635927
-18.69562339979728
-18.700316018535762
-18.705338030395023
-18.709313399828844
-18.715460223118544
-18.720425091820886
-18.726160167314866
-18.730888913090567
-18.73454001800308
