500 iters for seed 13 on 3R0.3 which is in the 94.69070434570312 percentile
 Maxcut: 21.0, MedianCut: 12.0
-15.999999875505729
-15.999999918385658
-16.00000011856252
-16.000000732317282
-16.00000197430385
-16.00000500357034
-16.000012418033453
-16.00003053411205
-16.01491870125326
-16.01493796809037
-16.017509134911993
-16.02016226047247
-16.022907636220662
-16.02575353403294
-16.028706648548518
-16.0317743203823
-16.034965141369362
-16.043502566630206
-16.04720351513661
-16.05108744925116
-16.05517558908681
-16.05949053592621
-16.064060965638276
-16.068919744400223
-16.074098198091963
-16.079652531329142
-16.085645543617897
-16.092136569309517
-16.099786056318692
-16.107569814852983
-16.116164173594285
-16.12569084764254
-16.137398129430878
-16.149356708246227
-16.162782400789904
-16.177888177032436
-16.194943591055292
-16.220630436485518
-16.24286171094934
-16.279888272454613
-16.30843117826795
-16.339208427592464
-16.519935479242054
-16.556748905004252
-16.578330120778563
-16.62306360079811
-16.688331887131735
-16.79367305364319
-16.863716426140886
-16.96587483994958
-17.037195905944102
-17.083728732975185
-17.161265837148704
-17.21497569985797
-17.26430163177264
-17.37162846884438
-17.436539738235385
-17.58385048640275
-17.685241245488005
-17.86215159883212
-18.02184403569504
-18.21139167936739
-18.415811313176174
-18.598611045917558
-18.760737865435686
-18.89976545778967
-19.035847360921178
-19.150485178929358
-19.275026807131837
-19.35659865638636
-19.42020699623358
-19.499564313018297
-19.569812643897798
-19.631840307641625
-19.674782095549695
-19.695383281310733
-19.74979909037289
-19.764575687290122
-19.796066799339787
-19.814541008578264
-19.83236040679519
-19.861949196821364
-19.87664260967134
-19.898423932346727
-19.915728945745045
-19.9300547528881
-19.940849206821813
-19.949324068805343
-19.957561495290093
-19.96467554111949
-19.970775655366964
-19.974827658478556
-19.97667918244402
-19.978996131811353
-19.9812828346351
-19.983519059228524
-19.985132146307084
-19.986494505025973
-19.987860245823512
-19.99009110143455
-19.990481600788634
-19.991964161163974
-19.992491229975993
-19.993220157324483
-19.993390129603455
-19.994430082970855
-19.994788302112667
-19.995122181498044
-19.995553992358186
-19.99592793424737
-19.996503392094763
-19.996811609420778
-19.997092513227695
-19.997352776785892
-19.997656800966134
-19.997893200882032
-19.998087061849798
-19.99827271060855
-19.998466166965976
-19.998595567743187
-19.99870381197796
-19.99880975752521
-19.998896338683387
-19.999012381239243
-19.99913196601137
-19.999199246332907
-19.999285155911515
-19.999378407748985
-19.999437916708324
-19.99950054665676
-19.999529847445075
-19.99956710622425
-19.999590786819116
-19.99965410991215
-19.999689557072436
-19.999714474053285
-19.999747760975474
-19.999766891407035
-19.999799872932353
-19.999822253058554
-19.999847348445492
-19.999870840897824
-19.999890096591646
-19.999900911967735
-19.999916259964174
-19.999924763949153
-19.999933938029713
-19.999943804446637
-19.999948727056026
-19.999952537064548
-19.999963303494077
-19.999966572691353
-19.999969913880513
-19.999976440405675
-19.999978998781383
-19.999981208349766
-19.999984813404183
-19.999986527334837
-19.99998869316601
-19.999990028493873
-19.999991260152385
-19.999992323360456
-19.999993364387052
-19.999994131842577
-19.999994667916926
-19.99999520370282
-19.999995657172168
-19.999995882643503
-19.999996615888502
-19.999996790741747
-19.999997123321098
-19.999997314945908
-19.999997631764725
-19.99999780464622
-19.99999794985891
-19.999998205231694
-19.999998331837023
-19.999998520693513
-19.99999865524878
-19.999998785981962
-19.999998902519124
-19.999998977254304
-19.999999096528768
-19.99999916410647
-19.999999269966594
-19.999999347586602
-19.999999400631122
-19.99999949030066
-19.999999570357954
-19.999999606792517
