500 iters for seed 137 on 3R0.3 which is in the 78.65982055664062 percentile
 Maxcut: 21.0, MedianCut: 12.0
-14.000664431441125
-14.122211919684593
-14.124804403815808
-14.191921163006517
-14.45372877926736
-14.578690155859272
-14.687727485745944
-14.931207798509611
-15.00603707654267
-15.295083217088479
-15.633430529933841
-15.85585610545272
-16.118166209963697
-16.389561025213617
-16.55057825408524
-16.73941106943074
-16.90940473190431
-17.01876468193607
-17.09471117195217
-17.193755202954023
-17.29308552841408
-17.405025447013344
-17.48536157900302
-17.549294456959114
-17.595791426797675
-17.649775989130028
-17.698497257840764
-17.718879394790452
-17.769646225111842
-17.77356206826449
-17.799095699329612
-17.81116134702267
-17.827859040722707
-17.848175496948183
-17.8619076378101
-17.88486019260972
-17.900299290310993
-17.917784749610995
-17.925650621011755
-17.936950375995853
-17.94430273750113
-17.951760497081573
-17.963798209824485
-17.96784648152269
-17.97379177128286
-17.977779480193277
-17.982106477301294
-17.98467392143488
-17.9872679774292
-17.989283282836865
-17.990922258161454
-17.991362166095985
-17.994795687069963
-17.995460514521238
-17.996449299231813
-17.997668855660596
-17.998628337328554
-17.999972878073294
-18.00059183997173
-18.001303247951796
-18.001826762647013
-18.00249448636975
-18.002990350413715
-18.0034268749305
-18.00375395860499
-18.00414540490385
-18.004453454317133
-18.00467973898362
-18.004954711205084
-18.00531159464779
-18.005521963634287
-18.00573641279978
-18.006091350712506
-18.006311071273558
-18.00654796692843
-18.006706197329486
-18.00690042700644
-18.007340218615855
-18.00756626976676
-18.00792542250276
-18.008179410353815
-18.008418045736523
-18.008636648051432
-18.00884030148172
-18.009154527022766
-18.009363101166244
-18.00966669357376
-18.010006501875193
-18.01023075197624
-18.01062168717463
-18.010859158666108
-18.011383117509297
-18.011692301057792
-18.0119984692215
-18.012532437483426
-18.01303928226885
-18.01343055029478
-18.01402744745354
-18.014437580225053
-18.01492696357218
-18.01593916289059
-18.016525931910213
-18.017257007988654
-18.017849391064217
-18.01846863851779
-18.01907188185917
-18.019795609528366
-18.020110594918634
-18.020566217738423
-18.02083556090762
-18.02117628839077
-18.021505886689138
-18.021894002466308
-18.022107690350623
-18.022384704424567
-18.02270109126726
-18.023061834172157
-18.023341495271765
-18.023637959594353
-18.023873770411143
-18.024123824242984
-18.024524224717567
-18.024783388690636
-18.02491954908484
-18.02518634007346
-18.025418247454727
-18.025714695895466
-18.026165862001132
-18.026452511971648
-18.02667694523569
-18.027229745917193
-18.027649140675376
-18.028259222548122
-18.028752334687315
-18.029429175494084
-18.02998079061769
-18.030537979663148
-18.031001655206907
-18.031621164868717
-18.032321568553055
-18.03321414024764
-18.033925577884006
-18.034647658581846
-18.035572339663176
-18.036587789431028
-18.037452204594942
-18.03858449254074
-18.03964649933745
-18.040765600980812
-18.041831250058554
-18.042945169312013
-18.04390897234864
-18.044855430136185
-18.045799887966844
-18.04665629668555
-18.04728303000631
-18.049397844065595
-18.05054371381766
-18.052022947034867
-18.053362468481836
-18.054542703008035
-18.055648157991875
-18.057172458167898
-18.0584634232244
-18.059668669488083
-18.06040907553039
-18.061309301749265
-18.06228896842447
-18.063074894069423
-18.064031603048235
-18.06488678088004
-18.06590275511715
-18.067063047499236
-18.068375545277902
-18.069810410800745
-18.071325529114365
-18.07276686687824
-18.074420473532136
-18.076232463502727
-18.077761241978667
-18.079245733531884
-18.08098381615552
-18.082154754168695
-18.083116933197438
-18.084422216352465
-18.085285814392186
-18.086365448641196
-18.08798341172407
-18.089111435108396
-18.090323671594277
-18.091830947049413
-18.09282802966495
-18.093868560270806
-18.095069925214602
-18.09619560943243
-18.097753882605033
-18.099438915080388
-18.100895889231055
-18.102888751640343
-18.1048498928828
-18.106781219288756
-18.108417772486323
-18.10966668439935
-18.111243473687935
-18.113245576080356
-18.11479906319686
-18.116171620869814
-18.117913611357242
-18.119259194426977
-18.120738928511948
-18.1224635462715
-18.12365822897536
-18.124776173457906
-18.12647752617611
-18.127438340297143
-18.12826958551464
-18.13030522185255
-18.130942972485364
-18.1319242316892
-18.1326477136658
-18.13354766807883
-18.134799375728736
-18.136315726943664
-18.13743365768972
-18.138888799888857
-18.139809091242714
-18.1407034413458
-18.142744914957717
-18.14386732144322
-18.145943994739138
-18.146739951921045
-18.14861250854726
-18.149772793377384
-18.150947041297005
-18.15294391846173
-18.15365904859462
-18.156021592358066
-18.15687769664689
-18.15825428614622
-18.160418837775772
-18.161718526802453
-18.16353882066902
-18.164775295716517
-18.166201714018136
-18.167650977632515
-18.169198381177765
-18.171077041890374
-18.17252339902305
-18.17364791697054
-18.17609340267226
-18.176846646672537
-18.178820159420695
-18.180220493733533
-18.18158457566285
-18.183785079600657
-18.18503069013342
-18.187290604055388
-18.18910541088569
-18.191021051562068
-18.192826178625204
-18.1946326966438
-18.196769055985854
-18.198490422989863
-18.19987294208655
-18.201928414389975
-18.203386692917913
-18.205353159607
-18.206650767037104
-18.20832529995252
-18.208924041123623
-18.21036384126978
-18.212052241451698
-18.212929869295202
-18.214923355892267
-18.215645943987028
-18.216815542721292
-18.21797229472237
-18.219271447798317
-18.220004727840003
-18.220808884214836
-18.221497819162234
-18.22221287789595
-18.223493436287423
-18.22431971187973
-18.22586621882178
-18.22713893746428
-18.227946420765942
-18.229424497765866
-18.230692769495736
-18.232225842505667
-18.23357289569752
-18.23463622515951
-18.235501340608636
-18.23645494911685
-18.237342157938883
-18.23840942724594
-18.239372126537475
-18.24026185186374
-18.241042847648366
-18.241793512143943
-18.24262891041282
-18.24325735241659
-18.24414855294892
-18.245028166513357
-18.246045351496686
-18.24656242495602
-18.24727813927032
-18.24795693861733
-18.248679014931657
-18.2492907444518
-18.24972418680078
-18.250276524753694
-18.250820223907482
-18.25142163911509
-18.251880807535755
-18.252415731143635
-18.25272574804194
-18.253490630239668
-18.25386185092896
-18.25429136595039
-18.25500844854886
-18.255422188250154
-18.256124953172726
-18.256596741217983
-18.25722363261245
-18.25783475668041
-18.258574405833592
-18.259331180881883
-18.260091874200388
-18.260593499835252
-18.261393807798864
-18.26179666446279
-18.262430095733702
-18.262936312432025
-18.263363652887254
-18.264222974179727
-18.264674962331927
-18.265461321358863
-18.265990600104146
-18.266519257503916
-18.267084598188866
-18.26783448249038
-18.268698808176257
-18.269289066595643
-18.270058165941084
-18.270698097916934
-18.271720320784343
-18.272442411727503
-18.273088328337884
-18.274241409729523
-18.27495625426484
-18.275686873663933
-18.276242809985614
-18.276987612098626
-18.27789860132655
-18.27872166406311
-18.279315093977743
-18.279969025807027
-18.281137395885846
-18.282205749261596
-18.282985100009395
-18.283899900697943
-18.284671866148674
-18.285541743816335
-18.28619381639268
-18.286799435380022
-18.28758869947801
-18.288111281346875
-18.28899475181025
-18.289405767537726
-18.289928328328187
-18.290212413366437
-18.290960794924754
-18.291309899442897
-18.29176707974681
-18.292500013029475
-18.292967643633745
-18.293704465661506
-18.294412084084048
-18.295238578669377
-18.295897966640336
-18.296767222432752
-18.297421540294405
-18.29813997388345
-18.299115814382677
-18.30028066548711
-18.301284399994444
-18.302401240610017
-18.30319669055264
-18.30391052994269
-18.304814308629275
-18.30521236597864
-18.305923293345916
-18.306702747980914
-18.307620824264948
-18.30815755360679
-18.309048893698485
-18.30952734473464
-18.31043838106162
-18.311202629946635
-18.31183105380706
-18.313116356957632
-18.313976460168643
-18.315202490044758
-18.316092263533356
-18.317113456211654
-18.317447951573204
-18.31855350822082
-18.319052716840297
-18.31957079805985
-18.320297992940368
-18.320941498948365
-18.321916142093595
-18.322572562843664
-18.32327580517267
-18.324068352301023
-18.3249498894987
-18.32586378575367
-18.326718789705808
-18.327195569812087
-18.327802368502343
-18.32859625636923
-18.32921638788908
-18.3299098581801
-18.33096637124965
-18.331524115363525
-18.33245721275862
-18.33368195756238
-18.333890172235144
-18.336067010014517
-18.336639677890325
-18.33765429623414
-18.339202140476242
-18.33972067506099
-18.342511327078736
-18.343341943141873
-18.344300969503806
-18.345343136054318
-18.346698337497788
-18.34846988469572
-18.349548945926028
-18.350945355984955
-18.352207808102964
-18.353640311273804
-18.355242391363372
-18.356992117038608
-18.35837532488532
-18.360297648572363
-18.362336965366055
-18.36470662837973
-18.366804041862217
-18.368191343911242
-18.37133677327891
-18.372937243437903
-18.375974404479248
-18.37877484787097
-18.38144264934508
-18.38436453747169
-18.388171334369108
-18.390986066376332
-18.393377685338724
-18.396634180363694
-18.40095522817511
-18.403826609562955
-18.40773279563932
-18.409999720991905
-18.413561507594576
-18.415201140819825
-18.417422773299187
-18.419763474962114
-18.422822471741746
-18.424493253289594
-18.426921527807032
-18.430527995564752
-18.43256609690611
-18.43518217495367
-18.43720059531069
-18.439519484661506
-18.44125259065017
-18.44298771598342
-18.444595813458967
-18.44588271783322
-18.44648497447891
-18.44958763126362
-18.45054953961266
-18.451871133282715
-18.45380687678245
-18.454692747134036
-18.458181507550176
-18.45926081320947
-18.460937077691604
-18.463090200259064
-18.464766255044495
-18.466467618642998
-18.46799778500822
-18.469123163441086
-18.470380593309798
-18.471875455276617
-18.47328054181984
-18.474958990542728
