500 iters for seed 8 on 3R0.3 which is in the 78.83377075195312 percentile
 Maxcut: 20.0, MedianCut: 12.0
-14.000000086973968
-14.000000298290587
-14.000000671407717
-14.000001401911167
-14.000002875923085
-14.000005887952598
-14.000012084344181
-14.000024873356425
-14.000051301201953
-14.00010597356579
-14.000218987252532
-14.000452141423327
-14.000931412650166
-14.001909894025024
-14.003883154038427
-14.010914511057356
-14.020889201340237
-14.1025804141352
-14.146708296576385
-14.421776964982726
-14.584571363558341
-14.788108879155148
-14.984902533359364
-15.196655649016414
-15.525137800076628
-15.76490603565095
-16.04446811080216
-16.319205373655564
-16.49666162066297
-16.633990019684813
-16.744981645044035
-16.867193788602364
-16.998732392689956
-17.076165232463897
-17.203547631024747
-17.27224138262527
-17.34779959747851
-17.43207015546445
-17.528464980421123
-17.591924783694875
-17.662775726724174
-17.69811937927787
-17.766482983309956
-17.781761388752546
-17.81359070177037
-17.838166586351022
-17.861534885204904
-17.87576993057027
-17.88641678566182
-17.90054046805198
-17.90939323612675
-17.920947319830052
-17.92857367779924
-17.93710964632598
-17.948206846452386
-17.959461181563046
-17.964960126378898
-17.971436255881393
-17.975296480444754
-17.978713373113383
-17.982680254094145
-17.98487163423634
-17.9879986295577
-17.990569292820236
-17.992624110833514
-17.993461147082193
-17.994384627396695
-17.995070470740345
-17.995826918841686
-17.99643926531124
-17.99680367992825
-17.997441242999827
-17.9980355675995
-17.9983250010868
-17.99872295388885
-17.998940455711725
-17.999193348192932
-17.999337233102928
-17.999410492548446
-17.99957862401533
-17.99965462565252
-17.99976487254667
-17.999837576221353
-17.999883881524138
-17.999934811957477
-17.99996686079895
-18.00000711312837
-18.00004110427317
-18.000079671091108
-18.00011918010397
-18.000156736278644
-18.000191124556668
-18.000228562390237
-18.00027194421274
-18.000312800381618
-18.000365751703793
-18.00044836537559
-18.000534373069925
-18.00060182077463
-18.0008086621675
-18.000962941665595
-18.001145844566576
-18.00187962279225
-18.002306140043245
-18.00300157521414
-18.004058773793943
-18.004979592115614
-18.00602588605145
-18.007824110277088
-18.00918401153907
-18.01100328479512
-18.012559220758234
-18.01415271986733
-18.015290519791094
-18.016596875455743
-18.018452624379552
-18.020132647398835
-18.0216124489524
-18.023284855733422
-18.024789525951395
-18.026595994210847
-18.028206308907357
-18.029630175166588
-18.03120866044605
-18.033350483233193
-18.035093177436902
-18.03645783732418
-18.03881240132344
-18.040159328366215
-18.04171308381891
-18.04364963314222
-18.044966025999752
-18.04670146889589
-18.048879912477627
-18.049725413311847
-18.05106816112635
-18.051830710529146
-18.052796791160738
-18.053557982322033
-18.054136172776143
-18.05518086425863
-18.055597892453054
-18.05640810299419
-18.056836761553424
-18.057490293456148
-18.058358214927008
-18.05924630986861
-18.05983965633338
-18.06057720208528
-18.061274046887945
-18.062163978346906
-18.06281988311505
-18.063489281667398
-18.064065361671172
-18.06503102424678
-18.066374477700105
-18.067362109202875
-18.0689848428234
-18.07042824193608
-18.072056265781466
-18.074002632977198
-18.076581924363456
-18.078457244097578
-18.08028929989201
-18.082325265734678
-18.084455767107045
-18.087065098034515
-18.08921974703292
-18.090689715738417
-18.092843741321786
-18.094934306977724
-18.09748846820386
-18.100266945232903
-18.102436379710873
-18.10484224534903
-18.109414520078566
-18.11366180354246
-18.118385003759073
-18.12337634393185
-18.127751440065097
-18.132222236815952
-18.137331756981204
-18.143079727706713
-18.149221843610018
-18.153588082793284
-18.15827482041147
-18.16185442505874
-18.16678356729996
-18.172981396511815
-18.178352686765997
-18.184836527554012
-18.191539009346737
-18.197075880458414
-18.20169180832669
-18.20758178303847
-18.212170926047943
-18.217120530031895
-18.220771327729707
-18.22487818065114
-18.23215723909591
-18.238366963565
-18.243245563080965
-18.250915106402644
-18.256209419045234
-18.262255804877388
-18.273951994629417
-18.278842997035714
-18.28514084437376
-18.292763658436773
-18.299252336908243
-18.303080677312348
-18.316056240511323
-18.322319806421607
-18.3305058720862
-18.34039488779615
-18.34395490950245
-18.35180470615511
-18.35742858419343
-18.364051956205156
-18.368711533647872
-18.378131902679794
-18.38312940650149
-18.388369075484075
-18.396523755907015
-18.402036504959938
-18.408940635212765
-18.41551940304263
-18.423830955276987
-18.43267299809843
-18.443894975347376
-18.451945599412273
-18.45999678823321
-18.466979899501318
-18.475430801940078
-18.481901033743778
-18.486937753161115
-18.493421101879562
-18.500021136175874
-18.503734579067572
-18.50911113824022
-18.51506076318387
-18.521743104945887
-18.52784725956562
-18.53251935052378
-18.54151316561569
-18.54828644846175
-18.556218041282033
-18.56299776528568
-18.56993764091885
-18.58041077178517
-18.584461889967514
-18.59508578161978
-18.600210150372355
-18.606505869291937
-18.609103602532286
-18.62004216358575
-18.625994410164626
-18.63226907844302
-18.640878700700583
-18.646653247596547
-18.660747476420408
-18.667680062428772
-18.676693104172838
-18.68644014714633
-18.695309909391774
-18.701393963723472
-18.70777098847138
-18.71284460581148
-18.71949741217741
-18.724369252347056
-18.729024721756797
-18.7349217384052
-18.740909051527492
-18.746494454646538
-18.75343432685129
-18.759631613966253
-18.765799763956636
-18.77079036100275
-18.777234681887638
-18.78254604417181
-18.78889154886777
-18.793677917101526
-18.798927385208234
-18.805306254760268
-18.81206748643577
-18.817857228103904
-18.82320512567507
-18.829768097132717
-18.83692196546973
-18.84159682874173
-18.848115830735544
-18.85371521952847
-18.859482747425965
-18.86291009145398
-18.86560031995158
-18.86909032639569
-18.87201145553222
-18.876203117758706
-18.87882819431136
-18.881703990432406
-18.8869398158025
-18.890542565677077
-18.894589578507468
-18.897563638132453
-18.901365140589675
-18.90426912725368
-18.908299463582985
-18.911244457495894
-18.913218245544765
-18.91508354088187
-18.91658236261318
-18.919840983112287
-18.92163086386669
-18.923882018529543
-18.926790180469627
-18.92999258052032
-18.932614525587347
-18.934582115300483
-18.93716737779195
-18.939242603295753
-18.941918589900677
-18.943881959234943
-18.945749369042236
-18.947364038227928
-18.9509357391599
-18.952890542881693
-18.954567237121243
-18.956086709092734
-18.95773227975839
-18.959997525802127
-18.96241858334634
-18.963930363343884
-18.965348767597295
-18.966523532786617
-18.96775434664853
-18.969561400506876
-18.970894617752815
-18.971836932351746
-18.973904030657806
-18.975164255008476
-18.976673729898867
-18.97789549002557
-18.978957014775926
-18.980494207030205
-18.980961898089365
-18.981943677968165
-18.982443813879776
-18.983102592681078
-18.983683695807375
-18.984605895911113
-18.985394528323233
-18.986113356789122
-18.98743438581047
-18.98788596584964
-18.98907995895821
-18.989458561957893
-18.990152138654338
-18.9905223088383
-18.99133840863707
-18.99180641754985
-18.992328655112036
-18.99322055945804
-18.994065195605884
-18.994714974850638
-18.995271646472492
-18.99576903205832
-18.99685433608121
-18.9980752787956
-18.998649582629124
-18.999609475133855
-19.00026171553052
-19.001163089616192
-19.002182588916938
-19.002712434572004
-19.00353653600221
-19.00423819736895
-19.00480407477297
-19.005350899200074
-19.0061292868236
-19.00694596402561
-19.007638206995928
-19.00819712842169
-19.00889145908295
-19.009748825843445
-19.010858806365047
-19.01148527842508
-19.01222304474916
-19.01257152789415
-19.013606410918403
-19.014214809311515
-19.01483751694611
-19.01568162592109
-19.01680771116496
-19.01775571838001
-19.019000681232036
-19.02020417322058
-19.021663265044154
-19.02341820134143
-19.025393210929646
-19.027190212679965
-19.0288922072239
-19.031015771164576
-19.03258567570178
-19.034723500682038
-19.03626949533556
-19.037788552466452
-19.03943407998812
-19.04174700988783
-19.04407300614445
-19.04691629868351
-19.048884020854686
-19.051253849182107
-19.05337690518536
-19.056344151781477
-19.05937530414644
-19.061481382044683
-19.064404638926007
-19.067640519082786
-19.07125778852422
-19.072873323234987
-19.076736829906697
-19.07828683733761
-19.08094128895035
-19.083746509431776
-19.086663916505817
-19.08977333413295
-19.092917980040696
-19.09602822916051
-19.09972948116637
-19.102323065354064
-19.10531996688457
-19.108874208902286
-19.113044406334648
-19.11603138255858
-19.11828891426121
-19.12135737850782
-19.12459248262422
-19.12780248125734
-19.132510212182535
-19.13493731235333
-19.137659496931054
-19.140353403598805
-19.143157138822925
-19.14736033471613
-19.15119185190293
-19.152975179792094
-19.15544950823992
-19.1576370167939
-19.160756126024577
-19.163474155156944
-19.166574946665015
-19.16801139642346
-19.171493146758905
-19.173111940653428
-19.17621098083398
-19.178273836965015
-19.17984177719456
-19.182707795366206
-19.184305835270617
-19.186622057495896
-19.188145939622128
-19.18976152396952
-19.19135402495006
-19.192928281190515
-19.194516470520806
-19.19586416360108
-19.197236277758083
-19.199156170990577
-19.199875801008986
-19.200967910160774
-19.201953856766277
-19.202652463800003
-19.204329738237412
-19.204675226347483
-19.207675995241864
-19.208688885813924
-19.20983494113117
-19.21171579674592
-19.212778875456667
-19.21468007440884
-19.21638255887719
-19.2177664300637
-19.218807584035073
-19.219852596930586
-19.2207332303684
-19.22149086976654
-19.222196183900987
-19.222912921222672
-19.223762139795966
-19.224568482389465
-19.22543877503219
-19.226252501590274
-19.227077184508524
-19.227727375472483
-19.228263780105436
-19.22934463867502
-19.229973848382393
-19.2306714612164
-19.23135639546835
-19.23191234767134
