500 iters for seed 52 on 3R0.3 which is in the 79.26559448242188 percentile
 Maxcut: 22.0, MedianCut: 12.0
-14.001104021227318
-14.226535620847676
-14.228231325045423
-14.320550351760053
-14.887392127580174
-15.104832702340337
-15.316822210640884
-15.69415628728746
-16.033174647599488
-16.27663778940043
-16.501201479309504
-16.783020693129924
-16.958610668925797
-17.114015923327578
-17.224945454794316
-17.376219286862817
-17.514544766192596
-17.604957472390737
-17.658030037630844
-17.73004985886531
-17.759428533063964
-17.803576649715946
-17.831147718469563
-17.84936905506097
-17.88712299064962
-17.902111063398895
-17.91845811716982
-17.934452283318087
-17.94821728403257
-17.959759296644556
-17.96722066729001
-17.974263726721706
-17.979799777803958
-17.984530636146644
-17.98785493889984
-17.990067306064816
-17.99212008887026
-17.993805465047313
-17.994603752507924
-17.995613985051957
-17.996908410660314
-17.99779694532773
-17.99822477485201
-17.998645306303672
-17.999064810539284
-17.999536563383973
-17.999865126612416
-18.00015118736725
-18.000444997997494
-18.000618739050445
-18.000847547545437
-18.00092095033717
-18.00103323312355
-18.001102624832104
-18.001205040611318
-18.001275073513952
-18.001333452334453
-18.001445877203786
-18.001488816333232
-18.001553370184027
-18.001610800231855
-18.001690578804748
-18.001744025070703
-18.001821909125105
-18.001895356029607
-18.001962460509336
-18.001983160131203
-18.002108663938394
-18.002151646788217
-18.002205690052858
-18.002282905045437
-18.00240506655322
-18.00262165440994
-18.00286380337427
-18.00317273353424
-18.003696945739602
-18.004662448704615
-18.00587416200185
-18.008381627439494
-18.010490311268924
-18.010936365488547
-18.014023073316192
-18.01556751669403
-18.017813091606822
-18.020338911855994
-18.022967574044053
-18.024101242346163
-18.029734780028225
-18.033203922549355
-18.03872610125084
-18.044121629906588
-18.048155223623283
-18.056481843215213
-18.061163540639182
-18.06761712165813
-18.075549197300976
-18.087012353874513
-18.09783877291577
-18.110206152078963
-18.12595958919533
-18.14813980866477
-18.174742168022462
-18.206487289898234
-18.249982412585553
-18.279431397242465
-18.320851034908358
-18.378760603802085
-18.410247484828048
-18.46558627547771
-18.53071027403478
-18.575239150782686
-18.620813448619252
-18.649116216186034
-18.681691308777552
-18.747677181263875
-18.770546943734196
-18.812046538136762
-18.826060557744807
-18.84887926651085
-18.870667287104364
-18.89156050746555
-18.903576984923074
-18.91585301701276
-18.9265483815181
-18.937961276029103
-18.945701398724026
-18.953948688696258
-18.95914982914161
-18.964035857259883
-18.967805248483415
-18.970733209014224
-18.97621720299351
-18.978316210377702
-18.98055020845126
-18.982591170256146
-18.984181168181017
-18.985574823334396
-18.986694559408285
-18.987556901277152
-18.98851220768425
-18.989283741728613
-18.99009751118056
-18.990845590286895
-18.99158053376998
-18.992305100840813
-18.992670453163306
-18.99336218740572
-18.99379004204125
-18.994192400514432
-18.9946158427594
-18.994924139334742
-18.995099803806202
-18.995581374942745
-18.99573668170575
-18.996009552197854
-18.99637209700059
-18.99656971622723
-18.996882851825706
-18.997074041368716
-18.99738104464985
-18.997618134103217
-18.99785344134064
-18.997977338108324
-18.99812578577142
-18.998259820410166
-18.998422030296844
-18.998611775030803
-18.998740856609754
-18.99887674991693
-18.999062766881366
-18.999130147588144
-18.999219484407725
-18.999291424083484
-18.999358274465834
-18.999453487603695
-18.99949467474138
-18.999557206758574
-18.99961151748377
-18.999667642962944
-18.99971588724637
-18.99974836114372
-18.999773700507678
-18.999788975757234
-18.99980503612318
-18.999817989606218
-18.999830464415226
-18.999855944581512
-18.999870312127964
-18.99988334791218
-18.999893130988582
-18.999905435295688
-18.999915116127532
-18.999924927725203
-18.999932355991763
-18.999938936878575
-18.9999446119583
-18.999953250374034
-18.999957379168784
-18.999961072650255
-18.9999667068791
-18.99996788802794
-18.999972559423913
-18.99997364390307
-18.99997569781955
-18.999978878209085
-18.999979299256413
-18.99998363869608
-18.99998467304545
-18.999986160955167
-18.999987849753083
-18.99998877932911
-18.999990211248893
-18.999991110673733
-18.999992259977926
-18.999992388981315
-18.999993492122176
-18.99999385283095
-18.999994360969765
-18.999994946888034
-18.999995330427613
-18.999996374614653
-18.999996629177815
-18.999996942088185
-18.99999726460907
-18.99999763388902
-18.99999787152916
-18.999998076645795
-18.9999982173292
-18.99999840883426
-18.999998573040422
-18.999998707638778
-18.999998731012226
