500 iters for seed 10 on 3R0.3 which is in the 79.36172485351562 percentile
 Maxcut: 22.0, MedianCut: 12.0
-14.000000013960076
-14.000000109928065
-14.00000258459165
-14.000083258280707
-14.000084754042037
-14.00018722198564
-14.00019293392759
-14.000429002341535
-14.00048334308296
-14.00068846317468
-14.001014453967258
-14.010739484527056
-14.041737853062616
-14.04618435173351
-14.089033779404648
-14.170071576647604
-14.357919574057707
-14.707218535175711
-14.807834124102202
-15.21750268922761
-15.41296320322401
-15.628367893397698
-15.935063377881272
-16.278775078589614
-16.745194379963547
-16.98426408610409
-17.383703448810486
-17.8501064833497
-18.243451491856717
-18.60043116782481
-18.973589148800034
-19.17862870022123
-19.553716371551555
-19.87603742852507
-20.149554499698944
-20.353918356252006
-20.525359988187773
-20.631331997364548
-20.785513656374878
-20.927288902034192
-21.059777518711627
-21.17887978091823
-21.28322983672517
-21.36798687820319
-21.456583070163777
-21.56015212149714
-21.63112177181443
-21.68048143746075
-21.719831605104048
-21.75896850952183
-21.785791708216657
-21.818964710736836
-21.839387946003523
-21.861609521377016
-21.89650371609045
-21.90949743388484
-21.92552937805299
-21.9366494611313
-21.94540969126906
-21.953070656388313
-21.958836675850847
-21.963318897824585
-21.968787257666108
-21.97305823235822
-21.976891349115476
-21.980048806563932
-21.983230290647743
-21.985312627059354
-21.988125600115175
-21.989571946244162
-21.991086439778314
-21.992658871393438
-21.993735754435043
-21.99482943576368
-21.995751790844356
-21.99626833495244
-21.996757729407133
-21.997277782649295
-21.99767298594713
-21.998067009286498
-21.998318600158473
-21.998503007983672
-21.998762895306825
-21.998920933531082
-21.99908621381202
-21.999273506721384
-21.999393195386236
-21.999502121713988
-21.99958045875197
-21.999651057210574
-21.99968513259452
-21.999735977852044
-21.999762715278425
-21.999794837718195
-21.999838934564725
-21.999852083640583
-21.999872740289355
-21.999885163123373
-21.999903857978858
-21.999920688872592
-21.999932875382978
-21.99993935910525
-21.999944917202168
-21.99995050200211
-21.99995707179204
-21.999963177198513
-21.999966885323055
-21.999971984588594
-21.999976689172666
-21.999980400059126
-21.999982563040273
-21.999984539954283
-21.999986683647045
-21.99998961909623
-21.99999048196503
-21.9999917969247
-21.99999237320096
-21.999993548018374
-21.999994399959785
-21.999995064712774
-21.99999574483984
-21.999996556267043
-21.999996910984567
-21.999997262155848
-21.9999976862821
-21.999997810824365
-21.999998179623685
-21.99999829179131
-21.99999849969428
-21.999998689592307
-21.999998909703656
-21.999999045154002
-21.999999165211626
-21.999999242875298
-21.999999368017875
-21.999999419923643
-21.999999495053462
-21.999999579507435
-21.999999606104183
