500 iters for seed 27 on 3R0.3 which is in the 49.365997314453125 percentile
 Maxcut: 21.0, MedianCut: 12.0
-12.004286647788133
-13.289942657326502
-13.29553838447709
-13.453503433640117
-13.804876552397712
-14.007151267379285
-14.189103354829221
-14.359136955766326
-14.59208757671376
-14.859899917417993
-15.12078571947345
-15.37388089036412
-15.67905486048525
-15.96078233484546
-16.13229629325246
-16.437196671850895
-16.568483353530617
-16.71035017272193
-16.84187616017698
-16.984108873613703
-17.146597833250556
-17.236327328492592
-17.31688721757446
-17.382028633520182
-17.435023315881743
-17.52486672785975
-17.59528032893928
-17.68325829936307
-17.73474313389808
-17.79128198991212
-17.82527036008844
-17.85803493763067
-17.870194342600946
-17.891629136533
-17.901111925200585
-17.915937351406654
-17.936246681082807
-17.945464045947137
-17.958141117054897
-17.963835728368135
-17.970636879312597
-17.972247691072855
-17.978734989427274
-17.981080527562675
-17.983309891107886
-17.98634789540033
-17.98803195522107
-17.990517517372258
-17.99213759909241
-17.993735009788317
-17.994826068868665
-17.995623101281605
-17.996458659708217
-17.99695100659426
-17.99730106620045
-17.99789703465558
-17.99824834502181
-17.99871167390974
-17.999131800936947
-17.9995260556297
-17.999733878511588
-17.999992988363235
-18.000025187696874
-18.00028943005901
-18.000382534964054
-18.00050336272622
-18.000658186724532
-18.000748016443396
-18.00088426110304
-18.000968358313315
-18.001081440371916
-18.00111883176022
-18.001190386185055
-18.001224955724727
-18.001263993478034
-18.001327704248936
-18.001394985165458
-18.001453655642266
-18.00152579185882
-18.001578243980436
-18.001645288076507
-18.00176186999992
-18.00180029942603
-18.001885965357587
-18.00193881433944
-18.002016228737496
-18.002131076166282
-18.00222326913803
-18.002386617750936
-18.002446091372047
-18.002511389224622
-18.002597742135595
-18.002723420518603
-18.002842388645984
-18.002998212760513
-18.003075340479235
-18.00324876244566
-18.003340075150085
-18.00354736024248
-18.00367710528196
-18.003800811201117
-18.004004830882668
-18.004148046132876
-18.00432935221301
-18.004512668103253
-18.004666941972737
-18.004870175007806
-18.005070776243667
-18.005231006354208
-18.005573291410407
-18.005752603448475
-18.006242916964926
-18.00649844000227
-18.006830672404817
-18.007297019668837
-18.007369074618293
-18.008222866909584
-18.008510291406218
-18.00883593297117
-18.00926867346701
-18.009911559763054
-18.010528690531434
-18.011263485615046
-18.012177308787557
-18.01311104840192
-18.014494221625082
-18.015534315143494
-18.016509782646768
-18.017991083683135
-18.01914737694667
-18.020825566371833
-18.02214290212202
-18.02317007707819
-18.024267852646076
-18.02496576176287
-18.0256658423066
-18.026439359047316
-18.02697574409609
-18.027262706143624
-18.028082922426268
-18.02835549423929
-18.02887501679757
-18.02931729591208
-18.029650703012972
-18.030278219385256
-18.031074568309467
-18.03200779540414
-18.032507219977294
-18.032956156452833
-18.033388883152043
-18.03389930166635
-18.034526156228893
-18.035017705934123
-18.035628752164385
-18.036630066772684
-18.0371856733802
-18.03805812076499
-18.039238025987135
-18.040412829336002
-18.041354242149595
-18.042460690220516
-18.043810171027445
-18.045231351839007
-18.046709156109895
-18.04791984559796
-18.050025633054272
-18.051545010540426
-18.054290805505644
-18.056595581441794
-18.05896539701263
-18.063362288241905
-18.066928372380048
-18.070921121860657
-18.073893601447445
-18.077251910150263
-18.08257596435554
-18.087048506283498
-18.090791089550592
-18.09542778644912
-18.100552880234382
-18.10698615034026
-18.111363286944773
-18.116380290921196
-18.119682776042527
-18.124978550571957
-18.12763549023386
-18.134835398615888
-18.138823963747797
-18.143114003579765
-18.146380296109836
-18.150840593439135
-18.153839690530006
-18.156241922694463
-18.15998295286313
-18.162944306989257
-18.165025186744767
-18.16711352641609
-18.16911018731671
-18.171815704704784
-18.174653270271506
-18.176001328677405
-18.178209511197167
-18.180417228400124
-18.183409216692244
-18.185986444062163
-18.1881389042565
-18.18999621284235
-18.19211518811607
-18.195144298323214
-18.197067998759717
-18.199508679310867
-18.202167970707006
-18.2049153484886
-18.20751510445777
-18.21037845260616
-18.21432860724674
-18.21735484491585
-18.220069765324304
-18.223805190100517
-18.227263847499678
-18.232338615318834
-18.236464715143573
-18.241954757206692
-18.24646416299145
-18.25131084640801
-18.254867082272714
-18.257526263177567
-18.264666171814678
-18.2694009935423
-18.27501456543681
-18.28131135698295
-18.283498342334124
-18.288872537918685
-18.292306584444457
-18.297026142737327
-18.303055668903674
-18.304432791628034
-18.31213162017581
-18.314738747580837
-18.318559719959065
-18.323315991287373
-18.328125183531007
-18.333420924117785
-18.336961814044574
-18.340701615513442
-18.344608122115005
-18.347866193669766
-18.350868757228472
-18.3529409623
-18.35499300811112
-18.357385216224717
-18.359282627821113
-18.360972578179492
-18.362608824173652
-18.364232129769114
-18.365882188024088
-18.368477069639386
-18.36971820888681
-18.371142787367006
-18.37353565004416
-18.375151851852912
-18.377248696525623
-18.378600351455248
-18.37987645910394
-18.381296193267385
-18.382533558652888
-18.383816280473614
-18.384908443439656
-18.385991259838367
-18.387332321416462
-18.38866669430834
-18.38987991630936
-18.39180105158918
-18.392966097469422
-18.394185045054492
-18.39542974273639
-18.396187604521916
-18.397437575594598
-18.39862255863995
-18.399317507571983
-18.400823544046126
-18.402043303866517
-18.40325403822724
-18.4052884972728
-18.406410926032102
-18.407398730437663
-18.409082019967833
-18.41010379578765
-18.412857371460387
-18.414443610659287
-18.41635143101376
-18.417847600284194
-18.419755160038775
-18.421287341653237
-18.423452036724772
-18.425075619447686
-18.42705228777975
-18.429491813195416
-18.432271549701788
-18.434842780860823
-18.436790751415387
-18.43870726281258
-18.44112957475281
-18.443623159786483
-18.446657750603585
-18.449350617531437
-18.451578129159248
-18.453895867732097
-18.457133078057623
-18.45888427584678
-18.461442857913482
-18.463759332375943
-18.46547847363362
-18.469011736049485
-18.470682141873343
-18.473415788618492
-18.474773750184305
-18.477056949619968
-18.48039201582267
-18.481981673588923
-18.486844654285775
-18.48839823623335
-18.491350647346046
-18.49304193001553
-18.495612536701305
-18.500668479332994
-18.504203361581315
-18.508449633478527
-18.51388135383124
-18.516390563361448
-18.521907652323414
-18.52756793431773
-18.53239400077529
-18.53921059342784
-18.54364023864234
-18.54881844538204
-18.55385911373322
-18.55807084648823
-18.564163449518276
-18.568386947484925
-18.57258121989607
-18.575304688323456
-18.57910485428279
-18.58191130900715
-18.587220438453386
-18.589869181952302
-18.59362707252913
-18.59848171219376
-18.601461810267278
-18.605808429143277
-18.608471538256254
-18.61216342795155
-18.614516087858284
-18.61682319336932
-18.620273340288637
-18.622582225974842
-18.62573888355314
-18.62859667163176
-18.631437484362248
-18.633260878240876
-18.637842012697078
-18.639063836968596
-18.642793499894587
-18.64465277776462
-18.647219268629815
-18.651078192596966
-18.65349557311524
-18.657056784132603
-18.659519320128037
-18.661873426394575
-18.6634295627014
-18.664764121802047
-18.66660212517172
-18.667871819214213
-18.671191873486553
-18.672612108910545
-18.67402771870851
-18.675633346071027
-18.6772971169778
-18.67864837310804
-18.680660775531024
-18.682020036343626
-18.683189442755413
-18.684808169077183
-18.686861568551684
-18.688677115555507
-18.6904703601634
-18.69164300979065
-18.692542102653906
-18.694098191616437
-18.694919940985482
-18.695693820049886
-18.697001959465464
-18.697664813977088
-18.700286802812187
-18.700555489421415
-18.703201390814783
-18.704243657252814
-18.706258832753637
-18.70893151182364
-18.712597352745448
-18.71655142807393
-18.72212037990197
-18.72697460468424
-18.730813050073646
-18.73831584879748
-18.743174224084207
-18.74797578953955
-18.757406539136863
-18.764780673224525
-18.775222534071546
-18.791311761125428
-18.801451939513647
-18.811712401394733
-18.821770235391117
-18.83311953439187
-18.84594572578162
-18.869858374803453
-18.889115028779866
-18.906712464474303
-18.92794463859287
-18.94688253355021
-18.973867970690968
-18.985151418123763
-18.99951791593843
-19.011243329584577
-19.02022502238623
-19.031964347643065
-19.0413312396021
-19.049608371624664
-19.059270102967584
-19.065436434011502
-19.07080293603335
-19.080334715745874
-19.085449596579526
-19.090253377895547
-19.098089483537304
-19.10232122187215
-19.109858306077005
-19.116356529553663
-19.12176073393721
-19.126317005743253
-19.12985126380311
-19.13444737380079
-19.141411659438322
-19.144721990328055
-19.151108911070548
-19.15442506075551
-19.158504735251707
-19.161041960106456
-19.167117869514236
-19.17029532407434
-19.173463619637793
-19.178965806373753
-19.181872169336984
-19.186623394810923
-19.18933497968764
-19.192011581421163
-19.19478971882536
-19.198374411219543
-19.201093653918534
-19.20292783645756
-19.20598391711593
-19.207510588212603
-19.20997907243051
-19.211739899419285
-19.213025181956652
-19.216248330363005
-19.217833442993037
-19.22031570708589
-19.222201402617475
-19.223790428510704
-19.2252839566259
-19.2274426181578
-19.2288893287818
-19.230554331851557
-19.23192579028904
-19.23338988021406
-19.234709277605432
-19.235912432602362
-19.237254885814078
-19.23797251823294
-19.238699631931635
-19.240228779287204
-19.2408433147027
-19.24154796718347
-19.24270015419959
-19.243297182067415
-19.244318816760323
-19.244963795089348
-19.24602058422427
-19.24674008427855
-19.247314593881935
-19.247941555670174
-19.24880298106043
-19.249328342864327
-19.250101168847085
-19.25056696231728
-19.251278170177876
-19.252195197983795
