500 iters for seed 134 on 3R0.3 which is in the 78.60794067382812 percentile
 Maxcut: 22.0, MedianCut: 12.0
-14.000000177470493
-14.000000594546021
-14.000001740637606
-14.000005069358075
-14.000014900759426
-14.000044104950216
-14.000130938120494
-14.000388428180475
-14.07635125804996
-14.07652545460657
-14.09367378306477
-14.331025518233872
-14.43374101011967
-14.633374066135394
-14.797094067702758
-15.001071118924937
-15.12876240475243
-15.323648054576061
-15.42348700577373
-15.55549542038218
-15.668637163656845
-15.765378881346418
-15.874870270434501
-15.95597161775766
-16.033535377633903
-16.0942876481495
-16.165580753881525
-16.235033842784542
-16.323633558824387
-16.408139481386133
-16.489377730347584
-16.65262575436627
-16.74178285602587
-16.88126487410867
-17.021224248263703
-17.113031601867167
-17.25236949074213
-17.347959725038905
-17.409826102971937
-17.458106350806254
-17.512859859716592
-17.56980777320692
-17.60141778533184
-17.638402683767172
-17.664415220316446
-17.678940626805645
-17.703794779062335
-17.716482675629763
-17.72991341286446
-17.74239100197335
-17.751070591247824
-17.760877831108658
-17.775849523400613
-17.781665733719255
-17.79285991693384
-17.805233566735346
-17.81175148961393
-17.81926275444103
-17.824351879750385
-17.83003148744741
-17.83414541075397
-17.83831620221253
-17.84202895339028
-17.845268331447677
-17.84730759896065
-17.851872525471293
-17.85358085260431
-17.8561600491173
-17.85996764135884
-17.860533572542042
-17.865824600207176
-17.866956172154126
-17.86864900298438
-17.86889530408002
-17.871072727038396
-17.872090825961248
-17.873595312238574
-17.875714110429602
-17.878629678610036
-17.880695232099136
-17.881903295312227
-17.882590584174707
-17.883433146415786
-17.884571911992733
-17.88600326567611
-17.886733627596815
-17.887499449982176
-17.888208781328842
-17.888997301840522
-17.889746392681364
-17.89012212786301
-17.890741112571575
-17.891507785298426
-17.891771255483444
-17.892278167350376
-17.89254468663086
-17.892833537814766
-17.893407153265375
-17.893690135691532
-17.894043412217904
-17.89439376346999
-17.89476521398844
-17.895070177365724
-17.895401417222235
-17.89575140859782
-17.895917971414477
-17.89615957951552
-17.89628230916582
-17.89647285468381
-17.896549056423307
-17.896791654385556
-17.896881397962144
-17.896992494155672
-17.897108658165493
-17.897233374050245
-17.897312506710026
-17.897418439839267
-17.897499362944455
-17.897580706215628
-17.897715671082818
-17.897767649114382
-17.897845483653725
-17.897916409045536
-17.897979641340452
-17.8980184175327
-17.898118548447307
-17.898150570880574
-17.89819175951891
-17.898248299941045
-17.89829473026004
-17.89834743120043
-17.89842062912198
-17.898469187942943
-17.89851207159971
-17.898596584247954
-17.89865567131934
-17.898713512446992
-17.898838053690117
-17.89888921530957
-17.89895482237279
-17.899063117749694
-17.899112565049197
-17.899333151068962
-17.899417468849293
-17.899512311500466
-17.89964032413433
-17.899723393704566
-17.899851288612084
-17.899930181787262
-17.900054479667965
-17.900148414423917
-17.900259023782702
-17.90035902599729
-17.90045311776775
-17.900610230041398
-17.900807642515147
-17.900950143714702
-17.901124792601525
-17.901272877633076
-17.901395306569622
-17.901653401031364
-17.901748174471283
-17.90188363938475
-17.902081309536534
-17.90225321905588
-17.90254584626593
-17.90270549693933
-17.902903031564243
-17.9030040730469
-17.903164462674415
-17.903402239223045
-17.90361404947637
-17.903753240860656
-17.903906976119377
-17.904039124621427
-17.90433406281869
-17.904596080784767
-17.904792864778198
-17.90502689400385
-17.905212287464803
-17.905399657456382
-17.905737644346928
-17.905928516647688
-17.90615954989998
-17.906424987195585
-17.906643871130825
-17.90700097654078
-17.907443510586603
-17.907728077287732
-17.908105110279447
-17.908487576493645
-17.90895359478522
-17.909242787577817
-17.90962507981976
-17.910134991654385
-17.91072124375088
-17.91135490428983
-17.911984355584046
-17.912663143608317
-17.913907915509387
-17.915209011429006
-17.916103936841793
-17.917873844169165
-17.918323163318558
-17.919189342274805
-17.9196579666268
-17.920262768204772
-17.920809520344584
-17.921598087936065
-17.922106269721468
-17.92284744757366
-17.923847089259812
-17.92460430211997
-17.92549582534688
-17.926144576529904
-17.926996472983426
-17.92815324474947
-17.92936098680425
-17.930984502218596
-17.932563843800214
-17.934322288869893
-17.936136642730922
-17.938082030004573
-17.939526990882793
-17.94155846525805
-17.9434525471238
-17.944905229006732
-17.947166599465934
-17.947919647500946
-17.95031559188439
-17.951671679875904
-17.95317582599913
-17.955348508054016
-17.95652959151931
-17.961652859751243
-17.963831171570682
-17.96669939029296
-17.970658113101734
-17.97319709406672
-17.97848964267976
-17.980626755347622
-17.985315157455027
-17.989290791026953
-17.994749698810587
-17.999247170346862
-18.004310574590466
-18.010856036770054
-18.014684678379652
-18.019004233855565
-18.02144454204874
-18.02563456451326
-18.02967815342049
-18.03424731613583
-18.03949718905719
-18.044438726609478
-18.05418581403204
-18.06061300772745
-18.067986050701197
-18.07373804848359
-18.07915547353471
-18.08408427690414
-18.092325052854502
-18.09579635816208
-18.10152963890432
-18.10922371979677
-18.11874101165805
-18.125452075147177
-18.131549396528673
-18.13795003378551
-18.14552352801357
-18.156869642953275
-18.1652093964726
-18.17565317858503
-18.184119320161336
-18.193601116412932
-18.203461406174437
-18.214841765367105
-18.226438650565164
-18.237627651268674
-18.24856151045353
-18.2683308941866
-18.292104156183246
-18.320723092911162
-18.36595982515761
-18.40792064757177
-18.462001068679825
-18.49540004877474
-18.50948277053411
-18.566139677465046
-18.61305916795849
-18.642651013749703
-18.700635261035917
-18.764230242475833
-18.781041585950266
-18.866146483109578
-18.90070799513569
-18.933120950202103
-18.98307900438623
-19.013341901592746
-19.04953236642884
-19.068436281643773
-19.09476291293111
-19.112260474017674
-19.146598065408458
-19.161471361653525
-19.179305069633056
-19.206136315802354
-19.224813940181996
-19.239715351169956
-19.249645976041858
-19.26185637339754
-19.27522254844842
-19.289274051318333
-19.296501175434162
-19.30781690580521
-19.313117666923056
-19.3232968146396
-19.33094842172529
-19.338310506269963
-19.35348957669069
-19.362811724278327
-19.37701272184677
-19.38614890222823
-19.39638835359629
-19.403819481740598
-19.41137809781739
-19.419307803029927
-19.42445659145321
-19.4301838050835
-19.4367375626443
-19.441475958320876
-19.44608423929688
-19.45290427944107
-19.459530063914336
-19.466899146966462
-19.473886409128202
-19.48445074527241
-19.49157901396173
-19.501209101777356
-19.510799448731067
-19.51834439807914
-19.529926367302707
-19.540457435264962
-19.54653166002812
-19.55502218156417
-19.56192579027124
-19.569454230869567
-19.57956668609982
-19.584557387701125
-19.588418284843847
-19.59445817325232
-19.599254288636274
-19.60743642365241
-19.614634250438904
-19.618770486975418
-19.62435047021031
-19.629466439068473
-19.634162202544136
-19.642039571082385
-19.644944897142473
-19.650327090670757
-19.656401060308337
-19.663220938258444
-19.668549288506483
-19.673521282563442
-19.679957107839765
-19.685399716229277
-19.691561333134793
-19.697954036890913
-19.704433929513808
-19.71161525214396
-19.71806272379127
-19.724143752904094
-19.731957069856392
-19.74081832972609
-19.74971738480064
-19.754621322915025
-19.763331762138847
-19.768128322681886
-19.77504374579771
-19.78261224647468
-19.78757942437134
-19.79746141655626
-19.801311462225563
-19.80921770854288
-19.81255975642467
-19.818608987038356
-19.826387939959485
-19.832530696949473
-19.83774200144091
-19.842967471297627
-19.84787732758232
-19.850277205384117
-19.86086407593839
-19.863961933006188
-19.86919362742908
-19.876278468311376
-19.882757131731722
-19.88833642223647
-19.893627992911853
-19.899512087632917
-19.903697444482553
-19.914953450125196
-19.91826599813947
-19.923754133285367
-19.92651075400912
-19.931631992839023
-19.93594838673911
-19.93951408408237
-19.943534146931285
-19.94934041783201
-19.953774437150166
-19.957940016706544
-19.964867728876378
-19.971623205321595
-19.977240593098987
-19.985821790350933
-19.990826861234428
-19.99633170193956
-20.004869698613057
-20.00917475716857
-20.01516461461856
-20.02205079534065
-20.0242209557831
-20.02975834341995
-20.03400171810814
-20.039524007324257
-20.044820904969896
-20.050268402047276
-20.05450364796133
-20.05901863878424
-20.064161353893464
-20.067630145568984
-20.07055884853251
-20.073896135135826
-20.076272326987123
-20.08018061187081
-20.084147205847867
-20.085795023845126
-20.089078676355413
-20.091888301430107
-20.095099651041124
-20.099046795361147
-20.10179500980344
-20.105483447439248
-20.110275439239494
-20.115483925924448
-20.1189789111859
-20.123755997998753
-20.12655750280119
-20.130829308142452
-20.136534078447074
-20.140024518134226
-20.145011804511363
-20.15005857128637
-20.154201317821972
-20.159257747213857
-20.163805755585436
-20.169238101508554
-20.175756932904342
-20.181815555023235
-20.188226193262217
-20.19883701184927
-20.204773532815427
-20.212685961391337
-20.216733821716076
-20.222327916693946
-20.231422919713804
-20.236958046503467
-20.243789945720813
-20.250504317697434
-20.25605877103456
-20.26077414465192
-20.268881317451985
-20.27548879384814
-20.28151520244973
-20.288851519110274
-20.293378072093965
-20.298482040757058
-20.30508894601153
-20.30970000455825
-20.314492691646166
-20.321001001120514
-20.327704124388234
-20.33153512701718
-20.340643856548393
-20.346786761032348
-20.354311939430612
-20.36209864783071
-20.367941550731413
-20.37880178808485
-20.38691981553579
-20.39615861435062
-20.40327672671021
-20.412100591807608
-20.415021473474873
-20.42810106798931
-20.432824136338173
-20.439759331579346
-20.446795613178384
