500 iters for seed 65 on 3R0.3 which is in the 50.157928466796875 percentile
 Maxcut: 22.0, MedianCut: 12.0
-12.002938337992221
-12.241710069727393
-13.006187097872074
-13.144609099763558
-13.473972912110309
-13.922106294517333
-14.421524158100532
-14.737798970090582
-15.213791403091967
-15.797253037377782
-16.331604087395046
-16.81003886976867
-17.31480563208812
-17.543606178358473
-18.04218239558802
-18.513401854728183
-18.842068448028527
-19.197514751673513
-19.47107905933697
-19.781863370202306
-20.207956794388604
-20.53443772041672
-20.754931808442212
-20.94324021541341
-21.085476518255344
-21.217583622764376
-21.354555652877902
-21.449480033760967
-21.50264585130541
-21.58139632664375
-21.630226018069717
-21.668083147784184
-21.71495685804293
-21.741900331955254
-21.77352701855333
-21.797169364778973
-21.827683543228055
-21.855225851778737
-21.879848358266575
-21.90116474817957
-21.91696086595628
-21.933296715296365
-21.943927114428675
-21.955876323107056
-21.962803734409274
-21.968445890695417
-21.973218930358268
-21.978093297407295
-21.98110322637404
-21.983046640248748
-21.9849095572654
-21.9868934771027
-21.989133991848846
-21.99060658237322
-21.991394240601537
-21.992363331952397
-21.993402948515815
-21.99454541776902
-21.99505979186111
-21.99571733754569
-21.99619415679434
-21.996853609473387
-21.99724103154763
-21.99745567602361
-21.99780190919309
-21.998139594300607
-21.99827704231544
-21.99848440686986
-21.998611304056666
-21.998742623069347
-21.998916336191336
-21.999010250269727
-21.999211312990006
-21.999320897085333
-21.999397715238818
-21.999448770937136
-21.99951664703684
-21.999607363623028
-21.999662477944625
-21.999700810426337
-21.99972394545793
-21.999748963301972
-21.99978162285152
-21.999819970965582
-21.999833654257333
-21.999849187319505
-21.99986228237478
-21.999874521358795
-21.99988886332989
-21.999896210440124
-21.999910392158323
-21.999919550581104
-21.999927302116944
-21.999932081868053
-21.999939273279143
-21.999946055756617
-21.99995388280862
-21.99995904064318
-21.99996387922101
-21.99996798534739
-21.999972519481403
-21.999975368662486
-21.99997836718868
-21.999981577698485
-21.99998431541459
-21.99998650567996
-21.999988084263784
-21.99998940863312
-21.99999191916664
-21.999992950237836
-21.999993743373093
-21.9999951770833
-21.999996002881446
-21.999996861489027
-21.99999746498956
-21.999997851232262
-21.999998261193884
-21.99999849138948
-21.999998724510423
-21.999998859874296
-21.9999990239492
-21.999999164346505
-21.999999311609034
-21.999999441426482
-21.999999532338624
-21.999999608562533
-21.99999969135119
-21.9999997223542
