500 iters for seed 144 on 3R0.3 which is in the 78.50723266601562 percentile
 Maxcut: 21.0, MedianCut: 12.0
-14.001102759142478
-14.060027628100025
-14.071450485789494
-14.12227017356998
-14.246268668996477
-14.412031711913947
-15.011487483017955
-15.71980644977926
-16.082275426553625
-16.607739422207175
-16.87955820566413
-17.09840966982652
-17.270279985352136
-17.398144967075133
-17.48301479789076
-17.559848485812743
-17.630759658919846
-17.693172419956195
-17.74838333265136
-17.81119198080412
-17.838275216869125
-17.867209558511178
-17.882662263614918
-17.899632610713507
-17.91763707552045
-17.934113210356642
-17.941279870609268
-17.9492985506999
-17.95917509975235
-17.96731849114964
-17.97134617172202
-17.976057584911587
-17.978891327427085
-17.98164634133485
-17.984874166221367
-17.986267950474573
-17.988956702850324
-17.991081549749076
-17.992018838641062
-17.993338745424754
-17.99431724623303
-17.995549746373328
-17.996449749457497
-17.997162350759076
-17.9975408198387
-17.99829018331552
-17.99864484859653
-17.998955545014635
-17.999495216726984
-17.999713971241427
-17.99994030690478
-18.000282889852254
-18.000465241573885
-18.00071660076106
-18.00112585877967
-18.001313645269686
-18.001657957533187
-18.002148289861807
-18.002387777264325
-18.003057615569425
-18.003362410770393
-18.003859979091533
-18.004542778759102
-18.005393028256925
-18.00683987326525
-18.008225933283526
-18.011124607866858
-18.012615878273298
-18.017016366148216
-18.021256622934054
-18.026364320705945
-18.029868292845062
-18.036617508651794
-18.04323936629034
-18.04958457623524
-18.05699820666212
-18.065727573239904
-18.073955363890484
-18.08139465381773
-18.091888401991234
-18.098328921242338
-18.109251044736133
-18.122804686702626
-18.128837231838773
-18.139400974587964
-18.14299315246569
-18.153143101398157
-18.158674037604865
-18.168092961093983
-18.175502200103644
-18.185585355177135
-18.192885907593475
-18.2002303425471
-18.207194163683592
-18.213635240732025
-18.221096987088355
-18.22827367163831
-18.234856979157517
-18.240623348862325
-18.245423154592032
-18.25334310968577
-18.25829869166453
-18.263195760779926
-18.270261258784725
-18.273511830009387
-18.276523380076625
-18.281238062360444
-18.28390876006898
-18.28934316989431
-18.29285646635428
-18.298875551753365
-18.30255682457812
-18.30511075925049
-18.31056103992376
-18.313878956715193
-18.317874526584337
-18.32182395855657
-18.326425830108647
-18.33240439624117
-18.338877463827483
-18.34663376197073
-18.35359380701835
-18.36053888881037
-18.367028096683445
-18.37236432052103
-18.377499780740802
-18.384323676777747
-18.390229155647997
-18.395669628131856
-18.40245207140997
-18.407529998807952
-18.4111765902576
-18.416792970649187
-18.420473256879365
-18.424469772916304
-18.429610619456394
-18.432425896991454
-18.43614498993141
-18.4413871997255
-18.447205200701926
-18.450846850167707
-18.456215818657686
-18.45710355208908
-18.462888116599455
-18.46524701355781
-18.46870888412626
-18.474488455799104
-18.47915580114066
-18.4861117621994
-18.490454827342052
-18.49458271866248
-18.498217195552254
-18.50094259327155
-18.504839887140555
-18.507904659435
-18.511590339168915
-18.516421249474643
-18.51971679435878
-18.523179297760205
-18.527983840820188
-18.531089109943693
-18.535267245631193
-18.539154336218033
-18.54346796136464
-18.547090749001917
-18.55123897907033
-18.554619744671268
-18.557934109309812
-18.562669946885325
-18.565950803176044
-18.5693153287364
-18.572886115182268
-18.575620566895292
-18.580821515693994
-18.58525806177394
-18.588722327088025
-18.593075902234943
-18.596814045116417
-18.600351783513027
-18.60318777034216
-18.60562302228573
-18.60873582888056
-18.610973467203323
-18.612515796620322
-18.615137180254248
-18.617579957260748
-18.620174416601376
-18.622717706501692
-18.624350654172815
-18.626191330994377
-18.62860059019811
-18.63037743886176
-18.63185420592608
-18.634602237387785
-18.635837116596004
-18.637685637250147
-18.639387242052827
-18.6418674185416
-18.644223095121777
-18.64599516984148
-18.648063763111427
-18.649891110133463
-18.65098723066718
-18.65267610120379
-18.65354754369721
-18.654824991317188
-18.65589147185133
-18.65691309752042
-18.658561493210982
-18.65944587736781
-18.661779547593497
-18.662665132260972
-18.66398205315577
-18.66581958839761
-18.666978229760492
-18.66883801840449
-18.670125233630692
-18.671666521351785
-18.672980814507593
-18.67436653076924
-18.67550586452033
-18.67656263292814
-18.6780662837364
-18.679239165621638
-18.680679335027083
-18.681627158126908
-18.682761206442397
-18.684004619016843
-18.685673638703214
-18.68642575103494
-18.68752570809637
-18.68815476158873
-18.689274577895514
-18.690356821872474
-18.691055370089046
-18.69247009666498
-18.693353319302265
-18.694662012825965
-18.695688719578957
-18.696711563632793
-18.69770387176912
-18.698793887887735
-18.700018563679734
-18.70116176993499
-18.70182822507313
-18.702865926669784
-18.703605065963213
-18.70435182699482
-18.705749220842645
-18.706388540305763
-18.707071638504253
-18.70845105786094
-18.70908326083633
-18.710494252065626
-18.711429036700725
-18.71194868291407
-18.712897782824314
-18.713594097871102
-18.714568223922605
-18.71547605822872
-18.716340526152642
-18.717264579710182
-18.718228748798243
-18.719297974927724
-18.7202679241102
-18.721074433519686
-18.721984751886616
-18.72311773698082
-18.724294505085137
-18.72492139701734
-18.725951640760872
-18.726555402353924
-18.7275839802977
-18.728371483850754
-18.729124630245185
-18.729795573790316
-18.730827762513265
-18.731808818750736
-18.732725750950152
-18.73354300298065
-18.734543243251625
-18.735399215848442
-18.736137212545607
-18.736742843651246
-18.737684069631865
-18.738234073355056
-18.738846214400944
-18.739543549096663
-18.74040349436462
-18.741064929762558
-18.741681182842854
-18.742268284645462
-18.74284778368333
-18.743809300741077
-18.744458923947764
-18.745216391940794
-18.746487375027026
-18.74702619226932
-18.747951136567174
-18.74844955509892
-18.74954471887525
-18.750108593673048
-18.75063198590574
-18.751388349956905
-18.752072968555783
-18.753414585628256
-18.753912240572454
-18.754571025235286
-18.755113311867092
-18.75584521974605
-18.756625326582913
-18.757081197202474
-18.758170310068653
-18.758695352741377
-18.7595375460586
-18.76034875355353
-18.76108140867283
-18.761884250240186
-18.762947331817163
-18.76390921039159
-18.76482069274903
-18.76543817970098
-18.76622545379896
-18.766868653278575
-18.767562936259083
-18.768736943691763
-18.769144294214367
-18.77004539912777
-18.770640176732737
-18.771497233909216
-18.772879430712603
-18.773677109229315
-18.77472423597275
-18.775349784271302
-18.77610079279695
-18.776834697213314
-18.777834194641212
-18.77827340247952
-18.778954592349653
-18.7795466274089
-18.780366605367774
-18.781121990410593
-18.781629760396406
-18.782843747652418
-18.783023993488218
-18.784605341485644
-18.785077007008912
-18.78591391115081
-18.78664643415433
-18.787486432911535
-18.788852656464385
-18.78903348679978
-18.790022496243356
-18.790571527861275
-18.79137966735467
-18.79241155792077
-18.793248233285105
-18.794681023043744
-18.795287692716677
-18.795971219303567
-18.796489735764123
-18.797330488342585
-18.79799981124021
-18.798672621564975
-18.799801185983704
-18.80051104498943
-18.80160740243362
-18.802397137331393
-18.803176644685045
-18.80431639133889
-18.805335193403423
-18.806182898180854
-18.80744485820655
-18.80836537944348
-18.809481510862987
-18.810165449198628
-18.810740301456317
-18.811468968493102
-18.812216375405455
-18.813127979549158
-18.814098703785202
-18.81484704876153
-18.815961924701792
-18.816511869091478
-18.81736648853085
-18.818208121372624
-18.818844969874558
-18.819883016108133
-18.820782206060287
-18.8213690319528
-18.82213293907623
-18.822821927255124
-18.823660264389375
-18.824452945618965
-18.82527270092449
-18.826083996621055
-18.82673827223871
-18.82750704830796
-18.828094254428724
-18.82882726247607
-18.829708448574053
-18.83079093568262
-18.831476631396317
-18.832341357997546
-18.83293385234891
-18.83380673135503
-18.834636434599748
-18.83519571252215
-18.836351638851436
-18.83711294722214
-18.83798019294182
-18.838745862624723
-18.839459863729278
-18.840458095368543
-18.84145965110345
-18.842407166810382
-18.843363277283654
-18.84461420521095
-18.845835729513713
-18.847088382828094
-18.848205552843726
-18.849581664996368
-18.850889311407688
-18.852170279229643
-18.85347234213867
-18.85431141552756
-18.85534431374311
-18.856373257622742
-18.857506574465784
-18.85806100472419
-18.859540359378993
-18.860256346491227
-18.860993493606244
-18.862042016025026
-18.86283364546841
-18.86392038180512
-18.864723020506084
-18.86573758052673
-18.866350178376212
-18.86751443642958
-18.86826257060429
-18.869012161985996
-18.870041461954944
-18.870720698108265
-18.87145049812378
-18.871955708104586
-18.872634637310593
-18.873778592379352
-18.874312541023528
-18.875251577671115
-18.875918467557664
-18.876763596427246
-18.877604926115403
-18.878456511697667
-18.879537770852796
-18.88035019971691
-18.88142742040421
-18.882919849865253
-18.884138331961477
-18.885262067782516
-18.88645129447749
-18.88736086899656
-18.888195466326035
-18.889278610226278
-18.890207959973853
-18.89135964199781
-18.892361013195977
-18.89347095978078
-18.89433278089777
-18.895477925942828
-18.89643647836514
-18.897393160878778
-18.898002141449876
-18.899464422045046
-18.900267059705275
-18.901171246022685
-18.90253370198043
-18.904020808119324
-18.905253633474803
-18.90655157088868
-18.90779659978976
-18.908546880757708
-18.911068269076523
-18.91191679994534
-18.91335916204793
-18.915210715721354
-18.91641207234814
-18.91838828162109
-18.91942606409797
-18.920839059709035
-18.922886136561864
-18.924956805431435
-18.926410090254922
-18.92844974112922
-18.93008776498797
-18.932586228322403
-18.934239292654958
-18.93555848965347
-18.936714879911598
-18.93862450517255
