500 iters for seed 146 on 3R0.3 which is in the 49.558258056640625 percentile
 Maxcut: 22.0, MedianCut: 12.0
-12.0463118634926
-12.316693966629922
-12.738571347458933
-13.619616074355195
-14.340207344479989
-14.965469427320551
-15.466900356411863
-15.767679237100095
-16.189284173319443
-16.550543781302
-16.89392928234853
-17.43588723513459
-17.8117711880095
-18.11812261999547
-18.377043155473853
-18.552763262062356
-18.72754496984753
-18.840943250182068
-18.97960489002426
-19.105006837354154
-19.213326437529908
-19.2743423475757
-19.34298939358813
-19.422471232613027
-19.494074103131336
-19.562910606583664
-19.623162239659685
-19.678966594604784
-19.727912121154134
-19.779051576312956
-19.80485852970365
-19.840991635335886
-19.857295741372525
-19.89170684545584
-19.904955195629903
-19.920453853221638
-19.936324306310965
-19.947541793311974
-19.953076322201532
-19.961166595322197
-19.965841266250095
-19.970792262496996
-19.97368833802258
-19.975984326508698
-19.978743602518367
-19.98140747109524
-19.983671704886696
-19.985487423442805
-19.987755165202167
-19.989638117574913
-19.990989716241188
-19.992242047546917
-19.99333607845562
-19.99428309070311
-19.99546784318497
-19.996077974991792
-19.99676817024769
-19.997377566503204
-19.99780040787885
-19.998019010973184
-19.998608784697886
-19.99878622620766
-19.998911815972008
-19.999171607088932
-19.999254396595415
-19.999362321357953
-19.999436233935906
-19.99950031734525
-19.999598614442125
-19.999629993361836
-19.999688800039365
-19.999706090435136
-19.999741988380713
-19.999765249030922
-19.99980072404748
-19.99981681246379
-19.99983119280181
-19.999856843299373
-19.9998686318602
-19.999883874651484
-19.999893733269133
-19.9999074080968
-19.999917841396595
-19.99993131956187
-19.999942488261574
-19.999949401687722
-19.99995753655695
-19.999964603337617
-19.999968663671464
-19.99997284108166
-19.9999775527163
-19.99998191539731
-19.999983570762755
-19.999986306081034
-19.999987305030007
-19.999989297740903
-19.999990393321905
-19.99999139613653
-19.999993197382782
-19.999994117322426
-19.99999523310964
-19.999995988664715
-19.99999693207336
-19.999997025729414
-19.99999779614936
-19.99999807227671
-19.999998329008413
-19.99999866405085
-19.999998861281462
-19.99999916593286
-19.999999292175996
-19.999999375077138
-19.99999945704508
-19.999999557443427
-19.999999618352895
-19.9999996697962
-19.999999723776188
-19.999999771718237
-19.99999982402277
-19.99999985553354
