500 iters for seed 97 on 3R0.3 which is in the 94.89212036132812 percentile
 Maxcut: 22.0, MedianCut: 12.0
-15.999999926628671
-15.999999979951316
-16.000000217947928
-16.000001070954823
-16.000172791061306
-16.000199701043083
-16.00061617791701
-16.001128161420095
-16.0030782589679
-16.010218026985708
-16.038122152084043
-16.076285608692842
-16.114791446378185
-16.2028148597392
-16.257795686753827
-16.30149049618661
-16.35219738224371
-16.398566833534385
-16.436419236806987
-16.467806997801148
-16.57283737393743
-16.6709527220252
-16.801866378184336
-16.965423836529073
-17.082693764011804
-17.174978084215557
-17.25929288062057
-17.337983634424948
-17.42799554103657
-17.5057420826698
-17.555934768433822
-17.626259530109582
-17.679237073677115
-17.725374547774273
-17.754477383950437
-17.78302061109464
-17.810111540488194
-17.83766220314602
-17.85411038584151
-17.87068856879473
-17.891241083998004
-17.908296956356445
-17.91632991125073
-17.925668283479173
-17.934861403824858
-17.943712393519636
-17.95155242949716
-17.957142261175527
-17.961998650947823
-17.968153671089652
-17.97252543724079
-17.976614634186152
-17.979461431478512
-17.981966759851662
-17.984203784252664
-17.98631262670999
-17.98881896658851
-17.99064533663618
-17.99203960737401
-17.993510964649722
-17.99465216419282
-17.995519842933504
-17.99590784788222
-17.996442425297456
-17.99717988774787
-17.99772167368977
-17.997972019473373
-17.998235981753744
-17.99849211926963
-17.99878109112025
-17.998964096117344
-17.999090439793232
-17.99921688988458
-17.999339941598258
-17.999436299842397
-17.999487130895762
-17.999539732672183
-17.999612459950825
-17.99967280329342
-17.999715831599854
-17.999749730092553
-17.99978264088689
-17.999806439885973
-17.999825078597127
-17.999843248605753
-17.99986565031582
-17.999885391956287
-17.999892505797174
-17.99990486616468
-17.999915412557332
-17.999926971655732
-17.999937388433743
-17.99994369580526
-17.999952794517228
-17.999959883384268
-17.99996482093592
-17.999968450013448
-17.999972133940624
-17.999976417105348
-17.999979449011754
-17.99998246490763
-17.999983861621637
-17.999985964086587
-17.999987252565848
-17.99998862795606
-17.99999110281813
-17.999992487501377
-17.999993938623145
-17.999994857343523
-17.999995499089515
-17.999996178413095
-17.9999966821756
-17.999997180968794
-17.999997510635858
-17.99999792657311
-17.999998261094834
-17.999998405268357
-17.99999872034484
-17.999998825519203
-17.999998909507212
-17.99999914071346
-17.99999923243317
-17.99999933851541
-17.999999446355687
-17.99999951987288
-17.99999959381404
-17.999999680249115
-17.999999713285842
