500 iters for seed 160 on 3R0.3 which is in the 79.01840209960938 percentile
 Maxcut: 22.0, MedianCut: 12.0
-14.000000266249778
-14.000001032573346
-14.000003618688583
-14.000012732787713
-14.000045336473262
-14.000162669868136
-14.00058541372565
-14.002101857191594
-14.007422555524842
-14.024720401041389
-14.069607343829441
-14.146692655880795
-14.242013960159474
-14.33880663449422
-14.631170857878997
-14.886408939938587
-15.185574795553327
-15.470054106603452
-15.700398531020653
-16.08795200182148
-16.251047985171077
-16.420580244095106
-16.68768613216337
-16.92326732855868
-17.036786559611865
-17.250353403781297
-17.325806953917347
-17.44254228494859
-17.59490893047077
-17.67404676770684
-17.775509136231086
-17.861298015979028
-17.942401939685194
-18.04002626021999
-18.17354594296877
-18.26838204895331
-18.500893299377637
-18.639585021522795
-18.863854730371976
-18.981622998569836
-19.126781554832668
-19.2631232616938
-19.362725422879357
-19.42764447407295
-19.496172440589625
-19.558037304790638
-19.609768965033567
-19.648786972367322
-19.695817051138693
-19.73976270105728
-19.779662401349626
-19.806416176137727
-19.834324621132545
-19.856659895411305
-19.878111905057704
-19.890842747514554
-19.905655221046242
-19.918249741014495
-19.930565227387092
-19.93727323433716
-19.942533494520408
-19.948404127362256
-19.954712212428294
-19.958321108607528
-19.96282931038983
-19.966371152718633
-19.97043142375818
-19.972946445642012
-19.975636527517242
-19.978789317772012
-19.981539192153118
-19.983146423803323
-19.98456091227596
-19.98595500710905
-19.98761672239477
-19.9887055301923
-19.98960142164741
-19.99060674396506
-19.99168108139099
-19.992349805052367
-19.99313595362484
-19.99380266763528
-19.99452991788412
-19.99516299912949
-19.99556348846552
-19.9959432802874
-19.996598496539313
-19.99680159974352
-19.997118439679216
-19.997368310302065
-19.99766465619799
-19.997935254970162
-19.9980923711393
-19.998335976831797
-19.99853169890457
-19.998619564891623
-19.998736290522345
-19.998831191272785
-19.998964509772996
-19.99905556683063
-19.99913371517943
-19.999174990054478
-19.999259504754335
-19.999303495383653
-19.999338741837224
-19.999386246045795
-19.999419259263163
-19.999485796429518
-19.99951556955548
-19.999554392822755
-19.999588623591258
-19.999624331241332
-19.999654031378416
-19.999675672846035
-19.999702360298752
-19.999721415957858
-19.999743813477426
-19.99976913120141
-19.99978506263758
-19.999797272198244
-19.99982481517543
-19.99983931426154
-19.99985636745876
-19.999876258740297
-19.99988760706799
-19.999894227244848
-19.999909536910465
-19.999915345776724
-19.999922918977617
-19.999932832970774
-19.999939040043213
-19.999949582101063
-19.999955605241784
-19.999959962246898
-19.999963838863827
-19.999967920598106
-19.999972753457556
-19.99997711510536
-19.999981025707033
-19.9999828830811
-19.99998446612893
-19.9999864991654
-19.999987964201573
-19.999989599895734
-19.999991820828352
-19.999992558165147
-19.999993610387833
-19.99999429483078
-19.999995118976525
-19.99999565484391
-19.999995995091613
-19.999996432033676
-19.999996958420216
-19.999997208006718
-19.999997476780152
-19.999997789704985
-19.999998102605712
-19.99999827708321
-19.99999845151927
-19.99999862498823
-19.99999881362243
-19.999998897848347
-19.99999900558021
-19.999999100344596
-19.999999209414305
-19.999999312953786
-19.9999993970355
-19.99999950411753
-19.999999610636948
-19.999999652505327
