500 iters for seed 114 on 3R0.3 which is in the 48.923492431640625 percentile
 Maxcut: 20.0, MedianCut: 12.0
-12.008007804647047
-12.100901033480264
-12.333696157837103
-12.660877519883591
-13.14144288462481
-13.465863571453315
-13.861928015241714
-14.295053842037682
-14.747824161720635
-15.155083956578295
-15.561798094612332
-15.836312725476938
-15.993164902384
-16.24313060695875
-16.441993608081567
-16.652905335695863
-16.835175490996765
-17.024445503580136
-17.15043461696442
-17.300401432662746
-17.418218920161344
-17.49513191322682
-17.559456367456452
-17.610585224618585
-17.65289793092235
-17.69779979070567
-17.749711930556185
-17.791922509596297
-17.820415130159887
-17.84088753920142
-17.855325840578423
-17.868377607629604
-17.879180231916514
-17.89022048487435
-17.903713149733864
-17.913174060435495
-17.92093182248963
-17.931043599131186
-17.941112667474872
-17.949343098661977
-17.953453565075833
-17.9582460560773
-17.962679907956165
-17.966985799332775
-17.970246932359874
-17.972518052817634
-17.973885326806652
-17.977634552903456
-17.978934288665883
-17.980464099822953
-17.982587671034988
-17.983837494185018
-17.9857040939973
-17.98729099350833
-17.989019355704475
-17.99050992323812
-17.991852225591295
-17.992766822200505
-17.993520777337817
-17.9945255962771
-17.994945305486574
-17.995393861784645
-17.995909427090563
-17.996192254473733
-17.996394440633047
-17.99660506822327
-17.996783551777458
-17.997206508644283
-17.99738997910715
-17.997627905848745
-17.997789846217817
-17.997953861295553
-17.998164701832536
-17.99838424985697
-17.998586254402404
-17.998755473215002
-17.998939016477404
-17.999093022853785
-17.999245623702976
-17.999322995113044
-17.999408265589057
-17.999477986038364
-17.999584465968272
-17.999627682707327
-17.99966725120489
-17.99973251117692
-17.99975919477061
-17.99978754315241
-17.99981104487533
-17.999835741386306
-17.999855980979167
-17.999872968656447
-17.9998860491589
-17.99989838830408
-17.999905680703304
-17.999921404979883
-17.999926150206147
-17.999931858902922
-17.99994008087819
-17.99995263262721
-17.999955208261863
-17.999963095648088
-17.999965122314624
-17.999969164418122
-17.999972859684867
-17.999977169646954
-17.99997977907598
-17.9999819405289
-17.999984586852886
-17.999987110898232
-17.999989281936923
-17.999990695534454
-17.9999915753832
-17.999993066019204
-17.999993530470995
-17.999994597056034
-17.99999504633892
-17.999995486489983
-17.999995812260476
-17.99999630396196
-17.999996718505184
-17.999997109422065
-17.999997700076168
-17.999997871936838
-17.99999818853002
-17.9999983044226
-17.99999848333309
-17.99999867006177
-17.999998839632934
-17.999998969124423
-17.99999909772978
-17.99999921585144
-17.999999322183527
-17.999999396954152
-17.99999944207267
-17.99999950094204
-17.999999586486197
-17.999999660910177
-17.999999699873563
