500 iters for seed 119 on 3R0.3 which is in the 94.81124877929688 percentile
 Maxcut: 20.0, MedianCut: 12.0
-15.999999949835612
-16.00000000193632
-16.000000228593716
-16.00000094729368
-16.00000225988134
-16.000005156283997
-16.000011601872288
-16.00002598867912
-16.000058152733875
-16.000130104469804
-16.000290622727576
-16.00845463871805
-16.00857183811109
-16.015815427744876
-16.03781811051856
-16.074484596670718
-16.128191332373962
-16.242627743740037
-16.34301054620557
-16.49850172991213
-16.635174102784106
-16.737748631076315
-16.855797917578716
-16.95127781726376
-17.076270446092675
-17.206358666605986
-17.289083028867
-17.37486770596982
-17.45748175411137
-17.531846216998595
-17.59872210193543
-17.643799444867494
-17.692836163539443
-17.74079006253845
-17.776478136622988
-17.796218223591172
-17.83006125646639
-17.853035889944277
-17.87835474051148
-17.892676454327816
-17.905185915728957
-17.917641005551463
-17.9293647920395
-17.941818614509423
-17.951569741848637
-17.9593060421521
-17.96569714642556
-17.97109255361703
-17.97426557211986
-17.978506376479782
-17.97993757363623
-17.982164556525206
-17.983348958166992
-17.98459324957787
-17.98637048868123
-17.987347831643422
-17.988669285294076
-17.989253555339246
-17.990145839657142
-17.991210459785528
-17.992264915822243
-17.992758079035667
-17.993286372313914
-17.99383534311336
-17.994594628587656
-17.994939468551685
-17.995442475193467
-17.99566184592301
-17.996044701800507
-17.99639007480936
-17.99678493217282
-17.997043586211266
-17.99733210064035
-17.99751594722482
-17.9978189148749
-17.998012905105337
-17.998175546126472
-17.99835636296952
-17.998539067860097
-17.998660252771305
-17.99886613922605
-17.99896496693483
-17.99908412207119
-17.99916835536129
-17.999237370276
-17.999327878878905
-17.99942738605507
-17.999496095623464
-17.999576918425053
-17.999647800113852
-17.999709128059013
-17.999759482313227
-17.999788178200873
-17.99983253216925
-17.999859316300473
-17.99989286047199
-17.999917508193445
-17.99993805171995
-17.99998327027574
-17.999999306088274
-18.000027388777454
-18.00004847608769
-18.000072942474834
-18.00008987590249
-18.000107412740952
-18.000123935663336
-18.000137239095363
-18.000161138957715
-18.000171902521053
-18.000181578834443
-18.000190382874077
-18.000198745483655
-18.000209004126912
-18.000218940711132
-18.000226517554882
-18.00023284048313
-18.000240725792867
-18.0002500995584
-18.000255930746953
-18.000261690248703
-18.000265700986798
-18.000270902540027
-18.00027601983666
-18.000280919730383
-18.00028678680794
-18.00029122715334
-18.000294660740934
-18.000297722300527
-18.000300789479162
-18.000305094155596
-18.00030914085435
-18.000312087127703
-18.00031535298571
-18.000320668190195
-18.000324222472482
-18.000328178598213
-18.00033148856457
-18.000334832658567
-18.000340779203892
-18.000345398606846
-18.00034947016916
-18.000353192826672
-18.00035794441755
-18.00036547810201
-18.000374144885487
-18.000383224516845
-18.000391449726077
-18.00039867605445
-18.000409259366922
-18.00041772344038
-18.000432708185162
-18.000448788544883
-18.000465815885768
-18.000500870194145
-18.000573733433605
-18.000625222439513
-18.000714833829687
-18.000806825240087
-18.000870533971366
-18.00097710211033
-18.001208958805936
-18.001362676025316
-18.001501354197476
-18.00159663135104
-18.00170269071876
-18.00187183003423
-18.002048292284012
-18.002155083915063
-18.002276365151292
-18.002394755093093
-18.002501886103392
-18.0026795689582
-18.002850627845056
-18.00305698191652
-18.003278512245494
-18.00345884393631
-18.003642685777287
-18.003837149873018
-18.0040829147011
-18.004362092444833
-18.004624707501023
-18.004920499200935
-18.005261425993563
-18.00566421623379
-18.00624731150294
-18.006720434991628
-18.007399900669068
-18.00784527232984
-18.00841997408164
-18.009019560714748
-18.009779982773242
-18.01046331356016
-18.011059649046555
-18.011585452744793
-18.012217745402673
-18.012723768272966
-18.013147944108173
-18.013824530184323
-18.01460052766783
-18.015280879970994
-18.016141647503076
-18.01690695882107
-18.017562416343356
-18.01807053410259
-18.018814724099283
-18.019378428005798
-18.019811444289843
-18.020500227145327
-18.021000439546
-18.021650846829306
-18.022269728687206
-18.022744008045787
-18.023289627724157
-18.02382888165337
-18.024187116535696
-18.024667060431586
-18.02508516587411
-18.02552129257398
-18.02603246641789
-18.026431476752144
-18.026829761870072
-18.027694331331166
-18.02808950373892
-18.02840529952144
-18.028921455159075
-18.029411674883804
-18.03058723079922
-18.031299807340073
-18.032459120016448
-18.033724687776704
-18.03514604737781
-18.03667011841404
-18.038597253478706
-18.040138464719018
-18.041507493758964
-18.044163786195558
-18.045909815448862
-18.04790068089718
-18.04998875909067
-18.051287382433735
-18.05319100534336
-18.055344738221482
-18.056820189225956
-18.058638500894343
-18.06026365856619
-18.06194938461428
-18.063973556883592
-18.065611789357984
-18.067959426148743
-18.07028991577541
-18.072244679529735
-18.073434217601946
-18.07528722623719
-18.076657534377944
-18.07805915692888
-18.079347310306872
-18.080593848364472
-18.0818847154079
-18.083211121101687
-18.084655429098277
-18.08638880423956
-18.088245771294247
-18.0905566751729
-18.0919838624874
-18.093592341845216
-18.095549118494738
-18.09765603151981
-18.099005124636573
-18.100061063244375
-18.10166142963141
-18.103180592748515
-18.10553530035969
-18.106755808101607
-18.107813955291512
-18.109497329076703
-18.1111560047266
-18.11232074543249
-18.11396054976824
-18.115187937358442
-18.116538154374346
-18.11843184135564
-18.11951693107538
-18.120746899119183
-18.122786656762322
-18.12471878876578
-18.12577898019079
-18.128290932601807
-18.12951780456389
-18.13067501487915
-18.132556658936466
-18.133809849691954
-18.136408862229075
-18.13818071585679
-18.13968976174687
-18.140824416282193
-18.14190639938661
-18.143077152595186
-18.14427881484996
-18.145252787814574
-18.146430295587866
-18.147598869201673
-18.1491900769824
-18.15074173710934
-18.152273362048316
-18.154378653981652
-18.15637078186442
-18.15770648733897
-18.15948036848056
-18.160592619425245
-18.161932552190137
-18.16370679296144
-18.16471221304622
-18.165734674047957
-18.167399051929344
-18.16872706003428
-18.170559606879156
-18.17237481735033
-18.17383553194272
-18.175351879844126
-18.17614958265791
-18.177678257252122
-18.178614848885804
-18.179632388302494
-18.181458486424262
-18.182293789244167
-18.18399142462921
-18.184777217882033
-18.18592374882376
-18.18722970333789
-18.188929917209325
-18.189877760414802
-18.1909104486406
-18.19216052764257
-18.193418801506947
-18.194665272714417
-18.196415404474607
-18.19749024219318
-18.198462456085206
-18.1997329121204
-18.200723062691374
-18.201572227497586
-18.203266268980137
-18.203932828982918
-18.205063240894734
-18.20660695440529
-18.208330328254977
-18.21043715893328
-18.211766668339695
-18.21300525582501
-18.215255873911005
-18.216590024962077
-18.21805410403983
-18.220097279632796
-18.22224864007136
-18.22403047245676
-18.226169089931048
-18.227744091701442
-18.22977766967167
-18.232148490980823
-18.23426955012045
-18.235929907822637
-18.239028362177315
-18.240508134004767
-18.242638947585597
-18.245330579980163
-18.247368821698142
-18.250202820986562
-18.25363393723398
-18.25618512950176
-18.259108833097297
-18.26350473888166
-18.266445340509428
-18.27013283911934
-18.272151179657634
-18.274562609396913
-18.27743449150618
-18.280527730876216
-18.283634765154048
-18.286709212120407
-18.28884266835622
-18.294168142216
-18.296853487786265
-18.30031988454376
-18.30523703009662
-18.312195316171845
-18.319214018901746
-18.328026476016767
-18.332820639415402
-18.3436090687283
-18.357505371545933
-18.36854196281349
-18.378667833397984
-18.3931350668042
-18.39999346477581
-18.40644166930275
-18.41777573152094
-18.423011466618227
-18.430078309674887
-18.43822905250214
-18.448247496348763
-18.457420701999386
-18.4670654160587
-18.476191758884557
-18.483584568603096
-18.490575054253227
-18.496142225005357
-18.502105601642608
-18.508218153306867
-18.511360542315227
-18.51682692377481
-18.520436287376572
-18.525909373651572
-18.530127797385262
-18.5338972186915
-18.539180696505223
-18.54567158497251
-18.550141522660287
-18.555448773654756
-18.560159618901352
-18.566378516632135
-18.5732864331546
-18.57776061181343
-18.58595657805124
-18.591044851313534
-18.596052125361023
-18.600806576073214
-18.60581430146826
-18.615481231487934
-18.62027945029626
-18.626714072926923
-18.63048399436114
-18.63511907948091
-18.64133012827092
-18.648088357607822
-18.653352405382602
-18.658849302873843
-18.666028248923528
-18.673951385923793
-18.680048800170038
-18.68813604484365
-18.694627078532065
-18.7015113755919
-18.7114492793524
-18.71769774401989
-18.723363492518036
-18.73296060129628
-18.73885032424597
-18.746259457629737
-18.75494110303244
-18.76387968320423
-18.771641867079737
-18.78060830428077
-18.790112923089136
-18.79886694117116
-18.81258441037635
-18.826591351375377
-18.839180308172388
-18.856898416199314
-18.871385459695613
-18.890216668993187
-18.910280067326266
-18.931317755745958
-18.94440970355421
-18.97179463910565
-19.00677628247687
-19.036840845540716
-19.065542393515997
-19.105288813110803
-19.135736838793935
-19.178692326704482
-19.201621595911693
-19.23410479726231
-19.252776844570644
-19.276398388629918
-19.298169127260177
-19.32276505468879
-19.34008284155732
-19.362296437191777
-19.368932031428663
-19.394224032220844
-19.406544614992605
-19.425681690829208
-19.451109266605783
-19.46345048289335
-19.479402981212964
-19.490153574463225
-19.50284742717834
-19.51507597201474
-19.526567341806068
-19.53788986566758
-19.546860225876582
-19.555186472885193
-19.563991049270435
-19.571121498235566
-19.57594473031958
-19.58444027236472
-19.58845646425169
-19.592576150694786
-19.59943645343736
-19.603001149687053
