500 iters for seed 19 on 3R0.3 which is in the 94.65255737304688 percentile
 Maxcut: 22.0, MedianCut: 12.0
-15.999999944940017
-16.000000014710658
-16.000000432337174
-16.000002503874416
-16.000007540031035
-16.00002208440581
-16.000063887787842
-16.000181967498897
-16.00381487596202
-16.003886431703954
-16.005257110598006
-16.010422810445675
-16.016052321126278
-16.038100321237664
-16.361683952207727
-16.424508997585963
-16.685616531830682
-16.87143288399513
-17.03637498840736
-17.193457989195537
-17.306977566916114
-17.400570082559312
-17.489558029217207
-17.590862403905632
-17.666768784678897
-17.72780369418482
-17.79937199102392
-17.84492443619313
-17.91659634591847
-17.968661462894442
-18.00344325485826
-18.07064061649113
-18.106252624737884
-18.153740921952505
-18.19638977797966
-18.243405445381132
-18.316486309571054
-18.355176285813876
-18.408926762161162
-18.44937898171548
-18.491607329495
-18.552432306900602
-18.60678480346118
-18.641990881052642
-18.684215979343204
-18.73094831921372
-18.77941441612357
-18.8302197298414
-18.86012360715123
-18.891194898385738
-18.918921209566047
-18.94808981520064
-18.981464372191073
-19.00780265231851
-19.038093838128685
-19.08025470558643
-19.09911881065543
-19.13065807368746
-19.142714873434805
-19.165734700603796
-19.17928611802837
-19.19616944885958
-19.22647601386821
-19.238744169129
-19.287529735855305
-19.301338004031397
-19.327777842498865
-19.34899195348242
-19.376185338622456
-19.403984328748752
-19.42324453616569
-19.45655396297883
-19.47793573358002
-19.50159189712893
-19.51714227863584
-19.530659959938433
-19.543490237296346
-19.561827264818614
-19.56937188272205
-19.57800807095925
-19.59013605187561
-19.59963301937812
-19.608482915603403
-19.615210422031815
-19.624806347381107
-19.636427662229455
-19.647643650893
-19.652801436044832
-19.657942220347284
-19.662546435120195
-19.667245646273848
-19.675503687470563
-19.67933554804787
-19.682955055630696
-19.68892678161709
-19.693034497130018
-19.701358355775938
-19.710984541136607
-19.718407337695243
-19.72838456937522
-19.73872413751381
-19.751103734389147
-19.76772682354897
-19.783412385179847
-19.791481507189566
-19.821914610868628
-19.84358068719288
-19.87161310472916
-19.913585249827566
-19.94255584951607
-19.97030374321176
-20.003905950636998
-20.017488756805644
-20.0447799722064
-20.065355050462752
-20.079441274651128
-20.104264143480773
-20.112524528078392
-20.128090752651886
-20.135248891348272
-20.150177272235176
-20.165124816225802
-20.17408300136635
-20.188429763821237
-20.195701778645066
-20.203951115312375
-20.21723412483434
-20.223894380085458
-20.22985573808402
-20.233547910150953
-20.23762054765283
-20.240940422329103
-20.24318652096674
-20.245106921362748
-20.247525080755466
-20.249554683541653
-20.253203958459768
-20.254745229278345
-20.256881912690837
-20.260014761103022
-20.260420038550244
-20.26460742956456
-20.265722474478043
-20.268030962616606
-20.27024050394339
-20.272866776085554
-20.274656268160953
-20.276935114919322
-20.279104512919
-20.281231087131125
-20.28363580726044
-20.285320208138998
-20.28778015144083
-20.290174034495237
-20.292228494085027
-20.293534569539418
-20.296238100755502
-20.298754634509255
-20.301420830573793
-20.303389563339824
-20.3055460217404
-20.308209350977556
-20.31142705775541
-20.31466596335963
-20.318104883487994
-20.323217544794424
-20.327758887918876
-20.332173386286602
-20.33823466474079
-20.344271191952057
-20.351888914787214
-20.358264500436547
-20.363367836994946
-20.36748410318469
-20.372848258048048
-20.376560664364167
-20.37983228583496
-20.386823338908336
-20.39162812101513
-20.396523904171747
-20.402664241665764
-20.40610903353818
-20.412007457500337
-20.418444601210542
-20.422049311909337
-20.430040070172513
-20.432611462870653
-20.440673879375655
-20.444661796275334
-20.448412835954432
-20.454750737036743
-20.456686295249273
-20.468193768971183
-20.471389162009164
-20.47658637293126
-20.480410853765054
-20.486750564879994
-20.49189795924261
-20.496941758466864
-20.505780231591984
-20.50988119540664
-20.517698906247983
-20.521024303072434
-20.526014149588065
-20.532212426347865
-20.537656623015316
-20.54116399066886
-20.544363034866468
-20.547685705700925
-20.55182682757779
-20.554864019839265
-20.55705204737362
-20.559552600975
-20.562765251586022
-20.565404748696103
-20.567493692654683
-20.570174736329637
-20.57266031860935
-20.574938215977525
-20.577495658139036
-20.579820072095476
-20.582893438997534
-20.58563688657668
-20.588464309805385
-20.591070970787555
-20.59482663111921
-20.598127582836923
-20.60036491503668
-20.603351733132595
-20.606285740867943
-20.60968010598036
-20.612563156783825
-20.614682197000167
-20.617497653493224
-20.619607648723623
-20.62311074096218
-20.62511521617804
-20.626946779144088
-20.63074596406041
-20.632336153534272
-20.637488879163353
-20.639170042453323
-20.64132804741949
-20.644806574348195
-20.647145881253095
-20.650498341735577
-20.652767001920246
-20.65517330501299
-20.657262542879412
-20.659177527916945
-20.66170590943504
-20.663177526675064
-20.66489692971317
-20.667779069809797
-20.669404438078594
-20.670950250957947
-20.67278186612523
-20.674646928428167
-20.67672282750085
-20.679072259477778
-20.680952722518622
-20.682654161096515
-20.685591368784625
-20.685942069760404
-20.688012989334034
-20.689265891650045
-20.690752851029167
-20.692538079667074
-20.69287946256456
-20.6966427981838
-20.697547737329675
-20.698993669479172
-20.700796634385966
-20.703058054432063
-20.705015535091515
-20.70697658450304
-20.708696211877026
-20.71011252346709
-20.71198800322348
-20.713517765313433
-20.71475143782283
-20.71701050099394
-20.7178131838234
-20.718847004714338
-20.720486366899994
-20.72160315283037
-20.722794401473262
-20.724206923586152
-20.72527907482662
-20.727379563561872
-20.729218089888295
-20.730592015240816
-20.73242745346272
-20.734012224409927
-20.73628478526022
-20.738511804079714
-20.74036950502012
-20.741764015305016
-20.743677073273677
-20.744128698784586
-20.74701282627118
-20.74797785600081
-20.749356221750805
-20.750965310687842
-20.75255452608954
-20.75512375897726
-20.75633737787357
-20.75804361352727
-20.75851047726321
-20.76020055746546
-20.76105905869905
-20.761990439737875
-20.7635064326934
-20.76433896176404
-20.7656241202235
-20.766547396380492
-20.767802773204018
-20.768976533197822
-20.77016220684658
-20.771852996424034
-20.772514988651537
-20.774277544568594
-20.775236312139857
-20.776280489957855
-20.777912473015135
-20.778650618669094
-20.77992599557145
-20.780813479418644
-20.78206304662383
-20.78336483810941
-20.784782309279816
-20.78609776139877
-20.787399858019707
-20.78841072399825
-20.789474426188423
-20.790572342041074
-20.7920420988068
-20.793548583763155
-20.79498086700614
-20.79611027099645
-20.79744724004083
-20.798356162121195
-20.799225578229525
-20.80074353547021
-20.801476663645495
-20.802353286370806
-20.803521290142957
-20.804267277582376
-20.804992258243885
-20.806008856963054
-20.80637795929474
-20.8069707515554
-20.807588501537175
-20.808303510860185
-20.80908738952432
-20.809505972704915
-20.81003288404463
-20.811433756929492
-20.812137355673354
-20.812839046911076
-20.813631343478637
-20.814407209468232
-20.8153091998313
-20.816094511455606
-20.816866790938573
-20.817578007961586
-20.818448210930057
-20.819226893896573
-20.819801507464092
-20.820379256612156
-20.821189957807416
-20.821911581712715
-20.822638628320174
-20.82328251565592
-20.82397431531932
-20.824734810313508
-20.825513243082877
-20.826380335744922
-20.82709167297199
-20.82781826026943
-20.828197863458662
-20.829013027729268
-20.829588551316924
-20.830390944473358
-20.830862173450782
-20.831423618643704
-20.83226756623791
-20.83317274259708
-20.833980011088453
-20.834991296367388
-20.83573099293417
-20.836657967003525
-20.837488086874703
-20.83828345045029
-20.83873106655233
-20.839866675579074
-20.84046342836342
-20.841139539219732
-20.84224276776312
-20.842848521559716
-20.843534687302643
-20.84434444230158
-20.845008964629702
-20.845630653622976
-20.846293539243852
-20.84694908910874
-20.847791219524648
-20.848704374448573
-20.84964663805118
-20.85028153927596
-20.85093074603862
-20.85214404140422
-20.85292132872967
-20.853970849957612
-20.854693791818043
-20.855476806544708
-20.85643709812957
-20.857327777724407
-20.85842570807878
-20.859213680269114
-20.860176476032077
-20.86125164342344
-20.86205581151194
-20.86281019430104
-20.86393694859498
-20.86453430260094
-20.86508815508229
-20.866142222786912
-20.86680515347478
-20.868026324936565
-20.86871031955751
-20.86988013663571
-20.87052665591016
-20.871428852722694
-20.872660326414255
-20.87368807320929
-20.87455195066388
-20.87536519374176
-20.876225949156062
-20.877009572528507
-20.87863976763332
-20.87934559157716
-20.880326819927614
-20.881575083988228
-20.882366635516455
-20.883486634286786
-20.88442304273429
-20.885749776615334
-20.88664692116912
-20.887899323501458
-20.88870952687767
-20.88961501125945
-20.89083125396995
-20.892211970654927
-20.89327888898973
-20.894602109038114
-20.895189896773093
-20.896732967014703
-20.897584721774347
-20.898242886863592
-20.899324628055822
-20.900080045974423
-20.901477543600326
-20.902702653662633
-20.903705687745223
-20.904641299787876
-20.905508071407507
-20.906509955908533
-20.90746182119785
-20.908488957251212
-20.910120923540642
-20.911251180050392
-20.91217494751935
-20.913277577539613
-20.914395035385485
-20.91550417671737
-20.917150851099304
-20.918032511931337
-20.919262456275774
-20.920045255561455
-20.92200389753851
-20.922841796579686
-20.92358240881502
-20.924615879865303
-20.925695498055713
-20.927286862645428
-20.928105077725697
-20.929209665485494
-20.93006060414557
-20.93154144012472
-20.932808517017957
-20.933877399415284
-20.935543832296773
-20.936659522628123
-20.937878212689803
-20.93929985636136
-20.940484552950764
-20.942496177792115
-20.943979159276903
-20.945152697032157
