500 iters for seed 2 on 3R0.3 which is in the 49.297332763671875 percentile
 Maxcut: 21.0, MedianCut: 12.0
-12.020985542596366
-12.433309246714993
-12.67294086339966
-12.97094962079405
-13.321930164391855
-13.773973524585571
-14.18687843515168
-14.5278853741951
-14.869281223766281
-15.271158942447773
-15.471676705261833
-15.956293252188969
-16.081512801632506
-16.52965663409629
-16.751755281250354
-17.04855948918514
-17.378166632683957
-17.614393102966737
-17.838373858008268
-18.06053014392731
-18.345311033710388
-18.5661349314203
-18.721726046793783
-18.888268052757713
-19.03520976823787
-19.11789346185153
-19.20743845208843
-19.288681805476237
-19.3719493253134
-19.48844072588157
-19.507369241025184
-19.602460303353176
-19.633784496008566
-19.6861553145287
-19.748322026997286
-19.793845088672278
-19.823380374488508
-19.848478049556373
-19.867435732153066
-19.88674921935982
-19.90243592049984
-19.913399391710865
-19.919913192940943
-19.933759535970704
-19.94007972874378
-19.950186374654116
-19.958160199512967
-19.962902705426274
-19.965893735374898
-19.9704186717431
-19.97326788894871
-19.975830897399888
-19.977713318225383
-19.979207211394108
-19.981589942220367
-19.983087277702943
-19.98442560202425
-19.986192109990835
-19.98719638921191
-19.98884796345767
-19.990512358180837
-19.992066930982745
-19.99272281340348
-19.99409981326279
-19.994708864062574
-19.99528284825202
-19.996041837214154
-19.996412479907377
-19.99679910711573
-19.99736092985732
-19.99758124593242
-19.997918989964653
-19.99811468138891
-19.9983259643205
-19.998438445487384
-19.99860339167747
-19.998843561884048
-19.998955732913572
-19.99913750005465
-19.99922372279645
-19.99930323365631
-19.999391998887273
-19.999513610570094
-19.99958146800393
-19.999621158906354
-19.99966197980395
-19.999692963193688
-19.999729312514418
-19.999760159221807
-19.999778686066495
-19.999805703213692
-19.9998123714834
-19.99984908723872
-19.999861452875447
-19.999873563275607
-19.99989089859044
-19.99991135358067
-19.999924957772844
-19.99993718151919
-19.99994716354786
-19.999955658484918
-19.999960709888065
-19.999964272693386
-19.999968664640285
-19.99997146190251
-19.999974279545285
-19.99997654172575
-19.99997862193488
-19.999980354353237
-19.99998203021568
-19.99998383967152
-19.999985395641183
-19.999987325189284
-19.999988856837422
-19.999989847504413
-19.999991113947505
-19.999992099135405
-19.999993450278975
-19.999993961153905
-19.99999458562611
-19.99999517141563
-19.99999583562597
-19.999996291520244
-19.999996673037966
-19.99999698300605
-19.999997262322022
-19.99999764011558
-19.99999788330847
-19.99999802064545
-19.99999843865818
-19.999998540352127
-19.999998670596014
-19.9999987733958
-19.99999892065873
-19.99999899700747
-19.99999906145932
-19.999999156702025
-19.999999245442694
-19.999999302362937
-19.99999938013114
-19.999999434833324
-19.999999492965195
-19.999999545038804
-19.999999598038976
-19.999999640789145
