500 iters for seed 149 on 3R0.3 which is in the 5.597686767578125 percentile
 Maxcut: 22.0, MedianCut: 12.0
-8.103502236627572
-11.987029315346053
-12.005774963164345
-12.007131796304607
-12.06759103251346
-12.091422506845161
-12.156871628400841
-12.18468950640819
-12.198924618384279
-12.231720936999363
-12.246458444007184
-12.263940095527623
-12.281761007950008
-12.296058135106495
-12.308598963610443
-12.324144202012564
-12.335949717319686
-12.348727491341652
-12.359557823193455
-12.369476314927955
-12.376816394294197
-12.384450408998315
-12.390287269330713
-12.396775344405938
-12.403353549820151
-12.408250160078724
-12.414739298944689
-12.420178734651575
-12.425895236875045
-12.430703174086753
-12.435582946781029
-12.439642502194895
-12.443111917191164
-12.446592392123963
-12.44956111355367
-12.451802071468816
-12.454679391382323
-12.457115861747708
-12.459102178701757
-12.46105413625433
-12.462485848860856
-12.464337820521639
-12.466560031445491
-12.468416149043515
-12.470612500773496
-12.472843215943415
-12.47518594795567
-12.477356104109555
-12.479888695125808
-12.481001058389335
-12.482806203577013
-12.483981549625039
-12.485382592860386
-12.487505125498997
-12.488367427892191
-12.490123112853148
-12.490848566325884
-12.492086422252315
-12.49385148915949
-12.49571320795345
-12.497426682974066
-12.499695905821532
-12.50116977807489
-12.503000873489228
-12.505160164294411
-12.506759798145549
-12.508230647970148
-12.51022531094028
-12.51143075223414
-12.51267653112335
-12.514560387652017
-12.515693747538988
-12.516834442362425
-12.517980215518573
-12.519090884820411
-12.5201233877297
-12.521227842453605
-12.522491251150669
-12.52320278306125
-12.524613447229902
-12.52523881731478
-12.526226999915558
-12.527207359927633
-12.527985848609404
-12.529471545247802
-12.530079489971902
-12.531042336453883
-12.531494846465696
-12.532230779775906
-12.533469191630848
-12.534158307245976
-12.535280518656243
-12.536285442718395
-12.537298694820235
-12.538222881170487
-12.539108032501206
-12.540205742615854
-12.54076241321495
-12.541352430628615
-12.542266256079035
-12.542970081661565
-12.543714324110173
-12.544421786101701
-12.545049096477257
-12.545631493207926
-12.546280718264109
-12.546791241562502
-12.547217378429199
-12.547800431880283
-12.548253689231398
-12.5487059369105
-12.549303324968013
-12.549700592036087
-12.550349831830188
-12.550753547701119
-12.551301191398133
-12.55175419567142
-12.552206342690273
-12.553079633838847
-12.553502166288634
-12.554115429207398
-12.554692682118612
-12.555180463809007
-12.555616282220628
-12.55598228569081
-12.556420586491146
-12.556767488170145
-12.55720411117672
-12.557663016055095
-12.558024229144808
-12.558388087157834
-12.558892292234997
-12.559397677616692
-12.559812453222971
-12.560196198594475
-12.560667939324881
-12.561238390930422
-12.561528789711055
-12.56196424469772
-12.562270045348034
-12.56265139804907
-12.563168970916593
-12.563462267653527
-12.563633134148999
-12.564415406373833
-12.564602611837342
-12.564961295960954
-12.565408117840366
-12.565763495580065
-12.566068431967434
-12.566282814151572
-12.56656525096202
-12.566861555792428
-12.567202944337035
-12.56738706163703
-12.56758247746908
-12.567935793418021
-12.568317457215576
-12.568644338093879
-12.569044265311069
-12.569363858619308
-12.569743744021412
-12.570129525013948
-12.570406778006607
-12.570926799975657
-12.5714468815193
-12.57171007035028
-12.572119499212121
-12.572463519935216
-12.572786886099564
-12.573143916637228
-12.5734189249035
-12.573828611684819
-12.574257068773422
-12.574648961114853
-12.574862331022029
-12.575226002065433
-12.575479827020146
-12.575744501598674
-12.576065157337773
-12.576258023548396
-12.576635305535188
-12.576897129333208
-12.577133949104551
-12.57742050879287
-12.577647827426297
-12.577969717225152
-12.578228698226255
-12.578461182912209
-12.57866366968903
-12.578953165297417
-12.579173445191234
-12.579341242171926
-12.5795543947472
-12.579749657511492
-12.580012735318281
-12.580239542175883
-12.580395722862175
-12.58061174367866
-12.580795575345853
-12.580926865656673
-12.581126065382403
-12.58125292080741
-12.58140831491145
-12.581691833514125
-12.581822389241527
-12.581984470976074
-12.582237456252155
-12.582392687194885
-12.58255255315727
-12.582732965815584
-12.582883271951031
-12.582994674218979
-12.583208409570167
-12.583323244091172
-12.583486600714487
-12.58377198443273
-12.583930388890595
-12.584124091158039
-12.584273845670396
-12.584484242580398
-12.58466503930907
-12.584827646814535
-12.585060578403247
-12.58520799695458
-12.585408929636134
-12.585590689238707
-12.585816202174936
-12.58593258018839
-12.586182162795994
-12.586332472996359
-12.586606578615694
-12.586776005853672
-12.58692996998289
-12.587214450954948
-12.587469523975312
-12.587632489492531
-12.587888537575893
-12.588058736846993
-12.588268362333462
-12.588583064653998
-12.588771874912851
-12.588941001171806
-12.58930277972664
-12.589410420599535
-12.589625836988612
-12.589836089719235
-12.590060912393742
-12.590399286950763
-12.590572868123049
-12.59087721916445
-12.591077981720002
-12.591244035001434
-12.591436020675689
-12.591660148549764
-12.591879848798994
-12.592019978366903
-12.592324443859159
-12.592463136451457
-12.592675671964892
-12.592850108586527
-12.593024089449658
-12.593338227329891
-12.593504896156219
-12.593808586430503
-12.594047511226561
-12.59419956092307
-12.594383561062278
-12.594658834127797
-12.594827907396764
-12.595044644063165
-12.595213455964508
-12.595389592992868
-12.595666869764692
-12.595860026028417
-12.596081742626964
-12.596287809353651
-12.596466051194154
-12.59659581342529
-12.596896692383702
-12.59702628361717
-12.59720758392267
-12.597466250761231
-12.597723904145706
-12.59790310524588
-12.598117366357124
-12.59833351263536
-12.59853216250925
-12.59877882975145
-12.598891390356858
-12.599025117003809
-12.599265815845595
-12.599403406378876
-12.599616882074187
-12.599758413073507
-12.599921557647384
-12.600039298300013
-12.600186918910277
-12.600359718712124
-12.600547414360616
-12.600668653085894
-12.600824099777903
-12.600988010115628
-12.601157918564144
-12.601278084883003
-12.601415487420455
-12.601524266591937
-12.601661722962822
-12.601821714735342
-12.601945427981022
-12.602068848911328
-12.602258806709957
-12.602354722431208
-12.602482291511546
-12.602642136678377
-12.602776297220899
-12.60298968328875
-12.603171338428684
-12.603287805733913
-12.603439494071832
-12.60358493777683
-12.60380867776763
-12.60395400976054
-12.604096180931109
-12.60423082125465
-12.604395264684136
-12.604604561409857
-12.604788898193076
-12.604987212572357
-12.605155488047002
-12.605341722860867
-12.605593248230342
-12.60577210397363
-12.605940698317374
-12.606128118423682
-12.606335624087393
-12.606549940534235
-12.606794496195807
-12.606975073616677
-12.607169862939884
-12.607363591974192
-12.607639809911552
-12.607791418515397
-12.607973930237119
-12.608135970503353
-12.608373336037335
-12.608552456734202
-12.608761538284806
-12.60912374588622
-12.609298343732213
-12.609578824028073
-12.609785036104942
-12.61002981240815
-12.610242688777374
-12.610453255538689
-12.610668230197032
-12.610845381523728
-12.61109862332295
-12.61145529395342
-12.61161267659353
-12.611826822377118
-12.612009058780789
-12.61226689093688
-12.612511726676207
-12.612687357666022
-12.612942854807812
-12.613169733622758
-12.613358036957523
-12.613619476642167
-12.613845434794957
-12.614086928631387
-12.614279954601379
-12.61448871097429
-12.614697739568815
-12.614880128985071
-12.615052831956623
-12.61524797691419
-12.615484172032662
-12.61571839532306
-12.615932759899016
-12.616135964939282
-12.616364988276523
-12.616576460136292
-12.61677935092591
-12.616949169619396
-12.617124864677798
-12.617268171938495
-12.617441651735701
-12.617652412767711
-12.617816998467873
-12.618037981953107
-12.618192649795375
-12.618334688472393
-12.618487099041396
-12.618659975280348
-12.618830034946392
-12.61894338639658
-12.619111776257903
-12.619223689962
-12.61935646130417
-12.619505790876952
-12.619620196209944
-12.6197268551309
-12.619971127364728
-12.620072281580743
-12.620215720582785
-12.62040508544659
-12.620598839865442
-12.620744897608708
-12.620890819142417
-12.621026381607763
-12.621172940153599
-12.621286174527715
-12.621378192468242
-12.62148602185566
-12.621616573126051
-12.621735803454118
-12.621863245662034
-12.621986059754663
-12.622123834255168
-12.622254323151559
-12.622359309371404
-12.6224669718074
-12.622614580808397
-12.622730023407915
-12.622833949351868
-12.623001441510592
-12.623081848755454
-12.623189718629087
-12.623347545679499
-12.62344724730068
-12.623584576080345
-12.623733163460107
-12.62381698966071
-12.623961008510273
-12.623982503704795
-12.624187551994357
-12.624263161016298
-12.624367932653165
-12.624510243975974
-12.62462398295026
-12.624806251774505
-12.624918024036258
-12.625045716796157
-12.62514448130775
-12.625238519102375
-12.6254175975892
-12.625516615800592
-12.62562322034378
-12.625788508064407
-12.625868372290007
-12.62596165126031
-12.626182444484991
-12.62628009517213
-12.626451869675641
-12.62657444304893
-12.626710582191322
-12.62682892420405
-12.626927284869957
-12.627051983225439
-12.627173889186748
-12.627302857978318
-12.627423242044115
-12.627521884582356
-12.627698224336923
-12.627794278497232
-12.627885970446401
-12.628055400157015
-12.628159849913104
-12.628382381676426
-12.628540211015425
-12.628637021606778
-12.628763410070844
-12.62887833438846
-12.628952945178227
-12.629129372989677
-12.629196163258216
-12.629310031420816
-12.629478745541412
-12.629548758910305
-12.629717244509676
-12.629782132022205
-12.62988041417126
-12.63001934023319
-12.630173481292287
-12.630286324194984
-12.630434790988064
-12.630507924732756
-12.63062514938889
-12.63077260603885
-12.630858899812655
-12.631042210999771
-12.631136368513687
-12.631279687990148
-12.631358981598055
-12.63147012503733
-12.631584633248444
-12.631729292841605
-12.631821519211844
-12.631931949648742
