500 iters for seed 63 on 3R0.3 which is in the 94.81582641601562 percentile
 Maxcut: 21.0, MedianCut: 12.0
-15.999999798071801
-15.99999984474128
-15.99999989740153
-15.999999968925295
-16.000000065706953
-16.00000019423133
-16.000000740966115
-16.00000298242711
-16.000019438997537
-16.000053125370368
-16.000197579644524
-16.006289581545538
-16.007859349347097
-16.02341306866749
-16.048999583534563
-16.125749966746653
-16.222523125973634
-16.38778069373166
-16.52196596532158
-16.552258058055514
-16.756090253859302
-16.846780427335162
-16.97122890665699
-17.12687630610495
-17.197788764929577
-17.351034537543804
-17.43518735001643
-17.519380234611724
-17.561614395528945
-17.639595527095583
-17.664802129937986
-17.70986489731233
-17.74823226581882
-17.787594838794195
-17.8208253444625
-17.84427719964257
-17.860075820723026
-17.897765163074446
-17.907733515078423
-17.922493309308056
-17.931585846084044
-17.94251405272563
-17.949846723944376
-17.95546995086984
-17.965496195089166
-17.970312068498583
-17.97298028745134
-17.976143148603565
-17.978258755957548
-17.981158464410317
-17.98442590711038
-17.986093289788258
-17.987800541107596
-17.98891713518846
-17.990137736106497
-17.991864466946158
-17.993056374731005
-17.99377659469503
-17.99440506809878
-17.994983031715922
-17.99542657355744
-17.996037897409504
-17.996391922615476
-17.99682125385965
-17.99701067177786
-17.997413724709002
-17.997661769728307
-17.997945661671004
-17.99819215837971
-17.998548024053584
-17.998687261870135
-17.998828916056752
-17.999070489028526
-17.999203891014233
-17.99943098391696
-17.999573047323352
-17.99971613371545
-17.999840429887936
-17.999983139430803
-18.00015118611776
-18.000290885585372
-18.000421125603282
-18.000565691057997
-18.000639496937783
-18.000701673094024
-18.00078575576
-18.00084489068257
-18.0009531841391
-18.001067716713287
-18.00111792473225
-18.001211446398887
-18.00126680425882
-18.001339838399755
-18.001447481894758
-18.001519202799667
-18.001644210575243
-18.001728746677667
-18.001830306054135
-18.001953948637055
-18.00204663277008
-18.002301356814282
-18.00244943176483
-18.002610408064776
-18.002814987236782
-18.0030299863818
-18.00333486073091
-18.003676967833215
-18.00395312436294
-18.004340909774232
-18.00477066383438
-18.005270890066008
-18.005681360085646
-18.006066327536715
-18.006455770617574
-18.006976159676995
-18.007403080282845
-18.00806521066426
-18.008469914505714
-18.00915502881859
-18.00970856281725
-18.010361524455966
-18.01144404570008
-18.012284988580664
-18.013389251266116
-18.01440734909487
-18.015438976262455
-18.017315735322825
-18.01889373548091
-18.020620562440175
-18.022943655326525
-18.02473017864182
-18.026867699150973
-18.02845776265671
-18.032257566862256
-18.034581561870738
-18.035970012548017
-18.038887876436565
-18.04158277698698
-18.044295736665784
-18.046888780653994
-18.04940254705155
-18.050893448625573
-18.05329782648771
-18.0555105755957
-18.05764270532569
-18.059503740208758
-18.06088485405247
-18.063007912797858
-18.065083038058514
-18.067155229240797
-18.068445841403005
-18.07020024712318
-18.0707074899579
-18.073045715130842
-18.07387374647677
-18.07478361651265
-18.075906573409288
-18.076638767870698
-18.078173866185065
-18.07879102983405
-18.080115939727854
-18.081346862457018
-18.082862603608802
-18.083471302193814
-18.08481963943167
-18.086129015056255
-18.08759926096615
-18.089321676771174
-18.090787093171677
-18.092191718378835
-18.093210715748093
-18.094864709627807
-18.096221657265865
-18.0974088986183
-18.09873773584172
-18.100149608097958
-18.101569117106752
-18.102734960915242
-18.10403070283475
-18.105914145145267
-18.107529504604425
-18.10886237026474
-18.110022873546747
-18.11147742049163
-18.111761763903722
-18.11398957119433
-18.114574544182915
-18.115519179688132
-18.11660855133737
-18.117954592572715
-18.119831409416964
-18.120810549222398
-18.121886249579987
-18.122848440912186
-18.123798027925513
-18.125484421811016
-18.126511535313636
-18.12797853828304
-18.128982787914794
-18.130145131905834
-18.131389622306756
-18.13291469594586
-18.134363330153626
-18.13562989598021
-18.137383447511635
-18.13851487964913
-18.1398355361062
-18.141072596975835
-18.14221542346536
-18.144161544480816
-18.145771594016548
-18.147582854998657
-18.149594821145474
-18.151165352394397
-18.153197819240873
-18.154860386500758
-18.156486933448758
-18.1587361898056
-18.16088255306803
-18.162813236133974
-18.1647847711093
-18.166699887642125
-18.168645610190204
-18.170824486983065
-18.172923493869575
-18.174846892031756
-18.176599624444478
-18.178223909863107
-18.179539525250167
-18.18079451853685
-18.182139295395217
-18.18355441881255
-18.185553792155478
-18.187068667972014
-18.188218855350716
-18.19001223350282
-18.19130518667137
-18.192955703805517
-18.194249737037723
-18.195620695780036
-18.19739950389122
-18.19917050088404
-18.20048769462263
-18.201903256697015
-18.202617693850712
-18.203532220641144
-18.204616298228622
-18.20548844188623
-18.2071789466844
-18.207797130006902
-18.209521916698407
-18.210242225539677
-18.211549007958176
-18.213678151902414
-18.214893001755716
-18.216728875482644
-18.218202433146583
-18.21997997343275
-18.22157354523603
-18.223278744193998
-18.224760791787066
-18.225903390610352
-18.227477892473686
-18.22914398229705
-18.230910761155087
-18.23244495368914
-18.23411669288388
-18.23599455638131
-18.237375014562797
-18.238972519321035
-18.24010684443457
-18.24127773972926
-18.242533567601388
-18.24401452323905
-18.245042869862033
-18.246446769991877
-18.247157638451363
-18.248707151578422
-18.24958282371265
-18.2505262000029
-18.25186480671843
-18.25267454013421
-18.25371085939292
-18.254280244562235
-18.255179395631544
-18.256324143711314
-18.25766957047696
-18.258510825333687
-18.259525162486497
-18.260514726439308
-18.26145560366066
-18.2621610521851
-18.26280858160378
-18.263616112757703
-18.26435469127718
-18.265534114104604
-18.266338214363756
-18.267240438311863
-18.268124099693747
-18.269214821874954
-18.269845927989792
-18.270730778768247
-18.27117861349078
-18.272323923822782
-18.272942470655693
-18.27349652565288
-18.27443263002675
-18.275346979928884
-18.27620591087603
-18.276769376114423
-18.277475138810818
-18.27832355065622
-18.279296471754186
-18.28013938897459
-18.280998842887303
-18.2820313618647
-18.283240520891237
-18.28417491692719
-18.285171152607955
-18.285774288876283
-18.2870185496133
-18.28775085455392
-18.28859223782463
-18.289562753113096
-18.290793317985464
-18.291690813655915
-18.292700193663347
-18.29354800321689
-18.29439507381423
-18.295680653307137
-18.296456232466575
-18.297939476935525
-18.299224998292686
-18.30043226435813
-18.301397254562037
-18.30232179597057
-18.303143372810332
-18.30455011848513
-18.305308677365492
-18.306222527406636
-18.3079227643171
-18.309231544997985
-18.310837045441428
-18.311970496291156
-18.313286883255223
-18.31430558420376
-18.31549189565609
-18.316496707166607
-18.317686264456757
-18.318118192809
-18.320023695458122
-18.320836588743376
-18.321663235417617
-18.32296364770527
-18.32375827513948
-18.325172278676973
-18.326157513962574
-18.327396199356983
-18.328487378009413
-18.329737327051493
-18.33149864200907
-18.33258660036746
-18.333916846316104
-18.33562167568767
-18.3366830068246
-18.337586069066308
-18.33893493202259
-18.339809013268628
-18.340953638635035
-18.341806870934906
-18.342461682665967
-18.343176110598357
-18.343951023877967
-18.344702422362612
-18.345751849231718
-18.346791541064093
-18.347592761447803
-18.349201285055283
-18.349954222405458
-18.351052127968458
-18.352293814577838
-18.35347201189406
-18.354851233347542
-18.35648674573765
-18.35762427044605
-18.35869269799973
-18.359778529954355
-18.3609601837255
-18.362507400991923
-18.36371692638184
-18.364860919743222
-18.3667350251361
-18.367999573163754
-18.36923946663413
-18.37096831407256
-18.37213359229606
-18.37409746873881
-18.375704617367735
-18.377061443331836
-18.378559791659363
-18.379896175923143
-18.381416292422536
-18.38394335977634
-18.385668234419843
-18.387271308820292
-18.390270014506108
-18.391877068959452
-18.39382667100293
-18.397645637387647
-18.399847411572658
-18.40191610933632
-18.405739221862515
-18.407764355983236
-18.410817682023513
-18.413048908216673
-18.41462163418332
-18.416074686215968
-18.417508664704908
-18.419715163482017
-18.421047462117514
-18.422621812794326
-18.42427133225619
-18.425693203513504
-18.427949440391235
-18.430112344481305
-18.431707873237322
-18.433402843976033
-18.43510298526814
-18.437265401425023
-18.43914787770712
-18.440555198062317
-18.443247900851517
-18.445009562929005
-18.447604525132583
-18.44978131826132
-18.45142863397177
-18.454657353477586
-18.456561322831803
-18.458921585353337
-18.46040749001388
-18.46202386013312
-18.464112221241013
-18.466404904101708
-18.468727752833257
-18.47080576260402
-18.473050756608345
-18.474974838456003
-18.477269284075668
-18.47878410563332
-18.48026621709712
-18.482399435335235
-18.484187892260387
-18.48600514033189
-18.489550071939632
-18.491150492186566
-18.49333035394707
-18.495511223117735
-18.497968258562818
-18.501247240898724
-18.503726462133987
-18.50650897489478
-18.51016114630317
-18.513092212081173
-18.516530488756853
-18.51989238882751
-18.52218974096266
-18.5251893572176
-18.527248474232085
-18.530759341019596
-18.5329979196517
-18.535617047014636
-18.540116344596242
-18.54406619405644
-18.547684731084242
-18.55016767905568
-18.552819603166956
-18.555753902346577
-18.559026156936476
-18.562513467044027
-18.565240940732274
-18.568754769642574
-18.572868276540763
-18.575304885848116
-18.579047244677213
-18.581620569245285
-18.585567548351918
-18.588613696088224
-18.59163280554242
-18.597230334669202
-18.601599626892416
-18.61039306913827
-18.614301558819545
-18.619222160243947
-18.625524113499424
-18.63361756109171
-18.642503960329222
-18.65037779784424
-18.658557613650633
-18.667995810415935
-18.67830843551631
