500 iters for seed 138 on 3R0.3 which is in the 78.88259887695312 percentile
 Maxcut: 20.0, MedianCut: 12.0
-14.000278308524104
-14.20139065073486
-14.21009172224987
-14.509816327153839
-15.042884548211715
-15.276375713695833
-15.706951873021787
-16.08793552614033
-16.38503762329851
-16.64637178837321
-16.861876466679867
-17.094496549796855
-17.242263808508905
-17.403406551144624
-17.520137024536737
-17.607554232725228
-17.699837477205993
-17.75482673768597
-17.791683047287123
-17.824225481461518
-17.854658200639424
-17.882189292330757
-17.899232406773255
-17.921488357358072
-17.929384978693463
-17.938853548272885
-17.943977958319955
-17.952685438270517
-17.95703741772598
-17.96080390450155
-17.964547263909033
-17.969226008421938
-17.971709636837808
-17.974498986115357
-17.97937307730144
-17.98167544254423
-17.98455308318642
-17.98662828072812
-17.98854946236084
-17.99008986073936
-17.992011581066585
-17.992885047178603
-17.993726334385375
-17.994445552845658
-17.99531209990982
-17.995987026221005
-17.99652581019241
-17.99703610251102
-17.99759065840121
-17.997787687314446
-17.998065932331
-17.9984109079986
-17.99869803123434
-17.998893779824776
-17.99900783496077
-17.999161894606107
-17.999203141569655
-17.99940740020483
-17.99947853176236
-17.999572263448716
-17.99971035298878
-17.99984026105657
-17.999941137180603
-18.000020691158007
-18.00012731545473
-18.000198429884595
-18.00030410470672
-18.000369514061227
-18.000437646179844
-18.000498672224495
-18.000570231127277
-18.00061911164412
-18.000672635379104
-18.000736141052812
-18.00081463085415
-18.00090264105949
-18.001011929351016
-18.001083199070557
-18.001170604147873
-18.00125628865162
-18.001321471492577
-18.001455431526814
-18.00150859111187
-18.001636140215066
-18.00170170515168
-18.001796552841878
-18.001951048598876
-18.002079637828487
-18.002238586896787
-18.00238219195307
-18.002553704246253
-18.002764741664542
-18.00307768303137
-18.00323866101088
-18.003476131260474
-18.003799674149636
-18.004150553827333
-18.004662175583892
-18.005090260119818
-18.00560145979158
-18.00643382886606
-18.007276000747908
-18.007863839246564
-18.008630930163967
-18.009485393531243
-18.011033156272294
-18.012526555032764
-18.013963024997693
-18.015369744128726
-18.016975195196387
-18.01845944722517
-18.020332012122598
-18.02183819748856
-18.023356230441866
-18.02488147133168
-18.02687759977902
-18.029537237078227
-18.032191626085837
-18.034893222458294
-18.038104450864257
-18.041270848494108
-18.04526441321895
-18.048656376896563
-18.052379502694382
-18.056334692817302
-18.060530619693097
-18.06689423435667
-18.07079715535665
-18.077568625516676
-18.087923581272676
-18.096705432486868
-18.110595899837065
-18.121507258631567
-18.13763503344882
-18.152312940022565
-18.16077524026692
-18.184226908400458
-18.2045937244171
-18.223983723256985
-18.240338435095122
-18.261952323169375
-18.283299393006264
-18.305495177134187
-18.328436547561942
-18.350962460986995
-18.37318172734581
-18.380919519269995
-18.40712540938345
-18.420510240598574
-18.42934383724042
-18.44079266137555
-18.44920929970872
-18.459154659001502
-18.465131679643964
-18.470379240501984
-18.476511309957008
-18.482206617556372
-18.486515049528915
-18.489845266720582
-18.493039192856262
-18.495660772773007
-18.498046061803098
-18.499981231787643
-18.50102261498434
-18.502469770644204
-18.503643345678903
-18.504378381562365
-18.5050255088021
-18.50532146355997
-18.505771961951112
-18.50628972298393
-18.506749524571603
-18.506964602698353
-18.5071942334574
-18.50738952542066
-18.50761971614309
-18.50779304602703
-18.507945500109713
-18.50804896863139
-18.50813227242847
-18.508291017645053
-18.508353451719003
-18.508437276240084
-18.508513461194052
-18.5085661339402
-18.508603065394443
-18.50865418436174
-18.50869407443212
-18.508740977406028
-18.508774449168417
-18.508809878062195
-18.508843530146535
-18.508869888263387
-18.508914709243367
-18.508960503402083
-18.509002364740947
-18.50906876585335
-18.509124351224294
-18.50918579203912
-18.509258347317342
-18.509313816784218
-18.509409884888676
-18.509505418207397
-18.50963250288747
-18.509772820537837
-18.50991214943526
-18.510081679821816
-18.510183896123166
-18.510306917336106
-18.510480968919847
-18.510673549680433
-18.51091852142168
-18.511123422481276
-18.51149055178436
-18.511873811625446
-18.512295532092942
-18.512730467144348
-18.513133903431772
-18.51363503696921
-18.514208941998973
-18.514468329198014
-18.515118319457017
-18.515714342268268
-18.51624786668893
-18.51698553029084
-18.517672697890955
-18.51824110299354
-18.519148806168385
-18.519650721081515
-18.520382409288594
-18.52142522395999
-18.522064978307803
-18.522793915550412
-18.52373493053079
-18.5242560904256
-18.524837666542215
-18.525555844797758
-18.52603620285388
-18.526471257589456
-18.52723108753768
-18.527927229664982
-18.528682555003464
-18.529529780761347
-18.530265777079002
-18.530989265637178
-18.531748200755015
-18.53232394467412
-18.53307169469888
-18.533833625000593
-18.534449724488105
-18.53523040565732
-18.53623500236805
-18.537102406697528
-18.538193622205217
-18.539389856194084
-18.540497138420154
-18.541979289308504
-18.54342524856917
-18.544626348536696
-18.545570862664274
-18.546982394956338
-18.548281344699475
-18.54990863875764
-18.551181868429968
-18.552309595816315
-18.554046324160165
-18.55525458755381
-18.556225747564167
-18.55787518055725
-18.558886882680806
-18.559970473233815
-18.5615268408874
-18.56252274040229
-18.56383130899164
-18.56559556421446
-18.567214377506833
-18.568560501424972
-18.56991509207914
-18.57135033819338
-18.572803332543597
-18.573384681938858
-18.575715066921152
-18.576415541393242
-18.57754361736478
-18.579030917927685
-18.579948469307578
-18.582139265596286
-18.582787702979893
-18.5838958647316
-18.5847056992287
-18.585769083360194
-18.586550804587592
-18.587137275047102
-18.588198924393446
-18.58899054080518
-18.589736551304796
-18.590331174630943
-18.590939682323725
-18.59164563216132
-18.592688007803677
-18.59316874005709
-18.593933773787544
-18.59488545959836
-18.59554145220811
-18.596840478201553
-18.597618227779073
-18.598470794328655
-18.599992696201877
-18.60037423905173
-18.602352032198993
-18.602937367954688
-18.60416274681139
-18.60578433259557
-18.60612588537738
-18.607894463579605
-18.608423662716895
-18.609305021103374
-18.610232787627094
-18.61144548859556
-18.612535528712037
-18.613730877884194
-18.615156015047713
-18.616722260242028
-18.617879460448517
-18.618966714116787
-18.620239206694222
-18.621508372201752
-18.622700371118473
-18.623404256425783
-18.624086576851877
-18.625133378336315
-18.625850439588124
-18.626748104401923
-18.627941222830877
-18.62858945607586
-18.6295133644212
-18.63040490086118
-18.63153737558039
-18.632361328613023
-18.63293714651386
-18.633962648156675
-18.634565637555887
-18.635479790835948
-18.63637641407969
-18.637024738886407
-18.637796845878455
-18.6385116494878
-18.6393633305897
-18.640254755539882
-18.641237898052374
-18.642216184831405
-18.643383180132155
-18.64431878053603
-18.645274471132154
-18.64602692846572
-18.64658854244742
-18.647572539522127
-18.648718118716342
-18.649499138170693
-18.65009928553333
-18.651639495642836
-18.652123599753427
-18.653452743022555
-18.65425682865812
-18.655113046261953
-18.65645079104553
-18.656629420233248
-18.658006186952505
-18.65840873477564
-18.659450254128203
-18.660597876964555
-18.66121969805099
-18.662130600630555
-18.662944187880548
-18.663929801372824
-18.66474270135298
-18.665591446272106
-18.66628683725201
-18.66682562629343
-18.66784527865494
-18.66878728341707
-18.669491112787153
-18.67051095035269
-18.67128317660364
-18.672277596103108
-18.67309228056851
-18.673874965592923
-18.674956770811256
-18.67603938902564
-18.677134535672977
-18.678301787892917
-18.679242287659225
-18.68026670843935
-18.681190112591285
-18.68198237503964
-18.6829377111226
-18.68378647300848
-18.68461938586788
-18.685066006813603
-18.68582965429363
-18.68649876996563
-18.68725936134288
-18.688495554939216
-18.689068390895848
-18.689648628919045
-18.69035378638346
-18.690853772466607
-18.691133865674807
-18.692292523138995
-18.692621290658238
-18.69317874138169
-18.69393969477824
-18.694734054799948
-18.69548219716995
-18.695916641083873
-18.696514868526474
-18.69711665297215
-18.697666114059288
-18.698130149294922
-18.69867964129749
-18.6993335344334
-18.69988276460076
-18.700339239231514
-18.700906166725797
-18.701593286126425
-18.702347985146393
-18.70311338572656
-18.703635545944643
-18.70413497820366
-18.704686069797376
-18.705342394019308
-18.705520569831364
-18.70639395413754
-18.70667609313485
-18.70707357163968
-18.70759891658309
-18.707677308549126
-18.708452952401853
-18.708698023309566
-18.70902435367512
-18.70928439983915
-18.70965460814064
-18.70993048654746
-18.710127119427597
-18.710572075471276
-18.710644928868852
-18.711244037038878
-18.71139745633418
-18.71163825293215
-18.711869563270906
-18.71218027386533
-18.712482355129897
-18.712704395139337
-18.71301375137181
-18.713354372643764
-18.71364724576612
-18.713928413750295
-18.71420935993762
-18.714475468024062
-18.7147655215126
-18.714930037745315
-18.715044067916917
-18.715326551032376
-18.71553083228644
-18.715760051644203
-18.716004356344065
-18.716248470911445
-18.716467329345765
-18.71676270216371
-18.717022856535014
-18.71726881088614
-18.717472493002177
-18.717738717368377
-18.7179302554853
-18.71815879374104
-18.718335230126687
-18.718542701525898
-18.718780157409125
-18.7190982914054
-18.71946122822544
-18.719656836239903
-18.719938705369852
-18.720194367892624
-18.72054425609954
-18.720785844100078
-18.72104824666029
-18.721192231565926
-18.72143919051451
-18.72170468482173
-18.721953811153288
-18.722196809071864
-18.72241393078585
-18.72270975492903
-18.723022500364657
-18.723215603247972
-18.72347763215724
-18.72361905614436
-18.72376186112342
-18.723993415705127
-18.7241256811958
