500 iters for seed 39 on 3R0.3 which is in the 48.609161376953125 percentile
 Maxcut: 20.0, MedianCut: 12.0
-12.018455546484665
-14.222078780244377
-14.245707653444772
-14.835717964365681
-15.453534610104812
-15.905991738971544
-16.538479263429775
-17.07840121896299
-17.5026552495761
-17.80778678229657
-18.234972557029973
-18.469011454547754
-18.747558819044247
-18.927655619740204
-19.143572677424572
-19.284224286833776
-19.414439088464817
-19.50212161845669
-19.565169504443087
-19.614539419203062
-19.664827395163055
-19.738932546570464
-19.763364866732502
-19.796808688174725
-19.811691101894333
-19.839772400786487
-19.87219361066622
-19.88578894330425
-19.910794429094516
-19.921734354869976
-19.93400260101377
-19.94300297836283
-19.951175856281264
-19.957737560156083
-19.961643263428925
-19.96632076180547
-19.970502678142516
-19.974156193562816
-19.977805212828027
-19.979881009000188
-19.98435707302458
-19.985475736675735
-19.986984604981537
-19.988049942501473
-19.989676095510674
-19.990906046102737
-19.992143376898078
-19.994343787515586
-19.995035564849243
-19.99602115001779
-19.996719425989735
-19.997291229973154
-19.997804325200235
-19.998171443417682
-19.99841062585044
-19.99862037913994
-19.99884258509061
-19.99906415704338
-19.999235139613475
-19.999334000932294
-19.999438968220062
-19.99952104630481
-19.99959822075137
-19.999643731693567
-19.99967440918934
-19.999700227648972
-19.99975400959718
-19.999781761243828
-19.999805463115102
-19.99983535771582
-19.999858747424184
-19.99987786479614
-19.999903162620736
-19.99991395857557
-19.999929151463054
-19.999950429803434
-19.999957510847846
-19.999964280775348
-19.999969102513937
-19.999974221595195
-19.99997947284542
-19.999983762505064
-19.99998685356901
-19.999989631746843
-19.999991320705746
-19.99999253430902
-19.999993215728498
-19.999994178429045
-19.999994706817297
-19.99999534564841
-19.99999581753742
-19.999996214376537
-19.99999689169744
-19.9999972708255
-19.999997544236997
-19.999997804341742
-19.9999980733378
-19.999998189865227
-19.999998596459378
-19.999998722878445
-19.999998913152936
-19.999999102822983
-19.99999926710185
-19.9999993492544
-19.999999466592552
-19.99999954382403
-19.999999619633726
-19.99999967820607
-19.9999997182025
