500 iters for seed 92 on 3R0.3 which is in the 78.88412475585938 percentile
 Maxcut: 21.0, MedianCut: 12.0
-14.000000232566244
-14.000000806073796
-14.000002489060705
-14.000007650928389
-14.042982359262961
-14.042987202105435
-14.045026006876101
-14.048035061598327
-14.050146129653054
-14.052997991653855
-14.055246530299682
-14.05760251138271
-14.062522809398075
-14.06893081464091
-14.073406472318393
-14.079497030747826
-14.088364243993542
-14.10199735141162
-14.123691685770625
-14.158498744922861
-14.212945613731405
-14.293012162253053
-14.40146894711461
-14.528751825952535
-14.658644566260076
-14.957308962458967
-15.135338087866213
-15.27655593114617
-15.531859432535358
-15.834755594506836
-16.130254643511385
-16.31902869888303
-16.504161667845977
-16.712068057761506
-16.894492511583042
-17.064970937005562
-17.247225234388544
-17.350492752593734
-17.439532022572795
-17.51580277916642
-17.599982342397055
-17.671231397579984
-17.736272081148083
-17.789110906043586
-17.83288511370876
-17.857965898085087
-17.894340104778426
-17.910262199244926
-17.92722273325516
-17.934545802791195
-17.942711017212453
-17.950668030248522
-17.959099800322672
-17.963905076123623
-17.967382685543605
-17.973971894588356
-17.97640726077958
-17.978964127934802
-17.981252642642815
-17.983387948640047
-17.985487610000213
-17.987198734143252
-17.989148926009758
-17.990517522291878
-17.991858632978158
-17.99297798009868
-17.993835682209586
-17.99483524297816
-17.99569502280598
-17.996314210521593
-17.996842834788165
-17.997273422050895
-17.99771419930691
-17.997944924189234
-17.998316408933622
-17.998568483711704
-17.998814319290293
-17.999005402735072
-17.999121354027874
-17.999303121379338
-17.99947196209251
-17.999536844614056
-17.999678935259233
-17.999746816594456
-17.99986302801527
-17.999958454484343
-18.000023002704772
-18.00015408801029
-18.00021835813741
-18.00034835879186
-18.000453608534077
-18.000562237289653
-18.000655453197044
-18.00075486287524
-18.000828746941174
-18.00090183491318
-18.00099037553752
-18.001070792564533
-18.001187129588487
-18.00127876661345
-18.001412979557813
-18.001555015138223
-18.001754525963342
-18.002097463303084
-18.002468947519777
-18.002971275736222
-18.00689542968942
-18.009251000840997
-18.01145423044353
-18.017051279766164
-18.032458566945753
-18.050397994811185
-18.083799101600288
-18.138085013987816
-18.206031506762333
-18.273723262996647
-18.363726484454357
-18.417301237179363
-18.477915529191268
-18.567682381522083
-18.61240314534026
-18.660546748177197
-18.724561786977226
-18.76570341512038
-18.81152410816101
-18.851340102903293
-18.879547952194006
-18.900240597529162
-18.916595352994953
-18.93711272296452
-18.948415506773234
-18.96616116260953
-18.978061300651476
-18.98859568697466
-19.003819674233842
-19.013514037438114
-19.024584643015853
-19.030832362714353
-19.037648002024227
-19.04389840674187
-19.04860413161444
-19.052252710023815
-19.055939325305012
-19.063487189205023
-19.068067952696566
-19.07262786666306
-19.077244819058805
-19.08193559990692
-19.086921091952558
-19.091409075287658
-19.095817635616413
-19.099327792211565
-19.10442329979483
-19.107919933663794
-19.11280976780214
-19.114766872512924
-19.11836966847677
-19.122126721089035
-19.125778763910574
-19.128194287052455
-19.130430236352197
-19.13232413222084
-19.13420080702562
-19.137122172493026
-19.13898247106915
-19.141378638323324
-19.143293925870058
-19.14457940347712
-19.145415505653048
-19.14781093092528
-19.148750344165183
-19.150036807715242
-19.151877453978358
-19.15379407563208
-19.155210411798834
-19.15651438445412
-19.157578424042423
-19.15885582844788
-19.16032375014114
-19.161752074433924
-19.16299033897699
-19.16443938793553
-19.16562682160721
-19.167060557730977
-19.169377848678216
-19.1721249778258
-19.17432936924663
-19.177096791461558
-19.178553856622997
-19.180774156073106
-19.18333900601216
-19.184635297850615
-19.187787574393653
-19.190011428517725
-19.19314697804343
-19.19524816069002
-19.198071410083557
-19.20118241071304
-19.204901114040734
-19.207566379370764
-19.210552573547815
-19.213753315668185
-19.216190786521803
-19.218461362422023
-19.220467254673142
-19.222803739608363
-19.225594194496622
-19.227541322018983
-19.22889637165429
-19.23139633778502
-19.233365981446205
-19.237600620928674
-19.241714801112156
-19.245828411698223
-19.251090334396768
-19.25478947851169
-19.258937151763302
-19.26656748874721
-19.270099397902303
-19.274185171627476
-19.279868661670363
-19.28444153830167
-19.289607995381157
-19.297344649896417
-19.300667015235746
-19.304643019983235
-19.30946524660473
-19.314301139281792
-19.318998595735923
-19.321821805785884
-19.325958100681863
-19.330160287532543
-19.335221131550984
-19.338329839317325
-19.341774759721382
-19.344827662574424
-19.348850366367728
-19.351587385212138
-19.353918250787764
-19.356359278384996
-19.359631399988096
-19.361342359366123
-19.363182925149886
-19.365226505027646
-19.36772645769383
-19.369598097533824
-19.371626176493564
-19.374695508278204
-19.375186625712125
-19.38028076478702
-19.382099536869124
-19.384521944488423
-19.387953065295456
-19.39026092499951
-19.39374748007831
-19.39686874706858
-19.400656353315835
-19.40516507963664
-19.408882109868582
-19.412084621035735
-19.414717341755654
-19.419289492787573
-19.421984947628665
-19.42572866606266
-19.428198973753307
-19.431094273858317
-19.435118679995224
-19.439690751620326
-19.442675832755835
-19.447101588637377
-19.44962765448897
-19.453001872501957
-19.455754227553673
-19.457636148924696
-19.460590920997703
-19.463553359001025
-19.467436411619605
-19.470725285002622
-19.475108693497788
-19.479146278388825
-19.483849314693984
-19.486238752909124
-19.487976413411502
-19.491757137988518
-19.494599861017893
-19.500403384253783
-19.50231072607311
-19.506582265790332
-19.50823654176322
-19.5113813780634
-19.514883252762772
-19.518407042079183
-19.522238052645964
-19.52536723826384
-19.528254444342238
-19.532157386596854
-19.534928873872182
-19.538075587676058
-19.54176206158087
-19.544911754863577
-19.548767114902983
-19.553175375453232
-19.558020356209266
-19.56283406745504
-19.56655347736961
-19.5711101594841
-19.57430109371095
-19.57990689253544
-19.587787010358976
-19.59033602531888
-19.599456809199406
-19.60218323439573
-19.60719621922811
-19.614018308565758
-19.621367462507738
-19.62725534498783
-19.632684889126672
-19.63586048853051
-19.640181264113103
-19.644312616655043
-19.64716081505091
-19.651933973352538
-19.656248663947856
-19.659211145614915
-19.664230636784712
-19.668300873889283
-19.672816722016456
-19.676935340397545
-19.680436272174454
-19.685960058315853
-19.687231243564092
-19.69619666411472
-19.69892742671829
-19.702705094386292
-19.70732539718033
-19.713229526567957
-19.718719733457167
-19.7246712055851
-19.729968286308427
-19.73546221509429
-19.74246721687146
-19.748223222371053
-19.753595961734646
-19.76024634177735
-19.766589444052023
-19.771637402334513
-19.776902305484075
-19.78056586676834
-19.785125660827884
-19.79084945764388
-19.79559279012185
-19.79864384386246
-19.80411212239441
-19.806896631884698
-19.81032288789687
-19.816159676240375
-19.82056319067681
-19.825682734595915
-19.831196765689093
-19.836920157770603
-19.842139908354145
-19.84780963096147
-19.85488381492823
-19.86016112640131
-19.865694843780705
-19.870507895501248
-19.875489031494325
-19.880075091919696
-19.887439314811946
-19.891081722068797
-19.89583003653729
-19.902418258461207
-19.905273309540025
-19.911265309198512
-19.91345122017765
-19.91673805044113
-19.920199936153484
-19.92335800444652
-19.926478477109818
-19.929202701017655
-19.932336114670616
-19.93559068648723
-19.93876304639947
-19.942625040874706
-19.946591497410814
-19.95048285808619
-19.95479768770718
-19.959687800488094
-19.96344649372852
-19.968123834106745
-19.971676325811988
-19.97527577708793
-19.978317672320937
-19.981058055503002
-19.984629659625558
-19.986910637218706
-19.98950785526409
-19.994358048260157
-19.99660675308848
-19.99880976902558
-20.002327107200497
-20.00446775303897
-20.00992527066377
-20.01241120002866
-20.01480729963287
-20.017645547468465
-20.020321381912993
-20.024174884404548
-20.027376654458237
-20.031146963818333
-20.034318379416657
-20.03909650776344
-20.045238949717607
-20.050565666353513
-20.05446935286676
-20.05843566370973
-20.06259478780663
-20.066153268168083
-20.071860828542988
-20.074291991652736
-20.07834710145666
-20.08117106648815
-20.08591524375921
-20.089069508077813
-20.091717549788356
-20.096398226948008
-20.09964379656728
-20.10319365071406
-20.105339648284033
-20.107941424780886
-20.11065791834829
-20.11481411203401
-20.11676772197925
-20.119028637420207
-20.122263365734682
-20.124463747476703
-20.127216166108436
-20.128851566979034
-20.13095387295677
-20.133727952083586
-20.136411547926766
-20.138821906060095
-20.141177889105936
-20.142812576196675
-20.1452129602117
-20.147318920992685
-20.149480560996263
-20.15155239881699
-20.154303566953068
-20.15632633229847
-20.157856157636328
-20.159643080653037
-20.16112383613997
-20.162856057292593
-20.164900864258993
-20.16657310774063
-20.168381016625
-20.16975183872809
-20.171074016198638
-20.172330209283416
-20.173939669223117
-20.175535814836707
-20.176211361689138
-20.177167736456322
-20.17762704618164
-20.179188564031218
-20.180292256053775
-20.181228624108584
-20.181843938655234
-20.182627474986834
-20.183414656602224
-20.18442649982949
-20.185242516225998
-20.185961387016917
-20.186561684021406
-20.187207544551118
-20.187762950231935
-20.188149221870447
-20.188785786165482
-20.189130245194804
-20.18979637809282
-20.190057888645168
-20.190392497495058
-20.19093713426607
-20.191339172484398
-20.191786500432045
-20.192091031961496
-20.192480858177532
-20.192877613384
-20.193421438126006
-20.19370300699189
-20.194038637367285
-20.194467472623185
-20.194950636756875
-20.195539410358723
-20.19598691397047
-20.196552870398047
-20.197400851112484
-20.197682656971175
-20.19850635384408
