500 iters for seed 43 on 3R0.3 which is in the 20.749664306640625 percentile
 Maxcut: 21.0, MedianCut: 12.0
-10.034257638289088
-11.983115066607958
-12.016871584953208
-12.04608421914078
-12.09023613346146
-12.100452896697501
-12.147128076758937
-12.15422624600603
-12.199853494301603
-12.218946880641827
-12.23702271651706
-12.255341402358999
-12.27209266404114
-12.282373976513824
-12.295531459024298
-12.310229297543826
-12.321759260855039
-12.332407638684074
-12.343422041950028
-12.351118062930777
-12.359516756622188
-12.367289882441721
-12.374335126923153
-12.382159237173548
-12.388945846281562
-12.395262187577249
-12.40194468038593
-12.407347448293777
-12.412688395551422
-12.417764999606014
-12.422617217963328
-12.424616006739674
-12.431414103710297
-12.433743900978223
-12.437776675822779
-12.442511513132185
-12.446502203837074
-12.449822186179109
-12.453562697573071
-12.45671594270943
-12.460562444594824
-12.463392673740579
-12.465978943048862
-12.469627617054815
-12.472346980009998
-12.475015886344544
-12.47729477302422
-12.479793314644214
-12.483059288508212
-12.485761374805183
-12.487779812829839
-12.490359929153811
-12.492211923397473
-12.494531674088648
-12.497392966776598
-12.4993392711689
-12.501468234060724
-12.503964156689811
-12.50590214750268
-12.507488682826738
-12.509746397600741
-12.511513551843043
-12.513761991167792
-12.515342303647119
-12.516754020104477
-12.518584668872316
-12.520120868825554
-12.521767254310985
-12.523614851902552
-12.524896818123233
-12.526642479149125
-12.528155180231625
-12.529733896121416
-12.531301093369517
-12.53313061503771
-12.533613096968805
-12.535505438143584
-12.536153850166452
-12.537093062052463
-12.538194435512251
-12.539385643410652
-12.54030445762564
-12.541210544316355
-12.54207731950877
-12.543006282825152
-12.54422722053027
-12.544987884293343
-12.546182087338849
-12.547158206802106
-12.548053178762519
-12.54865317350233
-12.549601443121187
-12.55022507514542
-12.550794645008777
-12.551516023046647
-12.552000804462136
-12.552849015853544
-12.553575271424052
-12.553972305426385
-12.554562143859034
-12.5550425812659
-12.555638207501712
-12.556127714502871
-12.556548419465916
-12.556944601733031
-12.557474719505999
-12.557948404321154
-12.558417557569957
-12.558790610075839
-12.559230505074993
-12.559633713362475
-12.55991050054569
-12.560468115200782
-12.560722840082281
-12.561113192644484
-12.56145546392651
-12.56175002974013
-12.562256888927266
-12.562708981138707
-12.562991153260676
-12.563348793631159
-12.563701303867928
-12.564110530973972
-12.564520068633161
-12.564744502797954
-12.565051874425578
-12.565281813210852
-12.565655208414665
-12.565957648073839
-12.566251595673508
-12.566744210090036
-12.566849901702572
-12.567401512412156
-12.567606167600697
-12.567946474322309
-12.568439386616598
-12.568801748755261
-12.569205838223068
-12.569569946732178
-12.569961130282497
-12.570223785779298
-12.570868325168899
-12.571080396182719
-12.571371906398745
-12.571767120123202
-12.572061045905297
-12.572567243970193
-12.572834245326334
-12.573162204713666
-12.573660394998818
-12.574207958709444
-12.574571226389677
-12.575144533937625
-12.575517415140537
-12.57600793785215
-12.57664220626834
-12.577041711438403
-12.577646647590536
-12.578563850148372
-12.578978244093012
-12.579630891585483
-12.57990960927561
-12.580586165272964
-12.58098873677896
-12.581317139318571
-12.58194170875587
-12.582544348447403
-12.58347136167249
-12.583966907823033
-12.584474844490401
-12.584897548523328
-12.585419010915018
-12.585939654259777
-12.58628511289454
-12.586885758063612
-12.587494919953276
-12.587869317999488
-12.588467860334411
-12.588573479646499
-12.589009240952464
-12.589275291317005
-12.58964105138638
-12.590092575341794
-12.590492215570766
-12.591061785220955
-12.591383703314033
-12.591830620803883
-12.5920865759641
-12.59243586933072
-12.592852526153242
-12.593149006372295
-12.59357427106937
-12.594163797610216
-12.59442737844858
-12.594818935717376
-12.595097793625918
-12.595445544469749
-12.59591446193782
-12.59616108183268
-12.596662516647289
-12.597021448768508
-12.597272716519027
-12.5977809272924
-12.598069623777521
-12.598345953299212
-12.598812581963921
-12.599063105237626
-12.599397835240314
-12.599755357064037
-12.599833789136023
-12.600277066903415
-12.600449906401357
-12.600693044863206
-12.601029293281979
-12.601228190329806
-12.601568584047396
-12.601868310165809
-12.602174949196664
-12.602498652569217
-12.602867252553072
-12.603158733913197
-12.603486856949958
-12.603724319315475
-12.603974487788832
-12.604439866754971
-12.604689632695884
-12.605018495172565
-12.605419084229307
-12.605849035672687
-12.60605038590359
-12.606649470387234
-12.606898787654455
-12.607114855010671
-12.60753741797268
-12.607852935534869
-12.608286667899048
-12.608715898836618
-12.609102350027957
-12.609366911442763
-12.609770020996924
-12.610024654557984
-12.610280232716375
-12.610564315189288
-12.610816915229655
-12.611266605588005
-12.611679145618684
-12.611936996519963
-12.612252049326049
-12.612474141704352
-12.612742424876181
-12.6130662983726
-12.613379380848842
-12.613556229593582
-12.61405176115799
-12.61422497509456
-12.614406943223374
-12.614782307398306
-12.614973933824803
-12.615232971486174
-12.615515475723994
-12.615805598135243
-12.616029682575816
-12.616373326759234
-12.616624173814506
-12.616836272717629
-12.617129407494659
-12.6173069649266
-12.617592591447918
-12.6178006633634
-12.61798491858773
-12.618156406383289
-12.61831273211139
-12.61848345919258
-12.61868036830196
-12.61883394914949
-12.618996861834237
-12.61917302306185
-12.619330895444644
-12.619517942525938
-12.619695957470462
-12.619853003650942
-12.62002753981859
-12.620170124971708
-12.620367950127381
-12.620485984028162
-12.620637986396797
-12.620809067210978
-12.621036098545645
-12.621165705628568
-12.621309786824938
-12.621488275914889
-12.621683264288897
-12.62186006754301
-12.622092211565977
-12.62226366320429
-12.622462718531647
-12.622687585902316
-12.62287542843762
-12.623048050989809
-12.623259685587405
-12.623415281426624
-12.623569426687524
-12.623794418512091
-12.62391232470371
-12.624047941420079
-12.624240988693785
-12.624368879516194
-12.624494474526498
-12.62470778278449
-12.624804568792324
-12.624994890941402
-12.625198234188584
-12.625410015252221
-12.625568301257355
-12.625738663097128
-12.62590824195189
-12.626108549438536
-12.626300164737403
-12.626454106840185
-12.626580275359407
-12.626769713998264
-12.626862634926981
-12.627022517745703
-12.62722743132757
-12.627286799148749
-12.627510883607323
-12.627592377031648
-12.627725661695006
-12.627870833578681
-12.628056934189665
-12.628200582985496
-12.628361616944375
-12.62852638394746
-12.628726838096608
-12.62889036769868
-12.62907376752243
-12.629224276998894
-12.629385585862181
-12.629563305986203
-12.629684454758404
-12.62984140142844
-12.630021200075515
-12.630150971285747
-12.63029471825671
-12.630339864911663
-12.630611736756753
-12.630703225284014
-12.630820021544539
-12.630989029123928
-12.63111460971924
-12.631292376327917
-12.631403553794566
-12.631562108386081
-12.631687297017653
-12.631826627093188
-12.631987723245308
-12.632101084835242
-12.632222800732967
-12.632439980813803
-12.632527288889289
-12.632680407580432
-12.632821544358283
-12.632992113483398
-12.633118613513018
-12.63325042518376
-12.633378688482757
-12.633512600747684
-12.633691875995428
-12.633794270919754
-12.633931189902743
-12.634097497629991
-12.634226361865963
-12.634311036841865
-12.634478158008514
-12.634566492669947
-12.634656848629442
-12.634759413835223
-12.63484069667131
-12.634994112079319
-12.635017753690192
-12.63517299716715
-12.635221374243528
-12.635308596942231
-12.635423336238107
-12.635478632097092
-12.635596634040445
-12.63564743816908
-12.63571628636053
-12.635813626548954
-12.635906632661642
-12.635964857347627
-12.636037871766945
-12.636103288158061
-12.63618970706314
-12.636270966842464
-12.636344504722352
-12.636386725629407
-12.636474888431113
-12.63651303436523
-12.636597531372223
-12.63665709343658
-12.63670800899067
-12.636788462469104
-12.636838884485826
-12.636929683112239
-12.636987964286813
-12.63705608389414
-12.637101202701977
-12.637150786589395
-12.63721739103077
-12.637261519611185
-12.637342507650482
-12.637405748273308
-12.637450143480786
-12.63752916210784
-12.637578546661008
-12.637630249173927
-12.637687011316658
-12.637732812981579
-12.637812786039605
-12.637876873664139
-12.637933314681886
-12.63799973410682
-12.638065208050525
-12.63813359242404
-12.63820576636785
-12.638257917928932
-12.638315150349776
-12.638401962546457
-12.638451801545283
-12.63851029173066
-12.63861593985585
-12.638664196304676
-12.638714778230147
-12.638799607696303
-12.63883385788996
-12.63887767336636
-12.638922502506514
-12.638956094006973
-12.639009655508898
-12.639068744776896
-12.639111143793288
-12.639164977658412
-12.639204203310255
-12.639246115315345
-12.639298199089627
-12.639349830959137
-12.639382362943863
-12.639437276101368
-12.639487636780146
-12.639543658830126
-12.639603484194632
-12.639650017712016
-12.639696296258387
-12.639755066041303
-12.639802208620925
-12.639844352255155
-12.639880448625508
-12.639927981389345
-12.639969733163873
-12.640024065250131
-12.640065868416722
-12.64009913905247
-12.640135645971958
-12.64019192329675
-12.640223747145049
-12.640263414829409
-12.640324600726286
-12.640361222293194
-12.640410034733293
-12.640452633061175
-12.64051348918652
-12.640558087255727
-12.640618631356547
-12.640662803766185
-12.640699014941555
-12.64077158151736
-12.64082063804576
-12.640874625120972
-12.6409110258382
-12.640948568083509
-12.640981274647974
-12.641053591499134
-12.641080041721803
-12.64112107425709
-12.641170013464379
-12.641228735189037
-12.641283993461327
-12.641329232163985
-12.64137327938306
-12.64142230040385
-12.641474135999383
-12.641560245620335
-12.641603738345493
-12.641680241973361
-12.641726732828282
-12.641776282700341
-12.64182832061956
-12.641879251301589
-12.641920254584837
