500 iters for seed 48 on 3R0.3 which is in the 94.47860717773438 percentile
 Maxcut: 22.0, MedianCut: 12.0
-15.999999847521112
-15.999999901004845
-16.00000003202821
-16.00000022996737
-16.000001593606783
-16.000004335767724
-16.000011022925847
-16.000027237408304
-16.002073956842626
-16.002078318611424
-16.002687786398685
-16.005630647550856
-16.00960453974675
-16.023629713849314
-16.102001674402967
-16.14155388627297
-16.224184288056406
-16.310314544190685
-16.43843371494274
-16.51899674347427
-16.60871682293489
-16.67835382483214
-16.841359226927548
-16.92508430547459
-17.02592942894355
-17.140559443504706
-17.2350481963235
-17.301127335538563
-17.39001394580557
-17.477326656876937
-17.526202029657007
-17.60429573078734
-17.64748195555508
-17.699339864865458
-17.706455912568043
-17.767894653573688
-17.784667555897244
-17.809573216945754
-17.841481179541635
-17.862935714198155
-17.889171338610527
-17.89988195823149
-17.91180760855556
-17.923946695846002
-17.93496447122818
-17.94456761657204
-17.95206666663701
-17.954805220215366
-17.96178839516401
-17.9646978322104
-17.96842148051089
-17.974436461474674
-17.977445349409024
-17.98545721594164
-17.987143743829403
-17.989458423746964
-17.99032496921336
-17.992114800081605
-17.993140942789363
-17.99385209757964
-17.995157538964673
-17.99561228682304
-17.996499109251623
-17.996932221694696
-17.997422114638713
-17.997970096898452
-17.99815208666529
-17.998735952819306
-17.9989273405599
-17.999167433592252
-17.999291683911835
-17.99944464449436
-17.999565563369586
-17.999677254114516
-17.999801727766588
-17.999954698289063
-18.000045690776883
-18.000181152339334
-18.00024018466173
-18.00031987835554
-18.00040463106205
-18.000461504017487
-18.000553974800695
-18.000611226931962
-18.000669332758246
-18.000722575530844
-18.00076426758831
-18.00080347656872
-18.000836894484646
-18.000876961814004
-18.000902911250073
-18.00092334126579
-18.0009436142366
-18.00095582933969
-18.00097103627228
-18.000988754234474
-18.00100146484794
-18.00101564104769
-18.00102799544772
-18.001038318773194
-18.001049275301543
-18.00105533402096
-18.001066589331394
-18.001073258977865
-18.001078564130637
-18.001086375831836
-18.00109339728748
-18.001098131822555
-18.00110312973635
-18.0011075380979
-18.00111793750494
-18.00111948770446
-18.001128608970838
-18.001131755140218
-18.00113707351954
-18.001144981346414
-18.001150442387708
-18.001160448456105
-18.001165317990825
-18.00117046285104
-18.00117591355761
-18.001183888345384
-18.001191957113658
-18.00119695614883
-18.00121012041774
-18.001224955522712
-18.00123495240663
-18.001251471781675
-18.001269498742374
-18.001292931810124
-18.00131887934645
-18.00134525941096
-18.001373623012967
-18.001410041770416
-18.001453600580714
-18.00150423063632
-18.00154806694204
-18.001623225763918
-18.001702428794868
-18.001785341786544
-18.00184776180532
-18.001977107648923
-18.00210020251491
-18.002248846683027
-18.002398470935052
-18.00249485900548
-18.002584762992115
-18.002704881827356
-18.00289374453807
-18.00298760360863
-18.003107279107777
-18.003276915914302
-18.003425796589006
-18.003641774352065
-18.003857729811724
-18.004083355076318
-18.004298352872915
-18.004420107917557
-18.004593741859168
-18.00473028665401
-18.00497508496492
-18.005075097293975
-18.00530506418477
-18.005414979110547
-18.005532002233068
-18.005661981832578
-18.00580459576041
-18.0060333388621
-18.006162990868482
-18.0063766587505
-18.00647333670281
-18.00660744925255
-18.006811260891997
-18.00698219353195
-18.007142220300718
-18.00737723478283
-18.007523795436818
-18.007678286867797
-18.007835275427343
-18.00794160796026
-18.008109261091768
-18.008168477790914
-18.008304540908643
-18.008351605698774
-18.008432506970195
-18.008536315784923
-18.00863823368706
-18.008722656350056
-18.008828378299118
-18.008950632528563
-18.00908781719622
-18.009170000964776
-18.00924727980256
-18.00936286688759
-18.00947126788589
-18.00961725962065
-18.009757316864878
-18.009896440411797
-18.00999253377761
-18.01009017847329
-18.01018578025352
-18.01029266521503
-18.010433357354348
-18.01052511982177
-18.01066560834229
-18.01072415969611
-18.010867905380387
-18.010916609897404
-18.011015581921473
-18.011152680739105
-18.01125951540595
-18.01141778124817
-18.01154790473343
-18.011684966022358
-18.011824742043235
-18.01196260529055
-18.012117991060176
-18.012247581951208
-18.01238896969251
-18.01245172005721
-18.012635668941318
-18.012703598069645
-18.012862174837302
-18.013057086114895
-18.013253927036455
-18.013434076048778
-18.013600082090914
-18.01375477085719
-18.013963249615834
-18.014185678616407
-18.014375778983172
-18.01453913153664
-18.014704300540256
-18.01486302878919
-18.015111307122186
-18.015231936101227
-18.015391159032305
-18.015706510670242
-18.01591899948813
-18.0161500057882
-18.016724368853446
-18.016922917682518
-18.017214632986345
-18.017499964595164
-18.017831128773718
-18.018366241736388
-18.01861782669736
-18.01890221922868
-18.019240118918503
-18.01955806589913
-18.02004953638709
-18.020403583148187
-18.02078349643154
-18.0210165589751
-18.02126740813957
-18.02166188993765
-18.02201835090825
-18.02237867702451
-18.022848264759954
-18.023043549511677
-18.0234104761026
-18.02371928261074
-18.024173258877028
-18.02443016961118
-18.024682301238943
-18.025031418595468
-18.025393920309938
-18.025763059780836
-18.02608831131995
-18.02633408385271
-18.026576831368036
-18.026982301625587
-18.02723121440262
-18.027604506419248
-18.02816403789592
-18.028467905701287
-18.02913051285706
-18.029414177124217
-18.029966451703256
-18.03022493755949
-18.030638757312236
-18.031029097164176
-18.031369782901386
-18.031763033390757
-18.03231445098116
-18.03283704490947
-18.03343809135524
-18.03411585611704
-18.034794419686715
-18.035472284059136
-18.03616894842907
-18.036765602560866
-18.037468016294774
-18.0382379178625
-18.03888808592192
-18.039651071084318
-18.040094977276368
-18.04064693034222
-18.041276343580225
-18.041851427890435
-18.042452317075774
-18.043305826016862
-18.04392556663573
-18.04476925854542
-18.04576652720075
-18.046608289663254
-18.047378922102272
-18.047988059716793
-18.04880500712349
-18.049303134764564
-18.05041258965271
-18.05076813058161
-18.051322636409594
-18.05206448569205
-18.05281524625702
-18.053809453235882
-18.054441022040237
-18.05517773671869
-18.05565261779004
-18.05629477351937
-18.057011862867984
-18.057730249264942
-18.058470699048918
-18.059070366556245
-18.059897235890514
-18.060505581416546
-18.06137506386425
-18.062251795030615
-18.06336562777025
-18.064334996887332
-18.065416237346884
-18.066437926452544
-18.06715941917492
-18.067837820632022
-18.06855736016737
-18.069122239959988
-18.06953354947227
-18.070036846604456
-18.07054314141421
-18.071610037912457
-18.072162980162588
-18.0729350527746
-18.07351373173267
-18.07413447027381
-18.075459577777742
-18.07617411615186
-18.077115129005193
-18.07797270286865
-18.078941478416745
-18.079489641262324
-18.08056821378057
-18.081347253141956
-18.08207729828856
-18.08351839035694
-18.084671217672067
-18.086393734942178
-18.087427867872876
-18.088340851261364
-18.089515416291828
-18.090797415437283
-18.0922126404058
-18.09304991983891
-18.09412877452368
-18.095127712586763
-18.09640892700686
-18.097820345237043
-18.098656543387552
-18.099510254656202
-18.101069956419188
-18.101648320620505
-18.102650282076663
-18.103487198810715
-18.10456606138117
-18.1051480301144
-18.105638167590435
-18.106633788774634
-18.107413856127728
-18.108627595955227
-18.109471296208266
-18.110195218014642
-18.11141052871087
-18.112598703918867
-18.11335211320315
-18.1145688771159
-18.115250097351645
-18.11599214394629
-18.117293501704285
-18.11803187286296
-18.120453956912552
-18.121667721958183
-18.12419987396701
-18.12551772959853
-18.127055050218367
-18.12834706574906
-18.13051331046433
-18.1313995631741
-18.13267539726832
-18.133787627732975
-18.135138189352514
-18.136773424839113
-18.13775395588772
-18.139305767806928
-18.14104704211979
-18.14273295941085
-18.14433463213456
-18.14575650135329
-18.14709752745294
-18.14839495221137
-18.149432330186194
-18.150587669370097
-18.151238218088515
-18.15224795193069
-18.15271837738525
-18.15340615559866
-18.15462899258196
-18.155904949877375
-18.157314490927718
-18.158038144922227
-18.158946277020803
-18.159565730791694
-18.160453916116627
-18.16171813733658
-18.162386823614696
-18.163089201012443
-18.164031568631096
-18.164722806673154
-18.165688068246723
-18.16650973207691
-18.167583198458974
-18.16830488778361
-18.169204221610144
-18.170405762106526
-18.17166662016844
-18.172589446968324
-18.17341741375553
-18.174091516934844
-18.17503668641465
-18.17572901173207
-18.176485414397977
-18.176912641937797
-18.177871693703796
-18.17906332668895
-18.179877883084835
-18.180906860581235
-18.18154670530644
-18.182327497099198
-18.183066412487918
-18.183909165822577
-18.184939900380062
-18.1857232551372
-18.186405852901064
-18.187216432034568
-18.187625527382824
-18.188410381061246
-18.18966674232253
-18.19101746594174
-18.191841200943745
-18.19259339193928
-18.1934013304726
-18.19439897532126
-18.195770264921634
-18.196844810982338
-18.19737216331968
-18.198645941315085
-18.199573327996173
-18.2010717200334
-18.202380473415193
-18.203663999604807
-18.20479895071081
-18.205607462936673
-18.206451388504775
-18.207720345837824
-18.208493533961633
-18.209316575341294
-18.20999462724208
-18.210564511634914
-18.21127015145059
-18.212119957645058
-18.21291003394796
-18.213523968331703
-18.214561790711134
-18.21493236190756
-18.215594693134186
-18.21627770462139
-18.216742914532915
-18.21777647301546
-18.218329883871302
-18.21911909661462
-18.219850625638042
-18.220770876842312
-18.22148990294104
-18.222075496663532
-18.222920485934754
-18.223531087113823
-18.224449603528768
-18.225206528946536
-18.226073701912195
-18.226740929138693
-18.22744482249839
-18.228315095658946
