500 iters for seed 136 on 3R0.3 which is in the 94.74258422851562 percentile
 Maxcut: 21.0, MedianCut: 12.0
-15.999999927202003
-16.00000006167665
-16.000000243630573
-16.000000526172446
-16.000000980999037
-16.00000172570757
-16.00000295637541
-16.0000050008907
-16.000008408661433
-16.000035964269607
-16.00018283057438
-16.000306019115964
-16.000512073995107
-16.002426477914547
-16.004038790716713
-16.196197276514162
-16.264247884315623
-16.700470242620806
-16.88582385156597
-17.22102159896615
-17.370933339111627
-17.565518552362953
-17.7694068880436
-17.967905927485322
-18.28484362337607
-18.459889087505058
-18.77367593363986
-18.917722746401267
-19.07658141193353
-19.297528289359306
-19.44381382818222
-19.53562354063068
-19.60494729572449
-19.671102759071847
-19.725977257027836
-19.761603887343032
-19.793752093862157
-19.818861677028742
-19.838821570083102
-19.85997931168573
-19.87735172283788
-19.89495486427644
-19.912206630834298
-19.926760737958983
-19.93639729012324
-19.948893359510887
-19.957914080716836
-19.963784090823893
-19.972305580206548
-19.975595731061745
-19.977932087354688
-19.982129884893524
-19.98428361206335
-19.98617411596057
-19.98913536520498
-19.989700702913453
-19.99108238942945
-19.99208434286697
-19.9930638673248
-19.993627689751797
-19.994130371681123
-19.994850025611836
-19.995092546092962
-19.995776050090623
-19.99605245398871
-19.99637875659857
-19.99683134096095
-19.997111587928785
-19.997559600098583
-19.99785133674241
-19.998118672913613
-19.998381177327197
-19.998614693307772
-19.998795561688922
-19.99893947132709
-19.999090648472603
-19.999199244412818
-19.999264899132267
-19.99933777926998
-19.999418881143693
-19.999485912450474
-19.99958417190559
-19.999625903794726
-19.99967291025131
-19.999696889986904
-19.999757328314246
-19.999779165581888
-19.99980764080264
-19.99985443442447
-19.999872480734943
-19.999898966219916
-19.999916566454324
-19.99993207553281
-19.999944786948358
-19.99995438463793
-19.99995926091429
-19.999963970230542
-19.99996746978128
-19.999973139300266
-19.999974437823155
-19.999977901785716
-19.999981312222275
-19.9999836954813
-19.99998628349021
-19.99998764650208
-19.999989643793665
-19.99999115246167
-19.99999198280589
-19.99999308060559
-19.999993880499616
-19.999995010408725
-19.99999597309132
-19.99999657677842
-19.9999969637528
-19.999997380815046
-19.99999751864054
-19.99999782624078
-19.999997995904316
-19.999998238785334
-19.999998605931243
-19.999998724713475
-19.999998992276023
-19.999999176391487
-19.99999931866096
-19.999999415691274
-19.999999476830453
-19.999999553521906
-19.9999996140773
-19.99999966774714
-19.999999740130207
-19.999999764323896
