500 iters for seed 87 on 3R0.3 which is in the 94.93331909179688 percentile
 Maxcut: 20.0, MedianCut: 12.0
-15.999999873132193
-15.999999916273396
-15.999999996236598
-16.000000189608453
-16.000001985849106
-16.00000641509632
-16.00001980546722
-16.007148018143344
-16.00715277955237
-16.00869726987927
-16.019304598710843
-16.038243807245227
-16.06474245616646
-16.10477297418014
-16.258925925632045
-16.482215798866154
-16.693296329625774
-16.966189154532824
-17.13921840703139
-17.25182993105541
-17.36617947608182
-17.469702720967682
-17.54688072730583
-17.650861987196002
-17.705647014630387
-17.775017143556088
-17.79895972321462
-17.826389383865106
-17.860965032834333
-17.890725317877628
-17.908018883774734
-17.92475927074164
-17.93934406585212
-17.951555854364425
-17.958162701422154
-17.966126958314305
-17.973543204734167
-17.980693677492784
-17.98367468231602
-17.986481661956805
-17.988963077433308
-17.99070554168915
-17.99164501380716
-17.992551808982675
-17.993660803103367
-17.994323972244935
-17.995041807630923
-17.995338658577584
-17.995727415120204
-17.996143089947328
-17.996502776725208
-17.996694844616716
-17.997021337885297
-17.997129603791976
-17.99737522115808
-17.997541027332566
-17.997666755566875
-17.997881390415095
-17.997997124354416
-17.998164146774172
-17.998255380549654
-17.99838695913673
-17.99848628401322
-17.998606343758322
-17.998719044761064
-17.998788593797297
-17.998862105003894
-17.99894080809432
-17.998981898660734
-17.999031352528394
-17.999093506574006
-17.999152395956735
-17.999191058408364
-17.99922612638375
-17.9992660389965
-17.999291534206222
-17.999329614965664
-17.99935045546169
-17.99938033159098
-17.999421078678022
-17.99944067479073
-17.99947154963022
-17.999492869241475
-17.99951639968516
-17.999531351343865
-17.99955411095417
-17.999572746606848
-17.99958858294898
-17.999604458695632
-17.999623489534216
-17.9996385950328
-17.999653393536754
-17.999674357133994
-17.999696337142915
-17.99971024065238
-17.999730745502166
-17.999750060256535
-17.99977234112479
-17.9997884952233
-17.99980464813181
-17.99982607095786
-17.999845116334694
-17.999862526709382
-17.999881412705495
-17.999897652472644
-17.999918755859742
-17.99993380597392
-17.999944328669002
-17.999957430971463
-17.999966104311238
-17.999972109801853
-17.999979964211192
-17.999987128787474
-17.999993194369658
-18.000004730127905
-18.000008050514126
-18.000014590229906
-18.00002137212875
-18.000029939405938
-18.000036920379692
-18.000044441306095
-18.000050129923196
-18.000054962840313
-18.000061125926706
-18.000065157386665
-18.000072458274683
-18.00007707044691
-18.00008015086058
-18.000085990340395
-18.000090846112
-18.000096170381685
-18.000099981044066
-18.000102414987598
-18.000106781633782
-18.00010989797848
-18.000113780162646
-18.00011921191936
-18.00012309867591
-18.000129404855723
-18.00013566017533
-18.000140474266733
-18.000149707806372
-18.000154278662144
-18.000159828325156
-18.000169306173966
-18.000174954145674
-18.000183278593507
-18.00019485174623
-18.000200720613055
-18.000211313567466
-18.00022953946506
-18.00025134032479
-18.000276810983593
-18.000301608132013
-18.00033678007421
-18.00038277683856
-18.000431179239257
-18.000478157141337
-18.000539199603143
-18.000578134289558
-18.000625299422445
-18.000698212241794
-18.000749877420205
-18.000787892985898
-18.000877173487137
-18.000936503196982
-18.00101425608697
-18.00106605387693
-18.00111036569148
-18.001165676232212
-18.001229756337445
-18.00128885159361
-18.00137905082357
-18.00146169528352
-18.00153534232307
-18.00164718207277
-18.001707413031284
-18.001797836550377
-18.0019282086634
-18.00202935675774
-18.002186473258934
-18.00239835680262
-18.00264692075751
-18.0029033380559
-18.00331252366516
-18.00390497871165
-18.00450687698492
-18.005174138205515
-18.00602961323659
-18.0068996996464
-18.00752029727643
-18.009115254044872
-18.010338787278
-18.01125012043984
-18.012543479032622
-18.013181758350147
-18.01530675039748
-18.016354925337556
-18.017439613501438
-18.019020484958943
-18.02110578699285
-18.022629796838476
-18.0238348794267
-18.025519665384163
-18.0268962067099
-18.0292687170058
-18.030639076405812
-18.0324541096607
-18.034719324095086
-18.037078086096905
-18.03947823503871
-18.041091237798767
-18.042827464508644
-18.0443880886686
-18.047465967804897
-18.048546569295393
-18.050181205850578
-18.05186746306301
-18.05372988185639
-18.055132286581337
-18.05633999072112
-18.05772105681308
-18.05929814167222
-18.061152974918187
-18.062240336842507
-18.06338292631174
-18.064786095846788
-18.066550598606806
-18.06795793616222
-18.06930358503232
-18.07056466861395
-18.07213513886929
-18.073516311011574
-18.07486261067792
-18.075856705763517
-18.077783172720846
-18.078917101115472
-18.08007633209795
-18.08191925764382
-18.08323362038268
-18.085384224404653
-18.086621434628135
-18.088232869525157
-18.089478806429796
-18.090766371749876
-18.092139236317088
-18.09323038942058
-18.094614116446927
-18.096086505388005
-18.097526487083943
-18.099120174566274
-18.100684540786965
-18.102343588000743
-18.103699200072697
-18.1051950044244
-18.10622238376183
-18.107484115040165
-18.108696052952983
-18.1096614329425
-18.109924744524985
-18.11197087891415
-18.11246626401588
-18.113255396506474
-18.1142714229336
-18.11569875125106
-18.116982319680226
-18.117785277849453
-18.118542725303065
-18.119370248791974
-18.12050187324101
-18.12152524681302
-18.122245116904413
-18.12287490435312
-18.1235080714588
-18.124107117962122
-18.124710845935294
-18.125222920229536
-18.12605520292736
-18.126920491316557
-18.127761078636556
-18.12873941882012
-18.129341433311897
-18.130128443980553
-18.131114768246253
-18.131931378661278
-18.132607784565945
-18.133283625876754
-18.133958609664205
-18.13480224420103
-18.135698318333485
-18.136332640377624
-18.13691587817651
-18.137689065244565
-18.13832980524435
-18.139036514761024
-18.1396394649569
-18.14022839070513
-18.14096434697439
-18.141977829020618
-18.14273344526909
-18.14338336555559
-18.144400024654544
-18.144830656952063
-18.145407211453822
-18.14620942715995
-18.14686417132884
-18.14798124178628
-18.148285401318383
-18.148947233731704
-18.149225589063366
-18.149812854982237
-18.150443518349118
-18.15093162531342
-18.151487414196833
-18.151907652470143
-18.15230368288643
-18.152788845949466
-18.15359800436941
-18.154189989091876
-18.154677032357267
-18.15543482999305
-18.15588813671426
-18.156684793813785
-18.157236215709037
-18.157851647931153
-18.1585644665663
-18.159433737151808
-18.160059713901997
-18.160820533262115
-18.161566819669293
-18.162501294640848
-18.163218048971714
-18.16411332317158
-18.164919264996904
-18.165660357748468
-18.1667013636673
-18.167643923891124
-18.169078077989816
-18.170110514567927
-18.171159938793714
-18.172283443383144
-18.173011545097147
-18.173711435079788
-18.17434674733622
-18.174876302982288
-18.175789125535616
-18.176695572452115
-18.177684850244514
-18.178513199041333
-18.179291450798793
-18.18029001503071
-18.181394744041846
-18.182232294231486
-18.18323098544765
-18.18488652383073
-18.185991789889503
-18.187017118454545
-18.187859124391416
-18.188972717127946
-18.18941205370758
-18.191666065811514
-18.192513971073726
-18.193710785950078
-18.195540158270763
-18.196201484718415
-18.198615131856585
-18.199437782518565
-18.20070488936862
-18.20154394566841
-18.202900994645272
-18.20366571378342
-18.204423396322696
-18.205633644668524
-18.206928474334145
-18.208034076877126
-18.20930406303586
-18.210337669849906
-18.211687656875387
-18.213358572901313
-18.215011270673585
-18.216398486948485
-18.21828532243634
-18.219700960195674
-18.221068528990223
-18.222992075448012
-18.224230223567677
-18.225676819044807
-18.227982138215374
-18.228909371861338
-18.23069622615625
-18.232404152169522
-18.23374758874485
-18.2359186359664
-18.23718097415242
-18.239193926497325
-18.240612726724578
-18.242303783328378
-18.243440899256083
-18.24452660987026
-18.24565743135172
-18.246570855080613
-18.247847431643123
-18.248899940690535
-18.24986540664784
-18.251156025477176
-18.25212111969845
-18.253536649736585
-18.254707386967503
-18.255978367229556
-18.25721221550712
-18.25876101805158
-18.25988373859522
-18.26104721022161
-18.263490859484765
-18.264877459634555
-18.26718154338075
-18.268471893018795
-18.270075586952508
-18.270538235746542
-18.27297129090762
-18.273712151650237
-18.27495866306125
-18.276278912849662
-18.277782027090048
-18.27920101488904
-18.280683241115987
-18.281954256608266
-18.28294508652385
-18.284794714368072
-18.285642432041843
-18.28715748937063
-18.28866471801285
-18.290138347598383
-18.29120524002747
-18.292797500875317
-18.293964133283467
-18.295169334054204
-18.296661337068624
-18.29775104300566
-18.298908879134085
-18.301234872925654
-18.302226012007743
-18.303300122752095
-18.305666391183948
-18.306780764820882
-18.308444754550017
-18.309760879936665
-18.31049599057032
-18.311752913986382
-18.31247703563214
-18.313529075444546
-18.314188250043774
-18.31497007422732
-18.316373548031788
-18.317887350073622
-18.319220254962286
-18.3204796210526
-18.321369303941093
-18.32266587740313
-18.3241973608971
-18.324897176122136
-18.326282540715585
-18.32706791852098
-18.32817934653637
-18.32952237434032
-18.33076662450538
-18.33172352970128
-18.332985167996135
-18.33390585082952
-18.33514395783986
-18.3363726441946
-18.337415226192512
-18.33843576907367
-18.341709480818658
-18.342144061638198
-18.343998644775414
-18.34458518346346
-18.345925894880125
-18.347182820345214
-18.34879844917563
-18.350086251916665
-18.35134896560381
-18.351914410018715
-18.353062877049666
-18.35375682888709
-18.35462686688094
-18.35532880082003
-18.35612122810094
-18.356728790777325
-18.357439245001466
-18.358683607631747
-18.359480111027832
-18.36139990548976
-18.362272687024046
-18.363324684013858
-18.36480354077309
-18.366728924120828
-18.368495494548654
-18.370150213126518
-18.3712798501912
