500 iters for seed 89 on 3R0.3 which is in the 79.12826538085938 percentile
 Maxcut: 21.0, MedianCut: 12.0
-14.002549862462894
-14.52117765278163
-14.52454133191066
-14.62261094256813
-14.952963744562572
-15.193591852559763
-15.567871809029471
-15.78574734417578
-16.15561516165203
-16.429769380210104
-16.690124676049315
-16.88230539307072
-17.01104022848392
-17.180551587545285
-17.306143689850437
-17.39832888994291
-17.46541412360991
-17.540827490779076
-17.596988060091157
-17.65074700859132
-17.706685827038882
-17.74097272419866
-17.7778294438609
-17.79912491762033
-17.821905778546544
-17.836376744188723
-17.86667646984806
-17.87775131967993
-17.890797478086185
-17.90770742531965
-17.924413637261626
-17.935840134327954
-17.945007954548746
-17.953003954263004
-17.960586478675047
-17.966404260990966
-17.971333622943053
-17.97543987051625
-17.978655988056094
-17.98162555233237
-17.984948781562867
-17.987520046207006
-17.98963262840678
-17.991210980647356
-17.992505555845714
-17.993691897583215
-17.995232359753587
-17.995817199246954
-17.996627502092604
-17.99731657625882
-17.99805275879695
-17.998460281196166
-17.998799019713807
-17.999116285252768
-17.999444450811865
-17.999613906492087
-17.999791228853308
-17.999928520530556
-18.000141432022403
-18.000240662226066
-18.000357329042906
-18.00050253295432
-18.000581633181387
-18.00076048266878
-18.0008109778874
-18.000895601764917
-18.000952979929703
-18.001033544579165
-18.001097905389848
-18.001145753292466
-18.001241341881563
-18.001280455732587
-18.001342489497993
-18.00140403295708
-18.001486504542196
-18.00152580271351
-18.0015996216728
-18.001644458900188
-18.00170370731225
-18.001799367971437
-18.001888666382523
-18.001971446118354
-18.002028986724653
-18.00209669575446
-18.00219397671042
-18.00230434908227
-18.002418404035936
-18.002512410205245
-18.002775429666787
-18.003110968135026
-18.003455245843792
-18.00396429227864
-18.004215693178573
-18.004540044537237
-18.005180164438535
-18.00560617307017
-18.006010802242397
-18.006805768475445
-18.007125617631832
-18.0076381334133
-18.008486778363416
-18.009080580778654
-18.009846142502084
-18.01030626283624
-18.01089872219006
-18.01147362203542
-18.012160913003875
-18.013113551139153
-18.01378092573155
-18.014623338720845
-18.015528342134374
-18.01646817896175
-18.017587265713942
-18.018140242442822
-18.0196196294938
-18.02038765556711
-18.021372152198836
-18.022734502744967
-18.024191817650767
-18.025392693312522
-18.027141209087887
-18.028340399873983
-18.030001397008938
-18.032748279451898
-18.035208741352506
-18.038343523832502
-18.041628677958467
-18.04534449887886
-18.049063006588092
-18.05302304623115
-18.058637019967104
-18.067431815575034
-18.071235506584056
-18.076161559969446
-18.083079677393673
-18.087287741765685
-18.09126852914507
-18.100523767011975
-18.10452352359855
-18.110023860032502
-18.115920583206616
-18.12502935157341
-18.132703953881347
-18.14144002336043
-18.149005320467978
-18.156413904431233
-18.169233924862443
-18.178709824461166
-18.18720134494455
-18.19903995530281
-18.207101762917965
-18.21577725800395
-18.230137223850907
-18.242326888518893
-18.260456201582087
-18.28603848343234
-18.307138828587227
-18.33026647994891
-18.341755017005166
-18.35693606651363
-18.374379901848467
-18.388853748692362
-18.403687628417817
-18.420135624636355
-18.431368639187205
-18.442721373516267
-18.453153533524922
-18.46013628873872
-18.46689658817519
-18.477031074146065
-18.483784718357626
-18.488914322934995
-18.495057967607377
-18.500590251676382
-18.50455404153732
-18.51089607456777
-18.51364840154084
-18.518066764977128
-18.521524772957147
-18.526358168736017
-18.529664707655062
-18.532814309936096
-18.539133469641396
-18.542516581218695
-18.546327527809876
-18.550147819192457
-18.55407722383395
-18.558753795232953
-18.56440146977215
-18.568222795221093
-18.57210462038992
-18.575546444734236
-18.579134034709455
-18.584220049840706
-18.587856738014626
-18.590290288507777
-18.597238150244813
-18.598802992673413
-18.603183523902118
-18.605930730658983
-18.61012399579097
-18.615004723429195
-18.620791188941364
-18.629865847038552
-18.635901905282065
-18.641455187740707
-18.646463433497388
-18.653560867453766
-18.657410207286638
-18.661372819342436
-18.6656137230386
-18.671296599608645
-18.675942295302818
-18.68254142426824
-18.68579996063146
-18.69022822254719
-18.69427372015976
-18.69782296380124
-18.701591864327646
-18.7060081188376
-18.70886410607677
-18.71218217915944
-18.715796349152615
-18.72098851876217
-18.726201255471825
-18.72918662331268
-18.73359440248978
-18.738231287304224
-18.743440704313727
-18.74835868494562
-18.75372554482569
-18.75800815738543
-18.76314346079561
-18.76804027839761
-18.774085051283013
-18.780291672299693
-18.78621573606103
-18.7927584014187
-18.799547362064672
-18.80683285207006
-18.812896485650334
-18.817772637329238
-18.825183675108484
-18.831541046603608
-18.838521911554515
-18.843927296587474
-18.851799284689356
-18.860658113594805
-18.869569264625053
-18.875480078217606
-18.881145974988463
-18.886552847888158
-18.89504058344199
-18.907544717924168
-18.913974907784862
-18.92046683073782
-18.92870016846635
-18.93379121202716
-18.937986192177284
-18.947633099092457
-18.95283034512615
-18.959440252940166
-18.97114896370896
-18.974157203646392
-18.98326125961973
-18.98939151574039
-18.997144925492954
-19.00658630972758
-19.013667753443478
-19.02433989173455
-19.030268065815726
-19.036741536649625
-19.042872167751295
-19.049706156920433
-19.056916321101998
-19.061785706008664
-19.069313310262682
-19.074794678512855
-19.079702374263544
-19.084199822182462
-19.089271518124644
-19.094489226780567
-19.098750184092946
-19.101083868718725
-19.10432485917956
-19.107521889983165
-19.110411150054194
-19.113002563214643
-19.115003406533585
-19.117706706631832
-19.121031224288668
-19.12464854728482
-19.127874374351528
-19.13223414551476
-19.135846102290653
-19.139033315516134
-19.142769090518243
-19.146142478006155
-19.148520912297535
-19.152922482246424
-19.155842247236777
-19.15946811098036
-19.16207109192435
-19.16457374566547
-19.16884905101486
-19.17118061507737
-19.174517887646044
-19.176899226136857
-19.179310192161772
-19.18186240224356
-19.184568995197594
-19.186951681448246
-19.188742602310114
-19.190570433541822
-19.19270899385399
-19.19459764771244
-19.196679890061244
-19.198428677248966
-19.19978942073623
-19.20266283835434
-19.204761984007877
-19.206500386756325
-19.20861482771737
-19.21070746495499
-19.21283598367899
-19.2151625664566
-19.217068375268575
-19.218864704710327
-19.220753732152566
-19.222626753305335
-19.22452588895976
-19.226030677918974
-19.227389562457184
-19.22865651516913
-19.229972274714903
-19.231313301297796
-19.23291349586029
-19.234367898027664
-19.235575207154163
-19.236857979776087
-19.238307850117288
-19.24012546042803
-19.24236326174937
-19.243652509538517
-19.24512730067283
-19.246546939483512
-19.248067711550522
-19.24941585492481
-19.250457777077155
-19.25230077945043
-19.25417527880464
-19.255280415844013
-19.257187260721228
-19.25923826411115
-19.26162557559503
-19.26326102633952
-19.265252827211718
-19.266683485837753
-19.268235953792747
-19.27027772761421
-19.271050609150134
-19.271925087452928
-19.273629557940914
-19.274416591258124
-19.27559557190266
-19.276482661968124
-19.277255012547812
-19.278299507909594
-19.279162743726623
-19.280124010871937
-19.280984293347135
-19.281819441247205
-19.283155339904756
-19.284520780427183
-19.285388279604156
-19.286383785385976
-19.287133029079882
-19.288147099919502
-19.289125028444865
-19.290030504563216
-19.290914171634718
-19.291647410930008
-19.292600891588968
-19.293437381163983
-19.294241755804897
-19.295180250623215
-19.295981451616267
-19.297001695563353
-19.29811138126873
-19.299104914793126
-19.2996904022187
-19.30121875028441
-19.302046938489784
-19.303028320102733
-19.304333842341244
-19.305145567191552
-19.306571177999988
-19.307848403765856
-19.30844749356007
-19.309484946869667
-19.310225527522668
-19.310951210052046
-19.311985520880494
-19.31239236044685
-19.312865517113995
-19.313832702719345
-19.31431067924705
-19.315337934751046
-19.31630160461834
-19.31668878551194
-19.31723574518251
-19.317721755221474
-19.318654304090703
-19.319552214607636
-19.320394101992523
-19.321094304990364
-19.321625395070974
-19.32221759313307
-19.322973387565618
-19.323686235926434
-19.324136903187778
-19.324762146429528
-19.325430081157958
-19.326166322534554
-19.32679879746274
-19.32733524506265
-19.328397581997567
-19.32905611914662
-19.329846526131387
-19.330461784486957
-19.330983986291116
-19.331689655293626
-19.332488875064108
-19.333325442916333
-19.33407729848501
-19.33488227951124
-19.33565278468728
-19.33648058415637
-19.33732157736424
-19.33832573367481
-19.33909407667197
-19.339761157129065
-19.34055845312115
-19.341369298222062
-19.34224731443779
-19.34301749053285
-19.34392156130273
-19.34499897619962
-19.345527443321927
-19.34648654641181
-19.3472016459456
-19.34817574495562
-19.348705489498606
-19.349171122304195
-19.34996075139244
-19.35080921395293
-19.35144922765906
-19.352096459558112
-19.3530117105551
-19.35373941313391
-19.354848160922337
-19.355321038287773
-19.355995572892294
-19.356963726286754
-19.357482498839207
-19.358166329399875
-19.358624833539714
-19.35919795780757
-19.359882692861895
-19.360706989865903
-19.361112752121723
-19.36164777389358
-19.361999372788215
-19.362453223402497
-19.36317850378538
-19.363583325005173
-19.36413664066362
-19.364586235921244
-19.365037231588982
-19.365455581918894
-19.3658347533613
-19.36628856819829
-19.366664411257553
-19.367028738908875
-19.367394818056443
-19.3677121535021
-19.367988759219806
-19.368436256988964
-19.368706816155854
-19.369122022735965
-19.369942842258318
-19.370414649574087
-19.370938086550236
-19.371494183876337
-19.372187416816907
-19.373059623108304
-19.373923933623573
-19.37480526967045
-19.37555244896407
-19.376397469192984
