500 iters for seed 192 on ER0.3 which is in the 69.98367309570312 percentile
 Maxcut: 23.0, MedianCut: 15.0
-14.499973405132334
-14.511679605638419
-14.613969772219871
-14.637321974197825
-14.688098703545666
-14.745327841118444
-14.785420132682905
-14.80970225042356
-14.84291927517018
-14.859938305319572
-14.878181430144785
-14.893360317916024
-14.905803155218678
-14.918581518733275
-14.929357050350653
-14.94044089765212
-14.950856335709098
-14.9585710207858
-14.966477290734609
-14.973366270859739
-14.979577835319988
-14.984581444365135
-14.990788823723118
-14.995426151380912
-14.999745236127985
-15.004323206357281
-15.0081286313602
-15.011299307134866
-15.015203778585104
-15.018140222643986
-15.021013779842857
-15.023550808404385
-15.025794340122463
-15.028272570015128
-15.03071278305231
-15.032144074115743
-15.03380683439673
-15.03519340005959
-15.036807746440857
-15.037616762397796
-15.038779794047587
-15.039742960913042
-15.040975171163762
-15.041901392709505
-15.04299358779857
-15.043582925937805
-15.045053315767667
-15.045678439650086
-15.046375473167053
-15.047279486335562
-15.048017140902147
-15.049073292317829
-15.049911683738559
-15.05079088779296
-15.051860334394002
-15.053019549136952
-15.054063717243407
-15.055101072633045
-15.055821011775997
-15.057554967634022
-15.058143022890489
-15.058924604604751
-15.059324723680032
-15.060176420083986
-15.06065664185726
-15.061145686624272
-15.061927866681694
-15.062090939294581
-15.06313355678485
-15.06351696874454
-15.064225989398736
-15.06525261507784
-15.066065962638941
-15.067079225094698
-15.06817996025591
-15.068966781506361
-15.069913061506714
-15.071125882173783
-15.071698035169891
-15.072539193851739
-15.073361215654131
-15.074144262308485
-15.074795308645339
-15.075755281543067
-15.076424319641287
-15.07704195440562
-15.077740478939022
-15.078389355526571
-15.07891710435948
-15.079506114610073
-15.079964556436819
-15.080579661696703
-15.081259852158231
-15.081780240757647
-15.0822389311803
-15.08283931566385
-15.083279880743582
-15.083848121188447
-15.084402998721353
-15.084887816457655
-15.085257298999522
-15.085780718651584
-15.086238134285706
-15.086589461649067
-15.087200998367654
-15.087500164289994
-15.087943708200788
-15.088573284086806
-15.089002175381415
-15.089738331015624
-15.090651825004333
-15.091290705180544
-15.092122627586233
-15.09283987004751
-15.093580626747924
-15.094612837456687
-15.095304102764171
-15.096169144408412
-15.096981849607808
-15.097663998786722
-15.098268000222191
-15.09911548703836
-15.09972241605786
-15.100195177696655
-15.100760359798432
-15.101246360953917
-15.101797599519886
-15.10223309138677
-15.102627911476558
-15.10305365134371
-15.103387231047257
-15.103740581301505
-15.103994858265006
-15.104269716057214
-15.10455033568983
-15.104885611753854
-15.10513253499829
-15.105388506705305
-15.105520030612592
-15.105968823828356
-15.106161151058446
-15.106391968070895
-15.10675155735308
-15.106844548492216
-15.10747656627074
-15.107666737540331
-15.107919611833466
-15.108202471582873
-15.108455519561062
-15.108703154106356
-15.108895808904496
-15.109130412964209
-15.109299219524633
-15.109642145739576
-15.109769623328024
-15.109936307611799
-15.11004895816126
-15.11026970132036
-15.110395147338641
-15.110516381625025
-15.110720518759404
-15.110808819220876
-15.110980387998799
-15.111097275533664
-15.111209403841293
-15.111315082211824
-15.111382784329955
-15.111487400116081
-15.111552379211986
-15.111627730845594
-15.111693825742808
-15.111744272408751
-15.111791964075282
-15.111857543720145
-15.111893187983588
-15.111927198173813
-15.111979432655778
-15.112002126900856
-15.11204319983829
-15.112063258903802
-15.112091706669615
-15.112124723315151
-15.112167644280682
-15.11220013190416
-15.11224160137579
-15.112291164722015
-15.112325950346111
-15.11237380746541
-15.112405612969203
-15.112444081137436
-15.112469120910344
-15.11254966739627
-15.112586338462165
-15.112628812480153
-15.112690692098015
-15.11272708953371
-15.112791671800974
-15.112832991609446
-15.112884076765152
-15.112931430194998
-15.112984079908777
-15.113052821313193
-15.113107332291296
-15.113160415843096
-15.113217461919215
-15.113272066570623
-15.113338426396378
-15.11343475332189
-15.113490668239102
-15.113577799624426
-15.1136224418692
-15.11375947585475
-15.11383463874321
-15.113903591253399
-15.113999096366287
-15.114083361463535
-15.114175319178642
-15.114242569213268
-15.114319824288703
-15.114345347999597
-15.114497954738468
-15.114540812868064
-15.114606828091315
-15.114682500676127
-15.114742365460868
-15.114825144499711
-15.114886532671356
-15.114949968259841
-15.114995694571387
-15.115073142163048
-15.115123020210273
-15.115174781312636
-15.115235274423927
-15.115304878078923
-15.11536975249347
-15.11544496233679
-15.115495292771033
-15.115572284028136
-15.115631657082535
-15.115691923975454
-15.115795675236082
-15.115884257617552
-15.115966458457263
-15.116049176184683
-15.116126193711112
-15.11624169455952
-15.116331940896291
-15.116399994250328
-15.116472062388803
-15.116560206818466
-15.1166440830309
-15.11673822484181
-15.11682017039727
-15.116925886535352
-15.117012912098572
-15.117085268372403
-15.117170851289016
-15.117197254183056
-15.117286743245613
-15.117324658931311
-15.117371497422807
-15.117453919239987
-15.117497215063082
-15.117560428105042
-15.117604447199398
-15.117666612524548
-15.117719489891467
-15.117779846089249
-15.117850122282032
-15.117902581656338
-15.11797160697313
-15.11803859477175
-15.118103092745809
-15.118168749713874
-15.118228571561744
-15.118299255654593
-15.118360283452674
-15.118418686651083
-15.1184845626114
-15.118574900871549
-15.118610260541761
-15.118663093393877
-15.118707075235502
-15.118763074723972
-15.118828352182133
-15.11887525186951
-15.118939475242211
-15.118996964030002
-15.119064410658233
-15.119136062866264
-15.119237814782545
-15.119316337616153
-15.119394578092784
-15.119468276374135
-15.11954557380433
-15.119640783064266
-15.119716823077876
-15.119795310642594
-15.119869560812946
-15.119972994157523
-15.120083059758585
-15.12019726874266
-15.120309978338362
-15.120408668497864
-15.12048888420086
-15.12055576672999
-15.12064277774774
-15.120706461693173
-15.120779362472977
-15.120861560363124
-15.120915052349249
-15.121000444090056
-15.121112248151132
-15.12122528042056
-15.121302425395408
-15.121447956309893
-15.12154657732683
-15.121650171831188
-15.121805465311237
-15.121914155842884
-15.12197475668479
-15.122167267818579
-15.122222608526654
-15.122344428792404
-15.122411793011723
-15.12256586659221
-15.122640478014551
-15.12273890742946
-15.122897504460202
-15.123059248147602
-15.123188866706025
-15.123345731884175
-15.123435644150083
-15.123546356247548
-15.123691851584365
-15.123771609184628
-15.123914873766942
-15.124045117469251
-15.124180152071496
-15.124321936758815
-15.124440435298041
-15.12455367423998
-15.124686468966772
-15.124785757045629
-15.124882998826376
-15.12503382185934
-15.125095696418882
-15.125177066531094
-15.125270693900235
-15.125343018987335
-15.125505353386433
-15.125582978016709
-15.125674309285316
-15.125763465829282
-15.125856992425295
-15.125954787265448
-15.126043540713
-15.126144876895014
-15.126220446195575
-15.126302000635462
-15.126427083711272
-15.126518472718232
-15.126598282896268
-15.12677174636054
-15.126828523236622
-15.126962951923971
-15.127067842399764
-15.127195806040815
-15.127401236769387
-15.127546528761036
-15.127710696024952
-15.127848177845554
-15.127987316318041
-15.128166922258433
-15.128345699249927
-15.128537294795503
-15.128666908213765
-15.128809824105186
-15.129016167802469
-15.12916263407047
-15.129273503018991
-15.12943035476424
-15.129527848307344
-15.129672681474187
-15.129797834970608
-15.129888547328854
-15.129992500872415
-15.130077257677776
-15.130181506295326
-15.130273538633375
-15.130348439656636
-15.13044394836471
-15.13053293102541
-15.13061128308096
-15.130698900611268
-15.13079582776358
-15.130881419807894
-15.130988885270073
-15.131060487221873
-15.131139637357116
-15.131269726421175
-15.131349612823977
-15.131502744446703
-15.131549333569772
-15.13174411135265
-15.131819416782477
-15.131908895095567
-15.132020776337667
-15.132141382025576
-15.132220865148309
-15.13232205776067
-15.132388949721241
-15.132466762096298
-15.132587707987136
-15.132652790036715
-15.132787102979938
-15.132892483887392
-15.132992980589897
-15.133089220304385
-15.133165865450113
-15.133269926623207
-15.133360446060113
-15.133448135735238
-15.133537842259983
-15.133626958157187
-15.1337010942398
-15.133779873464894
-15.133823150458957
-15.13387408238798
-15.133917643968713
-15.133952900544019
-15.13403377899514
-15.134053431217147
-15.134118903419836
-15.134144225334396
-15.13419211442977
-15.134249227603812
-15.134313635175253
-15.134368598151601
-15.134425940171571
-15.134471755865722
-15.134511781237373
-15.13458154061174
-15.134591152816695
-15.134639975139596
-15.13466987892871
-15.134706106576296
-15.13474843104815
-15.134764926060607
-15.134856453061667
-15.134884771134843
-15.134923744829795
-15.134958158269047
-15.13500145782174
-15.135038991145057
-15.135067461954197
-15.135110390244346
-15.135155173737497
-15.135197286150024
-15.13524628391556
-15.13528548518771
-15.135356889092279
-15.135377698125247
-15.135433653349635
-15.13546684335763
-15.135510970490195
-15.135564809711324
-15.13560086606769
-15.135640410439539
-15.135664525871682
-15.135692278205696
-15.135715078476064
-15.135769835543869
-15.135793919891391
-15.135822834240836
-15.135859003631381
-15.13590248228826
-15.135937511621758
-15.135978997865303
-15.136008917810413
-15.13603589983938
-15.136090290860093
-15.136116479579014
-15.136153338276957
-15.136195879707596
-15.136240965791519
-15.13626026111054
-15.136311519131446
-15.136338316548901
-15.136369647740898
-15.136399162363412
-15.136431469320273
-15.1364858276349
-15.13651666981454
-15.136556635469784
-15.136591410525318
-15.136631378246452
-15.13665899172754
-15.136700017702548
-15.136725384533104
