500 iters for seed 97 on ER0.3 which is in the 60.063934326171875 percentile
 Maxcut: 31.0, MedianCut: 21.0
-21.01369518377576
-21.044848491781316
-21.180288820274352
-21.26924278915048
-21.29131513889629
-21.368709573009323
-21.406056279742863
-21.438419487313183
-21.46772970008577
-21.485777293356303
-21.504143033347
-21.51750647397103
-21.529502153277267
-21.539313468870148
-21.548629475109976
-21.558480422132824
-21.567424272330083
-21.5754421176715
-21.582754227001868
-21.59092819966441
-21.59714803274816
-21.602855329234707
-21.607103373564268
-21.610963606477988
-21.613626355778635
-21.61776187440551
-21.622476787293202
-21.627012220244275
-21.631850623896796
-21.6349696208413
-21.637722083633694
-21.63965158658033
-21.641964580356497
-21.644917555104154
-21.64789254353924
-21.650979106692066
-21.654254770310573
-21.657260283614857
-21.659773931797893
-21.66261110057308
-21.664528829124865
-21.666541732960862
-21.667799633286972
-21.669993829640795
-21.67119901181387
-21.67310109380339
-21.6746108623095
-21.676113525160886
-21.67739898261842
-21.678503570519425
-21.679927646255283
-21.681461765345666
-21.682831060492123
-21.684062162350223
-21.685493353075845
-21.686911760843635
-21.68850399588326
-21.68989518029294
-21.691703266129966
-21.692797336825866
-21.693984559885582
-21.695378446678887
-21.69701208441784
-21.69871414351667
-21.700076398589204
-21.7016315581071
-21.702955525506837
-21.704116383406344
-21.705399517802068
-21.70675471676201
-21.707750571724638
-21.708834244298423
-21.709989485053992
-21.711134531154862
-21.712356044557044
-21.713443028941395
-21.71454303624792
-21.715589183482138
-21.716556136819474
-21.71748379641989
-21.718292318541092
-21.71899688816191
-21.719671068784656
-21.720317428654642
-21.72081060204299
-21.721533949012336
-21.72214992019982
-21.722906531184297
-21.723585600141163
-21.72420019725485
-21.72485788042646
-21.725692747098627
-21.726144627451507
-21.726726498729874
-21.727007588715345
-21.72757174059364
-21.7278754820584
-21.728239466307514
-21.728799630575594
-21.729275254162413
-21.72968288819575
-21.730134566147825
-21.730477670557754
-21.73085057659476
-21.73113729876185
-21.73138952847722
-21.73173435336495
-21.73203717936048
-21.732370619690656
-21.73266171414577
-21.733036962975575
-21.73328660235018
-21.73386689871259
-21.73414716002993
-21.7344972268215
-21.734849067429742
-21.7352085111613
-21.735399528487367
-21.735654193430193
-21.7358691254609
-21.73610214303344
-21.736322166843195
-21.73646006377304
-21.736629336395275
-21.736831602374632
-21.73694276629881
-21.737067313396373
-21.737168163885944
-21.737268061928084
-21.73731827362542
-21.73747737881827
-21.7375558487712
-21.73766684771311
-21.73783648022998
-21.737955566012964
-21.738167383250584
-21.738312713690025
-21.738472134965708
-21.738617886541675
-21.738777743487287
-21.738980707602554
-21.739113166842785
-21.73923182631495
-21.739473289791967
-21.73960700740789
-21.739753277400492
-21.739923033765137
-21.740024154257092
-21.740151614972053
-21.74034506950069
-21.74041761588637
-21.740542822584235
-21.740603263111666
-21.740745772564146
-21.74083289543232
-21.740917768295652
-21.741060980047912
-21.741252129900595
-21.741455843353556
-21.74157525948181
-21.741704489626255
-21.741826308724992
-21.741989320308956
-21.742092578964133
-21.742281352466975
-21.74234245480099
-21.742474881636753
-21.742541262425583
-21.74267881021245
-21.742772684714996
-21.742870148612816
-21.743045392488177
-21.7431282366734
-21.743269117132723
-21.743377252783112
-21.743508520393398
-21.743620420517484
-21.74373245962417
-21.743875568061245
-21.7439796638806
-21.744133206988963
-21.744246629823184
-21.744335125808597
-21.744440395271436
-21.744510877693642
-21.744582608867063
-21.74465455677705
-21.744714403987384
-21.744791944300978
-21.744906443111287
-21.744960253700974
-21.7450525463737
-21.74508885353119
-21.745184341646766
-21.745236227229746
-21.745289486268558
-21.745379003745875
-21.74543371109492
-21.745537661472238
-21.745609178462555
-21.74568149494231
-21.74574422329183
-21.745812809999656
-21.745877280129008
-21.745938778514017
-21.745987248055044
-21.74606438841412
-21.746125584387396
-21.746203271320848
-21.746272276932558
-21.746333445289945
-21.74637902707488
-21.746477765992257
-21.746521564919558
-21.746578914219683
-21.74662979785599
-21.746715565600468
-21.746767270734424
-21.74680546090134
-21.74686487250225
-21.746913784001052
-21.74696627049508
-21.747013067071226
-21.747064729818923
-21.74713331110872
-21.747231989131095
-21.74727832434946
-21.747340915250028
-21.747395593535643
-21.747465385118076
-21.74754335133589
-21.74759369877104
-21.747650020894575
-21.74772320569533
-21.747786106871693
-21.747843231480655
-21.747921896865005
-21.74798747078162
-21.74805810921176
-21.748097806415014
-21.74819420229347
-21.748243886878026
-21.748294227618903
-21.74837025417297
-21.74841930487663
-21.748507647888566
-21.748577930498506
-21.748672097726644
-21.748722639148774
-21.74882081846377
-21.74889151814611
-21.748967637171877
-21.749093227062527
-21.74914891252216
-21.74924290867913
-21.749313789446933
-21.74940364863773
-21.74948136480036
-21.749556395481978
-21.7496303378115
-21.7496762768019
-21.749744345419824
-21.749800293042753
-21.749835194432823
-21.74988354970141
-21.749938332190823
-21.749996948652488
-21.750048379993622
-21.750099956407492
-21.75015660836474
-21.750215023011723
-21.750262525649116
-21.750309522675863
-21.750343536678564
-21.750397009348013
-21.750418572005792
-21.75044802331194
-21.75048127770725
-21.750511081754894
-21.750542467526877
-21.7505760249562
-21.750611369995813
-21.75064332932789
-21.750660557719492
-21.750716053872168
-21.750737455351018
-21.75076971314394
-21.750819984441364
-21.750856014835325
-21.750907196111942
-21.750950010043596
-21.751001552659922
-21.751028841272685
-21.75108097394009
-21.751107123187825
-21.751129598098704
-21.751165819173394
-21.751186048089373
-21.75121436711117
-21.75123793109074
-21.75126076460749
-21.751286786436832
-21.751314701843732
-21.7513451839731
-21.75137200278562
-21.75139461171659
-21.751430037965505
-21.75143679322074
-21.75146843938254
-21.751483223614805
-21.751502221280127
-21.75153006762379
-21.751540273923837
-21.751588833558763
-21.751605409927926
-21.751630631018486
-21.751639973669178
-21.751675261603715
-21.751694228001387
-21.751714481073094
-21.751744262895528
-21.751766135262915
-21.751808355918925
-21.751845024381694
-21.751884912371803
-21.751902891054826
-21.751931538597503
-21.751957507151737
-21.751980709457403
-21.752021064315812
-21.75203904553178
-21.752067675112766
-21.75208841127314
-21.752109804204782
-21.75212995405922
-21.752147770745665
-21.752166428940164
-21.752181888127584
-21.75220259612238
-21.75222731313172
-21.75225223422291
-21.752271247044384
-21.752292806668905
-21.752312928805328
-21.752331814221726
-21.75235978570953
-21.75237115049848
-21.75238936777652
-21.75240908564394
-21.752421124380763
-21.752448465461367
-21.75246324591699
-21.752477690230748
-21.75249162552307
-21.752508364573657
-21.7525302863494
-21.752553964182592
-21.75257577783069
-21.752593318081896
-21.7526224222734
-21.75264030207767
-21.752665328593412
-21.75269463464182
-21.752713205946336
-21.752761720570824
-21.75278841027209
-21.752823284609963
-21.752857454734496
-21.752887020650643
-21.752919549548224
-21.752960083570677
-21.752992586969945
-21.753023353972342
-21.753061901634737
-21.753096444758643
-21.753123335110395
-21.753175878958757
-21.75320423023259
-21.75322817329149
-21.75327173021757
-21.753301278906086
-21.75335711682831
-21.753406837049234
-21.75346165911853
-21.75352280971568
-21.753581094912906
-21.753652846154147
-21.75373114160923
-21.753820071087446
-21.75390514126784
-21.753990025711992
-21.75410583045049
-21.754220416466236
-21.754318722328506
-21.75446117777714
-21.754566516698986
-21.75466974179607
-21.75482681861599
-21.754932825083696
-21.755044142974533
-21.755168385156562
-21.755269434181894
-21.755359459740184
-21.755561726896637
-21.75564176402554
-21.75575543937205
-21.755871354406867
-21.755975485513915
-21.756111266116047
-21.75629605552479
-21.756405164608157
-21.756538691748315
-21.756649622819182
-21.7567726381812
-21.75689098290364
-21.756971589019948
-21.75708725937058
-21.757183357272876
-21.75726755409771
-21.75738478270781
-21.757487970586126
-21.757597582989234
-21.75772464759173
-21.757814776543768
-21.757907548528458
-21.75803155196614
-21.758078336905818
-21.75815700450996
-21.758204353505867
-21.758292182697616
-21.75834757673323
-21.758396470378486
-21.758489850979586
-21.75853480321474
-21.75861365125095
-21.75867222510902
-21.758739587640303
-21.758797306645327
-21.758848088856272
-21.758909285008674
-21.75894822118835
-21.75900117634236
-21.759024337771244
-21.759106258000184
-21.75912996985666
-21.759179139967564
-21.75922597730111
-21.75927975252288
-21.75931920703286
-21.759370053765014
-21.759404165417234
-21.75944390569622
-21.759499053404703
-21.75952764505559
-21.759584253750383
-21.759641473828495
-21.759673029740885
-21.759734682902497
-21.759775142331385
-21.759828320948152
-21.759878168111875
-21.75990991574905
-21.75997607974342
-21.760032770186612
-21.760082067647506
-21.760156678646855
-21.760225435812284
-21.76036061552185
-21.76045384192414
-21.76062524518845
-21.760787748100668
-21.760921200160816
-21.760976644961215
-21.76122260190504
-21.761293111706294
-21.76137824596558
-21.76150596443935
-21.76160683116064
-21.76169865672394
-21.761815006902367
-21.761865360546697
-21.761999232940763
-21.762050110126957
-21.762124926371968
-21.762163860727178
-21.76226729807545
-21.762304603894233
-21.762352064316005
-21.76241964674151
-21.762489161222923
-21.762548258957914
-21.76262620797184
-21.762675736686774
-21.76273612724205
-21.76282503022784
-21.762869252889352
-21.76292895352346
-21.7630291866716
-21.763077310487596
-21.763148279719182
