500 iters for seed 2 on ER0.3 which is in the 85.22415161132812 percentile
 Maxcut: 28.0, MedianCut: 17.0
-17.00634200859618
-17.053295073423293
-17.160263721770683
-17.232493378594647
-17.281867278322103
-17.31775307078935
-17.34200114015058
-17.380449730745713
-17.402389001843964
-17.4187802533029
-17.434267790104485
-17.449065979075606
-17.463863341235918
-17.475481987233593
-17.486911076788918
-17.496177904450956
-17.50481248954899
-17.5132036024666
-17.522012204302854
-17.52899298129858
-17.535243700036943
-17.54004668926988
-17.54507228432883
-17.549655562701986
-17.554073786553463
-17.558089537100702
-17.562622433496355
-17.566862464991427
-17.570391059523804
-17.573648382104324
-17.57568632182658
-17.57885506869806
-17.5810472777176
-17.58324498680484
-17.585866049814243
-17.586700188705073
-17.589968992679765
-17.591497289695837
-17.59352180545488
-17.59579000859459
-17.596631158900628
-17.59902595050785
-17.600139037577197
-17.60180138698575
-17.603896918599958
-17.606130009725323
-17.607755634469974
-17.60974116456713
-17.61148460268113
-17.61343992234879
-17.614514667194605
-17.615503316310452
-17.61669764547879
-17.617719063440898
-17.61853818236958
-17.619564918871298
-17.620165331034023
-17.620787366849356
-17.621458926205428
-17.621887334560764
-17.62248767611827
-17.623237278258852
-17.62364937372003
-17.624352657683804
-17.62472113087992
-17.625487726780214
-17.6259865077907
-17.626549910375218
-17.62743885952795
-17.627886192456273
-17.628609555939875
-17.629182888528497
-17.629671880891586
-17.630066073809214
-17.63042687450711
-17.630722634203998
-17.630973049918477
-17.631340490470727
-17.631699801459174
-17.63199946945213
-17.632319060206953
-17.63266876385555
-17.633084276686972
-17.633465500534946
-17.633814796418456
-17.633890778447537
-17.634556356411736
-17.634757230653513
-17.63505805516599
-17.63543829883152
-17.635810504879405
-17.6362727433015
-17.636744251388155
-17.6373021216073
-17.637779557090223
-17.638921851471093
-17.639400325264166
-17.640126921155204
-17.640912809930533
-17.641614540744065
-17.642210446959993
-17.64275005346622
-17.64318366317427
-17.643698533059705
-17.644115220845812
-17.644514069351874
-17.644787158364156
-17.645278703582285
-17.64546719056872
-17.64595063774289
-17.646280398824665
-17.64663717647174
-17.647192695888275
-17.64746923239315
-17.647947437422584
-17.64826750766281
-17.64864290504024
-17.6489176380464
-17.649215396325094
-17.649644385099727
-17.64992897675122
-17.650223800837935
-17.650605980709873
-17.650784011100708
-17.651113656147615
-17.651411226858055
-17.651795391878437
-17.652077017070873
-17.65236478053581
-17.65274044449489
-17.65311687400508
-17.65335196955599
-17.653658962397806
-17.653860461241777
-17.65406111198343
-17.654363988191957
-17.654522534899897
-17.654742774456203
-17.655063586593958
-17.65542599571445
-17.655618420235093
-17.656066857165012
-17.656262558516968
-17.656490013996955
-17.656740723562116
-17.656905428811022
-17.657070924408494
-17.657220226383576
-17.657373436082125
-17.657534365803507
-17.657712145486375
-17.657905542382778
-17.6580697640643
-17.658174423723995
-17.65834474243581
-17.65842898686801
-17.65854628749181
-17.658657379407472
-17.658741600114322
-17.658912282698452
-17.659006460972627
-17.659133399927672
-17.659212880904548
-17.659317938542486
-17.659432295140626
-17.65959256155786
-17.659686465203265
-17.6598028306344
-17.659906568734527
-17.660024866731714
-17.66011510477967
-17.660218427905225
-17.66031871366583
-17.660423545654822
-17.660537853507613
-17.660635779640362
-17.660697566057003
-17.660846544332458
-17.660907484852807
-17.66097728231451
-17.661109605160977
-17.661171400544838
-17.66124826741319
-17.661352413795292
-17.661431232136245
-17.66151627578455
-17.661685323766747
-17.661752152437593
-17.661847967607763
-17.661977397584657
-17.66205419863896
-17.66219847053827
-17.662266574275
-17.66237284272931
-17.662473083053218
-17.66264694418164
-17.66275397189264
-17.662855947110117
-17.663017208551295
-17.66314886923866
-17.663355609677303
-17.663535228005184
-17.66372957206023
-17.66388296831234
-17.66406386324713
-17.664310867172006
-17.664517194614426
-17.664732708885072
-17.665004509063703
-17.665213363746275
-17.665444704844855
-17.665688136821736
-17.666000276360208
-17.666332116164497
-17.666586746448075
-17.66688783369448
-17.667174339833792
-17.667423493926574
-17.66766337237433
-17.66791289016879
-17.668145141698762
-17.66834068509113
-17.668545970089212
-17.668758715990155
-17.66892579279131
-17.669086506399342
-17.669239494209663
-17.66937281858538
-17.6695065677683
-17.669624159192853
-17.669767486266785
-17.66988697283316
-17.670021024204196
-17.670126324399785
-17.670223090735263
-17.67034477466708
-17.670422887902177
-17.670586650230696
-17.670641903266915
-17.670736448904286
-17.67079972126831
-17.67089461559818
-17.670950407177862
-17.671013197237713
-17.671105450730515
-17.671183465136536
-17.671250303043138
-17.671322917710036
-17.67139614980973
-17.671517575941166
-17.671617750937227
-17.671718669401663
-17.671834762777458
-17.671924250581768
-17.67205214005768
-17.672169006658574
-17.672259564240974
-17.67241757439144
-17.672570281526568
-17.672657355348782
-17.672789280974445
-17.67286922840365
-17.672972638995475
-17.67311789485693
-17.6731986051983
-17.673362367436972
-17.673539681500337
-17.673626842203827
-17.6738055312389
-17.673918895307693
-17.674040361009034
-17.674131038527747
-17.674222747095566
-17.674340966060342
-17.674457941066272
-17.674578350686104
-17.67465574783908
-17.67472270054213
-17.674813807643034
-17.67486852229573
-17.674948791584427
-17.67499877785242
-17.67510178682899
-17.675152765248292
-17.675228257322985
-17.67529872852289
-17.675386378445666
-17.67543968311788
-17.67549357420051
-17.675554644184455
-17.675629254330026
-17.675690312706813
-17.67574508069216
-17.67580501174153
-17.67588155371383
-17.675934383623993
-17.67601796448445
-17.67605295242523
-17.676118473091563
-17.676159568120053
-17.676224453362696
-17.676270616378723
-17.67631538825816
-17.676389971456917
-17.6764449905045
-17.676514334370246
-17.676557637881842
-17.676609772289954
-17.67664133920013
-17.676724591475377
-17.67675152839702
-17.676786300577987
-17.676832409108414
-17.676890619179687
-17.676945065434495
-17.67698776916266
-17.67703273631928
-17.67706865575757
-17.677115831015833
-17.67714358899059
-17.677203256157892
-17.677244144253798
-17.67728422312092
-17.677349403653185
-17.677393900625177
-17.677469396782353
-17.677525838674136
-17.677595882986186
-17.677646636844536
-17.677714668269168
-17.67778215307284
-17.677835023475563
-17.677891432114503
-17.677999214440483
-17.67806221661417
-17.678131416987636
-17.678220545325672
-17.67832806050067
-17.678426250051288
-17.678497954444904
-17.678614975055222
-17.67866926895771
-17.678839740152053
-17.67892119870337
-17.679028049503785
-17.679189065714255
-17.67934337195872
-17.67949537718844
-17.67966735399923
-17.679826521997146
-17.680022181129452
-17.68021161216422
-17.68034770037211
-17.680518023895686
-17.680648555416223
-17.680834551038892
-17.680928098827877
-17.681043347115157
-17.681278526093358
-17.681480112179337
-17.681630094105266
-17.681796338285228
-17.681950756084177
-17.68221184503739
-17.682385335692565
-17.68255735396074
-17.682751798953454
-17.682892791542734
-17.68304389467555
-17.68316616430952
-17.68328372969634
-17.683403807449885
-17.683502067900307
-17.683584230340866
-17.68366203599279
-17.68374168950587
-17.683832431840013
-17.683899758116745
-17.683969255755393
-17.684034632681616
-17.684117084564935
-17.68419497747478
-17.684272104005213
-17.684357463722808
-17.68445545191832
-17.684533968171948
-17.68461308654393
-17.68468182833422
-17.68474432052316
-17.684818192399305
-17.68487425599899
-17.6849214573819
-17.684980371059254
-17.685031389900786
-17.685103022914674
-17.685145902000606
-17.68521127504029
-17.685275947722193
-17.68535172296277
-17.68539020816715
-17.68544238350332
-17.685473734979674
-17.685525946846226
-17.685565528346086
-17.685597450623234
-17.685661637651503
-17.685688722074115
-17.685740669083522
-17.685779983956888
-17.685823490295633
-17.685863014194343
-17.68590767425119
-17.68595240245917
-17.685997630926074
-17.68604160898391
-17.686069947863267
-17.686102584121826
-17.686130520541354
-17.686178142201634
-17.686203057529454
-17.686227916282114
-17.686262436194486
-17.686299061213102
-17.686328562748074
-17.68637047117534
-17.68640079730025
-17.68642751553543
-17.686475207830117
-17.686499576175418
-17.686529560268156
-17.686573287555536
-17.686598822812453
-17.68664592202329
-17.686695822392913
-17.686716501855123
-17.686743636795704
-17.68677003898048
-17.686800637888485
-17.68683409547731
-17.68685316789941
-17.68687930247888
-17.68689973562936
-17.686929031551564
-17.686941626279626
-17.686957556245215
-17.686980503835194
-17.687003736261996
-17.687020495811545
-17.68704309109051
-17.68705820673223
-17.687073862641405
-17.687100813580358
-17.68711249637978
-17.687126776817117
-17.687153518265518
-17.687166413803837
-17.687181570413852
-17.687214839114468
-17.687224698607967
-17.68723921367364
-17.68725737786194
-17.68727274922587
-17.687300976873225
-17.687315931277553
-17.687338602451423
-17.68735564221441
-17.687377280907732
-17.687396567682157
-17.68741256956801
-17.68742945300326
-17.687442047475862
-17.687462192841473
-17.68747122690693
-17.68749175539159
-17.68750032661492
-17.687512058196347
-17.687527998682924
-17.68754058311811
-17.687553590152728
-17.68756217035657
-17.687572488949037
-17.687581274504403
-17.687595538598377
-17.687601853576346
-17.687610315163056
-17.687618932102
-17.68763214988529
-17.687641395299323
-17.68764998304234
-17.687662105254645
-17.687676384861163
-17.687687021453367
-17.687697964358748
-17.687708251111165
-17.6877182470879
-17.687735973186072
-17.687738318640662
-17.68775147989515
-17.68775790995553
-17.687767007681604
