500 iters for seed 177 on ER0.3 which is in the 75.34103393554688 percentile
 Maxcut: 25.0, MedianCut: 16.0
-16.17315825874013
-16.246562083215373
-16.29559612163991
-16.338106880172717
-16.368911056913852
-16.39402676587227
-16.4146508275606
-16.434054076160642
-16.4437131878199
-16.452691415422837
-16.463136103364914
-16.47010547215673
-16.481257050707995
-16.488157536331478
-16.49553030158485
-16.503687431609837
-16.511264310560183
-16.51717218568141
-16.522724300090637
-16.527875214883736
-16.531917674390016
-16.535981582446436
-16.54056909322815
-16.543743103331515
-16.547428726449105
-16.550402296842947
-16.552622742423388
-16.55571611796805
-16.55870272028818
-16.561302321146815
-16.563700801415674
-16.565971960777368
-16.568265189260984
-16.569974116667098
-16.57194779270693
-16.573645418462696
-16.57550389652404
-16.57732522147248
-16.579059187374153
-16.580964746569492
-16.582670160378782
-16.58400605232847
-16.585331536669933
-16.586773068948954
-16.588096876932998
-16.58943779498042
-16.590685762290637
-16.591997860985643
-16.59347973758183
-16.594600654186568
-16.59593321008518
-16.59735145745604
-16.598610613058028
-16.600096202761808
-16.601511077239138
-16.602780751150643
-16.603886212169275
-16.604990721893998
-16.605827340408364
-16.60654186701398
-16.6073833511615
-16.60805799306674
-16.608684991493284
-16.6093309633561
-16.610040968721055
-16.610766115298077
-16.61142443824811
-16.61194938088836
-16.612631139997042
-16.613200916166797
-16.613824739071156
-16.614331330053403
-16.61484566784543
-16.615584768448898
-16.61633248296309
-16.617177173093317
-16.61765085830134
-16.61820825960571
-16.61886650508565
-16.619487310993044
-16.619857355455153
-16.620747504075602
-16.62114262292279
-16.62177512795341
-16.622332729125702
-16.62307536483118
-16.62360716995986
-16.624199936596938
-16.624739928682498
-16.625401904251746
-16.62592910122221
-16.626336027045603
-16.626685021970232
-16.627315779402238
-16.627542836730797
-16.627872190560232
-16.628243277969077
-16.628657538193487
-16.628990304925303
-16.629352019658384
-16.629625584336317
-16.63000928602935
-16.630270866969862
-16.630543761987447
-16.630729441749658
-16.630951272865637
-16.63116492511049
-16.631390755913475
-16.63159340141133
-16.631766756093647
-16.631932997576044
-16.6321750020712
-16.632301072234128
-16.6324804891767
-16.63268015997423
-16.632884324776764
-16.633014500967107
-16.633170529230654
-16.633324556602325
-16.63349262467473
-16.633645635083234
-16.6337556622681
-16.633838018992478
-16.63400219030495
-16.63407211070732
-16.63417133853223
-16.63427691996685
-16.634370591392017
-16.634546205448757
-16.634632806674823
-16.634789909245043
-16.634906580747373
-16.635039950431658
-16.635133484329142
-16.63523099760909
-16.63539299690162
-16.63549400822141
-16.63561983427158
-16.635788798853138
-16.63587181929612
-16.636006326022255
-16.63606969497572
-16.63619939869635
-16.636277681532317
-16.63634937628825
-16.63648890947085
-16.636555974258144
-16.63669167180205
-16.63680876898619
-16.636950494416702
-16.637043013132622
-16.637154693730203
-16.6372515148174
-16.63733067087213
-16.637410786208946
-16.637514042557477
-16.63760068267596
-16.63767631155477
-16.637771091500266
-16.637865972837083
-16.637918783956064
-16.637989953301755
-16.638035697834045
-16.638091136024435
-16.63815828224413
-16.63820413028698
-16.638298551549305
-16.638390591187957
-16.638445377287873
-16.63852842373594
-16.63859749420867
-16.63868235552497
-16.63879539539974
-16.638851290873607
-16.6389130451927
-16.639032333954752
-16.639149683324163
-16.63921323356173
-16.639379539483613
-16.63939797500081
-16.63951693710455
-16.639576144321097
-16.639664861653337
-16.639791158017132
-16.639871552745568
-16.640004402989252
-16.640096636827018
-16.640213245190793
-16.64031736561671
-16.64040031511923
-16.640531288745212
-16.640609100580864
-16.640696009427426
-16.64087221440591
-16.640970047965695
-16.641131729083504
-16.64120861536647
-16.64141806970273
-16.641529866567783
-16.641697233003125
-16.641941407383033
-16.642098884104744
-16.642289628258037
-16.64246984741684
-16.642667332224207
-16.642905241735228
-16.643147385792656
-16.6433673623231
-16.643562148928652
-16.643821345415322
-16.644099294121833
-16.64435359285258
-16.644533094481858
-16.644833889865104
-16.644968285596107
-16.64524442248252
-16.64537476036373
-16.64551144913716
-16.645599831010678
-16.645779952761593
-16.645883012631025
-16.645991859054405
-16.646200371045676
-16.646320258544804
-16.64652694491912
-16.6466743727555
-16.646806870146545
-16.64691847383101
-16.647012078072475
-16.647162195388375
-16.64725359316568
-16.647335213515774
-16.647449182117676
-16.647509454570102
-16.647611360134064
-16.64771806990351
-16.647836446989764
-16.647905418186674
-16.64798748137656
-16.648025745325363
-16.648108538001857
-16.648156083577067
-16.648199603801444
-16.648286621672135
-16.648326747174078
-16.64840161242249
-16.648453669360094
-16.648515414856405
-16.64857107617155
-16.648629296147067
-16.648689555050822
-16.648742644566845
-16.648789221767974
-16.648847362824526
-16.64889506423881
-16.648948658653055
-16.649004796768537
-16.649050086817063
-16.649092109299634
-16.64915762275636
-16.649184677945215
-16.64923660438603
-16.649278855579013
-16.64932304121829
-16.649391884639158
-16.649428284941305
-16.649471812343663
-16.649504771867775
-16.649542550318657
-16.649575464985055
-16.649604713349518
-16.649645343352077
-16.649670989532318
-16.649701634350006
-16.64973503424453
-16.649780591719047
-16.649796815028807
-16.649845620442555
-16.649855739514358
-16.64990009029759
-16.64992270103318
-16.64995248726281
-16.649995088661086
-16.65002034825025
-16.650062941677422
-16.6500912402559
-16.650127912707955
-16.650157822670874
-16.650180296357526
-16.65021085137283
-16.650230179838697
-16.65025466672833
-16.650272455278042
-16.65029779835232
-16.650311877060695
-16.65033637398081
-16.650367858210515
-16.650398611890072
-16.650428176980693
-16.650449257089793
-16.650470070247174
-16.650488801066007
-16.65051762800716
-16.650536607966504
-16.650559606481853
-16.650583470980305
-16.65061198773757
-16.650634326154172
-16.650661633700505
-16.650680103056647
-16.650705914177593
-16.650729674527
-16.650761259861085
-16.650780535577756
-16.650797975495742
-16.650813560545092
-16.650833582043212
-16.650848135337448
-16.65086229209352
-16.650874332653455
-16.650894217043394
-16.650907285745326
-16.650922887140634
-16.65094239719843
-16.65096365686628
-16.650979154558158
-16.650997519475254
-16.651013789804963
-16.651034053552372
-16.651046873216377
-16.651067284294157
-16.651077792793096
-16.651098476949766
-16.65111965940156
-16.651133866783102
-16.65115091304724
-16.651161717098365
-16.65117756521871
-16.651189061756202
-16.651204748886293
-16.65121910352879
-16.65123117694496
-16.651257230200436
-16.651273767606796
-16.651290410974525
-16.651302457664578
-16.651317712389208
-16.651338497691288
-16.65136145286143
-16.65137842390726
-16.651394331202532
-16.651407814023063
-16.651427648857517
-16.651441366076714
-16.65145555492501
-16.65147543972891
-16.651494910624997
-16.651508812279708
-16.651529352329646
-16.65154366832561
-16.651560466311363
-16.651586552848546
-16.65160045729912
-16.65162613931116
-16.651642766421052
-16.651671093906455
-16.651690913936967
-16.651710305139154
-16.651729849002432
-16.651750906253216
-16.651769567559953
-16.651783402578765
-16.651805249097865
-16.65182897582479
-16.65185123703586
-16.651870514443566
-16.651892853818595
-16.651914460502546
-16.651933014913403
-16.651953406568538
-16.651974658934996
-16.652000747802997
-16.652020532868672
-16.6520374443315
-16.652054601333717
-16.652072898098993
-16.65208544486378
-16.65209634607001
-16.652114359748328
-16.65212779603437
-16.652142671924704
-16.65215529402414
-16.652167524422126
-16.652179212144834
-16.652190095337467
-16.65220065249595
-16.65220940626135
-16.65221984953739
-16.652230102367533
-16.652241133755677
-16.65225194008285
-16.652265052302003
-16.652273073814943
-16.65228413424549
-16.652294857239664
-16.652303983258495
-16.652318228488678
-16.65233096826303
-16.652338050469105
-16.652347118412116
-16.652355441797
-16.65236677728514
-16.652377207669502
-16.652387355770436
-16.652396732439282
-16.65240684582078
-16.65241811995591
-16.652426474551483
-16.652439868829003
-16.652448549820893
-16.65246014738211
-16.652469607908543
-16.65247797628829
-16.652489422999015
-16.652503166181695
-16.652512840071502
-16.65252444805852
-16.65253475215623
-16.65254460392216
-16.652560950985887
-16.652568953487282
-16.652576763826307
-16.652592291115525
-16.652599652851936
-16.65261087427959
-16.652619003120215
-16.652636973414577
-16.652642956662334
-16.652657313695684
-16.652663581687406
-16.652671816183492
-16.652682917384027
-16.652693686903437
-16.652704936124152
-16.652716067705263
-16.652727070284012
-16.652734750557222
-16.652743208636014
-16.652755532667072
-16.65276597359872
-16.652777011000026
-16.652788251209813
-16.65279958511471
-16.65281017459111
-16.652823150951484
-16.65282475593353
-16.652839886201438
-16.65284495832631
-16.652852444224873
-16.652860364758176
-16.652870691349577
-16.6528795670705
-16.652890299570238
-16.65290029372152
-16.65291122015265
-16.652926561176074
-16.65293418163212
-16.652945682944143
-16.65295950474815
-16.652969849674108
-16.65299016371029
-16.65301126478853
-16.653025654229246
-16.653044619714738
-16.65305841294709
-16.65307374785139
-16.653096386912313
-16.65310540701163
-16.653117470682506
-16.653136057933295
-16.65315156777003
-16.653159911619785
-16.653180773617525
-16.653195082596657
-16.653211614917012
-16.65322807726862
-16.65323897389372
-16.653252433813172
-16.65326963541579
-16.65328215899815
-16.653291712033365
-16.6533045135716
-16.65331747646575
-16.653332002523598
-16.653342967448577
-16.653351671523485
-16.65336337365936
-16.653372180367924
-16.653384147721923
-16.653391152050386
