500 iters for seed 30 on ER0.3 which is in the 67.59567260742188 percentile
 Maxcut: 27.0, MedianCut: 19.0
-18.54612715349779
-18.649818995759535
-18.705536130463003
-18.776005644849064
-18.8284571728401
-18.8768340926838
-18.91202587628117
-18.93700860351349
-18.958837519941614
-18.974316262141677
-18.98672995055695
-19.001111886515993
-19.01336494094197
-19.023783700958564
-19.033038952972234
-19.041890525555658
-19.04948481836951
-19.057867011777574
-19.064245223468138
-19.069560012552053
-19.074319694240653
-19.07720161453665
-19.080381199973285
-19.082223531363994
-19.086287925258286
-19.08985899294376
-19.09415757248467
-19.09807091021321
-19.10219412475487
-19.105852590409658
-19.109639225993433
-19.114119528439048
-19.11632725491528
-19.121247010235976
-19.125083728006565
-19.12676268592772
-19.128829594984357
-19.130382953849516
-19.13269120968333
-19.13444802487232
-19.136940076944413
-19.13856741518548
-19.140153945378078
-19.142275052853925
-19.14439316048114
-19.146450796986127
-19.14831402537763
-19.15021553936058
-19.152238006449018
-19.153748596033314
-19.154297117783766
-19.1549679604369
-19.156292180351272
-19.15718109004954
-19.15856790017249
-19.159643432271505
-19.160580475316294
-19.161311825304814
-19.162106323308187
-19.16284486272594
-19.16342930463338
-19.164090935725774
-19.164648180554444
-19.165315559221032
-19.165515308800718
-19.166081540790664
-19.166299552052635
-19.166831918500666
-19.167514755256924
-19.168616412870353
-19.169194951481227
-19.170233840197444
-19.1708103772893
-19.17138099267951
-19.17209015114944
-19.17269142223915
-19.173211702244313
-19.17359233975055
-19.17397534735306
-19.174274496687328
-19.174976508029154
-19.175362167695443
-19.17585950976866
-19.176257394635222
-19.176660491911807
-19.17696114022148
-19.177441715469023
-19.1776507283953
-19.17790190258261
-19.17807296679485
-19.178300325100498
-19.178494501770924
-19.178702028317055
-19.17898804524684
-19.17929960012638
-19.17958782885625
-19.179861575858677
-19.18003546247724
-19.180414934603835
-19.180634147905728
-19.180877957394866
-19.181158742050194
-19.18127866974312
-19.18143836687775
-19.18161944379611
-19.18180746937571
-19.182034749771407
-19.1822415895729
-19.182460050315626
-19.18267757549397
-19.18295594782611
-19.18323527321618
-19.183500060789036
-19.183731675794157
-19.183901871347537
-19.184078116264025
-19.184203672777585
-19.184325518423357
-19.18449141118589
-19.184679376996723
-19.18486373999064
-19.184987349590806
-19.18513169562186
-19.18527715668678
-19.185458513047667
-19.185634292622936
-19.185774012985448
-19.185959032206398
-19.186180647255735
-19.18635714044007
-19.186533642524132
-19.186664288303003
-19.186891829766513
-19.187369577626395
-19.187708672443804
-19.18822771981823
-19.188827881937915
-19.18933043729377
-19.189836381372842
-19.190503198992893
-19.190868350986765
-19.191460497580444
-19.19173531590484
-19.191980952572354
-19.192234021082022
-19.192616022572853
-19.192995232537548
-19.19327821451389
-19.193621540673508
-19.193925147553312
-19.19426449986529
-19.194574286253463
-19.19479354273775
-19.195144580587215
-19.19543484169006
-19.195643253337366
-19.195832363786437
-19.195998109306935
-19.196220576202588
-19.196550883570072
-19.196761375703716
-19.197106408528484
-19.19745309869344
-19.197792303083222
-19.19807601156429
-19.198458740217884
-19.19874119275879
-19.199090640428274
-19.199277233392436
-19.199581560810746
-19.199946694552757
-19.20025282294885
-19.200617986706895
-19.20104919977429
-19.201449957870604
-19.201740953834328
-19.202014135665024
-19.202369599382838
-19.202762515494026
-19.203043438035174
-19.20327900520755
-19.203525245009264
-19.20371968735383
-19.20417664544405
-19.20434549277047
-19.20449175709492
-19.204745188227342
-19.204881473716256
-19.20502244230209
-19.205242037337484
-19.205364905847848
-19.205559700141713
-19.205690686575913
-19.20579918577485
-19.20588659717171
-19.205963171555275
-19.206098090870018
-19.206194032603896
-19.206275124781083
-19.20640940085218
-19.206472060928462
-19.206582141918467
-19.20665520155339
-19.20672620386871
-19.20675426415327
-19.20687734604285
-19.206925887745932
-19.206995581185186
-19.20707778972836
-19.20715982287122
-19.2072471969833
-19.207305829909533
-19.207401025462705
-19.207532933358003
-19.20759662297495
-19.207710781534
-19.207775030154185
-19.207848263521377
-19.207939779991523
-19.208038172433127
-19.208089791112954
-19.20812949574049
-19.208169828264747
-19.208217864979062
-19.20832179590383
-19.208360984419265
-19.20843079098544
-19.208490088116122
-19.208548193831927
-19.20863424303182
-19.208665208898697
-19.208729056880795
-19.20875081280646
-19.208773530508473
-19.20880263278959
-19.208840885752437
-19.208865562339945
-19.20891751051064
-19.20895023952832
-19.20898104355205
-19.209007195855367
-19.209034619279784
-19.209062140593833
-19.209095124721138
-19.209113204287547
-19.209137405622972
-19.20916855425638
-19.209189171096536
-19.209208819070277
-19.2092199114026
-19.209231003718106
-19.20926330955878
-19.209278208032636
-19.209300022564868
-19.209321853882948
-19.209343691626387
-19.209362904384303
-19.209385444241484
-19.209401856421415
-19.20941418641908
-19.2094191170311
-19.209437113729287
-19.209448676136585
-19.20945736993721
-19.209471957670655
-19.2094825276171
-19.209518726323807
-19.20953339939026
-19.209554312799632
-19.209580848858216
-19.20959609477363
-19.20963256185989
-19.209647753955288
-19.209667012225196
-19.209676244568353
-19.2096984471789
-19.2097361899447
-19.20976863650285
-19.20979573649005
-19.20982571692728
-19.209854943140314
-19.209895617643422
-19.209917347025268
-19.20994481093298
-19.209979584150418
-19.21000251348766
-19.21002351591887
-19.210044365054273
-19.210063680805234
-19.210089456870847
-19.210124583949895
-19.210164273499487
-19.210194195148702
-19.210233933635084
-19.210267353151828
-19.210309240648893
-19.210348024653918
-19.210386865489752
-19.210423225856808
-19.21048947999917
-19.21053586069827
-19.210615494073892
-19.210705731055718
-19.2108108531047
-19.210934548064465
-19.211049256903657
-19.21114378949603
-19.21128895457203
-19.211387823301003
-19.21147197775768
-19.211545331418254
-19.21160751817292
-19.211644103486382
-19.211709267176282
-19.211766245055117
-19.211802164454486
-19.21190850755885
-19.211957664466606
-19.21202176016695
-19.21213062073076
-19.212205117367745
-19.212316424258194
-19.21238931314326
-19.212451415253945
-19.21249954271027
-19.212540429816027
-19.212599488097304
-19.21264921887719
-19.212707401329773
-19.212787481754187
-19.212824112393285
-19.212902020910654
-19.21297347972006
-19.2130457654439
-19.21309653590049
-19.213156074104603
-19.213194417137995
-19.21323650210517
-19.21328210283469
-19.21332515812187
-19.213363924361364
-19.21340885325437
-19.21344716068408
-19.21348077144813
-19.21351855771417
-19.213545521751158
-19.213587707722922
-19.21361893502331
-19.213640075586707
-19.21366246769341
-19.21367728577554
-19.213691407268648
-19.213711564550234
-19.21372180074632
-19.213745959516313
-19.21375695314858
-19.213775452127766
-19.2137923922729
-19.213809108825878
-19.213838644684444
-19.213846682178833
-19.213895421628056
-19.213912732427712
-19.213929506195214
-19.213944407539387
-19.21395783878717
-19.21399273725391
-19.214013729454546
-19.214041064512053
-19.21407848081031
-19.214091146279095
-19.214113768392572
-19.214141129634044
-19.214156222937344
-19.214190747203737
-19.214205110412458
-19.21422331741728
-19.21423345872656
-19.214247067100516
-19.214271848897667
-19.21428574831857
-19.21431555523377
-19.214330252172523
-19.21434252301626
-19.214358031361456
-19.214373676207508
-19.214391367537004
-19.21440730431663
-19.214422291940444
-19.214438079597297
-19.214447526543374
-19.21445726613549
-19.214472017259666
-19.214489632446153
-19.214500347423506
-19.21451022026945
-19.214531823589418
-19.21454497867247
-19.214561753823368
-19.21457726944267
-19.214589974862257
-19.21461269108398
-19.214634937777625
-19.21464983036366
-19.214667418365657
-19.21467544347665
-19.214686884596176
-19.214702567607414
-19.21470923462187
-19.214732977137498
-19.214740037839757
-19.21475975728884
-19.214768225920686
-19.214781393561704
-19.214796906672582
-19.214804849828273
-19.214817468819327
-19.21482728227322
-19.214839433289328
-19.21484580766723
-19.214859852346876
-19.2148755390541
-19.214891146778278
-19.21490974176742
-19.21493077473663
-19.21496197200224
-19.21498603320841
-19.215003426054516
-19.215035881267504
-19.2150663497341
-19.215112150744265
-19.21513570368831
-19.215152950638014
-19.21517984522035
-19.21522410644667
-19.215265101330914
-19.215302403046614
-19.215365201833123
-19.215404244364045
-19.215464939099938
-19.21549998482662
-19.215556504405477
-19.215640389677453
-19.21568057773322
-19.215726264930623
-19.21579021491206
-19.21582477392932
-19.21587855084243
-19.215930529782245
-19.215969125495953
-19.216039284235993
-19.21607935735462
-19.216164233128147
-19.216201645792587
-19.21625744817955
-19.21630296182275
-19.216366154363573
-19.216403797046432
-19.21647863554154
-19.216519805601244
-19.21656484002863
-19.216651152321006
-19.21670938454499
-19.21680455362997
-19.21688325766331
-19.21694238555292
-19.21702157253065
-19.217055332515248
-19.21709564760631
-19.217145679833123
-19.217191439426088
-19.217250163566728
-19.217312898406977
-19.217339463848113
-19.217374720752467
-19.21741624828598
-19.21748066268095
-19.217497340984433
-19.2175636291889
-19.217588478846537
-19.217630724374015
-19.21765850621812
-19.217700778666075
-19.217746231459383
-19.21776311216132
-19.217784772958556
-19.217823824021174
-19.21786137936524
-19.217903400074917
-19.21791471291276
-19.217963943258333
-19.21798263242311
-19.218011853020958
-19.218029154457728
-19.21805509285082
-19.218081375475595
-19.21809936255611
-19.21811687597059
-19.218135304907886
-19.21815585577329
