500 iters for seed 77 on ER0.3 which is in the 67.68264770507812 percentile
 Maxcut: 32.0, MedianCut: 21.0
-20.64895107336498
-20.762481114935902
-20.824537604422492
-20.871348612032207
-20.907573558248476
-20.945611761919952
-20.972436824160717
-20.99251944464693
-21.014362959722483
-21.03361495022853
-21.045698350550307
-21.05878208710789
-21.068007414815536
-21.074374077812095
-21.081714358060303
-21.0878223731697
-21.09512910432448
-21.10001798899587
-21.104059485443372
-21.10910437906643
-21.11393879383455
-21.118390096972803
-21.12207452084761
-21.12616339480785
-21.129727273214893
-21.132543097428798
-21.13557207472932
-21.138359931733216
-21.141238495417525
-21.14401207032378
-21.147776906775988
-21.150391008507786
-21.15375145276348
-21.156774754316206
-21.15949927991469
-21.162230714136037
-21.164440753758303
-21.166725730613777
-21.16865338313505
-21.170935736976514
-21.173623657044526
-21.176333448886112
-21.179154684831953
-21.18074453079026
-21.18255958507946
-21.1840429151249
-21.18559660371986
-21.186981856235334
-21.188209246797836
-21.189269071184782
-21.190558396378037
-21.19123479407978
-21.192142845330668
-21.193024672432458
-21.19398115842695
-21.194765454552677
-21.195668918337084
-21.196282658310306
-21.197367132059313
-21.197965179748834
-21.198537941269972
-21.19928157132916
-21.20010954493213
-21.200840619329252
-21.20159769610172
-21.202261334525602
-21.20315159785884
-21.203688640120752
-21.204344606394827
-21.204959939748925
-21.205610275053882
-21.206054285775032
-21.206556335884375
-21.206891257989987
-21.207296559932246
-21.207682732636407
-21.207991987764736
-21.20852115909008
-21.209183508620953
-21.209572064418836
-21.210116756367636
-21.210643523340575
-21.211246275791446
-21.211732735481196
-21.212169470997157
-21.21278281030975
-21.21339505600391
-21.21395619177623
-21.214384319926545
-21.214813641658907
-21.215329784930354
-21.215766501618177
-21.21616431766343
-21.216515226199355
-21.216866557646043
-21.217157103225972
-21.21738394915881
-21.217582219036768
-21.217811910663833
-21.21796369063049
-21.218159346462475
-21.21829334482886
-21.218418238019144
-21.218566387761644
-21.218698294038695
-21.21883258372749
-21.218949629824444
-21.219086677513456
-21.21928153105248
-21.219370745074787
-21.219524739069836
-21.219564624261565
-21.219751084861613
-21.219854187984996
-21.21997045971033
-21.22013921493737
-21.220209842082248
-21.220364545962973
-21.220467242128052
-21.220627770717293
-21.22076971341883
-21.22093837474822
-21.221077403155334
-21.221211534620544
-21.221311226813494
-21.221403379143297
-21.22153693807191
-21.221639951658435
-21.22172904299508
-21.221916167820012
-21.221977986235466
-21.22210976340214
-21.22223148752051
-21.22232812133776
-21.22247473656545
-21.222634310859032
-21.22276087690489
-21.222958385432793
-21.22307003993837
-21.223221595796335
-21.223423220755663
-21.22356316464296
-21.223760858326198
-21.223941877691836
-21.224092225513537
-21.224274272244912
-21.224453935028905
-21.224670098324918
-21.224851565334205
-21.225008505326848
-21.225219198468686
-21.225452375595857
-21.225676916696194
-21.22588377569206
-21.226098745100327
-21.22641029447544
-21.226706871410386
-21.227014231056433
-21.22755103380451
-21.227978516269012
-21.22848409611624
-21.228754888097924
-21.229065446025423
-21.22936394480321
-21.229721647619236
-21.23002825758815
-21.230322560951095
-21.23058916049748
-21.23090077799149
-21.231342456184823
-21.23167754801055
-21.232126873756762
-21.23244110418915
-21.23274439751509
-21.23300014155317
-21.23335049614024
-21.23366504573901
-21.23396175783227
-21.234265249642394
-21.23456716321303
-21.23487889828464
-21.235130319377774
-21.235455352615578
-21.235732576570264
-21.23599970974288
-21.236219128511767
-21.23640356196155
-21.236565163720005
-21.236718531435937
-21.236826201352265
-21.236950497192773
-21.23715568761954
-21.23726438903517
-21.237370361027583
-21.237492174911488
-21.237612413817608
-21.2378246997006
-21.237895779954112
-21.237979111075855
-21.238121553706954
-21.23824137251936
-21.23835959936188
-21.238503294843017
-21.238652070943438
-21.23882051643732
-21.238950378999924
-21.239085325872043
-21.23924161688494
-21.239379835328222
-21.23950206462967
-21.239705925107163
-21.239793055316657
-21.239908073148346
-21.239985280500758
-21.240102211560032
-21.240180288078896
-21.2402611562578
-21.24038512552935
-21.240526310466727
-21.240642583153868
-21.24077546845424
-21.240903301204394
-21.241034561945604
-21.2411317862867
-21.241232653008353
-21.241361942470043
-21.241484483496755
-21.241585603215135
-21.241694127212117
-21.24176198918587
-21.241873356542982
-21.241961120495937
-21.242040429641445
-21.24220127246806
-21.24228034747094
-21.24237068501371
-21.242446172533473
-21.24251627321651
-21.242593728946886
-21.242674131293267
-21.242737883941412
-21.242804691189914
-21.242888059638062
-21.242951368631303
-21.24301393636786
-21.24311253569798
-21.243202692080533
-21.24332462122218
-21.24338190721106
-21.24346881965875
-21.24351429238027
-21.243572976135265
-21.243654121317256
-21.24374282220818
-21.243841494477763
-21.243911231751625
-21.243972746822855
-21.24405640288485
-21.244113127851875
-21.244199256417257
-21.244277388744674
-21.24435953925094
-21.244411609056566
-21.244468261844627
-21.244506428002726
-21.244598366879384
-21.244639014655974
-21.244683373211096
-21.244740153012984
-21.244797055056303
-21.244836095699334
-21.24488337482536
-21.244923799720006
-21.24497809609465
-21.245067843429183
-21.24511660860955
-21.245181300725413
-21.245252109711053
-21.24530923556656
-21.245368271067353
-21.245455168999385
-21.245498550049206
-21.24555155772059
-21.245586202499737
-21.24564047552753
-21.245716170556822
-21.245773719275167
-21.245825561103544
-21.24587734909012
-21.24593625200845
-21.245984462619244
-21.246024459847526
-21.246079755119084
-21.246111998823118
-21.24615693498343
-21.246202745522172
-21.246258252764942
-21.246295868780393
-21.246342079796076
-21.246383835246586
-21.24643848204112
-21.246496494146285
-21.246527306547357
-21.246573839485706
-21.24662927559151
-21.246659591243848
-21.246706748891064
-21.246778123943102
-21.246813877850837
-21.246865192762336
-21.246904010637387
-21.24694948636558
-21.24699451094511
-21.247032354530337
-21.247072885911994
-21.247104663428374
-21.24714131226316
-21.24722392255882
-21.247263114253407
-21.247297830924694
-21.247379435536537
-21.247402982525365
-21.247443390482456
-21.247483016932392
-21.247526472167753
-21.247585329998945
-21.247653990338073
-21.24774335014799
-21.247789829894273
-21.24784631268761
-21.24790544745884
-21.247976255937317
-21.248064419318737
-21.248121939576592
-21.248176964628808
-21.24825533029623
-21.24832356436216
-21.248365563776694
-21.248442690646286
-21.248496470932395
-21.24853984181313
-21.248617476545146
-21.248667680604424
-21.248735650094286
-21.248844491578815
-21.248884090561162
-21.248930046899805
-21.248987964324535
-21.24903253097377
-21.24911893727411
-21.2491712802763
-21.24922012262016
-21.249264101874004
-21.24930473737495
-21.24935222237697
-21.24940668563974
-21.249447305302546
-21.2494726919663
-21.249538730643188
-21.249575660827936
-21.249617931838344
-21.249688916845606
-21.249709922573963
-21.249754274420088
-21.249782755210497
-21.24981574084035
-21.24984663167931
-21.249894447060832
-21.249926378203586
-21.24996113209713
-21.24998813929585
-21.25002946667801
-21.250064676669012
-21.250091991065613
-21.25015062747917
-21.25017871923771
-21.250232205584062
-21.25027979547144
-21.250336402180267
-21.25038592846639
-21.250432915839767
-21.250497807449523
-21.250555591145517
-21.250644985698383
-21.250698097962264
-21.250755847846154
-21.250825164827102
-21.25089395461471
-21.250952186417816
-21.25105307754211
-21.251100822420355
-21.25116239299421
-21.251220222554245
-21.25129582199718
-21.251359485252003
-21.25140731423984
-21.251460285327695
-21.25151456083713
-21.251585775294533
-21.25163580372105
-21.251693131376207
-21.2518078282405
-21.251862201042716
-21.25192233552582
-21.252060759475864
-21.252122297472507
-21.25220197619865
-21.252285378642977
-21.252376780926234
-21.25245245579185
-21.252551319735648
-21.25260884910994
-21.252674784211884
-21.25273858589889
-21.252805490075716
-21.252907486243288
-21.252972156346807
-21.25309784911421
-21.253187514427573
-21.253275275564143
-21.253361804259278
-21.25342310605831
-21.25350787231531
-21.253595102197487
-21.253639687437126
-21.253716924239924
-21.253776624604484
-21.253851430556715
-21.253923656074676
-21.25396864441831
-21.25401701434597
-21.25409799580853
-21.254142253739595
-21.25419413524976
-21.254254372645125
-21.254303885244063
-21.254351934443036
-21.254398974611775
-21.25444963430615
-21.254494839850988
-21.25455253153411
-21.254605786272172
-21.254650013782463
-21.254702355399264
-21.254762436329383
-21.254812436442627
-21.2548705318606
-21.254913976083486
-21.254951674993457
-21.25502190784802
-21.25505599146898
-21.255094932743962
-21.25516694091223
-21.25520839503419
-21.25528165139512
-21.255306334245283
-21.255381028092213
-21.25542796882953
-21.255487991236492
-21.2555318591476
-21.25560523583419
-21.255649603493662
-21.255698375891633
-21.25577678002645
-21.25591561421492
-21.255997579227614
-21.256078180132775
-21.256151459156417
-21.256212551468252
-21.256291811275265
-21.256379287270324
-21.256431304482604
-21.25647956992497
-21.25656709096892
-21.25662312356029
-21.256668935339246
-21.256719185084094
-21.25674988402967
-21.256787050759492
-21.25685211424897
-21.25687039590409
-21.256936668451733
-21.256957556697373
-21.256990468730017
-21.257036648434273
-21.257066840024724
-21.25709888449246
-21.257118878875644
-21.257141233067046
-21.25716470194562
-21.25719536179542
-21.257215060717584
-21.25723390548428
-21.257279773186642
-21.257303633484824
-21.25732983504811
-21.25735239999853
-21.257377736363658
-21.257404504020105
-21.25742659678338
