500 iters for seed 102 on ER0.3 which is in the 97.90878295898438 percentile
 Maxcut: 26.0, MedianCut: 17.0
-16.491218049437144
-16.503150072666166
-16.523035666220416
-16.63358972011051
-16.669053091184868
-16.718281949111084
-16.759374445246063
-16.77921048311476
-16.83288878134594
-16.85164615034182
-16.865671021230476
-16.894155220266963
-16.906447018435014
-16.923935883602713
-16.938647375518514
-16.95461498617271
-16.96930266650961
-16.980448292581478
-16.99208301008128
-17.000135566075073
-17.007175506334544
-17.012054155041085
-17.01823500977607
-17.02310372220898
-17.02807961695407
-17.032997618099827
-17.03867552368457
-17.04314266150822
-17.048466615274904
-17.051548547747952
-17.05645413450119
-17.059492873979615
-17.062682124934707
-17.066041332854404
-17.069125623473994
-17.07173041600247
-17.074327470728463
-17.07728335766096
-17.07871681077561
-17.08142429081441
-17.083099523805203
-17.084529399940447
-17.086187989494945
-17.087875755792496
-17.089194326655058
-17.09021649525382
-17.09180614886483
-17.09349984264463
-17.095017591863726
-17.096622080383185
-17.097938809846795
-17.09933877500744
-17.100648609918338
-17.10171854449021
-17.10285596498315
-17.10400003752135
-17.10510802364118
-17.106141234320475
-17.107112982282818
-17.108201804041563
-17.109279658374856
-17.110587282537296
-17.111844294585733
-17.11334332398588
-17.114285305458722
-17.11547356013921
-17.116406911101322
-17.117493465094846
-17.118227696221172
-17.119040476167367
-17.119623171023832
-17.120850872021514
-17.121488242326702
-17.122354437408916
-17.12278542266618
-17.123977561537643
-17.124505155315283
-17.125257229541276
-17.126269166657142
-17.12697935290233
-17.127996527282594
-17.128731787436557
-17.12952584535318
-17.130319205937468
-17.13111371975331
-17.131855926320352
-17.13245964061938
-17.13309576560173
-17.133820010123976
-17.13436570152943
-17.13496556123101
-17.135796568095017
-17.13640547911066
-17.13688116335444
-17.137541560198645
-17.13805585709315
-17.138704190740377
-17.139273202629305
-17.13979234924883
-17.140196816930516
-17.140569330903602
-17.14087134874424
-17.14116152574399
-17.141461104829013
-17.141745178950966
-17.14208065983852
-17.142428637742306
-17.142748454050796
-17.143143387645583
-17.143442327956762
-17.14375831431127
-17.144139116219243
-17.144386372039765
-17.144748434220325
-17.14505743228596
-17.14534676930741
-17.14553807781628
-17.14570172890916
-17.14587208599039
-17.145999194494486
-17.146191376986522
-17.146423644861205
-17.146611427074276
-17.146785911172515
-17.146930299442598
-17.147072503707914
-17.1472470647121
-17.14741425125025
-17.147532756424614
-17.14768959268774
-17.14775507909352
-17.14801289624669
-17.148118117937788
-17.148237843963535
-17.148388149627703
-17.14859013485956
-17.148800969159332
-17.14908829317392
-17.149302513917487
-17.14951119565279
-17.1499589888873
-17.150260435397364
-17.150701729594388
-17.151032250517623
-17.151350092440506
-17.151618932117103
-17.15188681386207
-17.152163127278815
-17.15244108125716
-17.152640681752022
-17.152886277522384
-17.153406882324347
-17.153498305920344
-17.15389572413901
-17.15405327613294
-17.15431982674742
-17.154477367786882
-17.15470133095733
-17.15488587464649
-17.15504927402077
-17.155303374194123
-17.155558430305085
-17.155714900426357
-17.15592548710823
-17.156117250861676
-17.15636051757876
-17.15672897135282
-17.156916816712492
-17.15712827056426
-17.157374373681783
-17.15761683105255
-17.15788789788621
-17.15813240437508
-17.15835239892387
-17.15858766661353
-17.158840556109634
-17.15904254251636
-17.159283646450202
-17.159461627156677
-17.15966128361243
-17.159964233123315
-17.16011717895325
-17.160272519489045
-17.16050931559958
-17.160634751660535
-17.160820869261634
-17.160961198958532
-17.161099388248093
-17.161220761110656
-17.161329695124603
-17.161439105063124
-17.161583991115098
-17.161671617084327
-17.161779982761168
-17.161943092441714
-17.162059171231007
-17.162237523566557
-17.162360175593022
-17.162484495460838
-17.162601423010507
-17.162710982982528
-17.162843451862283
-17.162944728093766
-17.16304370484822
-17.163129564461006
-17.163271783077214
-17.163369859132047
-17.163475589248215
-17.163554534149505
-17.163642798428558
-17.163750897074188
-17.16388778056527
-17.163955034356043
-17.164054261910422
-17.16413327353507
-17.164227164058847
-17.164340446988362
-17.1643955858177
-17.164458083591224
-17.164551219176218
-17.164588726580508
-17.16462228408632
-17.16468434024985
-17.164725205752156
-17.164769976711078
-17.164855846130155
-17.164897090011266
-17.164967601217718
-17.16502884669547
-17.165109342996804
-17.165191979519204
-17.1652499846476
-17.16530121598649
-17.165374891621475
-17.165431060256747
-17.165482406091883
-17.165594034877547
-17.165651509018993
-17.165717428645415
-17.165774271553477
-17.1658310023425
-17.165897017995132
-17.16596702477498
-17.166029979385204
-17.166087747386072
-17.166167486134892
-17.16624484536328
-17.16630272321959
-17.166363837914847
-17.16641003463758
-17.166477660673372
-17.16653619988407
-17.166615306746863
-17.166669634453754
-17.166719169702255
-17.166762958240984
-17.16683162680108
-17.166888272335658
-17.166938070333185
-17.16698904071165
-17.167044747260213
-17.167110366004525
-17.167160868020574
-17.167202560212605
-17.16726165338848
-17.16730062928906
-17.167361981430368
-17.16743471625924
-17.167486930797573
-17.16753523010974
-17.167570734049175
-17.1676195033635
-17.167643919114
-17.167713071980835
-17.167737547985713
-17.167770026944805
-17.167801081543686
-17.167832455210025
-17.167867846635133
-17.167891177638257
-17.167950226328916
-17.167990260902876
-17.16802607368955
-17.168061827330575
-17.16809528564549
-17.16812018470668
-17.168175859006578
-17.168194574045827
-17.16822391821787
-17.16824154137658
-17.16827655166361
-17.168304521263238
-17.168330263692013
-17.168375369858566
-17.168408409771352
-17.16844204869307
-17.168463482714074
-17.168490835606754
-17.168527159292985
-17.16857050944613
-17.168589152679324
-17.168616941753353
-17.1686419996541
-17.168674576487515
-17.168704122755706
-17.16873207800317
-17.168754167326814
-17.168783725528428
-17.168820926215716
-17.168838251112327
-17.168868498419727
-17.168899769073366
-17.1689361492194
-17.168980058943603
-17.169010858116707
-17.169023524227224
-17.169096013621292
-17.16911453503998
-17.169144007681915
-17.169181945158844
-17.16921996928221
-17.169256769707534
-17.169286753051843
-17.16932028884152
-17.16936355865192
-17.16940651662715
-17.169455823846818
-17.16949890758086
-17.169552839933893
-17.169629421402206
-17.16966407194383
-17.169716839834827
-17.16974215693279
-17.169801875502202
-17.169834429600417
-17.169868175080946
-17.16992378547387
-17.169941958436976
-17.169998376337155
-17.170017456714596
-17.170051559788128
-17.170083913039846
-17.170118798494663
-17.17014704174685
-17.17017101161356
-17.170230924611268
-17.17025275374163
-17.17030147083579
-17.170347906242455
-17.170385563082732
-17.17041640233662
-17.1704438548147
-17.17048400425381
-17.170510441510576
-17.17052837242695
-17.170560541549523
-17.17057888454572
-17.170600830288798
-17.170644809388456
-17.170669724170455
-17.17071363896069
-17.17073535281545
-17.170789759056284
-17.1708150473952
-17.170846855183974
-17.17088789900826
-17.17090825768725
-17.170943107261863
-17.17095916815208
-17.170985136346335
-17.171009962138584
-17.171052517763226
-17.171080197602905
-17.171109368987523
-17.171155136533372
-17.17120754388343
-17.171245838418212
-17.171292048748168
-17.171314604207417
-17.17134047994992
-17.17136951214591
-17.1713869502044
-17.171412015938557
-17.1714491161363
-17.171471872087604
-17.17150241138077
-17.171552434536295
-17.17157668331581
-17.17161054426292
-17.171627922012
-17.171651938000224
-17.171693737120904
-17.171720496812995
-17.171746489001155
-17.171769677055913
-17.171790387889835
-17.171812400099185
-17.171834475301775
-17.17185498796651
-17.171875792819105
-17.171897871999562
-17.171930612704614
-17.171954094810317
-17.171978927644616
-17.17200174150645
-17.172023942783333
-17.172050185621877
-17.172069172974584
-17.17209748519116
-17.172120937056988
-17.172143802822447
-17.172163025023792
-17.17218308828715
-17.172202532923297
-17.172229169590263
-17.172235468824553
-17.17225394829525
-17.17226399146776
-17.17227519883941
-17.17229628963165
-17.172311405462725
-17.17233329940248
-17.172347714360168
-17.17236352481226
-17.172378783514155
-17.17239373422482
-17.172406787798938
-17.172420165494774
-17.17243197310927
-17.172448617792355
-17.17245233935752
-17.172468305479683
-17.172476157814806
-17.172485615779046
-17.17249953685757
-17.172509682516456
-17.172527088151572
-17.17253582676639
-17.17254811201557
-17.17255100568297
-17.172572054004156
-17.172579070036043
-17.1725879374575
-17.1725989417901
-17.17260694255885
-17.17262526822543
-17.1726342304525
-17.17264513978013
-17.172661000805306
-17.172664744423436
-17.172684038719545
-17.172690444353915
-17.17269939216152
-17.172712350607664
-17.172719789572632
-17.17273237126837
-17.17274325579377
-17.172757795264186
-17.172771853061615
-17.172789918069668
-17.172804477881066
-17.172819332291844
-17.172831626897395
-17.172845030793525
-17.17286650067447
-17.172876188609127
-17.172886360193957
-17.17290389856853
-17.172914922162064
-17.172934821974064
-17.172940585695667
-17.17296186595998
-17.172970823331916
-17.172984423118002
-17.173003596480704
-17.17301754022317
-17.173030668066882
-17.173038417847515
-17.17304831134647
-17.173059370794437
-17.173072777054212
-17.173080317301405
-17.173089159038256
-17.173099448430015
-17.173113277374497
-17.173123583719757
-17.17313307246228
-17.17314196199566
-17.17315594648667
-17.17316395461929
-17.173174150545922
-17.173181681486028
-17.173193870172486
-17.173207593927252
-17.17321855652331
-17.173226142137633
-17.173237446498902
-17.17324670940473
-17.173255458104336
-17.173267458658586
