500 iters for seed 187 on ER0.3 which is in the 47.278594970703125 percentile
 Maxcut: 29.0, MedianCut: 18.0
-18.014982942893383
-18.118794005674538
-18.22822789651419
-18.27857280162813
-18.325718988447527
-18.35306444389636
-18.384367135605395
-18.405621902030255
-18.42560819777894
-18.446294700188776
-18.467566669904322
-18.48410713526591
-18.496508434354702
-18.508622344876443
-18.517875796856462
-18.526532539949812
-18.536023558391594
-18.544356772619622
-18.55220804956577
-18.556721684661994
-18.560400884994714
-18.564334457520705
-18.567663969935776
-18.570837007592978
-18.573955684741616
-18.577768870055003
-18.580712311281893
-18.5835497922848
-18.58728034281453
-18.590566918284054
-18.59297754761027
-18.59530511954099
-18.59832206627469
-18.600368221122075
-18.60180302284528
-18.60382525530853
-18.605427043173815
-18.60765715426475
-18.60876527210514
-18.611229703292857
-18.6125960906617
-18.613908693074965
-18.61578737232433
-18.617025387744647
-18.618665549442706
-18.61987377099603
-18.62132804429454
-18.62285134392263
-18.62479982256571
-18.625987619504563
-18.62754451552193
-18.62855977220269
-18.630271537937944
-18.63146929440073
-18.63268891583306
-18.633869434001618
-18.63561488127749
-18.636664953062706
-18.637854545879527
-18.638637811570085
-18.63955196971381
-18.64016676909644
-18.640742849624495
-18.641313211747285
-18.642151195886687
-18.642570467901376
-18.643283400748704
-18.643994377548616
-18.644854680987294
-18.64569866934105
-18.646389784005542
-18.646997023899957
-18.647903232700582
-18.64831819623846
-18.648844606639194
-18.64941164525606
-18.650071596866756
-18.65061729504633
-18.651214215093283
-18.651722724823188
-18.652190159135763
-18.652679768762876
-18.653011995879254
-18.653449262035714
-18.653978640856014
-18.654364358771293
-18.654748978408847
-18.655109409799472
-18.65542967152502
-18.655859906555897
-18.656209283709618
-18.65654198050712
-18.656802938822864
-18.657094273878702
-18.65732937356141
-18.657514536363777
-18.657793813398985
-18.65801086900119
-18.658197270934835
-18.658528828025805
-18.65875633286072
-18.65904257993114
-18.659485171595556
-18.65972336124702
-18.659995400446647
-18.660423503117617
-18.660688089166797
-18.661067590064626
-18.66139607324274
-18.6617140869887
-18.66194704769268
-18.662218885439657
-18.66245293146664
-18.662654414279636
-18.662888036240844
-18.663068492425296
-18.66327702076773
-18.66348483994171
-18.66367279772263
-18.66388393314333
-18.664127813739064
-18.66434357800501
-18.664565553284703
-18.665034180562422
-18.66523167062034
-18.665643818805673
-18.66603621698013
-18.66644244411793
-18.666975694568983
-18.667464387011798
-18.66786677118942
-18.66841679987362
-18.669002720381094
-18.669696572701632
-18.670343113986227
-18.670815798788766
-18.67144146018307
-18.671769436458703
-18.67248598829868
-18.67277425399949
-18.673304615111473
-18.673743564241654
-18.67423676883848
-18.674663803715827
-18.67508254990349
-18.67557195103505
-18.676128246933565
-18.67649244550652
-18.676927513444944
-18.67741621532373
-18.677956625103008
-18.678463585633402
-18.678828035827305
-18.67919040949573
-18.679619870060247
-18.680029391342607
-18.68042271092123
-18.680825524251258
-18.681262533726393
-18.68161173796569
-18.681912973422723
-18.682272283915307
-18.68250783067719
-18.682776495881907
-18.683057205006758
-18.683273449464437
-18.683589263791383
-18.683836847778444
-18.684054238610187
-18.68422649164539
-18.684398765120182
-18.68458089370692
-18.684771707419713
-18.684947324281605
-18.68511703599864
-18.68527402217101
-18.685423782657338
-18.6855572997194
-18.68572986266675
-18.685794873061855
-18.68603684050176
-18.686146525991784
-18.686291472607603
-18.686406334145875
-18.686594075780803
-18.686713242480227
-18.686816597520448
-18.68694777213721
-18.687083526434957
-18.687174269678323
-18.68730873773434
-18.687376734644793
-18.687478964352046
-18.687587686253348
-18.68765385783576
-18.687811917273486
-18.687886488221984
-18.687969721727985
-18.688051325843233
-18.688148521049754
-18.688267192666164
-18.6883805935786
-18.68850229774531
-18.68859805439151
-18.68871105642883
-18.68885570991785
-18.688965129743927
-18.68905915581398
-18.68921332146853
-18.689278004874556
-18.68938907423183
-18.689475027029907
-18.689567583009598
-18.689652416041355
-18.68978313100877
-18.689877854248525
-18.68997289952489
-18.690115167551898
-18.69023255791189
-18.690318878994137
-18.690419911933432
-18.690517610754505
-18.690646233147397
-18.69077430950857
-18.69085717774001
-18.690962545688606
-18.69103141469204
-18.691145669127575
-18.691236497108946
-18.691312649554
-18.691473879117385
-18.691566114115098
-18.69168394645506
-18.691809417244322
-18.69194235044383
-18.69208723279266
-18.69222941815022
-18.692378912681637
-18.6925041567165
-18.692643955784554
-18.692820556806225
-18.692977383911963
-18.693087869982072
-18.693239971570804
-18.69338997145494
-18.693593078550677
-18.693779770230734
-18.69390474244625
-18.6940606487099
-18.69418194822521
-18.694326166035616
-18.6944751561006
-18.694569929217757
-18.69469816774944
-18.694853554166
-18.69502254979935
-18.695165875994636
-18.69533022174767
-18.695511303093223
-18.69569870004678
-18.695832476659014
-18.695970319778326
-18.696109209035317
-18.696262531693037
-18.69642905813067
-18.696573005617854
-18.69669008374258
-18.69684302269782
-18.696957890825423
-18.697088619365022
-18.69723404270557
-18.697320529593952
-18.69740046069233
-18.697554548508194
-18.697624779027628
-18.697699503008366
-18.697866047764986
-18.697955732000526
-18.697982791144195
-18.69820280068938
-18.698255406940362
-18.69837312004078
-18.698416419016375
-18.698538976282023
-18.698592118332776
-18.698669813339336
-18.698787242203732
-18.698865635594682
-18.698975041089803
-18.699032901809332
-18.69910051849842
-18.699176091766606
-18.699254388954618
-18.69931479453124
-18.699380174154463
-18.699412453638363
-18.69952363812117
-18.699566687016137
-18.69961716801631
-18.69968292245658
-18.699765701306912
-18.69985713044413
-18.69995233029124
-18.700051501430718
-18.700120146874802
-18.700228215773528
-18.700291979484426
-18.700367909062393
-18.700476723567974
-18.700532894730273
-18.700628171933516
-18.700724521282595
-18.700766685405764
-18.700835777606624
-18.70086539795921
-18.700933715550484
-18.700979297585782
-18.701011132377552
-18.701065139421242
-18.70109830252473
-18.701143149583853
-18.701174617223618
-18.701210512968487
-18.701239311573723
-18.701277171999553
-18.701303496710793
-18.70133723838704
-18.701367824082894
-18.7014107922524
-18.701440810644886
-18.70147381732213
-18.701519852778205
-18.701564238487855
-18.701597871094588
-18.701633055775034
-18.701655798745467
-18.701686796540226
-18.701735970076122
-18.70175915558785
-18.701784672622853
-18.701834392538238
-18.70184697640877
-18.70187122534764
-18.701894352699405
-18.701918752348433
-18.701956415200826
-18.70198549520024
-18.70203571095196
-18.702069392617524
-18.702100262220487
-18.702127905551887
-18.702154188081625
-18.702203520847164
-18.702217674541558
-18.702254743136063
-18.702281371082698
-18.702311888877812
-18.70232323899521
-18.70236834292934
-18.70239187168645
-18.702417398732614
-18.70245303082841
-18.702487717339686
-18.702547061107083
-18.702588770185983
-18.70263763772662
-18.702672856198813
-18.702708247376776
-18.702758444392764
-18.702790351673357
-18.702825467286235
-18.70288495208909
-18.70290895101192
-18.702955651856655
-18.70299695709698
-18.703046602613504
-18.703079829385004
-18.703112994621314
-18.703154161902408
-18.70320216883762
-18.703237079971622
-18.70327922274838
-18.703323555873837
-18.703375205717705
-18.703445400149967
-18.70351593517558
-18.703580326945826
-18.70362661954266
-18.703661704984697
-18.703707785828602
-18.70374269163637
-18.703780851729327
-18.703801376517767
-18.703831682123056
-18.7038441472936
-18.703886299003287
-18.70390323916801
-18.703928276769116
-18.703969293347267
-18.703985220417174
-18.704015535765592
-18.704035169839326
-18.704060858868424
-18.70407293700136
-18.704094697052266
-18.704108039737648
-18.704118780851566
-18.704140052451745
-18.704153791893717
-18.704170369091763
-18.70418429701876
-18.704199852640002
-18.70421066279932
-18.70422189661249
-18.704231350236903
-18.70423850627875
-18.70424417046273
-18.70426028337512
-18.704265624577157
-18.704274309390286
-18.704283086614744
-18.704293998942042
-18.70430494902257
-18.70431277592941
-18.704326389347425
-18.704339808602157
-18.704349500814825
-18.704365331420554
-18.70437362010849
-18.70438404473569
-18.704398443688028
-18.704404962564638
-18.704418742686713
-18.70443386208646
-18.7044400664436
-18.704451815268243
-18.704457308586306
-18.704470406128177
-18.7044792524622
-18.7044856201004
-18.704497093283415
-18.704499752570612
-18.70451750322451
-18.704522432227446
-18.70453208686699
-18.704536001953713
-18.70454705769535
-18.70455261799389
-18.704559948226795
-18.70456984510781
-18.70458018919691
-18.704588206910294
-18.70459949111165
-18.704609095305447
-18.70462355135576
-18.7046322235651
-18.704645861556454
-18.704652213421728
-18.70466631092237
-18.70467579137533
-18.704692435241817
-18.70470214731492
-18.704713901219453
-18.704731465493325
-18.704743380381935
-18.70475966811675
-18.704770914234217
-18.704784574082
-18.704796696428872
-18.704812142909564
-18.704827438397892
-18.704839295638696
-18.704852337453442
-18.70486986289
-18.704884054000203
-18.704898037213287
-18.704915128180986
-18.70493347423207
-18.704953681715075
-18.70497105716504
-18.704991771910827
-18.705011467153017
-18.70503362989421
-18.70504843998653
-18.70506588466767
-18.70508245714779
-18.705106311845558
-18.705122376851623
-18.705140468370136
-18.705160952052978
-18.70518966774087
-18.705207774048247
-18.70522599955485
-18.70524177479421
-18.7052629583826
-18.705282242751018
-18.705297592112274
-18.705330497763054
-18.705346750473947
-18.70537091981593
