500 iters for seed 107 on ER0.3 which is in the 34.613800048828125 percentile
 Maxcut: 26.0, MedianCut: 17.0
-16.99449693833639
-17.013417072177507
-17.130536782877087
-17.2402776065623
-17.267599219996658
-17.308302492678685
-17.414006087195798
-17.475231655010283
-17.511062107927838
-17.544296767317224
-17.567059521694187
-17.591540947115572
-17.61271832445563
-17.631944629035505
-17.65053433767569
-17.666105454946663
-17.680449496630676
-17.689619208671445
-17.697545691487218
-17.70546667522277
-17.71421797608394
-17.723043752234105
-17.730340617138495
-17.738687436519438
-17.746383811956417
-17.753330017444195
-17.760963588873764
-17.76585833251711
-17.77373515107931
-17.78041267804329
-17.786396840632
-17.79252889581717
-17.799321300598294
-17.804351728590333
-17.808867247764333
-17.813035306935813
-17.816046558740013
-17.8186577320931
-17.820877828687074
-17.823482013779547
-17.825835853316534
-17.828350105753138
-17.830530483884704
-17.833031562210955
-17.835330433361428
-17.83833048734484
-17.84077435321862
-17.843468190901067
-17.84528559497009
-17.848101815157683
-17.849666362188074
-17.851465713554646
-17.85321319289224
-17.85526526910673
-17.856547257489336
-17.857989273451224
-17.859444829832725
-17.860528710747573
-17.861692215427844
-17.86288306434786
-17.864552110765132
-17.866412267395106
-17.868060984337237
-17.86924526930609
-17.871106793122934
-17.872271709635672
-17.873752213151064
-17.874798010648274
-17.875833399487394
-17.8771587096103
-17.878490128471064
-17.87965734717737
-17.881100165211038
-17.882409744253362
-17.883694321934954
-17.884841088321547
-17.885956587435672
-17.88714907574236
-17.888045891219186
-17.88886194138287
-17.889792452448184
-17.890704804121132
-17.89147006918619
-17.89207286895038
-17.89290023287841
-17.893521964648933
-17.894321748873566
-17.894871738110556
-17.89544377099926
-17.895762216042243
-17.89664053153704
-17.89697608381807
-17.897412358397588
-17.897953299893246
-17.8983287976555
-17.898756860604234
-17.89905538482732
-17.89947007699287
-17.90016047428162
-17.90081659784797
-17.901291320251516
-17.901883991250234
-17.9022476032457
-17.902675761197955
-17.90329108651669
-17.903526249591906
-17.90374256606603
-17.904247363115005
-17.904523103136693
-17.904965152857077
-17.90528336925945
-17.905588441300278
-17.906005147576522
-17.906282797319818
-17.906538228790904
-17.906894608940007
-17.90712894066618
-17.907451663229708
-17.90782816475556
-17.908125222519963
-17.908338752189263
-17.908665693541668
-17.908841500816326
-17.90903295752714
-17.909383451934357
-17.90961115199109
-17.90988050658222
-17.910256871461463
-17.91043421077431
-17.910793114032963
-17.91106781574182
-17.911440756374212
-17.911742549264275
-17.911986944608536
-17.912550413550477
-17.912825852034462
-17.91327902365035
-17.91375903243519
-17.91424036154174
-17.91474632237761
-17.91529325610379
-17.915847796424007
-17.916207363069507
-17.91667384876832
-17.917094200744543
-17.917526566690718
-17.9178312607817
-17.918319714150684
-17.91856112528104
-17.91900888464204
-17.91926506189871
-17.919505751305852
-17.91994920781668
-17.920223596014402
-17.920600717735045
-17.92085521698049
-17.9211495611248
-17.921300523826254
-17.921804329097363
-17.922019419397706
-17.922304979540336
-17.922751499566477
-17.92301902713524
-17.923382616368876
-17.923646312521058
-17.92393542540489
-17.924238436435054
-17.92457649329297
-17.92482679117414
-17.92505023549046
-17.92542654294666
-17.925704526374414
-17.92602651660765
-17.92639455409136
-17.926634303607823
-17.92689662664759
-17.927284580533303
-17.92759313572702
-17.928095317104578
-17.928613752107612
-17.92906181486851
-17.929704829172216
-17.930110583855377
-17.930639045540087
-17.931051935366742
-17.93140635073139
-17.931781329979074
-17.932351009421826
-17.932675370231905
-17.93307557412579
-17.933244340737474
-17.93399931734535
-17.934333611347135
-17.934719268930127
-17.935323301188298
-17.935735134792672
-17.936342498328486
-17.936773295949568
-17.937133505523498
-17.937497682646153
-17.937930568343276
-17.93835021059342
-17.93867880233012
-17.93896017689244
-17.939330764896845
-17.93960227035041
-17.940013760738076
-17.94030965790401
-17.94064874705726
-17.940936709207783
-17.941245275636845
-17.941405915726207
-17.941859112840405
-17.942063812371973
-17.942372645704644
-17.942852234883496
-17.94329850201231
-17.943895992187638
-17.944374026075316
-17.944916806285
-17.945006317210627
-17.945797856365342
-17.946014937308206
-17.946272457284653
-17.946625436180007
-17.946852506235377
-17.947112891172505
-17.947281198924557
-17.94745170239579
-17.947617375225047
-17.947782602402782
-17.947958693001148
-17.948115837496307
-17.948328850177514
-17.94854750014964
-17.948688072756514
-17.948897723241693
-17.94900333414012
-17.94924068920679
-17.94935985593252
-17.94950817193503
-17.949768042455606
-17.949921365523647
-17.95015990878077
-17.95033882546134
-17.950526824177363
-17.95070472441784
-17.95087999582642
-17.951126295843256
-17.951266195995995
-17.95140067260535
-17.95165877547989
-17.9517970406127
-17.951989193127822
-17.952272258499264
-17.952550347341678
-17.95267028942847
-17.952870101841576
-17.952940618708503
-17.953135809257827
-17.95323800273558
-17.95334514401573
-17.95351428475332
-17.953603193228783
-17.953745200800732
-17.953847405844467
-17.953982905841066
-17.954071543594768
-17.954189919655285
-17.954290493520997
-17.95437687577583
-17.954477731356697
-17.95463741820448
-17.954739325546374
-17.95484957543941
-17.95501219705814
-17.955114169895513
-17.955227043809572
-17.955318773231443
-17.955424242291173
-17.9555385548261
-17.95563611702083
-17.95574995979779
-17.95582942839972
-17.955902233108553
-17.956025941231502
-17.956097529748455
-17.95617893972542
-17.956296296481142
-17.956358326868
-17.956410011704758
-17.956550368269166
-17.95659675606362
-17.956659367213298
-17.956767426049367
-17.95682620490379
-17.956975930515448
-17.95704951921019
-17.957167021632287
-17.95722903468103
-17.957309195953634
-17.95740999698699
-17.95751734836369
-17.957603054318383
-17.957671903308892
-17.957753101055705
-17.9578380375388
-17.957906294487554
-17.95799075812883
-17.95807529094612
-17.95819673779593
-17.958292238827205
-17.958354124464144
-17.958474599345845
-17.958555083158124
-17.95862924359691
-17.958696279268732
-17.95877146455714
-17.95879239852448
-17.95891225275144
-17.958943548828685
-17.958999945694735
-17.95908188699874
-17.959149907221455
-17.959239846056448
-17.959305556125475
-17.959370522727994
-17.95947799943853
-17.959601323025968
-17.95967129399141
-17.959756553877938
-17.959809571377292
-17.95988822421173
-17.960000829248575
-17.96006611224557
-17.960225373323212
-17.960344772933738
-17.96041485629938
-17.960501706912055
-17.960597677850952
-17.96069712755796
-17.960783888697566
-17.960870307344155
-17.960967751911255
-17.961102000157798
-17.961224782031028
-17.961326372825148
-17.96141803165476
-17.961521949009526
-17.96162070189805
-17.96173328835342
-17.96180494607577
-17.961875262746968
-17.961990962179346
-17.96205318912015
-17.96212980526198
-17.96222836073613
-17.96227266860563
-17.9623259967949
-17.962382784455322
-17.96248059207889
-17.96251048113491
-17.962603872351643
-17.962628254613524
-17.96270357453504
-17.96273977112552
-17.962789642999343
-17.96285905627262
-17.962893827468047
-17.962970570809233
-17.96300466846004
-17.963059609742434
-17.96314230265895
-17.963180774540046
-17.963257193055526
-17.963295819969712
-17.963348211370604
-17.963386636291133
-17.963469808742847
-17.963512925388095
-17.963552626691847
-17.96362236603296
-17.96366177275562
-17.963730363840497
-17.963780249810817
-17.963841251052614
-17.96388891173406
-17.963920545725024
-17.96397784699634
-17.964014537753325
-17.964060835251548
-17.96409310306422
-17.964135035041952
-17.964169046906182
-17.964220237901557
-17.964252708975657
-17.96430738785325
-17.96433709118706
-17.964373005417098
-17.964423953191897
-17.96446341983429
-17.964510560194274
-17.96454182458814
-17.964573543268298
-17.96461283517376
-17.96465494650414
-17.96470322579301
-17.964738399155063
-17.96478982700377
-17.964858915040328
-17.964905829908012
-17.96495645183804
-17.964999393645986
-17.965055027961498
-17.965076172746617
-17.96515716655725
-17.965188421071197
-17.965233387623407
-17.965292606112904
-17.965351248203465
-17.965411504898437
-17.96545959356352
-17.96550304677429
-17.96554506127385
-17.965605787088915
-17.96565191173381
-17.96570581984195
-17.9657519310119
-17.965799849446487
-17.965867287139883
-17.965914705247588
-17.96598958805539
-17.96606167719432
-17.96613528785981
-17.96619024929883
-17.966263953844205
-17.96632702916271
-17.966378215804596
-17.966458883233166
-17.966513820025675
-17.96657831104787
-17.96667690397782
-17.96672378530155
-17.96677240270048
-17.966842910195332
-17.966888085886083
-17.96694144597898
-17.96703841281592
-17.96708441188459
-17.96713549327339
-17.967216473136794
-17.967267400678118
-17.967354418723893
-17.96738399145095
-17.96743312387764
-17.967477660372023
-17.967537957167153
-17.96757968285602
-17.967620311445913
-17.967680605110488
-17.96772116742421
-17.967792924012404
-17.967840536307662
-17.96788406774359
-17.967947482674703
-17.96801774536554
-17.96805628499388
-17.96810818667975
-17.968140331792434
-17.968181574637615
-17.968227982730877
-17.968259751803128
-17.968290925025773
-17.968347597836047
-17.96837189399186
-17.968407366357518
-17.968448548019417
-17.96849258431661
-17.968517841215434
-17.96854686263093
-17.968573003309775
-17.96860416857925
-17.9686416552639
-17.968661972693813
-17.968695511846125
-17.96872889335467
-17.96880119486825
-17.968828860893154
-17.968866860221752
-17.968889841829203
-17.968933243955767
-17.968961588956955
-17.968986997871774
-17.969035075065328
-17.969069771069577
-17.969131494390574
-17.969178711176287
-17.96922277883969
-17.969258734996053
-17.969287580221884
