500 iters for seed 47 on ER0.3 which is in the 90.02609252929688 percentile
 Maxcut: 24.0, MedianCut: 16.0
-15.520478558736526
-15.573976882051499
-15.689241469083314
-15.730880790616
-15.782942312981248
-15.822376023743063
-15.850542467903903
-15.875223344688363
-15.895415690266429
-15.92212687252928
-15.937841321168131
-15.950355777918908
-15.962469215932973
-15.973402146993612
-15.982472794203504
-15.990599024560616
-15.998951499917203
-16.005955880797522
-16.012834519096646
-16.018593696964967
-16.0238150792292
-16.029376768832915
-16.034248286380077
-16.03945472430919
-16.04512449234176
-16.05080107756381
-16.056279921833738
-16.060676335872152
-16.0634494768098
-16.066467978378196
-16.069127759231606
-16.071631183032103
-16.073917900293818
-16.075655702457084
-16.07750167340428
-16.079092043164852
-16.08048485993687
-16.0819237190033
-16.08342544413931
-16.084849307079637
-16.08623352843784
-16.08748459695009
-16.088759749382096
-16.09013649477442
-16.091125724392388
-16.092170988615386
-16.093413551757763
-16.094314032361282
-16.095465700484063
-16.09647731221056
-16.097433849579915
-16.098329052552653
-16.099271527343397
-16.100165253980645
-16.100912971026816
-16.101887541673886
-16.10259335726452
-16.10347381841182
-16.10415936971784
-16.10480267058213
-16.10545621140603
-16.106194007092263
-16.106776830392825
-16.107387553497045
-16.107922732592744
-16.108606773710783
-16.109050613177416
-16.10950795946191
-16.110221210188833
-16.11073078979015
-16.111187886910738
-16.111612895692552
-16.111988606961276
-16.112422497974602
-16.112856881949913
-16.113123655364056
-16.11350084431142
-16.113741366067046
-16.11437560643368
-16.114729650016475
-16.115167602951747
-16.11579147556996
-16.11643159106385
-16.117098887442292
-16.11781704815588
-16.11827722953521
-16.118863261104547
-16.11964786450313
-16.12013929112549
-16.12077602606831
-16.121495410133992
-16.121838815456456
-16.122452604402334
-16.122864518835396
-16.123327473359524
-16.12368477928808
-16.124110190086284
-16.12448479628407
-16.12507496560815
-16.125364980150273
-16.125736382919783
-16.125967869257252
-16.12644585345128
-16.126754839472902
-16.127029614342426
-16.127498797209924
-16.127732830410125
-16.128168916255113
-16.12849666657753
-16.128842763353255
-16.129128768055846
-16.12939487503192
-16.12976984421837
-16.130004705867695
-16.130253943994756
-16.13064276742184
-16.13087810889752
-16.131134449322133
-16.131685990917838
-16.13189481189886
-16.132141099583702
-16.13262683323425
-16.132832352362325
-16.133090995240362
-16.133419328820764
-16.133600392075973
-16.13385639950578
-16.134064578585324
-16.1342122222278
-16.13443749158968
-16.134558420230057
-16.13479616327742
-16.13492363471753
-16.135063767580977
-16.135210091287064
-16.13542411559615
-16.135591739462562
-16.135730275191854
-16.13600167438349
-16.13613433290404
-16.136349359142898
-16.13650337294203
-16.136677219204945
-16.13681024414401
-16.13692725241577
-16.137118618370828
-16.137263314378902
-16.137494328698985
-16.137648214992524
-16.1378550945605
-16.13802387683114
-16.138236921376226
-16.13843271368422
-16.13872046673428
-16.138907567605937
-16.139149046469797
-16.1394962077504
-16.13978148838237
-16.140117452678265
-16.140471136040453
-16.140859894006322
-16.14134483033046
-16.141894745567328
-16.14236683870724
-16.142800538417287
-16.143350098393356
-16.143876707784884
-16.144395891726663
-16.14471753280341
-16.1451930799282
-16.145565838863053
-16.145875059007636
-16.146231290915075
-16.14656957607582
-16.1468694674241
-16.14726735003238
-16.147596895014058
-16.147978001030193
-16.148374737576912
-16.148656095625626
-16.14896677610505
-16.149348371790403
-16.149547237996313
-16.149863841834623
-16.150071198616928
-16.150408726161114
-16.15060828767342
-16.15077984747745
-16.151111098311613
-16.151259730967972
-16.151521608045247
-16.15172243702344
-16.151933353074458
-16.152109997962725
-16.152268846678524
-16.152463913063464
-16.15261451872438
-16.152798180924364
-16.152953124323314
-16.153070845298082
-16.153168814647735
-16.15330335863068
-16.153380191490186
-16.153474334196755
-16.15355765347176
-16.15362849302032
-16.153703560095643
-16.15381221003284
-16.15385947348885
-16.153924839432904
-16.15398139586336
-16.154050863502025
-16.154105750253542
-16.154163443023272
-16.1542149380062
-16.154286862644735
-16.154353663552392
-16.154404105663286
-16.154463895395544
-16.15455634509245
-16.154612276103478
-16.154676225497763
-16.154754528388985
-16.15484699148565
-16.154912445047536
-16.155005013921578
-16.155056213523263
-16.155127315719618
-16.155204514413892
-16.155256964695244
-16.155335419943064
-16.155440359477858
-16.15549671620689
-16.15558361706038
-16.155676384144968
-16.155794160103607
-16.15588971344377
-16.155970678861056
-16.1560464939207
-16.156126166954536
-16.15621117343565
-16.156279456730353
-16.156328145348084
-16.156412280714935
-16.156432385134778
-16.156504534282277
-16.156546966493025
-16.1566025634925
-16.156674984780707
-16.156731524069418
-16.156819371810542
-16.15686879001775
-16.156933886956466
-16.157043240820073
-16.157116403883318
-16.15718324304218
-16.15722560254714
-16.15727099591484
-16.157308802108304
-16.157380513104776
-16.157411242097602
-16.157454110059447
-16.15748646768042
-16.157551609169204
-16.157593477988375
-16.157636656651647
-16.157707303523928
-16.157756917804043
-16.157818505663222
-16.15785066787745
-16.157891176138374
-16.157902270845337
-16.15797948090733
-16.15799993348503
-16.1580297478699
-16.158074494020752
-16.158106051609067
-16.15814942842617
-16.158181144971167
-16.158217978317143
-16.158254332595263
-16.15828594393415
-16.15832201722713
-16.158351811686007
-16.158374686377215
-16.158413909618634
-16.158437878562694
-16.158461996877406
-16.15849685911863
-16.158515181839462
-16.15852746479045
-16.158587063673046
-16.158602574993868
-16.158632577386587
-16.158661511014262
-16.158694905866838
-16.158719122397294
-16.1587459939572
-16.15876806311913
-16.158785716358892
-16.15882061163339
-16.158834080232843
-16.158862394488004
-16.158885526135887
-16.158902666179713
-16.158937898130024
-16.158963354890425
-16.15900960049496
-16.159044796338108
-16.159088434717987
-16.159117715248172
-16.15915007571735
-16.1591894000768
-16.15921366257428
-16.159245541550373
-16.15930541954749
-16.159334624969283
-16.159381921212606
-16.159416023501
-16.15946717341384
-16.159512171675058
-16.15954676096463
-16.159624886077374
-16.159651348211412
-16.15970291568868
-16.159742217878932
-16.15978644136032
-16.159827902205564
-16.159871105139494
-16.159928568063787
-16.15996321793174
-16.159991820438908
-16.160029314888053
-16.160056038532918
-16.16009702227365
-16.160131405045902
-16.16015315259437
-16.160174349283665
-16.160196799439056
-16.160223065326484
-16.160239967911544
-16.160252732118483
-16.160279141158313
-16.160294300063427
-16.16031579626316
-16.160338243199128
-16.160364832509753
-16.160389932208485
-16.16041322699077
-16.160434659028493
-16.16044966671616
-16.160472733000198
-16.160488098301876
-16.160503542803614
-16.16051585332412
-16.160528914162796
-16.160542864230806
-16.160555088234194
-16.1605668121841
-16.160577348986727
-16.16058902722764
-16.160601432748507
-16.1606100093124
-16.160622646831527
-16.16062579212712
-16.160642314421633
-16.16064867442719
-16.16065806814863
-16.160671673449485
-16.160680318452165
-16.160693003438297
-16.160701281160932
-16.16071106693524
-16.16072035895875
-16.1607297319175
-16.160737036072547
-16.160745130009282
-16.16075084073873
-16.160759282944845
-16.160767851165122
-16.160778123893113
-16.160786255201536
-16.16079358709283
-16.160800853385393
-16.16080826185532
-16.160817025481375
-16.160822461484226
-16.160828994503476
-16.160837680541448
-16.16084389721603
-16.160851837161026
-16.16086295784592
-16.160867430483382
-16.16087351934527
-16.160881090964075
-16.160890117196338
-16.160896893971174
-16.160902640315932
-16.16090759459929
-16.160914753452417
-16.160921928778738
-16.16092752911722
-16.16093325893855
-16.160939935097748
-16.160946407281322
-16.160953575845397
-16.160959779828367
-16.160968384282995
-16.16097595545721
-16.16098347046423
-16.160990757432497
-16.160997866476627
-16.1610045160121
-16.16101024433467
-16.16101626908901
-16.161024710364227
-16.161032126523455
-16.16103992352195
-16.161048208373103
-16.161056709833666
-16.161063908059152
-16.161070404628088
-16.16108151303324
-16.16108996104824
-16.161097844401056
-16.16110605305979
-16.161112857876905
-16.161118110948564
-16.161125469859066
-16.161128262685526
-16.16113419421108
-16.16114136999576
-16.16114706260781
-16.161150640707266
-16.16115543210359
-16.161158927486866
-16.161163512977723
-16.161170149789914
-16.161174604769975
-16.161178353335504
-16.161184320949076
-16.161188252971886
-16.161190963892942
-16.161197944611637
-16.161201076099992
-16.161204867883498
-16.16121014689025
-16.161213401605774
-16.161219016746724
-16.161223421466296
-16.161227016279845
-16.16123153274811
-16.16123516644057
-16.161238850824294
-16.16124219913241
-16.16124524106675
-16.16124934894603
-16.161253508126915
-16.161257398498083
-16.161260681297478
-16.161263438702775
-16.161266772242257
-16.16126910144075
-16.161271493309368
-16.161275448211903
-16.16127815167183
-16.16128230001184
-16.161286142311866
-16.161293080741753
-16.161295497835606
-16.161299428639648
-16.161301565960745
-16.16130670112694
-16.161310236722976
-16.161313190874
-16.161318646313315
-16.161321761079222
-16.161326063854982
-16.16132884335912
-16.161332432252284
-16.16133614491104
-16.161340695831786
-16.161344588221567
-16.161348837608603
-16.161354075010415
-16.161359278057148
-16.161364715321042
-16.161370169548533
-16.16137666757939
-16.161382365741723
-16.161389263687944
-16.16139855876572
-16.161403340736324
-16.161409675296593
-16.161414200130434
-16.161422252477045
-16.161428865376834
-16.161434695348227
-16.161447859390897
-16.161454783255646
