500 iters for seed 61 on ER0.3 which is in the 48.912811279296875 percentile
 Maxcut: 30.0, MedianCut: 18.0
-17.99788918598865
-18.028631286957694
-18.107292945402047
-18.123821619626295
-18.218626238172316
-18.268666673466306
-18.302889744118573
-18.34767309158959
-18.377167659516715
-18.400966836158947
-18.420905658534753
-18.442590537659218
-18.460984844006713
-18.477807136225994
-18.48911155827321
-18.499942955358748
-18.510770336576364
-18.519145190222794
-18.52733677796566
-18.534500737500387
-18.54023598342644
-18.546211545508893
-18.55156575511205
-18.557611679501626
-18.56190505488169
-18.56693714721604
-18.571253816001654
-18.575786634200593
-18.58105917142558
-18.585733623260747
-18.59079460621449
-18.594847143908574
-18.597954168814432
-18.60117231537241
-18.60383237105437
-18.606287827295112
-18.6085779682316
-18.610587803275244
-18.61232453602697
-18.614154419618067
-18.61603335263959
-18.617862095865366
-18.619613471265453
-18.621281660772215
-18.62284811558762
-18.624242866034166
-18.62543549053066
-18.626776223101192
-18.628279287739126
-18.62975826737223
-18.631101888528917
-18.632569451235675
-18.633566686337296
-18.634741935598214
-18.635741180463974
-18.636698121520652
-18.637848719184255
-18.638993926334653
-18.63987708198227
-18.640846231954512
-18.64184150682452
-18.642811680329007
-18.64361895823558
-18.64439841245266
-18.645462030041053
-18.646302747435584
-18.646891112235906
-18.647776468630468
-18.648413872782264
-18.649108321421732
-18.64987282216193
-18.65059271780624
-18.651449786180674
-18.652157561814274
-18.652641197023534
-18.653203631013856
-18.653764506243192
-18.65433010966206
-18.65513299183238
-18.655735523151527
-18.65645166336453
-18.657259105722556
-18.65789944374694
-18.65841246597649
-18.65934220440487
-18.659756481981034
-18.660298620964728
-18.66104370945336
-18.661633948335
-18.662150732431805
-18.662596529187955
-18.663134108610354
-18.66396109566049
-18.66473292791475
-18.665433454366664
-18.666005286545616
-18.666551263884543
-18.66718760070335
-18.667650534430905
-18.668136693963632
-18.66875069088555
-18.669236099199395
-18.66989580853519
-18.670433249964624
-18.670840220970366
-18.671287758545276
-18.671631915086962
-18.672019098443858
-18.672414298452736
-18.672692583392298
-18.673147540908722
-18.673630524501093
-18.673856760414505
-18.67431484322712
-18.67452366180661
-18.674830762985206
-18.67507805968755
-18.67527370720999
-18.6756798704857
-18.675868887626653
-18.67612296077569
-18.676305789433233
-18.676477991787507
-18.676686122751022
-18.676923902564695
-18.677109494000838
-18.67721336961133
-18.677427416797673
-18.67753262972264
-18.677663124396712
-18.677773522353903
-18.677860455890947
-18.67799106717475
-18.678143578689745
-18.678213423779454
-18.67833369569491
-18.678346841545718
-18.67849668212463
-18.678574212844975
-18.67866706390105
-18.678790360007728
-18.678986597421684
-18.679195893732008
-18.679313909267638
-18.679469895285557
-18.679622896429294
-18.67982186647802
-18.680148157143698
-18.680323356530288
-18.680504771915892
-18.680965360429763
-18.681221418710198
-18.681475057962317
-18.6818444896187
-18.682036093969444
-18.68233982717013
-18.68254719505443
-18.68276991563462
-18.682992828456676
-18.683240069108432
-18.683525824727163
-18.68382234708357
-18.684023613903356
-18.684208061354575
-18.68440825304012
-18.68459635626413
-18.68472810011044
-18.684876826642085
-18.684976863058274
-18.685084741060624
-18.685175127536432
-18.68524763364449
-18.685345235366576
-18.68542080311228
-18.685520662629077
-18.685646370098883
-18.68574423471924
-18.685823457982604
-18.685973814558768
-18.686068761272956
-18.68615357412491
-18.686276024539595
-18.68636227792779
-18.68648212473126
-18.686620827358887
-18.686697154045575
-18.686807700881204
-18.686871440245465
-18.686948711668514
-18.687021979597112
-18.687097882775916
-18.68718134049643
-18.6872633618743
-18.687347756793237
-18.68741808717547
-18.687494628342748
-18.68757217161386
-18.687634631093204
-18.687692315508528
-18.687769252772902
-18.687813336214255
-18.68786504668269
-18.687940535171226
-18.687980012771604
-18.688045569285286
-18.688103118550597
-18.688166300152925
-18.68821955130453
-18.688286564868108
-18.688344414916962
-18.688406988426287
-18.688475966434012
-18.688541384836846
-18.68856259087335
-18.688676611771566
-18.6887074952749
-18.688755717865842
-18.68880172965028
-18.688859503551086
-18.688903510666595
-18.688942302773135
-18.68897517037807
-18.68901643169973
-18.689048950392582
-18.68908484244112
-18.6891274423526
-18.689178748647343
-18.689210800100884
-18.68925853193653
-18.689287766674937
-18.689332128597435
-18.689375814089804
-18.689404338852004
-18.689476556163783
-18.689502262909045
-18.689546161986446
-18.68958437271508
-18.68962953673887
-18.68966908870902
-18.68970957829729
-18.68975535110874
-18.689802903116558
-18.689852220344182
-18.689896438997536
-18.68994344253041
-18.689993518221026
-18.690057002355005
-18.69011876607061
-18.690181874815057
-18.690236603006376
-18.690288906422655
-18.690343627061402
-18.69038497263441
-18.690442722412236
-18.690512245776045
-18.690568069559546
-18.69061935579123
-18.69069497324554
-18.690753189132895
-18.69082830669916
-18.690923888964132
-18.691001297208167
-18.691073685801072
-18.691195095703005
-18.69126462061996
-18.69135350919054
-18.69146817201625
-18.69153934713846
-18.691688089934043
-18.69182106154011
-18.691930879263353
-18.69206120770977
-18.69217662357267
-18.692347214344736
-18.692439518063257
-18.692620146306133
-18.692739118661212
-18.692891100272842
-18.693101209303833
-18.69330442594435
-18.693482000444103
-18.69369569925583
-18.693850506487298
-18.69407995105447
-18.69432714738794
-18.694516385615565
-18.69464281048536
-18.694840546841704
-18.69502584132961
-18.695242299904947
-18.695424261733926
-18.695593057115957
-18.695753850969233
-18.695893561494714
-18.696044285739347
-18.696179352404364
-18.696352868780856
-18.696535652574326
-18.69667553504877
-18.6967770237607
-18.696942532696283
-18.697020063935586
-18.697136356699815
-18.697246596228197
-18.697328583849593
-18.69750168148342
-18.697581865543164
-18.697681894839658
-18.69776492573612
-18.69785860139623
-18.697957455128517
-18.69804597670565
-18.698141062965256
-18.698212089748765
-18.698290022510648
-18.698377896939053
-18.698441775469604
-18.698490950640213
-18.698563305490246
-18.698609596394896
-18.69867868450751
-18.698746727349366
-18.69882646843033
-18.698878820406797
-18.698980245040648
-18.699014005205807
-18.699141571005587
-18.699210493349234
-18.699282388254407
-18.699386881073966
-18.699430234765142
-18.699533998064528
-18.699569465690452
-18.699643011181394
-18.69970997307987
-18.6998053040505
-18.699854660615237
-18.69990635323056
-18.699954552761742
-18.70000868197752
-18.70007683657698
-18.700122805091677
-18.700185668074017
-18.70024211820896
-18.700294890591707
-18.700344797648587
-18.700405019327793
-18.700459627726936
-18.70049528010975
-18.70054542159355
-18.70055548479494
-18.700609139762854
-18.70062904148181
-18.700654695543893
-18.700686067888128
-18.700720519066167
-18.700743817215383
-18.7007758659057
-18.70080032971068
-18.70082470957661
-18.700870276936858
-18.700893697059545
-18.70091624662133
-18.700955116454214
-18.700978749704692
-18.700992241459673
-18.701045534463795
-18.70105898160705
-18.70108029596838
-18.70110013344969
-18.70112829293912
-18.70115062698711
-18.70117098427363
-18.701202438807464
-18.70122971947823
-18.701261471167275
-18.701286951306493
-18.701306802016667
-18.7013324599937
-18.701368714529686
-18.701383673010852
-18.701408729601866
-18.70143582840387
-18.70146421972067
-18.701482642809783
-18.701498617925537
-18.70151374425826
-18.701535934397036
-18.701560452204227
-18.7015749001693
-18.701600794344987
-18.70161389745439
-18.701640483885456
-18.701657798412086
-18.70167182910865
-18.701696100747643
-18.70169871915985
-18.701719994298646
-18.70172576452608
-18.701740895105463
-18.701752565855067
-18.70176838734459
-18.701779031357837
-18.701790989531126
-18.7018059376938
-18.70182152390457
-18.70183424484252
-18.701850804341607
-18.701862833474223
-18.701881530514218
-18.70188837401562
-18.701910708000938
-18.701920364668272
-18.70193604573888
-18.701955222930614
-18.701971542983806
-18.70199306202439
-18.70200870586533
-18.70203006727077
-18.702052261472012
-18.702088807412593
-18.702108150879443
-18.70212722236394
-18.702151018788474
-18.702172152122657
-18.70220232715031
-18.702220840062935
-18.702238560827823
-18.702278672678926
-18.702301815199235
-18.702332165621417
-18.702352162984596
-18.702377281738364
-18.702399372801388
-18.70243583359342
-18.702454203794932
-18.702471041300488
-18.702502518175784
-18.702519834030802
-18.702545845601275
-18.702567458165362
-18.702589473017138
-18.70260237042817
-18.702625423441297
-18.702637712621616
-18.702652068983735
-18.70267703379328
-18.702691241727578
-18.70271053307838
-18.70272564339253
-18.7027452748798
-18.70276687359296
-18.702788999731514
-18.702811620560375
-18.702832206232603
-18.702850201088282
-18.70287494737842
-18.70289319410693
-18.7029130414781
-18.702936758265842
-18.702952673024022
-18.702974780880055
-18.702991519287213
-18.703027550809786
-18.70303985218167
-18.703059915567387
-18.70308559729172
-18.703111645020584
-18.70313142855714
-18.7031469382203
-18.703162630748047
-18.70317836248423
-18.703192791524245
-18.703201187552757
-18.703212037869953
-18.703232653368598
-18.703250048381996
-18.703264451526493
-18.70328306701299
-18.70329733403184
-18.703322301328974
-18.70333345952851
-18.70335384698469
-18.70336511455171
-18.70337932975586
-18.703390397798856
-18.703405846991554
-18.703414119880755
-18.703423861489842
-18.70343166739496
-18.703442690366742
-18.703452231749328
-18.70345952942035
-18.703474303059828
-18.70348057457457
-18.703489735355795
-18.703497774212327
-18.703507815325167
-18.70351724480706
-18.7035244937178
