500 iters for seed 85 on ER0.3 which is in the 55.545806884765625 percentile
 Maxcut: 29.0, MedianCut: 19.0
-18.644042360244406
-18.736018662973798
-18.790509279452788
-18.834373626397948
-18.86523928629521
-18.90036961573854
-18.92019583444577
-18.938300285820254
-18.95491497079815
-18.971339738977942
-18.984552567003195
-18.997601534758232
-19.00790026081402
-19.016121568953302
-19.023948165578975
-19.031420700950953
-19.037104281929437
-19.04166016744968
-19.04591577704425
-19.050022258334884
-19.054572766480334
-19.058663267287333
-19.061720902067155
-19.065032474455666
-19.06810168520668
-19.070436989959468
-19.07263367157799
-19.07556543391704
-19.078055252549355
-19.08089311734809
-19.084862835608504
-19.087257244800433
-19.089878412082378
-19.0916195092003
-19.093664459125726
-19.095554022367786
-19.097859867524164
-19.099831903623908
-19.101760476295794
-19.103307523135907
-19.105246101684045
-19.106819830783213
-19.108459374635537
-19.110101979236397
-19.11178394832609
-19.113537782053804
-19.115371481134073
-19.116443764313036
-19.11769009588695
-19.119013133913466
-19.120235022644078
-19.121228137184175
-19.122354341976923
-19.123746443982345
-19.124985126498743
-19.12613363386346
-19.12713801256121
-19.128134030339865
-19.129057275172052
-19.12980227702717
-19.13067314072271
-19.131707498134972
-19.132696374348278
-19.133567804084933
-19.13449528097785
-19.135317335478376
-19.136089983062124
-19.13704470577448
-19.13804976716979
-19.13901033024024
-19.139853059746816
-19.14065895662519
-19.141471274960708
-19.142358066632784
-19.143308463439883
-19.14419726483059
-19.145122435283547
-19.14611964566449
-19.147011350036856
-19.14785559199138
-19.14872943873235
-19.149692285978627
-19.150552144271614
-19.15134298218902
-19.15207231234176
-19.152763789954026
-19.153626885504316
-19.154687328528123
-19.155698834491076
-19.15669733493057
-19.15769020065245
-19.158642389262482
-19.159525246778365
-19.16035408409781
-19.16108101492283
-19.161883071318304
-19.162748409828172
-19.163440906130226
-19.1638291930482
-19.164503878656866
-19.164767253571444
-19.165164162581377
-19.16553747251888
-19.16585912090722
-19.16641968267033
-19.16672317119663
-19.16713351600469
-19.167419900149717
-19.167821954603447
-19.168241368869765
-19.168811778224757
-19.169182908532363
-19.169659699475947
-19.17020869002489
-19.170851056523276
-19.171409981491692
-19.171955268013466
-19.172410717193802
-19.172851351157917
-19.17340507347693
-19.173763559617818
-19.174040167863808
-19.174486744365275
-19.174712730851404
-19.174967933332262
-19.17526113772364
-19.17541056017352
-19.17572306326511
-19.175958391729598
-19.176174125416985
-19.176484232896883
-19.176731096620518
-19.17701485318386
-19.177355686024363
-19.177612183503243
-19.1778598476511
-19.17817162137493
-19.178399535552074
-19.178637568721655
-19.178961778492923
-19.17920396699369
-19.179483188203857
-19.17984944135764
-19.180036334869307
-19.180221675872243
-19.18048371247566
-19.180659321362377
-19.18075313871545
-19.181087000263254
-19.181185819965005
-19.1813741257756
-19.181632973200312
-19.18189015562765
-19.182109545374534
-19.18235135545287
-19.182543282657
-19.18286573299328
-19.183176257749263
-19.183507400733845
-19.183765977405166
-19.184081037086163
-19.18438721072195
-19.1846611259513
-19.18498435782864
-19.18526711663183
-19.18559425593125
-19.185951457900003
-19.1862086010767
-19.186436619587816
-19.186779161737288
-19.187007993443128
-19.18719360831976
-19.18757316597176
-19.18778679737526
-19.18806656134288
-19.188476003310576
-19.18869652765852
-19.188951939781635
-19.18933115669214
-19.18955408372572
-19.189793985829965
-19.190165725128146
-19.190347805298202
-19.190527820769876
-19.1908094696444
-19.190988442457527
-19.191196171647533
-19.191507634737114
-19.191630339021625
-19.191837464951025
-19.19190929167632
-19.192168098286096
-19.19226933436144
-19.19237770048622
-19.192537953986342
-19.19265306283445
-19.192918730856988
-19.193036120179595
-19.19321097754229
-19.193379892311963
-19.193650984005068
-19.193905426132176
-19.194107252456966
-19.19428379500661
-19.194532838090304
-19.194753993038525
-19.194955456655777
-19.195093604315353
-19.19529696977231
-19.19544214922819
-19.195581833438915
-19.195699933962473
-19.19581535837581
-19.195977255400823
-19.19609207870123
-19.196196057297428
-19.196402118450095
-19.196505969739604
-19.196621029964895
-19.196801272477856
-19.19689671032355
-19.19707056842861
-19.19710201580789
-19.19727043190173
-19.19734148338089
-19.197444766142322
-19.19759807088231
-19.19769058007311
-19.197865134893128
-19.197976553771788
-19.198078198085256
-19.198146600172016
-19.198206163447182
-19.198277194523424
-19.19831864110798
-19.198384929487865
-19.198421581235984
-19.198467933178538
-19.198504731336747
-19.198539204646366
-19.198560668581337
-19.19860503695673
-19.198627231758383
-19.198657807582926
-19.198694576610624
-19.198731415732357
-19.19875321638402
-19.198775510250663
-19.198789493370924
-19.19880354493142
-19.198828243117312
-19.198840593803173
-19.198858746068378
-19.19887524707667
-19.198907267506193
-19.19891614268742
-19.19893852274712
-19.19895235792411
-19.198969339658092
-19.198988973426626
-19.199002490163956
-19.199016951707527
-19.199039362922527
-19.199052409162473
-19.19906782959523
-19.199086637435236
-19.199098968995038
-19.199112655787886
-19.199129913069058
-19.199141183579947
-19.19915061676059
-19.19917031291022
-19.199180454870675
-19.19919280975511
-19.19921546926725
-19.199227758079246
-19.19925059190845
-19.1992737196743
-19.199289082367404
-19.199316370382817
-19.199321048860412
-19.199353547714104
-19.19936649634811
-19.19938281112687
-19.199405040171634
-19.199420127497884
-19.19944030534262
-19.1994545792831
-19.199471699846946
-19.199488153847216
-19.199503988633918
-19.1995254504484
-19.199534503677455
-19.199545526783613
-19.199559918048767
-19.199568978621162
-19.199585065322378
-19.199602491140826
-19.199613372328887
-19.199630371888023
-19.199638916312992
-19.19965784096129
-19.199669123295653
-19.19968162019791
-19.19970037660885
-19.199714181572396
-19.199730537509758
-19.199741365788295
-19.199756407235554
-19.199782216107064
-19.19979190988308
-19.199817247369793
-19.199827832100837
-19.19984385026774
-19.199859754419865
-19.199882797735928
-19.19989764203104
-19.199911703580284
-19.199931579871475
-19.199957166637077
-19.19998016025907
-19.200006267540694
-19.20002511831532
-19.200049115357423
-19.200070624532223
-19.200089853746103
-19.200110815735474
-19.200129679308667
-19.200150793486795
-19.20017387299716
-19.20019687252964
-19.200220352737997
-19.20024398850563
-19.200268137237074
-19.200290418458636
-19.200319400642798
-19.200347912175978
-19.200369409167294
-19.200394259972448
-19.20042759583386
-19.20046583078959
-19.20049735498765
-19.200523093745716
-19.2005544916354
-19.200585308354093
-19.200618164847448
-19.200644361896526
-19.200677234857956
-19.200709613467694
-19.200737320539705
-19.20076011976254
-19.200797767424692
-19.2008236545758
-19.200845931050466
-19.200890864990562
-19.200914596971096
-19.200944066810614
-19.20098389780055
-19.201008457316075
-19.2010358587763
-19.201079545908335
-19.201097916022064
-19.20111893927046
-19.201161407468287
-19.20118769109493
-19.201243088264892
-19.201275388511537
-19.20130422889185
-19.201331694194558
-19.20136187910929
-19.201399305148374
-19.20142678877322
-19.201449486709468
-19.201470651147147
-19.201491313894586
-19.20151699937818
-19.201538288123597
-19.201557475093058
-19.20157070914565
-19.201604310554554
-19.201618427115697
-19.201635076625074
-19.20165957204809
-19.201687731395552
-19.20170893670219
-19.201734579499142
-19.201755493324406
-19.201779211979837
-19.20181910826443
-19.201847062322976
-19.201866935745382
-19.201912482262166
-19.20192676756458
-19.201956387593484
-19.201986568467582
-19.20200915948594
-19.20204548904729
-19.20207050664451
-19.202120446494398
-19.202157629686628
-19.202197099492068
-19.202230919353546
-19.20226234567928
-19.202303887242312
-19.202336241427965
-19.20237276958816
-19.202416482522374
-19.202454255375276
-19.202501614135247
-19.202562188426814
-19.20259423031922
-19.20263922280596
-19.2026771474304
-19.202727354105484
-19.20277407293861
-19.20280584532337
-19.202872482977824
-19.202944336153152
-19.202994125703132
-19.203059259818858
-19.20310723656018
-19.203149106689946
-19.203236174188163
-19.203266055934954
-19.20332856455979
-19.20338347721978
-19.20343506402572
-19.20350803693701
-19.203592674788958
-19.203640796094994
-19.20368248723215
-19.203728476951525
-19.20377398096098
-19.203808982051573
-19.203834377733436
-19.2038697751615
-19.203899456593103
-19.203930027932472
-19.203961108205597
-19.203999860157342
-19.204029743627164
-19.204089936909657
-19.20412410908688
-19.20416377553408
-19.204220583563398
-19.204266002943577
-19.204304736017644
-19.204332858162225
-19.204363450853876
-19.204401874931587
-19.20444117595524
-19.204464008066708
-19.204493028463204
-19.20452509816685
-19.204557945288087
-19.204587900971536
-19.20461430647896
-19.20464527835942
-19.20468203649227
-19.204710652746705
-19.204743099848457
-19.20476912830624
-19.20482142945675
-19.204842460810088
-19.20486535161225
-19.204893084818842
-19.204922119561022
-19.20494210743834
-19.204967391822716
-19.204985385895625
-19.205004730292778
-19.205037055071784
-19.20505292053484
-19.20508051547246
-19.205094470670232
-19.20511367198777
-19.205133957452976
-19.205155182422423
-19.205161445803576
-19.20518511554658
-19.205195582144704
-19.20521108279235
-19.205233655668476
-19.205247369350143
-19.205272675296744
-19.205289254544244
-19.2053050424948
-19.205318178315686
-19.205329013487713
-19.20534624604062
-19.20535343569584
-19.205362621031462
-19.20537313924559
-19.20538171219564
-19.205393955390814
-19.205410600975075
-19.20541972176577
-19.205431609477095
-19.205446123549983
-19.20546561725169
