500 iters for seed 189 on ER0.3 which is in the 22.267913818359375 percentile
 Maxcut: 26.0, MedianCut: 16.0
-16.152772327952817
-16.232400680109293
-16.281520080874294
-16.32068262673693
-16.356258663506324
-16.38234490694058
-16.40555136193773
-16.4179643343738
-16.432666956553533
-16.445397302851223
-16.456786023421436
-16.468146363993846
-16.479643033472872
-16.488527872122823
-16.49631368528359
-16.504236149302276
-16.511198140440193
-16.518717807412337
-16.526257409678962
-16.532520238841194
-16.53812591067677
-16.54242699722092
-16.54792684783549
-16.5511530837032
-16.55452655800207
-16.557285043294222
-16.561270466602117
-16.563721875958063
-16.566500559219705
-16.569293862483754
-16.571464156936734
-16.574919383184977
-16.57754289883088
-16.57988987088389
-16.581390613141707
-16.58387112903082
-16.58524423626163
-16.58710338956206
-16.589030878350215
-16.591346325968082
-16.593145123180598
-16.59487042503416
-16.59690396613063
-16.59938909124628
-16.6011421222888
-16.602569818013862
-16.60400030396374
-16.605469429528117
-16.60672313598126
-16.60788080716474
-16.609246182368338
-16.610397434169393
-16.6114466560556
-16.61256115404437
-16.61356256954045
-16.614432023863436
-16.615166554441835
-16.616015108063998
-16.616777410323323
-16.617451023304078
-16.618096637881422
-16.61870058753805
-16.619547021072833
-16.62026737114452
-16.620944852599607
-16.6215378981845
-16.622178084257072
-16.622799595352152
-16.623457337859094
-16.624149612325787
-16.624911038175707
-16.625641834868308
-16.62631853185426
-16.626973279316125
-16.627541514987144
-16.628067616289208
-16.62877016054455
-16.629350580065093
-16.630011767911114
-16.630569396432616
-16.631081722256145
-16.631694544951838
-16.632411795576722
-16.633013030417512
-16.63369447250451
-16.634189824685627
-16.63487992250306
-16.635393431914537
-16.635949995278363
-16.636306105737226
-16.6370923843296
-16.637469708670302
-16.63801891109947
-16.63876651389549
-16.639090796109798
-16.639909398143256
-16.640306963511655
-16.640789492632997
-16.641589670330738
-16.642072496408773
-16.642737779412943
-16.64314690023862
-16.643585933946976
-16.644114113260713
-16.644595634728297
-16.64490575920986
-16.645329678861
-16.645668045237564
-16.646171024397255
-16.646417853036628
-16.64675253350573
-16.647147758929357
-16.64755981947427
-16.647954248373928
-16.64827378886639
-16.648724609593252
-16.649141540433757
-16.649424319227315
-16.649869099962796
-16.650215589808774
-16.65065727667029
-16.65137329102974
-16.65169581107832
-16.652011322113644
-16.652737639068732
-16.653135774241683
-16.653822152584848
-16.65433497520244
-16.65480311992217
-16.655382478153335
-16.655850056490216
-16.656359080005636
-16.656755940824464
-16.657103739084626
-16.65740050919415
-16.657714507566975
-16.658015659643933
-16.658252376152706
-16.658608452402426
-16.65885461037353
-16.65908194289157
-16.65934568715415
-16.659549142162998
-16.659860686047633
-16.660122870236602
-16.660411824291003
-16.660665345496977
-16.660940684990628
-16.66127465960861
-16.661643849589137
-16.661980268596114
-16.662318917767717
-16.662577363601557
-16.66297123497109
-16.663202173912723
-16.663634654133645
-16.663954573555166
-16.664251032581422
-16.66480296995668
-16.66508772486312
-16.66546006192013
-16.665775034058864
-16.666130596450767
-16.66640772746426
-16.666790729618896
-16.667056568180442
-16.667294129903468
-16.66755770465467
-16.667859725565627
-16.668044796441862
-16.668288731862486
-16.668458929486853
-16.668716696515784
-16.66893524394294
-16.669135478708
-16.669380845346858
-16.669656611327255
-16.669805174341164
-16.670005497058895
-16.67007497589628
-16.670292105749677
-16.670405701392404
-16.670531204948002
-16.670739172793038
-16.670903808745855
-16.67113395099883
-16.671322381132928
-16.671523847374534
-16.671714919551135
-16.671905764902988
-16.672139738220345
-16.672293091601617
-16.672510819956468
-16.672715908613583
-16.67287863940283
-16.67299215404958
-16.673155637407255
-16.673264526759883
-16.673398074735154
-16.673561793238342
-16.6736705905391
-16.673784814868668
-16.67392065913505
-16.6739957032026
-16.67410656650386
-16.674178722342383
-16.674277870089227
-16.674362910074507
-16.67443845129341
-16.674516026199278
-16.67458576981071
-16.67466062159679
-16.67471874588265
-16.674789854602338
-16.674845413807596
-16.674905248988463
-16.674946972657025
-16.67500357269172
-16.67501640251387
-16.675090965086863
-16.675120274545222
-16.675156337661754
-16.675193198928714
-16.675238061800805
-16.675278966912
-16.675323764289516
-16.675366399995838
-16.67541200537881
-16.67546429633534
-16.67550272523982
-16.675524426436503
-16.67557233016371
-16.67558615349946
-16.675620624389282
-16.675648866660666
-16.67567345957769
-16.675720230842515
-16.675755992255095
-16.675822052923124
-16.67587342097532
-16.675923476796157
-16.675965706732587
-16.676009591899536
-16.676063800774028
-16.676113168073496
-16.67615430405329
-16.67621238810414
-16.676256717131896
-16.676301731666126
-16.676362079313567
-16.67640063405856
-16.67643433719661
-16.676500660581073
-16.676528093649218
-16.676556973560285
-16.676586572617513
-16.676620347622947
-16.676667186112738
-16.676694343496774
-16.67674315570774
-16.676782815497123
-16.676838753316567
-16.67685712088454
-16.676908912825947
-16.676936898488023
-16.6769677027225
-16.677016693201484
-16.67704341753064
-16.677094942709584
-16.677137144576285
-16.677178120733956
-16.677213039405697
-16.677247609903496
-16.67728205073757
-16.677301795500203
-16.67732975140067
-16.677354446084593
-16.677378636096464
-16.677394285200208
-16.67742174595121
-16.677439253712464
-16.677458531639452
-16.677479556256745
-16.677496609821507
-16.67751606404677
-16.677533143684443
-16.67754730441919
-16.677558662386225
-16.67757417110327
-16.677586702767346
-16.677601723843672
-16.677615028555493
-16.677631021682274
-16.677644088992515
-16.677659208616852
-16.677676039518637
-16.677688029264136
-16.677699873186157
-16.67771874241251
-16.677727711124327
-16.677736582777936
-16.677753756656625
-16.677762598994573
-16.67776762343791
-16.677787310603357
-16.67779226511634
-16.677801733383518
-16.677806045116306
-16.67781584501436
-16.677820611081376
-16.67782535317405
-16.677834330064076
-16.67783812897122
-16.677844785591905
-16.677849827600546
-16.67785595230309
-16.677860366770307
-16.67786387836565
-16.677869353413175
-16.67787336028404
-16.677878777673342
-16.677883300618415
-16.677885832764538
-16.677890293367028
-16.677892840462768
-16.677896661501826
-16.67789986338122
-16.677902997541356
-16.677908708608186
-16.67791283674097
-16.677917135696003
-16.67792090109245
-16.677924863476868
-16.67792784059162
-16.677934545693653
-16.67793706408569
-16.67794104155096
-16.677946253240442
-16.677951611059207
-16.677956010926252
-16.677961086184524
-16.67796534891837
-16.677971273667037
-16.677975405885576
-16.67798020789763
-16.67798438980482
-16.677990632249518
-16.677998821321253
-16.678008593154622
-16.678015487532384
-16.67802227821728
-16.678027410275444
-16.678035024684284
-16.678042550061853
-16.678047069945745
-16.678051982116397
-16.67805703721151
-16.67806182577985
-16.678066472780348
-16.678076193301244
-16.67808169210464
-16.678087711461398
-16.678096598697405
-16.678106390317627
-16.67811561785472
-16.67812152606297
-16.67812773469032
-16.678133751317112
-16.678141097895868
-16.678146494033186
-16.678151874118093
-16.67815818934134
-16.67816578937895
-16.678171379866676
-16.6781798156538
-16.67818723492222
-16.678194019511384
-16.678203805305596
-16.678207865490876
-16.678212773952797
-16.678221063616878
-16.67822493422396
-16.678233121811665
-16.678239643580213
-16.67824442834824
-16.678250695514887
-16.67825607780437
-16.67826263425359
-16.678268130880166
-16.678273686055725
-16.67827860739017
-16.678283092486723
-16.67828630401491
-16.678290991477198
-16.678294318397384
-16.678297852073513
-16.678303641189277
-16.678305658086792
-16.678311088895335
-16.678313092948464
-16.678316228846953
-16.678320542744938
-16.67832453534755
-16.67832745670107
-16.678330654117353
-16.678333055541362
-16.678336606801032
-16.67833988439415
-16.678343137779954
-16.678345372425085
-16.678348662926478
-16.67835141731162
-16.678353822248756
-16.678357041796325
-16.678359188130088
-16.678362544245008
-16.678365243623425
-16.67836794514664
-16.678370108293823
-16.67837201046174
-16.678373963433078
-16.678376137375718
-16.678377571753618
-16.678379358204197
-16.67838100377848
-16.678382430495635
-16.678383564819917
-16.67838568378376
-16.678386596570668
-16.67838773651546
-16.678389982915014
-16.678391759928395
-16.678394008902718
-16.678395469359113
-16.67839738743143
-16.678398970417057
-16.67840118943044
-16.67840308072267
-16.678405065055188
-16.67840665537242
-16.678408611354545
-16.67841022990394
-16.678411476409202
-16.678412193322053
-16.67841440936513
-16.6784153869016
-16.678416588433077
-16.678418627357114
-16.67841968162673
-16.678421605097807
-16.67842301565456
-16.67842516695039
-16.678426145246206
-16.678427982999207
-16.678429182549564
-16.67843018344077
-16.678432085094734
-16.678432992614205
-16.678434893874556
-16.678436586542144
-16.67843843158145
-16.678439598648602
-16.678441069281167
-16.678442555768346
-16.678443676891618
-16.678444290775563
-16.67844646511858
-16.678447264755363
-16.678448316692652
-16.678449788629337
-16.678450865188076
-16.678452099460646
-16.678452893741266
-16.678453968686682
-16.678454542983033
-16.678455863247393
-16.67845653272537
-16.678457202080697
-16.678458159839415
-16.678458785211905
-16.678459568390117
-16.67846022006562
-16.678460995971914
-16.67846164920037
-16.678462421012032
-16.67846305875045
-16.678463585401424
-16.67846418080766
-16.67846509857351
-16.678465552340068
-16.678466073264172
-16.67846675490038
-16.67846747270632
-16.67846797965528
-16.678468504200932
-16.67846893305107
-16.678469330642244
-16.67847001247004
-16.67847044562764
-16.67847077729703
