500 iters for seed 7 on ER0.3 which is in the 87.16049194335938 percentile
 Maxcut: 22.0, MedianCut: 14.0
-14.001355964018083
-14.018526892520981
-14.076160822767978
-14.139321869344156
-14.206565802433305
-14.235006097496136
-14.273604205307466
-14.309930526546205
-14.336673403204363
-14.356257265671369
-14.37351746429988
-14.386189099770908
-14.399193610901204
-14.410709254428406
-14.421244657400134
-14.430835669987374
-14.438317821522924
-14.444413104821344
-14.448913395810335
-14.452443489466866
-14.456309870802857
-14.459409305528375
-14.463548160744963
-14.467514212194677
-14.470726820158154
-14.473961751464161
-14.47716029647777
-14.479848909891135
-14.482566773033946
-14.485543149155584
-14.48929061399693
-14.492478350254144
-14.496045431048296
-14.500548919212743
-14.503860113117744
-14.507755080298324
-14.511985466633964
-14.51476198002125
-14.51783807170186
-14.519996699596414
-14.521931924478842
-14.523603402845623
-14.525494758440864
-14.526858954791695
-14.528496768936922
-14.530112997555477
-14.531713112893701
-14.533651343973743
-14.53591912115212
-14.537812539136949
-14.540206714347264
-14.541737082107925
-14.5434701331637
-14.544972634936396
-14.546145988523545
-14.547513760039417
-14.54871566400897
-14.54968122496829
-14.550673426874738
-14.551896422154734
-14.552744545292434
-14.553482032147928
-14.554633151897088
-14.555310990849659
-14.556030276381637
-14.557196979675249
-14.557690078966628
-14.558310030443694
-14.559383518104204
-14.559981195819608
-14.560919092306149
-14.56157752675657
-14.562171107552654
-14.562890755276268
-14.563474551649346
-14.56408903443348
-14.564648322183707
-14.56515490790617
-14.565693410448988
-14.566464718188351
-14.566959202157443
-14.567480244378022
-14.568073372496864
-14.568495143914845
-14.569087623254099
-14.5695502422996
-14.56992980558736
-14.570410120626576
-14.570802186270582
-14.57120923069148
-14.571574405189892
-14.571858395583662
-14.572320219254241
-14.572751851979634
-14.573192771654538
-14.573599912810046
-14.574068436768535
-14.574567725619579
-14.575032484424705
-14.575493520822189
-14.575998606474549
-14.576570482753759
-14.577112071467752
-14.577737119196605
-14.578439764243235
-14.579195328256107
-14.579795893484581
-14.58031603885846
-14.580871208775996
-14.581437114405116
-14.581952536720332
-14.582466945166495
-14.582932414045484
-14.58351086686935
-14.583891941379745
-14.584230290983674
-14.58473880008429
-14.585108148566759
-14.585590596714015
-14.585998160520045
-14.586341329788148
-14.586709257171947
-14.587090232817188
-14.587388109837091
-14.587775398000376
-14.58801849876808
-14.588267471807713
-14.588629446800578
-14.588889870026255
-14.589316857592687
-14.58964084051065
-14.589902939118124
-14.590217267516463
-14.590482036335336
-14.590770487957261
-14.591131202828983
-14.591385860361598
-14.591680645690147
-14.591988130232252
-14.592227067330628
-14.592411336819357
-14.592771179686796
-14.59288737911414
-14.593095012313961
-14.59325034389541
-14.593410810881512
-14.593674515974707
-14.593809862126387
-14.593968085873062
-14.594095245521883
-14.594264037718961
-14.59439906454227
-14.594561952894717
-14.594694084392643
-14.59479978655376
-14.594869383758176
-14.595071179928256
-14.595154545554026
-14.595266456237983
-14.595445505319457
-14.595554425350988
-14.59573453268409
-14.595875754744867
-14.596040817603663
-14.596136069329035
-14.596276992074104
-14.596376969409654
-14.596463576497486
-14.596591321488331
-14.596747124171165
-14.596853890509554
-14.597006625846147
-14.597108171396995
-14.597213967755946
-14.597381724573296
-14.59749892096395
-14.59767735217409
-14.597840969156922
-14.597998900433359
-14.59812840611669
-14.598266186044857
-14.598437165087411
-14.59864571700485
-14.598772501253194
-14.598982130283783
-14.599061139853234
-14.599231413944118
-14.599343261958897
-14.599469858448185
-14.599697862059895
-14.599850194601427
-14.600107368107697
-14.6002691509355
-14.600412753052428
-14.60053733082558
-14.600668519161651
-14.600809671105468
-14.6009126680562
-14.600998639613527
-14.601125858802332
-14.601235946042348
-14.601387007613198
-14.601489723109253
-14.601580711010458
-14.601695681351366
-14.601787675900287
-14.60189346239537
-14.602004401573705
-14.602099097455675
-14.60221065063805
-14.60232791460792
-14.602461412524576
-14.602553347408412
-14.602666386598214
-14.602714034305892
-14.602856550678231
-14.60293665838699
-14.60303209121389
-14.603165614379078
-14.603294326574659
-14.603396065848232
-14.603526607314976
-14.603658266196865
-14.603854086901647
-14.60400315996545
-14.604131666252433
-14.604291947528317
-14.604389456623426
-14.604524223080656
-14.604639996630128
-14.604722564179514
-14.60489488032596
-14.605015619717932
-14.60511418960306
-14.605215694388296
-14.605324555508126
-14.60545386537717
-14.605575848938239
-14.605668704760683
-14.605785867568368
-14.60589628231225
-14.60602884810491
-14.60615910340366
-14.606250617354721
-14.606423329084535
-14.606588497819706
-14.606694202099142
-14.606916885016165
-14.607050979511843
-14.607191792586661
-14.607435778685073
-14.60757144043728
-14.60776914931904
-14.608035269192449
-14.608255476168575
-14.608401011650368
-14.608740089525485
-14.60892607989871
-14.60915805385491
-14.60941886943116
-14.609612810674486
-14.609850816680368
-14.610225026401558
-14.610427210785002
-14.61070933855302
-14.610850759186622
-14.611099526691264
-14.611274378280953
-14.611466472369798
-14.611814901250842
-14.611916257319818
-14.612318314554964
-14.612459577601241
-14.612685977425667
-14.612991143673396
-14.61316527311126
-14.613412626615913
-14.613546363785735
-14.613696722982962
-14.613754169831402
-14.614021487814513
-14.61410838392003
-14.614220822941478
-14.61430958885358
-14.614436730613559
-14.614512360093881
-14.614575314965066
-14.614675495258117
-14.614745310695694
-14.614817537324845
-14.614869035618408
-14.61492428548907
-14.614948411861462
-14.615053373120215
-14.615083921118021
-14.615128089563177
-14.615187166376712
-14.61522323913879
-14.615290040151349
-14.615325171328351
-14.61537443959729
-14.615464838280767
-14.615521102745692
-14.615589223374586
-14.615649877240548
-14.615701104032237
-14.615764165791939
-14.615821591475338
-14.61587794982215
-14.61591492803905
-14.615953970126984
-14.615994656347672
-14.616027818138932
-14.616052966557072
-14.616092680009679
-14.6161139250518
-14.616136476055171
-14.61617478831585
-14.616201471839405
-14.616233153415072
-14.616269609832795
-14.616297608064043
-14.616336608379413
-14.616378154281557
-14.616415633375286
-14.616450216928705
-14.616491116710192
-14.616536336787712
-14.616580995864492
-14.616619096076253
-14.616667146924305
-14.61670946367404
-14.616765752582602
-14.616814786593972
-14.616855887498996
-14.616889818517318
-14.616928922200673
-14.616963686077451
-14.617008461181898
-14.617044707595756
-14.617088516225264
-14.617116864055758
-14.617177097398507
-14.617223154320225
-14.61726312943162
-14.617328930727089
-14.617377922353356
-14.617438062381526
-14.617489915658144
-14.61755147732081
-14.617615142668637
-14.61767647065179
-14.617751557970301
-14.617805179862145
-14.617887524436036
-14.617944743183577
-14.61801235734085
-14.61806275918692
-14.618117209080513
-14.618155211414413
-14.618244790141269
-14.618285678211706
-14.618337097132542
-14.618406986544498
-14.618452395879752
-14.618512916998966
-14.618554654765356
-14.61860884738532
-14.61865737883316
-14.618702754851308
-14.618756785708468
-14.618788737278662
-14.61882839116
-14.618870056575766
-14.618900234021952
-14.618924734506777
-14.618957454417043
-14.618981402232443
-14.61902714865289
-14.619061445506677
-14.619088742207953
-14.619120315968592
-14.619144973103225
-14.619176943338422
-14.61921368449287
-14.619240701164957
-14.619260668360345
-14.619297194178618
-14.619316636641443
-14.619339811435154
-14.619381699111127
-14.61940263039472
-14.619426994054939
-14.619477674689898
-14.619493422157362
-14.61952378523001
-14.619533646624504
-14.61957315854201
-14.619591870248794
-14.61961426878622
-14.619650391524162
-14.619673695251691
-14.61971109334679
-14.619737331220314
-14.619773838902395
-14.619788973188294
-14.619828130384857
-14.61985308500874
-14.619879308376355
-14.619926539802877
-14.619947814989805
-14.61998960181342
-14.620021106573349
-14.620059278647862
-14.620073929274458
-14.620091327071485
-14.620123902144474
-14.620147406404818
-14.620164204384727
-14.620191156918702
-14.62021850160923
-14.620242658802924
-14.620269250574859
-14.620302384119427
-14.620326410364306
-14.620349437769661
-14.620366361955337
-14.620389870607003
-14.620401420897071
-14.620446580626627
-14.62046576540682
-14.620491102152608
-14.620522021211627
-14.62055478662895
-14.620578476983608
-14.620607290247555
-14.620627107873904
-14.620647947374998
-14.620688301751109
-14.620703976047924
-14.620721784129126
-14.620751465017335
-14.620767129646751
-14.620771528365132
-14.62081675726703
-14.620827910541399
-14.620843034534838
-14.620864651429173
-14.620885653444484
-14.62090516628354
-14.620917107255247
-14.620936738142348
-14.620956355552577
-14.620976752941301
-14.620991741596093
-14.621005341954653
-14.621023315197622
-14.621042546094216
-14.621057513660464
-14.621071249232827
-14.621083810453065
-14.621096308626791
-14.621109559162647
-14.621119243691519
-14.621130937846214
-14.621145543685202
-14.621154414854548
-14.621162962112948
-14.62117799499439
-14.621186656921697
-14.621200606395648
-14.6212135245868
-14.621226599099723
-14.6212366113481
-14.621249753836707
-14.621262130197215
-14.621273536033941
-14.621295723587
-14.621303018027152
-14.621320328362543
-14.621332665942326
-14.621346175172961
-14.621365457131095
-14.621377669853025
-14.621395469573685
-14.62140541066189
-14.621424798598406
-14.621452595176438
-14.621474930659002
-14.621496445141096
-14.621518827332112
-14.621535321100266
-14.621564175034361
-14.6215952966824
-14.621612808816874
-14.621638309739398
-14.62165288288147
-14.621680600405291
-14.62170309187649
-14.621722422818953
