500 iters for seed 33 on ER0.3 which is in the 63.329315185546875 percentile
 Maxcut: 24.0, MedianCut: 15.0
-15.009319041927977
-15.11880260702587
-15.169195810594363
-15.225020875266614
-15.263303820284484
-15.290170511009183
-15.338146138196183
-15.364522488081697
-15.387635873019095
-15.408770456722959
-15.422995009933327
-15.433774613890968
-15.442595009753653
-15.450600471499936
-15.458151992453281
-15.464517248632864
-15.472023679705526
-15.476597837798714
-15.482725644021638
-15.48784891828755
-15.492877762370727
-15.498701275563743
-15.503975719867105
-15.5098917773392
-15.513945541507749
-15.5175143213039
-15.520562700190895
-15.524196908846537
-15.526962223803636
-15.52970690604476
-15.533421976374633
-15.53705129239358
-15.540272451462938
-15.543069889947684
-15.54642245996471
-15.549467971639174
-15.55219670735508
-15.554380978538335
-15.556637112432178
-15.558969814178896
-15.56078829968078
-15.563408910278751
-15.56537113941382
-15.567727859338104
-15.570084081923554
-15.57178737079742
-15.573575742472102
-15.576010665595103
-15.577377711705292
-15.579051965537477
-15.580175041934877
-15.581856492873408
-15.582851592211316
-15.583958825302727
-15.584537458191189
-15.585820289493407
-15.586299944177846
-15.587026766282072
-15.587920818920438
-15.588579823298135
-15.589145048039272
-15.58984871622897
-15.590378417685868
-15.591038303634436
-15.591771374429204
-15.592331920882996
-15.592762515546728
-15.59348796277626
-15.593840705530148
-15.594330428019587
-15.594783074892824
-15.595151619434578
-15.595899527428694
-15.596326217868988
-15.596801311538727
-15.597289462555768
-15.597731240602583
-15.59826272796926
-15.598831135783401
-15.599246587922508
-15.599734316649277
-15.600352936492854
-15.600789754108686
-15.601252413722209
-15.601716844451389
-15.602298620263186
-15.602855559048809
-15.603499997784823
-15.60395196424504
-15.604443685524313
-15.604794080298374
-15.605451920623217
-15.605819540518256
-15.60621004879018
-15.60663706493298
-15.607163398752341
-15.607561499965604
-15.608023720742228
-15.608180578255295
-15.60876749714743
-15.609006932621236
-15.609268222492133
-15.609632729935107
-15.609888180512396
-15.610326508653499
-15.610630154334658
-15.611003147600568
-15.61127230896194
-15.611505891429765
-15.611831281478128
-15.612100171619387
-15.612494302125427
-15.61299533174475
-15.613230572059532
-15.61360396863391
-15.61390113800174
-15.614245537980626
-15.614524803145818
-15.614785443558073
-15.614917269988075
-15.615264175473937
-15.615437740433642
-15.615667958287315
-15.615924051048118
-15.616238670877003
-15.616475423705994
-15.61669076552043
-15.616906839745445
-15.617187226520272
-15.61735317434105
-15.617543182968923
-15.6177512794197
-15.617968383279253
-15.61811265658408
-15.61828886492696
-15.61842130861334
-15.618540310452989
-15.618702424682995
-15.618815696480095
-15.618911853963764
-15.6191033744342
-15.619191080609799
-15.619316224023876
-15.619451817848304
-15.619586911149563
-15.619671332604348
-15.619792347924525
-15.619901468492012
-15.620028712143684
-15.620182220586262
-15.620279319398005
-15.62041859063344
-15.620522380783207
-15.620593080345055
-15.620707523345857
-15.620836656805317
-15.620975019003692
-15.621099233711655
-15.621271513123181
-15.621410870087391
-15.621552924547283
-15.621718812433038
-15.62182885315639
-15.621934039679383
-15.622138063778808
-15.622232855672328
-15.622346043655783
-15.622466597814707
-15.622566745587612
-15.622675906503051
-15.622771093705522
-15.622881834161939
-15.622977802919005
-15.623051408724546
-15.623230178968896
-15.62329958610439
-15.623423557055887
-15.62346474156522
-15.623632242575782
-15.62371195057393
-15.62380270218348
-15.62393616971299
-15.624001614718264
-15.624131987361384
-15.62421940582573
-15.624325430826783
-15.624413671053965
-15.624485086142743
-15.6246068564896
-15.624655400176286
-15.624727163774807
-15.624807495741518
-15.624878602351583
-15.625018007875322
-15.625093384663618
-15.625202555142943
-15.625262393498438
-15.625339315000954
-15.625404918564689
-15.625506117864786
-15.625559615434868
-15.625623970294479
-15.62571453044896
-15.625813735030274
-15.625912589228436
-15.626005269938323
-15.626110661286022
-15.626219491885768
-15.626359499220364
-15.626445142124274
-15.626576515011719
-15.626641832276125
-15.626784875468651
-15.62684722988381
-15.62695547271903
-15.627041510280218
-15.627177826977432
-15.62726154534661
-15.627360921724602
-15.627511671834384
-15.627624336011099
-15.627781027327133
-15.627906911048738
-15.628073449553106
-15.628207747430272
-15.628400784365855
-15.628546156925145
-15.628689504983676
-15.628793472389823
-15.628959426459689
-15.629134852022935
-15.629287334546476
-15.629441628759341
-15.629619517100414
-15.629754625390277
-15.629889885948042
-15.629999423097374
-15.630133746248791
-15.63023624284893
-15.630389232637242
-15.630509391076577
-15.63062336359827
-15.630829310376251
-15.631010926482215
-15.631151527885802
-15.6313010175569
-15.631438058191431
-15.631671179364389
-15.631877145657118
-15.63207465114475
-15.6322318444558
-15.632419839656094
-15.63261057616423
-15.632786116815577
-15.632943911770656
-15.633086848969135
-15.633248719326057
-15.633431270251428
-15.6335978740574
-15.633701448034007
-15.633851087977886
-15.633942459805954
-15.634045372139797
-15.63415776508554
-15.634231551884522
-15.634278888376192
-15.634466753186182
-15.634523086426853
-15.634634085557538
-15.634738428206635
-15.634869485298577
-15.63494716160278
-15.635014800937503
-15.63508068889892
-15.635158592539101
-15.635266459342674
-15.63535061710856
-15.635465574064115
-15.635581259255918
-15.63564309932465
-15.635740148810505
-15.635807360721028
-15.635867808801974
-15.635963408758093
-15.6360167119251
-15.636088378017021
-15.636154156261865
-15.636222146219177
-15.636254855177992
-15.636320794212196
-15.636339830780882
-15.636390121632
-15.636422416347873
-15.636463034720299
-15.636524616044877
-15.636623705386985
-15.636701553535378
-15.636760669761024
-15.636805726169925
-15.636854663416877
-15.63694356301542
-15.637020607979004
-15.6370843744145
-15.63713524414197
-15.637188723790366
-15.637254431132165
-15.637319972729806
-15.637360719032017
-15.637414337731428
-15.637444371385333
-15.63753683701732
-15.637583176905872
-15.637628536822973
-15.637699131052084
-15.637727422737742
-15.63778180691782
-15.637818410720516
-15.637862566732505
-15.637899934592314
-15.637926555412307
-15.637969808889366
-15.638008964760987
-15.6380563765724
-15.638107567851744
-15.638150843741743
-15.638195817744053
-15.63826688410895
-15.638303904955407
-15.638338754538884
-15.63837938589092
-15.638426244184416
-15.638468556793066
-15.638503680318085
-15.638547420280004
-15.63860695490038
-15.638635702361068
-15.638711335350292
-15.638737647936637
-15.638784083801049
-15.638822851386742
-15.638878005253275
-15.638918825347023
-15.638953625281275
-15.638994953958097
-15.639039527796495
-15.639074380317325
-15.639104135387523
-15.639135488672858
-15.639162752726806
-15.639208285942871
-15.63922699130805
-15.639252066984351
-15.639287478011223
-15.639308984841273
-15.639353769797522
-15.639393395294427
-15.639418166902217
-15.639443379590634
-15.639473383420766
-15.639511532225201
-15.639548446250464
-15.639569861018696
-15.639600489659585
-15.639619168918525
-15.639656994208714
-15.639677565557367
-15.639699020467999
-15.639739947450211
-15.63975722543564
-15.63978565434325
-15.639803500847464
-15.63982367822537
-15.639844021896192
-15.639861485494745
-15.639878261811646
-15.639895136407965
-15.639912056477035
-15.639925195473507
-15.639938349381772
-15.63995183794312
-15.639973021708176
-15.63998615963218
-15.639996354521124
-15.640014728448277
-15.64002309164011
-15.640041515280696
-15.640057262145032
-15.640073322812745
-15.640085133653727
-15.640099032765086
-15.640115703836631
-15.640129004619206
-15.64013904247646
-15.640157318559853
-15.64016602270023
-15.640177178624441
-15.640183395378372
-15.640197819217624
-15.640205519855137
-15.640212755361931
-15.640223398614772
-15.64023541390393
-15.640244568166207
-15.640257785708792
-15.64026405705753
-15.640272864656467
-15.640281093836975
-15.640287897778327
-15.640301042328234
-15.64030790963779
-15.640319938815775
-15.64032668531402
-15.640335242736777
-15.640343661354294
-15.640358244891395
-15.640366222727152
-15.64037561117654
-15.640387376235811
-15.640402185409652
-15.64041507245358
-15.640427829726635
-15.640439616876101
-15.640447572071118
-15.640467385436219
-15.640476862929102
-15.640489505057085
-15.640508494261361
-15.640519895699052
-15.640542573465773
-15.640566763607834
-15.640579201958705
-15.640595843007137
-15.640608122811752
-15.640625682652978
-15.640653500263861
-15.640666012132549
-15.640680388715225
-15.640710098537843
-15.640723708847588
-15.640737658603326
-15.640756447644343
-15.640770267070364
-15.64078621493475
-15.640809519701142
-15.640820813323234
-15.640837882959726
-15.640847311078538
-15.640864887460102
-15.640879075612983
-15.640891323250555
-15.640916243436667
-15.640931623252678
-15.640961128819924
-15.640982867615339
-15.641001358473044
-15.64102066385174
-15.64103639090609
-15.641055382154882
-15.641076363616929
-15.641099405038204
-15.641115120393291
-15.641136111706253
-15.641149644633723
-15.641171202030232
-15.641184661647937
-15.6411972129449
-15.64121448069246
-15.641227383803662
-15.641239542149417
-15.641247672825019
-15.641257288223484
-15.641271078117917
-15.641282184678472
-15.641291953303092
-15.641301979687421
-15.64131602099496
-15.641328022207288
-15.64133861888619
-15.641349735449209
-15.641359439352811
-15.641371448632976
-15.64137971403233
-15.641389127124198
-15.641395836602857
-15.641407433541715
-15.641414598910362
-15.641422936047476
-15.641430765515041
-15.641440021519616
-15.641445534039212
-15.641454205410511
-15.641460017215582
-15.641468178921027
-15.641478589711818
-15.641488135895733
-15.641494865661869
-15.641501154968108
-15.641507240673706
-15.641518459989433
-15.641524567884922
