500 iters for seed 172 on ER0.3 which is in the 48.387908935546875 percentile
 Maxcut: 26.0, MedianCut: 17.0
-17.16243807182636
-17.29039852143744
-17.345660925395997
-17.392255841175377
-17.421578910349453
-17.45320535862364
-17.47620165140896
-17.496688803286162
-17.51365612257679
-17.53201459464618
-17.549401546997537
-17.56607059949889
-17.584745059349572
-17.598524486609413
-17.609878732885495
-17.617732330296185
-17.624714237591157
-17.62984210819791
-17.6381468283873
-17.643272979497965
-17.648285769783975
-17.653833175674915
-17.65953164628801
-17.663617319516742
-17.667460727741243
-17.671680517353433
-17.675883799121053
-17.680328545007814
-17.68509311729178
-17.68859731923826
-17.692277686894585
-17.694980906882797
-17.697162929314086
-17.69964185791872
-17.701954759627068
-17.704162565088662
-17.706709596718333
-17.70892505694226
-17.71169725483932
-17.713572566499966
-17.715295501747157
-17.717299896465395
-17.71920411906588
-17.72107968332336
-17.722492437930498
-17.724018647703907
-17.725306480799812
-17.726377912546337
-17.727341370376024
-17.72827218322172
-17.729366085666612
-17.73005568219385
-17.730893403449798
-17.731788325981807
-17.73264184218063
-17.733495123603447
-17.734373657985962
-17.735147856964016
-17.73596788906633
-17.736893191984905
-17.737646400240898
-17.738249159860413
-17.739069339411795
-17.739442153062313
-17.739939034789707
-17.74035181425754
-17.74070437813536
-17.741101960405437
-17.741642742695127
-17.741928967649756
-17.742287167436082
-17.74253544375867
-17.742857326980776
-17.743099789078414
-17.74334910535815
-17.743740441660833
-17.744059350990764
-17.74430515761766
-17.74459919379625
-17.744833556927958
-17.745173118994092
-17.74541787405049
-17.745694372370266
-17.745840996313646
-17.74617989185061
-17.746226536202
-17.74659687712785
-17.746737984960063
-17.746939146714265
-17.747202941558573
-17.747403912514308
-17.747729618758306
-17.747986612354783
-17.74832071091271
-17.748665193377235
-17.749065522519018
-17.749612334275096
-17.750012987508416
-17.750328130742663
-17.751110705498142
-17.751508062953445
-17.752042433048537
-17.752942162038998
-17.753596970911612
-17.75464646686291
-17.756253425651547
-17.757415403185913
-17.758950374190317
-17.760094420431102
-17.760922553720974
-17.762002537430277
-17.763427154547156
-17.76423591469336
-17.765137720244006
-17.76618147918238
-17.7668524886594
-17.767592874278932
-17.768215186550805
-17.76868296382828
-17.769060564514763
-17.76971117776027
-17.769934237597045
-17.770271113569187
-17.7705262817342
-17.7708787781871
-17.771106265893298
-17.771303861247922
-17.771684967111447
-17.771916830892426
-17.77221785099982
-17.77246520423353
-17.772725419076345
-17.772994634586254
-17.77323622806658
-17.77354338713299
-17.773746012564782
-17.77398855068375
-17.774386950329564
-17.77455323256156
-17.77470339464491
-17.774989991113415
-17.775138543939633
-17.775369945092674
-17.77553459093354
-17.775695687473057
-17.775839211976706
-17.77597141992735
-17.776124042908386
-17.776266479175487
-17.776399504162654
-17.77652533074177
-17.776706150476944
-17.776833400447376
-17.77695089264875
-17.77705757147691
-17.777145246509825
-17.7772868627681
-17.77743177138396
-17.77752044443902
-17.777651216250113
-17.777730372321532
-17.777829689942443
-17.777925107775534
-17.778000522387337
-17.77811640127528
-17.77822986589947
-17.77829391361448
-17.778408835539523
-17.778455707822264
-17.778564143231907
-17.77866213120411
-17.77873996595068
-17.77889211275304
-17.778932655552236
-17.77919887592492
-17.779280021362965
-17.77938925743982
-17.779504477757303
-17.779661413289368
-17.779853212011478
-17.78004004069888
-17.780222490277723
-17.7803857314696
-17.78056758625543
-17.780700018535043
-17.780848802094535
-17.78103714065334
-17.78118031367179
-17.78132502013018
-17.7815356860538
-17.78174003664518
-17.781949799048387
-17.782156449153504
-17.782351360553083
-17.782552476749867
-17.782844111685318
-17.783058604610783
-17.78333383915554
-17.783553279680515
-17.78378551728122
-17.784036657445395
-17.784434925363165
-17.784632516586832
-17.784917781608108
-17.785147545292656
-17.785455855875625
-17.785728691352332
-17.785925599364273
-17.786304751912017
-17.786561687636567
-17.78678730586318
-17.786961726146515
-17.787150718018893
-17.787340886661326
-17.78755716138249
-17.787712251908907
-17.787866049571306
-17.78801100151741
-17.7881585807732
-17.788314425097212
-17.788442541071216
-17.78852406348988
-17.78870001157016
-17.788756084615564
-17.78884988399699
-17.7889577514409
-17.78908571784863
-17.789187659522852
-17.789285055905328
-17.789369780221726
-17.789471027069006
-17.789552743100465
-17.78963091360309
-17.789730730465877
-17.7898506940245
-17.789922358663322
-17.79000480992662
-17.79005507459395
-17.790136386539995
-17.79019878585288
-17.79025194176317
-17.790353670377186
-17.790456673218515
-17.790554662070523
-17.790667044288035
-17.79076160302605
-17.79093149167877
-17.791061823021515
-17.791174484595533
-17.79132334338579
-17.791409490012747
-17.791565903263333
-17.79171020401701
-17.791831707614936
-17.792112606519463
-17.7922480960571
-17.792462401401913
-17.792646294753382
-17.79284429361374
-17.793047140193035
-17.793247202007834
-17.79343678753357
-17.793613602591062
-17.79380351929652
-17.794036924414364
-17.79422131945462
-17.79432813397819
-17.79451734235863
-17.79463203322378
-17.794765490193534
-17.79495368030723
-17.795055493199722
-17.795206746890905
-17.79535176474227
-17.795435678424916
-17.79557077054094
-17.795664541921486
-17.79577406062223
-17.795854248691892
-17.79592094215815
-17.79600514922629
-17.79612351328185
-17.79617802331361
-17.796263625304206
-17.796330052206795
-17.796417239263516
-17.79650821266554
-17.796576610997022
-17.79665697019086
-17.796781781115815
-17.7968534523608
-17.796968477766786
-17.7970855465028
-17.797232911908427
-17.797335111230375
-17.797423402169315
-17.797513958618136
-17.797608809286388
-17.79771118877406
-17.797772995371787
-17.79782657591333
-17.797954606902408
-17.79800925877482
-17.79805563215487
-17.79812158682995
-17.79816718024193
-17.79827061720258
-17.798303192084838
-17.798400193122124
-17.79843532568531
-17.79849620534101
-17.798556424000047
-17.798633965957727
-17.79869234821568
-17.7987471066865
-17.798819314936544
-17.798910516956834
-17.798963421966018
-17.79903285539868
-17.799085509001596
-17.799153040386912
-17.799231417649086
-17.79928460060592
-17.79934576570355
-17.79944340124087
-17.799513092571072
-17.799604068026778
-17.79967143842014
-17.799741933528846
-17.79983867655657
-17.799902996754113
-17.800013026798563
-17.800086450583905
-17.80017840444161
-17.800259864944376
-17.800334087426258
-17.800407253892647
-17.800478276132363
-17.80052892545698
-17.800587512390912
-17.80064917665503
-17.800747679974084
-17.800804067033713
-17.800867952161806
-17.800956114269965
-17.801047827346213
-17.801123961369765
-17.80121554012936
-17.801273738184666
-17.80134707268517
-17.80142176217488
-17.801462161657938
-17.801503437277095
-17.801570823808767
-17.801605005719235
-17.801646498296048
-17.801704159741487
-17.801740387936448
-17.8017717656673
-17.801832468634643
-17.801859378821987
-17.801889415160996
-17.80192272919448
-17.801943935524285
-17.80198170901612
-17.802012010450216
-17.80203779207006
-17.802070959934397
-17.80209706476648
-17.802126751639104
-17.802146686572208
-17.802163575398698
-17.80218126693849
-17.8021961175063
-17.802212868949407
-17.8022254756461
-17.80224135259668
-17.80225862579095
-17.802278244910976
-17.80229018086026
-17.80230612649948
-17.802317735684227
-17.802330433873248
-17.80234674045356
-17.802356126436358
-17.802367101654273
-17.80238114243632
-17.802386143086686
-17.802396311287527
-17.80240159586775
-17.802414949577223
-17.80242216547671
-17.802428685509604
-17.802440131806666
-17.802448277811962
-17.802461705756485
-17.802471578585184
-17.80248359958916
-17.80249280021535
-17.802503390115966
-17.80251673498769
-17.80252693909601
-17.802539567206406
-17.802550723113864
-17.802559480422428
-17.802569718139594
-17.802575785775254
-17.802589540943668
-17.802595605332858
-17.802602887119807
-17.802616144723842
-17.802618125349767
-17.802635454863225
-17.80264035169247
-17.802649402270784
-17.802658143735698
-17.80266943959435
-17.802677648894026
-17.802687507383816
-17.80269599725393
-17.802705994693927
-17.802715341577112
-17.802722713400257
-17.802726146370127
-17.802737663764113
-17.802742551199195
-17.802749529994838
-17.802760811120006
-17.802769005366617
-17.802780730234687
-17.802786915450476
-17.802794212675142
-17.802801128446454
-17.802812059193187
-17.802817046626238
-17.802822825606086
-17.802830016564222
-17.80283440722512
-17.80284292536162
-17.80284781650219
-17.802853809930184
-17.80286445835202
-17.802870181118507
-17.802877977221293
-17.80288432594314
-17.80289074655317
-17.802897010778192
-17.802903542386947
-17.802910138564744
-17.80291505489721
-17.802921709398984
-17.80292945984354
-17.802934326044188
-17.802940623151034
-17.802948882702886
-17.80295690335567
-17.802962026040444
-17.80297052753953
-17.802975315172397
-17.802982150309806
-17.80298972226697
-17.802994046547163
-17.80300060305192
-17.80300761107032
-17.803012231940862
-17.803018319618758
-17.80302388451156
-17.803029662199727
-17.80303668239994
-17.803041153232762
-17.803047606524174
-17.803054728415013
-17.80305808523486
-17.803064684530394
-17.80307201202957
-17.803079831707233
-17.80308701374588
-17.80309328234909
-17.803100476477823
-17.803107880959928
-17.803114752043648
-17.803123409907403
-17.803132672026273
-17.803140724412152
-17.8031482309929
-17.803157467875042
-17.803165832839
-17.80317350075833
-17.803180926464563
-17.80319144216227
-17.803201403113757
-17.80321132061868
-17.8032186799677
-17.80322866096335
-17.803238702192303
-17.80324969477533
-17.80325624448896
-17.803265469576306
-17.803274166353248
-17.80328531950345
