500 iters for seed 161 on ER0.3 which is in the 89.73312377929688 percentile
 Maxcut: 25.0, MedianCut: 17.0
-16.360310107478966
-16.49532169467782
-16.547333632037805
-16.61876754550285
-16.667099804271157
-16.716619358318056
-16.734325898879067
-16.78538517152229
-16.80695586516064
-16.824092203484845
-16.846369384480084
-16.86476763853826
-16.88296027918578
-16.89836519317805
-16.91062204064425
-16.921677122844027
-16.933176913193797
-16.940764376764772
-16.947538571047858
-16.953876316864015
-16.959195658541336
-16.96402667802763
-16.96895081438345
-16.974114649074824
-16.97836199443121
-16.982786575971126
-16.986690233791855
-16.990769173844694
-16.994246889648796
-16.998090166375157
-17.001714382368228
-17.004349294531913
-17.0072321386773
-17.009488565944267
-17.011282755988628
-17.013588149049315
-17.016024439230755
-17.018482299728575
-17.021090583378562
-17.022901950044467
-17.024884087621828
-17.02657699465984
-17.027772450634828
-17.02929151928592
-17.030602570924483
-17.03162460872498
-17.032657677579785
-17.033718585441413
-17.034432533343825
-17.035273738382166
-17.03606658629964
-17.036927269874777
-17.037656854391223
-17.038386881492848
-17.039234407162276
-17.040068016160525
-17.04136106852129
-17.04220747771716
-17.043195593773206
-17.044376181586568
-17.04515762182249
-17.04637650458712
-17.047676603934544
-17.04909547981345
-17.050399320075826
-17.051662944536556
-17.052763575330463
-17.053865646425784
-17.05496844112883
-17.05625786229271
-17.057481338702363
-17.05881652850416
-17.060238917227952
-17.06187399391133
-17.063387624536126
-17.065009224982028
-17.06655637533332
-17.067981773249272
-17.069381474402427
-17.06969106174056
-17.071857242472774
-17.0728632328527
-17.07451399301636
-17.075983486123967
-17.077417693419946
-17.078584742358622
-17.07947922983964
-17.080363521052163
-17.081019295572236
-17.081479739034005
-17.08201658308608
-17.082623826794748
-17.083113660773524
-17.083559495071498
-17.08394724573141
-17.084364198222694
-17.084737183330333
-17.085079550092452
-17.085458967867105
-17.085871919391977
-17.08620080709863
-17.086531635162874
-17.086877530729087
-17.0872655132624
-17.08756266593938
-17.0878753220376
-17.088148282645705
-17.088463792858146
-17.08879025299816
-17.088981436572805
-17.089163214256516
-17.08939340793078
-17.089535677562935
-17.089904328637708
-17.090090003519784
-17.09025986766174
-17.090447274269387
-17.09062694706663
-17.090868130741814
-17.091091933926332
-17.09125107254192
-17.091496531093316
-17.091730789446295
-17.092039488202317
-17.09236901985762
-17.092625348827173
-17.09288577095884
-17.093231211729748
-17.09344842133026
-17.093776106550028
-17.094068421956027
-17.094338317801192
-17.094558292962724
-17.09475361045136
-17.094965443116124
-17.095151921793352
-17.095277604382805
-17.09556794267202
-17.095683171589613
-17.095917087653888
-17.096107504873103
-17.096268150578986
-17.096473414355557
-17.096737324028084
-17.096940273709947
-17.097185460497084
-17.097445682441546
-17.097794910122722
-17.098126294405088
-17.098431680709552
-17.09883997298317
-17.099304484621033
-17.099771999829777
-17.100526685967232
-17.101085263553372
-17.101645963617244
-17.10230731315855
-17.102930659991035
-17.103645246378093
-17.10424301032191
-17.104963403518507
-17.105532642955083
-17.106080856581517
-17.106475738880317
-17.106963343385246
-17.107300056133514
-17.107659801112078
-17.107948102540057
-17.108316488639367
-17.108668912290415
-17.108961929591153
-17.109395296712705
-17.109789228774332
-17.110134730131108
-17.110469358824716
-17.11078337960907
-17.11106304021771
-17.111342264770606
-17.11159515410233
-17.111931365704883
-17.11227239040414
-17.11260058712316
-17.11287285924067
-17.11314767348201
-17.113439686886593
-17.11367268049624
-17.11387308724067
-17.114075250322713
-17.114245458610128
-17.11440794799003
-17.114698225027798
-17.114805564627154
-17.11499612159546
-17.115080314824407
-17.115300661193892
-17.11541020965432
-17.115532492300893
-17.11572736203619
-17.115834953123663
-17.116049267603678
-17.11622310420873
-17.11642527155733
-17.116572824048156
-17.11674720589896
-17.116895898811467
-17.11706940652365
-17.117126759663307
-17.117310344988297
-17.117410037657706
-17.11751853831714
-17.117659406926
-17.117771564689015
-17.11789439825958
-17.118002644549335
-17.118092049128382
-17.118141471363078
-17.11830716482716
-17.11837336787979
-17.11845317701629
-17.118576057652835
-17.11864390691075
-17.118781320968633
-17.118888479069167
-17.11901129275515
-17.11909936432477
-17.11920379195487
-17.11931175686879
-17.11938507691933
-17.119479937519202
-17.119586466767977
-17.119638637740735
-17.11973989682347
-17.11979332738337
-17.11986974499314
-17.119938889195012
-17.12001351879922
-17.12007371050777
-17.12013733132708
-17.120197860241223
-17.120268111696465
-17.12036766030434
-17.120446873360443
-17.120520140421842
-17.120620978418373
-17.120674960037817
-17.120746983962334
-17.120857852602096
-17.1209340870007
-17.12104047899514
-17.121096704162635
-17.12119789816625
-17.12124173223701
-17.121298388823906
-17.12140498976168
-17.121474870445134
-17.121575795825155
-17.121657039881583
-17.121748373491354
-17.121845537932053
-17.121943277513715
-17.122012642816347
-17.12209598990407
-17.12215263730098
-17.122230591653707
-17.12233264249931
-17.12239936641283
-17.122470927893318
-17.122522944466578
-17.122577505821994
-17.12264799532163
-17.122717045223055
-17.12277870958143
-17.122830137570098
-17.122888648098513
-17.122975426878433
-17.12300240602961
-17.123067258683605
-17.12310357883746
-17.123149244181953
-17.123218199566445
-17.123257635604023
-17.123337773027927
-17.123397283708677
-17.123459346471478
-17.123512502787158
-17.12357179544896
-17.12364857029015
-17.12372151350676
-17.12377639229583
-17.1238585431108
-17.12391966900057
-17.1239656124156
-17.124039201466005
-17.124074284489677
-17.12411706765706
-17.12419989283882
-17.12424280339166
-17.124303726109893
-17.124388926456284
-17.1244395501077
-17.124472047845806
-17.124502896855134
-17.124548364129737
-17.12459313885839
-17.124631058656895
-17.124672835902988
-17.12470585948516
-17.12474332415145
-17.12480986088575
-17.124843045759103
-17.124869356676182
-17.124908353039103
-17.124936618067572
-17.1249434550126
-17.125001319289314
-17.12501974810057
-17.125048739008463
-17.1250836999389
-17.12512165332719
-17.125150513734493
-17.12518441299355
-17.125211262601884
-17.125250647004655
-17.125285721068906
-17.12532258795063
-17.125348589433848
-17.125380690158284
-17.125410964157087
-17.125430548425406
-17.125451373662358
-17.12546968783147
-17.125489343881256
-17.125502039209582
-17.125517323985196
-17.12553495285663
-17.12554873503415
-17.125569389887094
-17.125591797445946
-17.125608394130474
-17.125628502660227
-17.125641731385493
-17.125661593790653
-17.125677373439117
-17.12568888836425
-17.125714407944656
-17.125728901363736
-17.1257448222925
-17.125759399558483
-17.125775532292764
-17.12579027360744
-17.125805921137623
-17.12581739366695
-17.12582983211071
-17.125851828227603
-17.12587193511858
-17.12588503172374
-17.12590065008628
-17.125916590305188
-17.125944032476177
-17.12595001270099
-17.125977959519954
-17.12599042133464
-17.1260120301028
-17.126033389258172
-17.126059093344345
-17.126080613115164
-17.126103655091498
-17.126125046620878
-17.12614590396984
-17.126174904247016
-17.126191776671696
-17.126210159039502
-17.126236428645736
-17.1262564522405
-17.126268128661202
-17.126297953281792
-17.126309324587677
-17.12631824913612
-17.126336558039803
-17.126344487717766
-17.126353267317615
-17.126368678459468
-17.126376316330052
-17.1263884573242
-17.126406160105166
-17.1264123718616
-17.126423787557002
-17.126432100104708
-17.126444441873325
-17.126454121278346
-17.126460270769165
-17.126472863575536
-17.126478693968068
-17.12648943987373
-17.12649484501231
-17.12650172511887
-17.126515068209887
-17.126522479161917
-17.126531790199685
-17.126539218855623
-17.126546367648082
-17.126554831601865
-17.126564688478492
-17.126573637478636
-17.12658067968648
-17.126588694327722
-17.126598703652718
-17.126604981660478
-17.126611209723887
-17.12661552091415
-17.126621469961485
-17.12662332549653
-17.126634409870782
-17.126638731810534
-17.126644037362695
-17.12665033859533
-17.126654358973134
-17.126663181221552
-17.12666726020123
-17.126672503622924
-17.126679865436184
-17.126688799421288
-17.1266950707164
-17.126702737998432
-17.126709227825682
-17.126715518867577
-17.12672276584727
-17.12672767830994
-17.12673226404208
-17.126743189218143
-17.126747893343165
-17.12675114259698
-17.126758301057965
-17.12676251930262
-17.126767811472124
-17.12677540956119
-17.126778467848748
-17.1267823344625
-17.126787187309365
-17.126790853618978
-17.126797431703608
-17.12680318365034
-17.12680650279467
-17.126810200370276
-17.126813994179457
-17.126819127285806
-17.126823840062983
-17.126827786692587
-17.12683182439339
-17.12683572526381
-17.126839672094484
-17.126842321366944
-17.12684572389238
-17.12685014144955
-17.126852825779572
-17.126858026517976
-17.12686001740732
-17.12686385966339
-17.126867691800314
-17.12687188989457
-17.126875303568056
-17.1268786070933
-17.12687970601497
-17.126885893261075
-17.126888107606618
-17.12689108641039
-17.126895522330024
-17.126898508178627
-17.12690325926193
-17.126906859874097
-17.126911710348125
-17.12691477992226
-17.126918889760283
-17.12692227962839
-17.126925444976717
-17.12693352278079
-17.126937970831964
-17.126945825717566
-17.126951815047484
-17.12695698454968
-17.1269613794433
-17.126965730205328
-17.126969072637912
-17.126972485773912
-17.126976007072415
-17.126980025650592
-17.12698541357131
-17.126991629544488
-17.126995414330814
-17.127000732624502
-17.127004817266542
-17.12700987535747
-17.1270148947374
-17.12701755664183
-17.127021127174984
-17.127024763816365
-17.127028229668824
-17.127030052654064
-17.127032858686057
-17.127034137923623
