500 iters for seed 89 on ER0.3 which is in the 72.15957641601562 percentile
 Maxcut: 32.0, MedianCut: 22.0
-22.02453268741852
-22.159108434693938
-22.217618306593142
-22.29764229718492
-22.36039759011085
-22.4013471591107
-22.42112254011822
-22.453585814578542
-22.476778682553864
-22.499747549542967
-22.515634888419125
-22.533006787642083
-22.54784573207647
-22.5594752640991
-22.571806204075145
-22.58024886006668
-22.587350095888915
-22.59481873664357
-22.601595533917102
-22.608000850821853
-22.614757138898142
-22.621237175357134
-22.62672088828481
-22.632730410729902
-22.638386137410595
-22.642597046727968
-22.647785728203047
-22.65235089955956
-22.655478321654236
-22.65836867491359
-22.661484988587496
-22.664159909004432
-22.666872878217646
-22.66987446463472
-22.67260650896796
-22.67563691112668
-22.678342786482443
-22.68032963847548
-22.682191446744717
-22.684037742918765
-22.686084300600015
-22.687555920145233
-22.6897059618198
-22.69011431570452
-22.69225560080932
-22.693166811333757
-22.694621431678915
-22.696422625220396
-22.697938543809954
-22.700149435428614
-22.702452767637986
-22.70432916181904
-22.706615372345603
-22.708696289167154
-22.710735993382983
-22.712204164904875
-22.713680064052678
-22.71471696275283
-22.716176555864337
-22.717108718464583
-22.71830587339042
-22.719399180332267
-22.72096181235506
-22.72219770285913
-22.723449388710947
-22.72394747226962
-22.725951424476527
-22.726765775949307
-22.72785374980254
-22.72909094901714
-22.730397088412058
-22.731465508631107
-22.73229073111135
-22.73312545938542
-22.733869279782738
-22.7344802856713
-22.735129089217175
-22.735613465238103
-22.73610631441025
-22.73656237751744
-22.736987291912033
-22.73736683852028
-22.737820453516726
-22.738140473143137
-22.738516382892207
-22.73906814695216
-22.739638717668278
-22.740067681418672
-22.740672333871647
-22.74112038023116
-22.741668143683693
-22.742363890505814
-22.742779191451774
-22.74329788314587
-22.743984726398814
-22.744585076357534
-22.744994058085457
-22.745801052013977
-22.74643959758133
-22.747161605365143
-22.74801858986316
-22.748850461337913
-22.74980018844416
-22.750761222286854
-22.75196708207228
-22.752916138669434
-22.753965815635368
-22.754814080466623
-22.75558937648976
-22.756330991768415
-22.757001685599064
-22.757563762283837
-22.758041960824702
-22.75850628304601
-22.758859015999807
-22.759180557259626
-22.75955724240939
-22.759885973933244
-22.760259901959664
-22.760619497531508
-22.76100258056576
-22.76135507836066
-22.76165155640483
-22.76189624923595
-22.76212688138949
-22.76245539152775
-22.762774670257347
-22.76300453056069
-22.763237893663828
-22.763435183628868
-22.763664165091285
-22.763849650598093
-22.76401766759823
-22.76419249472114
-22.764382783041864
-22.764533452556176
-22.764683872269966
-22.76484664701487
-22.765001908869223
-22.76513243763503
-22.765313925556505
-22.765431187544962
-22.765566920630505
-22.76573798027205
-22.76586709801336
-22.76596192400593
-22.766207816059204
-22.766272829905105
-22.76640437333311
-22.766437707116374
-22.766599453934063
-22.76666328584706
-22.766737333813417
-22.766845762368817
-22.76692685855361
-22.767034223550507
-22.767125328646276
-22.767239383346688
-22.767296804148934
-22.767424341575605
-22.76749689257283
-22.767584291377894
-22.767697148526675
-22.767808441152404
-22.767877799529693
-22.76797892231077
-22.768041742273663
-22.76812057062867
-22.768240104491657
-22.768317389550393
-22.768415764628195
-22.76852795226037
-22.768593067221065
-22.768672748389843
-22.768742608532694
-22.76880550956371
-22.768905494366173
-22.76897180670819
-22.76904736274823
-22.76918322749505
-22.76924359074941
-22.76928866855884
-22.769376147784666
-22.76942751584324
-22.7694828822134
-22.769557031608247
-22.769610846429067
-22.76967286306906
-22.769730311146652
-22.76976994445882
-22.769837697360174
-22.769870383469012
-22.769914136880335
-22.769971059215443
-22.770008390339335
-22.770068413624912
-22.770117391647258
-22.77014824113626
-22.77018291395885
-22.770228408765647
-22.77028627037148
-22.770343808086732
-22.77038088829927
-22.770426482873113
-22.77047210355176
-22.770526545134345
-22.770570915841194
-22.770601226003627
-22.770629854991338
-22.77067853838205
-22.770717805871055
-22.770745163096972
-22.770799123346414
-22.770842591518438
-22.770911509134955
-22.770972430418666
-22.771033025747634
-22.77109578380857
-22.771164123208916
-22.771242470205028
-22.771332179466214
-22.771407303875346
-22.771479233041386
-22.771578403481673
-22.771643205386304
-22.77170990725232
-22.771815985314706
-22.77188773672177
-22.771987269781867
-22.772105913874093
-22.77219243568188
-22.772257535336216
-22.77238204596967
-22.772465112515203
-22.77256484371921
-22.772657734763122
-22.7727250594691
-22.77280970732814
-22.772885900459407
-22.77296840867399
-22.773020494880694
-22.773102074905026
-22.773155563125663
-22.77322084157956
-22.77326998506542
-22.773319038527326
-22.773380767157605
-22.773468734350498
-22.77351680962324
-22.773584645792067
-22.77362158837499
-22.77369061545312
-22.773736067345393
-22.77377468538091
-22.77382585473876
-22.773887249493832
-22.773939066863452
-22.77400187772378
-22.774019980975293
-22.77409343169999
-22.774130436956064
-22.774171448905495
-22.774234241595018
-22.77426444190667
-22.77432205587178
-22.7743629925662
-22.774429635236373
-22.774445630840606
-22.774511467710305
-22.774543924357125
-22.774584052040634
-22.774643044048155
-22.774685221265553
-22.77474106256001
-22.774786283194988
-22.774846449941858
-22.774869671056106
-22.7749556876614
-22.774998707674367
-22.77504064963
-22.775112192213495
-22.775182578919477
-22.775326009688094
-22.77539201419204
-22.775455493477956
-22.775526643181383
-22.775624882964166
-22.775729563030797
-22.775806788664983
-22.775889072144007
-22.775988632368936
-22.776104020151585
-22.776200817565957
-22.77635468916813
-22.776449415087786
-22.77655777175396
-22.77671810480123
-22.776885095940024
-22.777023264031488
-22.777152704888078
-22.777266813096468
-22.777436212748775
-22.77755809949292
-22.777658780093788
-22.777811369149052
-22.777939914733516
-22.778094094393666
-22.778227118618396
-22.778311616885862
-22.778385588089144
-22.77847183569973
-22.77854830751044
-22.77860068074134
-22.77870460280408
-22.778756557633994
-22.778824500248692
-22.778931245683125
-22.778999242240452
-22.779065361321422
-22.77911729959569
-22.779173803560802
-22.779245709908665
-22.779320697695752
-22.779386396636998
-22.779437152192568
-22.779494205778967
-22.77955026161463
-22.779594919740696
-22.77964103206888
-22.779681030833682
-22.779732785333596
-22.779762855235848
-22.77979482212702
-22.77981131919934
-22.779868499273825
-22.77989110850897
-22.779916999453295
-22.779956340262917
-22.779982023591955
-22.780046153699217
-22.780069239221284
-22.78010686316204
-22.780134290875694
-22.780175948784294
-22.780212113059253
-22.78024103003123
-22.780283807783793
-22.780321900462923
-22.780348095535793
-22.780374033628178
-22.780398114242196
-22.780442606500387
-22.780448350920775
-22.78048148719747
-22.78049838441204
-22.7805261176213
-22.780559475226397
-22.780577540911118
-22.780613780000767
-22.78064073662378
-22.78066150153617
-22.780682404324125
-22.780697814867967
-22.78071847017322
-22.780742015071482
-22.780762952051038
-22.78077708257113
-22.78079292964971
-22.780804869538507
-22.78082094218118
-22.780831461288304
-22.780842067717778
-22.780851407530832
-22.780861391643334
-22.78087133012105
-22.780881108057084
-22.78089107052609
-22.780900865000596
-22.780911167756585
-22.78092168552755
-22.780932725123712
-22.78094534124682
-22.780956934435082
-22.780969832853486
-22.780985246577345
-22.781004917853085
-22.78101743011488
-22.781039574250467
-22.78105476116346
-22.78107172037579
-22.78108327760623
-22.781101222294097
-22.781120179919384
-22.781138945339087
-22.781155854953376
-22.78117044219922
-22.781186707908805
-22.78119646069552
-22.781208196725988
-22.78122389975431
-22.781235357610573
-22.781245138513313
-22.781262268438823
-22.7812742950943
-22.781292476711336
-22.781305048067804
-22.781315208054416
-22.78132452103408
-22.781334346937054
-22.78134508705007
-22.781354681188866
-22.781361980099344
-22.781371477489976
-22.781380445811177
-22.7813930825951
-22.781403084326712
-22.78141257507541
-22.7814186510163
-22.781434633243165
-22.78144273221069
-22.781451702540686
-22.781466444176043
-22.78147374952895
-22.781488764104864
-22.78149838979371
-22.781510292795645
-22.78151880749684
-22.781526030044606
-22.78153738521709
-22.78154508929829
-22.7815549633557
-22.78156585119423
-22.781576879463227
-22.78158279884073
-22.78159482286535
-22.781600528238354
-22.781612129916674
-22.781621055747557
-22.7816277545002
-22.781639763408464
-22.78164509839552
-22.781655068268194
-22.781661625816994
-22.78167096150102
-22.781678264913133
-22.781684562182008
-22.781694554991724
-22.78169993864768
-22.78170715114338
-22.78171176114287
-22.781720537720155
-22.78172490071747
-22.781733763548075
-22.781744044824116
-22.781749562679337
-22.781756046044546
-22.781759875888124
-22.781764012622844
-22.781769136684
-22.781774507053242
-22.78177905520962
-22.781783584905735
-22.78178886940318
-22.781795700022617
-22.78180028284498
-22.781806879093992
-22.781811629401574
-22.78181644419282
-22.78181952696478
-22.781828341328673
-22.78183257252628
-22.781837548233547
-22.781843395602376
-22.78184991240167
-22.78185388820301
-22.781859116335937
-22.781863158028205
-22.7818672061305
-22.78187383116125
-22.78187676758739
-22.781879837170308
-22.781886500382374
-22.78188942003441
-22.781895633594843
-22.781896280731747
-22.78190220693095
-22.781904787862704
-22.781907940486413
-22.781912420229276
-22.781915532504552
-22.781920951546482
-22.78192437103409
-22.78192888943624
-22.781931890068392
-22.781936750939682
-22.7819407599231
-22.781944418526134
-22.781947266555512
-22.781951762930106
-22.781954484945878
