500 iters for seed 179 on ER0.3 which is in the 54.636383056640625 percentile
 Maxcut: 26.0, MedianCut: 17.0
-16.52371208667867
-16.608205800706024
-16.674911842819053
-16.737619258729225
-16.784431964036397
-16.828534063420634
-16.8548120561216
-16.88139820323177
-16.910171927134016
-16.93279355856433
-16.95326148959566
-16.970444338784805
-16.983393685603865
-16.99369130279164
-17.00355793275537
-17.01288165535529
-17.0218145913459
-17.028645610096596
-17.03588470237783
-17.041836644132527
-17.04550965466668
-17.049264805044924
-17.053287770389673
-17.057012448303034
-17.05989491903237
-17.062892807426962
-17.06624997925389
-17.069778473254434
-17.072839400412416
-17.075435362251284
-17.07788680427716
-17.08004218926153
-17.082083828480453
-17.083705468533914
-17.085044750308896
-17.086316236067894
-17.08768845527709
-17.08905782415068
-17.090422360828363
-17.091716322023892
-17.09295832279532
-17.0943060012731
-17.09560374123774
-17.096761819623346
-17.097982523793863
-17.09943808592351
-17.100567594447778
-17.10167388394965
-17.102774646944745
-17.10369223804343
-17.104737354074036
-17.105862530820744
-17.107061363041208
-17.108566031136917
-17.11008910132694
-17.111695940972737
-17.11293549022637
-17.114005800596228
-17.115465796166728
-17.11698316761199
-17.11803398747797
-17.119017514636365
-17.11982800704568
-17.120498820927573
-17.12117025524003
-17.121932172024465
-17.122362644991867
-17.122756253053947
-17.12317059550031
-17.123422884740627
-17.123766156130564
-17.12405744757652
-17.12436672993827
-17.12468519220173
-17.125059443596292
-17.12542071556824
-17.125713836321797
-17.12606614341315
-17.126371887334678
-17.126792726272658
-17.12714067779709
-17.12748739339245
-17.127749566415645
-17.12807061008797
-17.128323295871628
-17.1286210641881
-17.128884834999763
-17.12913961922866
-17.129371709665783
-17.129823855911656
-17.130025380596994
-17.130307776009875
-17.130533774958884
-17.130876033358522
-17.131175692114773
-17.13143813929573
-17.131947246476557
-17.13226878899152
-17.132648460546214
-17.133050887369663
-17.133468760735564
-17.134002240879198
-17.134554754002504
-17.135078359172695
-17.135448447225432
-17.135914872080946
-17.136373210866072
-17.136875602608686
-17.137202951467657
-17.13774270197482
-17.13789033722523
-17.13857605505672
-17.138882163148967
-17.139264570527608
-17.139745996943542
-17.14020779322034
-17.140621789762747
-17.141071790111425
-17.141407447115945
-17.141822790572995
-17.142260867748874
-17.142629334571346
-17.14302685773677
-17.143384182854053
-17.143863153489793
-17.144064058676285
-17.1444650960447
-17.144663891508387
-17.144897119947963
-17.145153469227015
-17.14533547442921
-17.145517142772476
-17.145708728985877
-17.145851640138225
-17.1459917174983
-17.146111708166007
-17.146209548708278
-17.146307677786126
-17.146397725715403
-17.14648492737757
-17.1465560485019
-17.146621608262436
-17.146706152751005
-17.146766912342198
-17.146840522523057
-17.146948146198596
-17.14700862519146
-17.147071082816144
-17.147166144501632
-17.14722722849389
-17.1473241288452
-17.147398037700462
-17.147472268991308
-17.14756356818397
-17.147637089948724
-17.147724516797386
-17.147807514446054
-17.147877285309743
-17.14797206414181
-17.14807079364135
-17.14814955606085
-17.14825211346278
-17.148320866876468
-17.1484579439855
-17.148545231702037
-17.148647249821607
-17.148812990981774
-17.14889083982638
-17.149071952635353
-17.14915765640288
-17.149272777395137
-17.149419512074175
-17.149600249155924
-17.149717171140246
-17.149838026177417
-17.149975826737872
-17.150132670640208
-17.150258598351087
-17.150404391426846
-17.150555877217535
-17.150712775221113
-17.150819235643798
-17.150925111556344
-17.15105115001796
-17.151169475292832
-17.151283893549014
-17.15140022792105
-17.151522686651184
-17.15165575682181
-17.151757105583467
-17.15187065578194
-17.151954430120284
-17.152052257407135
-17.15217757454736
-17.152261777792052
-17.152323250169616
-17.1524389724677
-17.152497856907186
-17.15256932344362
-17.15268950515529
-17.15275009233275
-17.152831701228713
-17.15295752281942
-17.153093910413606
-17.153151832800567
-17.153252083281583
-17.15329696749619
-17.153387270808185
-17.153451415507224
-17.153515145417277
-17.15362958325675
-17.153690357759388
-17.15381008971218
-17.153908097790136
-17.15398952662094
-17.154067892767657
-17.154121407386413
-17.154193944548645
-17.154274313221478
-17.15434794755756
-17.15440125710064
-17.154460382071463
-17.154508103361007
-17.154577009611053
-17.15463577513301
-17.154692616220167
-17.154746036767985
-17.154800737152446
-17.15484695515988
-17.154890864907195
-17.154927891305398
-17.154962109418204
-17.15501821035861
-17.155077502237503
-17.155109896961218
-17.155152407394993
-17.15518776517382
-17.155228197085478
-17.155298707443073
-17.15534091455129
-17.155369502826762
-17.155421050088968
-17.155448517158128
-17.155483403693992
-17.155525007345425
-17.155549128242548
-17.155574905810514
-17.155628245213833
-17.1556691706598
-17.15573446475976
-17.155790869443415
-17.155842965562307
-17.15588293748382
-17.155916578513942
-17.155961883295426
-17.156026407430552
-17.15607992136235
-17.15611942529688
-17.15619543736568
-17.15623648361817
-17.156280962261633
-17.156359289924865
-17.156404502299864
-17.15641878588122
-17.156540933827735
-17.156570672789538
-17.15663298894373
-17.156698194774087
-17.15678242431239
-17.156863562693346
-17.15694236144478
-17.15702241615533
-17.1571093805711
-17.1572120014101
-17.15726999984704
-17.157338116675263
-17.157434019672717
-17.15750020670616
-17.15759565548136
-17.15767408691913
-17.15774806235771
-17.157814239115158
-17.157874318074356
-17.157930780739985
-17.157971737609977
-17.158006170219707
-17.158057830953467
-17.158105420845164
-17.158144312611086
-17.15818800048675
-17.158218811459058
-17.15825746807113
-17.158283451925076
-17.15830936870038
-17.158345062712847
-17.158380825726553
-17.158405903738096
-17.15844413225449
-17.158459311536774
-17.158492677879906
-17.15851246217398
-17.15853234182306
-17.1585643739587
-17.158591701394393
-17.158617563842768
-17.158642011667563
-17.158663130958622
-17.158681769084204
-17.15870992942467
-17.158721360011377
-17.158739749804408
-17.15876530619007
-17.15878068654568
-17.1587986679963
-17.158815026854864
-17.158828902575234
-17.158845429748514
-17.15886058328896
-17.15887631516982
-17.158889923030326
-17.158905162872294
-17.15892087140325
-17.158932788620817
-17.15894999812258
-17.158962960842043
-17.158973802480872
-17.158984748204336
-17.158994011016734
-17.159007874516497
-17.159019942052435
-17.159026674634447
-17.15903785410328
-17.159048020930815
-17.159060344753794
-17.15907226650713
-17.159081896497256
-17.159093736588396
-17.159107843745055
-17.15911585050485
-17.15912968437218
-17.159138526639396
-17.159151275685925
-17.15916000096003
-17.159166235370186
-17.159179720171505
-17.159187197588317
-17.15919555853297
-17.159203325825388
-17.15921076521132
-17.159219564313876
-17.159228018770598
-17.159236377949963
-17.159240958398048
-17.159245867676137
-17.15925313276956
-17.15925782768995
-17.159263807059535
-17.159271739858184
-17.159277211983444
-17.159281876463524
-17.15928893911869
-17.15929437898924
-17.159301936190708
-17.159307391431398
-17.159312442932865
-17.159317068435666
-17.15932091452814
-17.15932490066768
-17.159327768564403
-17.15933157947085
-17.159335475638372
-17.159339580659488
-17.159342992158862
-17.15934651987987
-17.159348778615442
-17.15935508686188
-17.159357683692566
-17.159360796153845
-17.1593659407222
-17.159366734941106
-17.159372963821923
-17.159374847091218
-17.159378694303484
-17.1593833868392
-17.159387601659603
-17.159391198521835
-17.159395346258492
-17.15939827768569
-17.159402764195878
-17.159406838382335
-17.15940960574391
-17.15941337008456
-17.15941691913026
-17.15942158969035
-17.159424824220316
-17.159427797069366
-17.159430328733748
-17.15943416078884
-17.159437085234817
-17.159439845908402
-17.159445172501744
-17.15944789783959
-17.159451645381665
-17.15945499420035
-17.159459446927144
-17.159463744454804
-17.159467739503942
-17.159472682957276
-17.15947608478372
-17.15948110367115
-17.15948297798136
-17.159491628990594
-17.159493797837733
-17.159497869899962
-17.15950168782323
-17.15950669890448
-17.159511512141865
-17.159515027848734
-17.159519109512757
-17.15952455401411
-17.15953032370018
-17.159535298325654
-17.159539090356446
-17.15954459495026
-17.159550062171263
-17.15955535549502
-17.159560833430696
-17.159566081487487
-17.15957354243564
-17.159579755676095
-17.1595879846783
-17.159597208962584
-17.159612316344298
-17.15961856995197
-17.159634986137945
-17.159646958658755
-17.15966736195241
-17.159687664868617
-17.15970754167414
-17.159744113586772
-17.159784506961383
-17.159835284801794
-17.159889640374082
-17.159922671468607
-17.159991874458733
-17.16005162876902
-17.160116395850835
-17.160180613515813
-17.160244472626665
-17.160336724962626
-17.160379990227668
-17.160459851063752
-17.160505035428603
-17.16056549424643
-17.160649511997594
-17.160727008470996
-17.16080430643311
-17.16087658201547
-17.160982133438416
-17.16108505069331
-17.161227085685056
-17.16133939659184
-17.161470550971867
-17.16161058246417
-17.161769904119275
-17.161915322458245
-17.16205606654752
-17.162246759009413
-17.162454779941044
-17.162571705334948
-17.162763185520454
-17.16295460045484
-17.16316026466844
-17.163327224388162
-17.16349977446221
-17.163692726958917
-17.163913448012856
-17.164079724216695
-17.164227402737314
-17.164344473086103
-17.164514898050882
-17.164610768401175
-17.164794959577883
-17.16490332397885
-17.165026818995948
-17.165108077642646
-17.16527728217699
-17.16535590574394
-17.165437553043994
-17.16556848055
-17.16564617692366
-17.165766485801935
-17.165851874742124
-17.165943351271977
-17.16602774982876
-17.166100406031614
-17.16618594548613
-17.16624676971949
-17.166305356863596
-17.166408965736682
