500 iters for seed 136 on ER0.3 which is in the 54.303741455078125 percentile
 Maxcut: 28.0, MedianCut: 19.0
-18.629971376276956
-18.734200635481272
-18.78875237757445
-18.833875170722543
-18.874655546510198
-18.905306352268035
-18.94218965410206
-18.96401962157934
-18.985020569975838
-18.998574614035196
-19.011484171818505
-19.022422378898515
-19.03453910547887
-19.043951012299246
-19.0544128873695
-19.062634787834657
-19.068491372297476
-19.074648226539438
-19.079734069888932
-19.084132336696165
-19.088293169075033
-19.091816516864483
-19.094209136392628
-19.096436038887987
-19.098729755289927
-19.100878589930524
-19.103065046344327
-19.10428270266186
-19.106162667026208
-19.107519279799334
-19.108867569515567
-19.11136327516381
-19.112033933873168
-19.11516333409398
-19.116554004206964
-19.118132846719007
-19.119406880048352
-19.121119228608382
-19.12219433429738
-19.12351129450461
-19.124977196656026
-19.126669052772705
-19.128159092499686
-19.129677565779737
-19.130305300889574
-19.13277468939269
-19.133610270568834
-19.134970526572914
-19.13653699296743
-19.137848788433715
-19.139149594129172
-19.140131780810037
-19.14105194735917
-19.14233733454304
-19.143355461344694
-19.144302393782983
-19.144975176399413
-19.145764177081226
-19.146486651988525
-19.147114200650762
-19.147766427538265
-19.148343834053765
-19.14895480213927
-19.149576003530903
-19.150137499455248
-19.150817973706484
-19.151486118531455
-19.152165146011747
-19.15273503610565
-19.153359384185922
-19.15399827741303
-19.154551215764634
-19.15495180114715
-19.15555678323763
-19.155663985157492
-19.15634829521729
-19.156650191930996
-19.157050622344144
-19.15760715996245
-19.157970643387387
-19.158450819792797
-19.158753104615958
-19.15905785560289
-19.159350964608656
-19.159621077414688
-19.159932207999077
-19.16014596139049
-19.160328790119856
-19.16057715146884
-19.160744550734282
-19.160911670035638
-19.16123337571106
-19.161378107523856
-19.161589965489902
-19.161840549597127
-19.16204012497727
-19.162199490752123
-19.162357843561985
-19.162510415045322
-19.162659978242143
-19.16269782654644
-19.162969886680656
-19.163050730510612
-19.16318840710824
-19.163304162095486
-19.163452964089366
-19.16357911999574
-19.163711753976152
-19.163943673093595
-19.164005577412563
-19.16427082572403
-19.164364642953434
-19.164529211073425
-19.16474316005714
-19.164990819844324
-19.165217215887363
-19.16548180431173
-19.16562091746874
-19.165826492389428
-19.1661087736755
-19.166302121919916
-19.166735149066135
-19.166930849704805
-19.16731921836778
-19.167525259357564
-19.167822890554703
-19.168294767106424
-19.16857873877801
-19.16891346286129
-19.1692231407036
-19.169494658124453
-19.169719827909592
-19.170279575048443
-19.17050901962889
-19.17076649047493
-19.171104783306458
-19.171393291070117
-19.171713377490114
-19.17193198391941
-19.172137294923427
-19.17237171101137
-19.17257688459088
-19.17274798634895
-19.172920732446578
-19.17307900835065
-19.1733198326558
-19.173461318253484
-19.173614093565973
-19.173741570230007
-19.173980097971448
-19.174089975479806
-19.174177716205257
-19.174285253330083
-19.174395124539338
-19.174471079921744
-19.17457297865058
-19.17463935783522
-19.17472100147743
-19.174819453014834
-19.174884667974858
-19.17496511080381
-19.175040377960848
-19.17510014953168
-19.17516673211104
-19.175235524693903
-19.17531302876926
-19.175375824145117
-19.175420388301724
-19.17549289362561
-19.17556656337344
-19.17564724087257
-19.175727079663577
-19.175801199690138
-19.175885370159694
-19.175964502196585
-19.176046561282405
-19.17616855814621
-19.176250924095843
-19.176354214673136
-19.176461517913673
-19.176551425682284
-19.17665050445465
-19.17676664592448
-19.176858535672466
-19.176942794125214
-19.176998172976013
-19.177175902203793
-19.17724175414753
-19.177313255729043
-19.177412771152408
-19.177489702622495
-19.17766035689241
-19.17772579957348
-19.177807101636873
-19.177833586387823
-19.177940315051018
-19.178003527701122
-19.178058424483698
-19.178139439134846
-19.178184574533283
-19.17828120254037
-19.178351442437968
-19.17841051714682
-19.178466985618734
-19.178497240636986
-19.178565686230623
-19.178614447169306
-19.17868227441218
-19.178746860402747
-19.178793197407174
-19.178864942404747
-19.178932748547933
-19.178991127539646
-19.17908419642475
-19.17915583670385
-19.17923078122324
-19.17930205412766
-19.179360095052857
-19.179433377593597
-19.179511824762493
-19.179567527159044
-19.17964054953511
-19.179686515261174
-19.179814983489685
-19.179871866874194
-19.17993672396924
-19.180037624580155
-19.18010241390027
-19.180238999871253
-19.18029111285698
-19.1803870693059
-19.180450847988936
-19.180568473709297
-19.18065239704811
-19.180734935882384
-19.18082564664764
-19.180941756618708
-19.181015147113314
-19.18111658917403
-19.181161653497846
-19.18128969336941
-19.181367989142572
-19.181436491894512
-19.181551938845033
-19.181734263026076
-19.18183778235487
-19.18196590689314
-19.182042831052286
-19.18215269125919
-19.18230942201705
-19.182443715626565
-19.182566469085163
-19.182657441023668
-19.182802179222445
-19.18288777341757
-19.18310487160756
-19.18319257162405
-19.183318549815375
-19.183522510715946
-19.183732522322124
-19.183947793987738
-19.18421477989925
-19.18440419194476
-19.184674583919573
-19.184874997663165
-19.1850633288688
-19.185184568208893
-19.185361655613622
-19.185558150888234
-19.18573391966528
-19.185977035781974
-19.186142270334344
-19.18630303000119
-19.186585055022586
-19.18675073060838
-19.18699931940893
-19.18713902186897
-19.18728860879143
-19.187416589089466
-19.18752993308453
-19.187643634108053
-19.18773382474997
-19.18782554713199
-19.1879007875309
-19.187993844022053
-19.188093063110916
-19.18816710781942
-19.18824340727667
-19.188336044923606
-19.188408008001815
-19.188476569836958
-19.1885274249008
-19.188574790115204
-19.188616760653453
-19.18867380739997
-19.188718373531252
-19.188756789789522
-19.188792965109776
-19.188835276217556
-19.188879325195003
-19.18891660808436
-19.188958122848618
-19.188996918184895
-19.18902702858334
-19.189068763192292
-19.189077708311487
-19.189126942287817
-19.18914494310939
-19.189169113761906
-19.189206476373833
-19.189231412757856
-19.189271050553955
-19.189297499335996
-19.189327758284087
-19.18935699296186
-19.18938969390751
-19.18942862104108
-19.18946187943571
-19.18949355964274
-19.189523129333136
-19.18955440148636
-19.18957953194552
-19.18961353231017
-19.18964074055737
-19.18967008628138
-19.18970387324844
-19.189728011200344
-19.189756354271097
-19.189773510594165
-19.189794703344575
-19.189819613724687
-19.189850103593646
-19.189873876994334
-19.189900383852795
-19.18993850974896
-19.189978661190242
-19.19000615896961
-19.190046131381095
-19.190075539006887
-19.190105556814157
-19.19016899758241
-19.190197263822636
-19.190226427111003
-19.19028453644326
-19.190322633615693
-19.19036874620711
-19.190441489213605
-19.190467402158983
-19.190552020801004
-19.190600685638042
-19.190654377797834
-19.19071014056117
-19.19076845095643
-19.19084200051694
-19.19093262742106
-19.19100893260714
-19.19106695755256
-19.191167199875505
-19.19122785696578
-19.191301829182027
-19.191380448187594
-19.19143356729373
-19.191528470601448
-19.191664618493007
-19.191743552442283
-19.191874575997907
-19.19193670189884
-19.19207729557592
-19.192190416737937
-19.19230816989487
-19.192542266231587
-19.192691883197476
-19.19296175365431
-19.193156742587128
-19.193307063704857
-19.193439416588433
-19.193637658907743
-19.193767962270865
-19.1939204559506
-19.19405067255713
-19.194187218324657
-19.194256294087857
-19.19443083815067
-19.194491634851765
-19.194587213762976
-19.19471495065146
-19.19484958807707
-19.194964638190324
-19.195077116260464
-19.195181452052758
-19.19532012224902
-19.195472764418216
-19.19557834833315
-19.195730683145165
-19.195815623341694
-19.19589387906936
-19.195963611656868
-19.19606566464044
-19.1961210147276
-19.196182945557144
-19.196256069683056
-19.196347913854922
-19.1964356992913
-19.19650335777795
-19.19657629221406
-19.19661754905679
-19.196682709364538
-19.196738592384914
-19.196803622323078
-19.19686482706019
-19.19692607447673
-19.196978942616457
-19.197023464141616
-19.197075815369253
-19.19710906003044
-19.197161064689446
-19.19719436156645
-19.19724866198966
-19.197275972786137
-19.19730915485978
-19.197346764858626
-19.197390240169547
-19.197418200851093
-19.197445652642106
-19.197475356779982
-19.197511395017607
-19.19753846265939
-19.19757199501783
-19.197594520851954
-19.19763152689955
-19.197664689746276
-19.19769788031575
-19.197717572097552
-19.197738196064655
-19.197757134502694
-19.197778947425935
-19.197806116963775
-19.197826890990722
-19.19784392726484
-19.197871070999536
-19.197884553650432
-19.197898235497135
-19.197920888191
-19.197931365252664
-19.197949776690113
-19.197967574481535
-19.197987926387846
-19.198001110262968
-19.198015869888145
-19.198026492803333
-19.198041238734262
-19.198055564809103
-19.198068085044532
-19.198095237384113
-19.198104628296257
-19.198128556782155
-19.198139228587106
-19.19815683616314
-19.19817209730731
-19.198191955132195
-19.198203488196672
-19.19821261887314
-19.198223336547816
-19.198236556087778
-19.19824598608025
-19.19825578900523
-19.19827684824366
-19.198285624406676
-19.19830271224159
-19.19831699539387
-19.198336935339636
-19.198345818318725
-19.198364776405956
-19.198378954834418
-19.198394856070692
-19.198418911025996
-19.198443017525143
-19.198462546635085
-19.198489502235688
-19.198509242448157
-19.19854137637966
-19.198615066372614
-19.19865318963833
-19.198705200429902
-19.198750191020416
-19.19880574748864
-19.198845253109813
-19.198911471915334
-19.198959455051522
-19.199014667770257
-19.199059643042457
-19.19916787195304
-19.1992202590174
-19.19927233830034
-19.199329896540302
-19.199409906368366
-19.19947811718511
-19.19953730393105
-19.19959520650223
-19.199686041228357
