500 iters for seed 11 on ER0.3 which is in the 90.89431762695312 percentile
 Maxcut: 23.0, MedianCut: 15.0
-14.516881141461665
-14.66372389033016
-14.727156221369247
-14.811774811236841
-14.872923994830828
-14.917149167954168
-14.946665462018132
-14.99014575972507
-15.023287574948238
-15.044556686157213
-15.069664519437481
-15.088891980704462
-15.101448612186319
-15.117879253842283
-15.129930452985551
-15.140210297119573
-15.15098506592809
-15.16198525261504
-15.170812362916585
-15.17898503921056
-15.185885060727996
-15.191150241357242
-15.197732663229726
-15.205057083954904
-15.211094944377194
-15.215691842577952
-15.220569315115055
-15.225667084500797
-15.230455489811943
-15.236549433748527
-15.24125150024739
-15.245621187599756
-15.250262684623362
-15.25393025037914
-15.258733956264015
-15.262302985485906
-15.265230956409468
-15.268432187992925
-15.27130528977311
-15.27388244649296
-15.276217845345514
-15.27798216160783
-15.27958070250719
-15.280928949825034
-15.282603745917589
-15.284289549512472
-15.286226095236097
-15.287378400056856
-15.289111995918113
-15.290429853085483
-15.292105413458513
-15.293599559766932
-15.294869361116502
-15.295949639218154
-15.29747490682222
-15.2982400538423
-15.299276872176442
-15.300369344992227
-15.301218379215157
-15.302015877860944
-15.303321847518848
-15.30415606536226
-15.305174706796754
-15.305739038508756
-15.306774633123737
-15.306958356896097
-15.308101616493154
-15.308459420678327
-15.308909537013935
-15.309439655583368
-15.309809992176525
-15.31020708111605
-15.310418366589056
-15.31076410003149
-15.311062138325765
-15.311559721810715
-15.311811024224355
-15.312094213417623
-15.312594524692422
-15.31291205776236
-15.31336840508272
-15.313726302485522
-15.314139148315462
-15.314490610732033
-15.314887900693831
-15.315300806397367
-15.315674211773775
-15.316251453385648
-15.31694700189776
-15.317507862533676
-15.3183878887623
-15.318972503727773
-15.319742829714235
-15.32044479785548
-15.321244660801103
-15.321834724112488
-15.322508758526848
-15.323159364319432
-15.323993788895685
-15.324761556393426
-15.32544280033961
-15.326134484123681
-15.326914967221672
-15.3273699567202
-15.328561310532564
-15.329170107504067
-15.329790790812842
-15.33063792158574
-15.33136135001569
-15.331870493432131
-15.332457898127773
-15.332906597129291
-15.333481626592782
-15.333896061066815
-15.334197578671244
-15.334424683475994
-15.334648695229955
-15.33494845126912
-15.335213280981339
-15.335561604751524
-15.335885862252004
-15.33623466125917
-15.336575128940048
-15.336861218901122
-15.337066492513948
-15.337317236531678
-15.33751485074123
-15.337747497258329
-15.337994802685664
-15.338174362462963
-15.338428901599611
-15.33872803456194
-15.339017423367688
-15.339315934773428
-15.33960554798264
-15.339950867995531
-15.340161141617576
-15.340527268511497
-15.340686738666841
-15.340906301021834
-15.341037031391322
-15.341354641745042
-15.341485509156406
-15.34161412960341
-15.341753944102727
-15.341931369948199
-15.342195882447417
-15.342338483867037
-15.342478717892693
-15.342604683887625
-15.342777669331912
-15.342967894832425
-15.343221940884089
-15.343415541070364
-15.343626362069875
-15.343753349963713
-15.343997728459644
-15.344155043906751
-15.344331399416028
-15.344611236851843
-15.344870846980006
-15.345208691871017
-15.345414906453966
-15.345719723366955
-15.345963812875882
-15.346319391260538
-15.346597879789728
-15.346867355433828
-15.347095704061793
-15.347343014526114
-15.347612494792573
-15.347852563207127
-15.348080285004533
-15.348359702196609
-15.348535090847589
-15.348743632223204
-15.348868337942188
-15.349102660210058
-15.349260505983718
-15.349415748310959
-15.349624830526967
-15.34987090978446
-15.35002985215878
-15.350300307520879
-15.350526951716287
-15.350810106951998
-15.351101283758634
-15.351327603250681
-15.351565729293938
-15.35181847341804
-15.35211673969193
-15.352366075627312
-15.352583154254003
-15.352790649185648
-15.353033992449419
-15.353197600808551
-15.353541300162112
-15.353933173021405
-15.354255928883598
-15.35465745021455
-15.354904770089888
-15.35523793703162
-15.355446262070497
-15.355842925185542
-15.356016599786036
-15.356232381277872
-15.35650478007313
-15.356812794173837
-15.357017796221955
-15.357229852640412
-15.357461632340796
-15.357745684181825
-15.358135737024169
-15.358473832719936
-15.358713113611808
-15.35923677024299
-15.359498534799936
-15.359802351583333
-15.360082656838228
-15.360303228123492
-15.360507317234854
-15.360721483547188
-15.360887042407084
-15.361145168798444
-15.361214338327688
-15.361715502970142
-15.361858272197432
-15.362080912831829
-15.362382696561186
-15.36252246108975
-15.362827453728144
-15.362940980456937
-15.363129499702357
-15.363264431464216
-15.36354249112231
-15.36369052509658
-15.363854202363127
-15.36400877653974
-15.364172837797291
-15.364302733602784
-15.364402354945593
-15.364582542231506
-15.364604124206066
-15.364780922265483
-15.364837244307735
-15.36493864850204
-15.365085912750391
-15.365189373760206
-15.36531513513497
-15.365415997736878
-15.36550831659019
-15.36561585664122
-15.365727935179013
-15.365875373697849
-15.365987422340465
-15.366107677078599
-15.366240186925648
-15.36635275320454
-15.366459792637183
-15.366562323971522
-15.366665386463046
-15.366745722850714
-15.366853114094235
-15.36700543338272
-15.36707125592329
-15.36714391123368
-15.367230296717501
-15.367323593273111
-15.367414125220558
-15.367461415573658
-15.367578066403986
-15.367640119622491
-15.367699046600041
-15.367786054365968
-15.36784359346561
-15.36791276851886
-15.367969429423766
-15.368022549435244
-15.368065854044406
-15.368117962896758
-15.36816505132373
-15.36821474628926
-15.368286279898879
-15.368342736687396
-15.36838965022532
-15.368438591334993
-15.368472812904308
-15.36851401280016
-15.368558537122164
-15.368579104825303
-15.36861824458381
-15.368642639806554
-15.368680670649542
-15.368729445933926
-15.368766581503197
-15.368812903083084
-15.368884500601292
-15.368899288724698
-15.368982649877058
-15.369012427926432
-15.369064682981286
-15.369116602357018
-15.369177224991375
-15.369219782060648
-15.369263149440258
-15.369297659768433
-15.369337150724373
-15.369396225193602
-15.36942925816684
-15.369497666342735
-15.369548166494074
-15.369616951736994
-15.3696645766737
-15.369705596647961
-15.369756667251675
-15.369823951775775
-15.369862567708992
-15.369907632216623
-15.369926114572994
-15.369983895059253
-15.37001421230465
-15.370048160505073
-15.37010031992596
-15.370135271675242
-15.370180320923666
-15.370211355738723
-15.37025630803544
-15.37029990319456
-15.370340976274129
-15.370398798182588
-15.370433575356298
-15.370476943681961
-15.370529326631559
-15.370583876377477
-15.370654846738612
-15.37073571705757
-15.370814204761464
-15.370871912638728
-15.370964251496027
-15.371016973780122
-15.371098434198315
-15.371165827893565
-15.371223764299597
-15.371302618596495
-15.371400312457608
-15.37145966863964
-15.371549595298795
-15.371667976466203
-15.371796833085742
-15.371915399361574
-15.372045097374187
-15.372156234301944
-15.372285149358174
-15.372385949187649
-15.372473696709822
-15.372561736158529
-15.372577292081104
-15.3727066421849
-15.372747821455002
-15.372806445096545
-15.372899724974834
-15.37297467890942
-15.373086637703338
-15.373154961216272
-15.373229038155557
-15.373300451462367
-15.373403752423911
-15.37350887617195
-15.373616132266973
-15.373689882045335
-15.373771198772115
-15.373860543126831
-15.37394078947409
-15.374039684988606
-15.374134564771952
-15.374251211097995
-15.374386147919097
-15.374490768665932
-15.374583016218748
-15.37476301221572
-15.374886000403517
-15.374990128143317
-15.375174782297584
-15.37527702389858
-15.37541117096901
-15.375611674303942
-15.375767895520529
-15.375944183462854
-15.376228176146075
-15.376309320513903
-15.376469979215138
-15.376588442964138
-15.376729110663
-15.376923590850215
-15.377065278657515
-15.377204519358196
-15.377307870834485
-15.377412443591414
-15.37754260648317
-15.377691066694624
-15.377777475191317
-15.377905391251527
-15.378059751348653
-15.378227107606023
-15.378326309651774
-15.378468490585433
-15.37854660056008
-15.378668624636234
-15.378780296660523
-15.378877090680938
-15.378939317650971
-15.379130782423509
-15.37921411853896
-15.379318800104262
-15.379455427945015
-15.37959630996706
-15.37970227990222
-15.379810884773848
-15.379910151244147
-15.38004124481002
-15.380146961012528
-15.380244574090874
-15.380329050014128
-15.380425812492549
-15.380527903727556
-15.380614724263681
-15.38069844070107
-15.38079717624183
-15.380863082603307
-15.38094806482036
-15.381050670609245
-15.381098344157726
-15.381187984721162
-15.38126488594732
-15.381347224417357
-15.381414414991823
-15.38150415666515
-15.381566227536199
-15.38161899356266
-15.381705152272731
-15.38176767679157
-15.381864164512328
-15.38193970222849
-15.381986717151776
-15.382043728795825
-15.382105960499906
-15.382213545505337
-15.382274401792653
-15.382364147401315
-15.382445760965112
-15.382525150788004
-15.382604844219724
-15.382703317770972
-15.382776746614319
-15.382839708786577
-15.382927130322756
-15.383032511022762
-15.38310435308615
-15.383171237347874
-15.383239033282642
-15.383367762871897
-15.383437861640964
-15.383516666438451
-15.38359837512684
-15.383670184540353
-15.383751587411195
-15.383812699016671
-15.383883906756827
-15.38393203453007
-15.383981545650428
-15.384044380339907
-15.384078298578913
-15.384108413763325
-15.384162147429294
-15.384223003797763
-15.384269960922238
-15.384327400298897
-15.384354078526439
-15.384401233376186
-15.384420982382167
-15.38449052443994
-15.384521888813511
-15.38455708444343
-15.384619925249073
-15.38463910913081
-15.384729740085003
-15.384754729000793
-15.384806506411271
-15.384858500761709
-15.384925101820592
-15.384971401736944
-15.385030121600916
-15.385098946462936
-15.38517734555755
-15.38523454380113
-15.385313684558541
-15.385382377849055
-15.385452534620057
-15.385526041662448
-15.385593192908974
