500 iters for seed 126 on ER0.3 which is in the 67.82760620117188 percentile
 Maxcut: 33.0, MedianCut: 20.0
-19.51694874552055
-19.556314336811095
-19.57815065313829
-19.710596711022493
-19.747683478525182
-19.790750508159913
-19.80224833765753
-19.864339756131923
-19.897221990523494
-19.921103671189574
-19.944148621015394
-19.96118859935918
-19.974387433555478
-19.98803512633313
-19.998191851408556
-20.01176292984133
-20.022465170738155
-20.029687790417437
-20.038156731575334
-20.0451274896976
-20.051534895998323
-20.058063221540465
-20.066845855402804
-20.0717087745251
-20.082568123774593
-20.08773517883842
-20.09292152600817
-20.097098999709104
-20.101483849833304
-20.104666930117993
-20.10807831311019
-20.111917896546924
-20.11509494606815
-20.119179172265923
-20.1230641305527
-20.125881261856215
-20.1293444709578
-20.13217762362727
-20.134837293948387
-20.13648822341194
-20.1381579947073
-20.140299309923225
-20.141911732200814
-20.143399584217285
-20.144840554985997
-20.146251965463808
-20.14755907509798
-20.14883617529657
-20.15024958709281
-20.151457312739876
-20.152619014251457
-20.153776512467118
-20.155132079240385
-20.1562401339575
-20.15734928830785
-20.15871427798944
-20.159827409813026
-20.160879105738935
-20.1619497648003
-20.162977673959848
-20.164002916278626
-20.16497513955574
-20.165904440928202
-20.166865485932856
-20.167983227299
-20.16907193259883
-20.170260252896917
-20.17155471454394
-20.17307465554277
-20.174522265140737
-20.17593575543974
-20.17703772865718
-20.17813100910556
-20.17897791245252
-20.180107185643596
-20.18104062062216
-20.18173238491522
-20.182610138937534
-20.18333674535093
-20.18416560765765
-20.184736894475826
-20.185426826001656
-20.185606211733393
-20.18658486640146
-20.186954065592616
-20.1874933297097
-20.188062857861922
-20.18861178245676
-20.18899531573268
-20.18950344377913
-20.18985840733945
-20.19029763065621
-20.19081083915976
-20.191113848547836
-20.191650617860184
-20.19209432406528
-20.192374821548853
-20.192812206604113
-20.193040421656825
-20.19330226928055
-20.19366805546545
-20.193916526788634
-20.19428374141905
-20.194569055580818
-20.194851459005434
-20.195084721997326
-20.195401129612463
-20.195705211249383
-20.196009770693788
-20.196370629907378
-20.196646418113204
-20.197019737526787
-20.197281679057756
-20.19753508464139
-20.19779428075445
-20.19806268819815
-20.198321387973333
-20.19856689769155
-20.198779191921858
-20.199074326507137
-20.19942106999171
-20.199743878963602
-20.2000858752319
-20.200480596800055
-20.200802983636944
-20.201167451006576
-20.201573635865724
-20.20190188198537
-20.20226256904386
-20.202657919784222
-20.202950026645084
-20.2031595751587
-20.203473742734126
-20.203679852884626
-20.203924360737382
-20.20420187484869
-20.204435725927993
-20.204523989892493
-20.204987709729895
-20.20511913006131
-20.205361305578922
-20.20551101548045
-20.205772154455076
-20.205924466720628
-20.206082706194543
-20.20630194509652
-20.206469010461774
-20.206632898483495
-20.206775909634608
-20.206935070899508
-20.207120461947756
-20.207404403721565
-20.20752689582771
-20.207702047413147
-20.20784031413906
-20.20801315229178
-20.208236476767468
-20.208375946470802
-20.208551944057504
-20.208791049721324
-20.208927810919114
-20.209135446712498
-20.209309791473558
-20.209608013084946
-20.209775426122086
-20.209915029370684
-20.21015044457214
-20.210273949879248
-20.210494177638974
-20.210651157560974
-20.21084456760769
-20.210966809222146
-20.211141407663767
-20.211294115358065
-20.211421879387203
-20.211645082924484
-20.211842676391957
-20.212002235787182
-20.212198022407026
-20.21233158661167
-20.212506788308275
-20.212729194379378
-20.212862198345892
-20.21308150620586
-20.21326528179869
-20.213498353411076
-20.21368247979859
-20.213886479185163
-20.214117654357196
-20.21438675796757
-20.214504087088034
-20.214685338549923
-20.214839732395916
-20.21501841550677
-20.215255443093913
-20.21538462614732
-20.2155977129946
-20.215718678087597
-20.215977538581857
-20.216084716963778
-20.216222666342205
-20.21644376434353
-20.21655904414429
-20.216735023385894
-20.216858210680115
-20.216996001350488
-20.217116159188294
-20.217227249779032
-20.21739249373171
-20.217494438914102
-20.217609347734264
-20.21777843887515
-20.21786401222063
-20.21795246982864
-20.21814781651598
-20.21823585103113
-20.218328081330085
-20.218557779958775
-20.21864393200178
-20.218751678984006
-20.218969316735386
-20.21904279265805
-20.219127304589815
-20.219278736997612
-20.219410396015313
-20.219716619444405
-20.2198940210581
-20.22021732927372
-20.220464664408105
-20.220698397494086
-20.220876058492536
-20.22103601822317
-20.22123903581936
-20.221374321307795
-20.22152468516444
-20.22173012547217
-20.2218871500618
-20.222117498125826
-20.222330060966037
-20.222552703701712
-20.222756140254287
-20.222978332550724
-20.22319868001746
-20.223373436559967
-20.223609673730643
-20.223779232874854
-20.223979058597823
-20.22418361768141
-20.224334783281556
-20.224536771006868
-20.224693408448296
-20.22485513179487
-20.225034367878774
-20.225252843862204
-20.225473731602527
-20.225656228876947
-20.22588415766449
-20.226079549388707
-20.226241783206945
-20.22646644255973
-20.226598008183014
-20.22674903020341
-20.226942496698214
-20.227072794588732
-20.22717174883791
-20.227481427619523
-20.227537861591266
-20.227767625718926
-20.227923327336462
-20.228155964289744
-20.22840850414929
-20.228577431556797
-20.228856149620224
-20.22899944793816
-20.229141293791944
-20.22931608862322
-20.229542188005055
-20.229762840642174
-20.22994810068331
-20.23011074813111
-20.230355203354108
-20.23054463886572
-20.230745045534746
-20.230932740238913
-20.231114782028207
-20.231357137330388
-20.231594547610094
-20.231716990112854
-20.231868495993687
-20.23198108789029
-20.23210498902788
-20.23226074760855
-20.23234639256709
-20.23249769824347
-20.23258663748738
-20.232707316653478
-20.232787207420394
-20.23288457983786
-20.232992881897715
-20.233135363776807
-20.233229254109588
-20.233325265277625
-20.233429331541302
-20.23355664850988
-20.233693122523803
-20.23380253552041
-20.233908720901756
-20.23400240664571
-20.23413743669954
-20.234237832074225
-20.234320484823755
-20.23448703891838
-20.234558801604813
-20.23463675315111
-20.234768425826246
-20.234829693540494
-20.23493607775437
-20.23498052096703
-20.235088473276377
-20.235140830810167
-20.235208809643492
-20.235320042655196
-20.23537571507038
-20.235491516214218
-20.23554139110433
-20.23560647194861
-20.23566676631411
-20.235755102265102
-20.23580766279992
-20.235859240957325
-20.235927763916575
-20.235988122137574
-20.236030659510888
-20.236079880159103
-20.236124571962122
-20.236183814095348
-20.236230246483537
-20.23627332729224
-20.236314363205672
-20.236360859914132
-20.23641205152914
-20.23644214071267
-20.236488662642454
-20.236523225613105
-20.236572492231332
-20.236610120922883
-20.236639664245153
-20.236662220368846
-20.23671275868516
-20.23672995630993
-20.236752736605375
-20.23679038358744
-20.236817289233795
-20.236853546065305
-20.236878386098745
-20.236906570542697
-20.23693394014424
-20.236958871078183
-20.23698982822994
-20.237008423324326
-20.237027435006205
-20.2370632292113
-20.237080490255153
-20.237096699797128
-20.237130821175654
-20.237146853838166
-20.237177112077188
-20.237200185970906
-20.237237635663046
-20.23726148575193
-20.23728649760027
-20.237313589318337
-20.23734774275898
-20.237379259085234
-20.237405200640016
-20.237438719291234
-20.237467140146055
-20.237493553531337
-20.23752280027584
-20.237543694003964
-20.237560064144056
-20.237587931876632
-20.23759370310674
-20.237614322625152
-20.237627524592025
-20.237642752793953
-20.237663308320194
-20.237674202401337
-20.237696876444456
-20.23770985030479
-20.237723375619705
-20.237735031749263
-20.237746955718954
-20.237772601611915
-20.237787125965077
-20.2378055388132
-20.237825274065518
-20.237840930144785
-20.23786743310211
-20.237888446601005
-20.237900143949084
-20.23791348630598
-20.237927333717757
-20.23794366555056
-20.237955474742805
-20.237965580146216
-20.237976127697248
-20.237990458240443
-20.2380060625459
-20.23801958700762
-20.238031776680906
-20.238044414121163
-20.238057454141078
-20.238074531557487
-20.238086903333567
-20.23809489137346
-20.23810768889415
-20.238116790989864
-20.23812945732887
-20.238136984886037
-20.238147420450634
-20.238152987809137
-20.238162124363583
-20.23816951692038
-20.238178973625477
-20.238185276833534
-20.23819053225941
-20.238196760174805
-20.238203878678746
-20.238215254688612
-20.238221135884757
-20.23822805659575
-20.238237858032623
-20.238243865674402
-20.23825702701229
-20.238268361940072
-20.238275270003957
-20.238282930198498
-20.238290220750173
-20.238300648327098
-20.23830721110982
-20.23831348776925
-20.238320986145084
-20.23832747893625
-20.238334379130755
-20.238339095003013
-20.238343426333557
-20.238347986949194
-20.238353699174105
-20.238357887635857
-20.238361692178863
-20.238365728545705
-20.238371380177032
-20.23837517434994
-20.23837888727241
-20.23838483743353
-20.23839118191913
-20.238395594137486
-20.238402520376688
-20.23840546768771
-20.238410408296623
-20.23841494709874
-20.238418111987965
-20.23842291742502
-20.238429662408777
-20.23843470410904
-20.238439791690837
-20.238442269492595
-20.238448283859984
-20.238451181907976
-20.238453776400828
-20.238458330383775
-20.23846290828056
-20.23846937237729
-20.238472601191184
-20.23847789406203
-20.23848050104967
-20.238485104035085
-20.238489512369355
-20.238492943145612
-20.23849960282642
-20.238502826910434
-20.238509930723218
-20.23851350205155
-20.238517787242028
-20.23852458141485
-20.238532881823
-20.23853885599739
-20.238546973027404
-20.238554653499214
-20.238564841556933
-20.23857485731248
-20.238584921356303
-20.23859303264523
-20.238606052321458
-20.238617210192555
-20.238626942334804
-20.238634270108168
-20.238640780144596
-20.238648929848324
