500 iters for seed 130 on ER0.3 which is in the 14.452362060546875 percentile
 Maxcut: 24.0, MedianCut: 16.0
-16.031396942281702
-16.116463151794843
-16.183661294759013
-16.257748714955362
-16.304299821527405
-16.33373086018234
-16.355351113412198
-16.380109177326258
-16.402276768218623
-16.41968051019387
-16.438593975538762
-16.4559767165341
-16.469048322261294
-16.482733889603818
-16.4922433081861
-16.499915255107716
-16.5054594846291
-16.510823125287786
-16.515869664568946
-16.519534576386075
-16.524349563412436
-16.52792278386558
-16.532329214551016
-16.53519808863096
-16.53929791185971
-16.54240909453442
-16.545523335644017
-16.549579699202038
-16.553085570901406
-16.55593149807804
-16.558802558068145
-16.562257947660733
-16.565689852998844
-16.568565711320026
-16.57069241056219
-16.573019582315926
-16.57533063840469
-16.57731053911117
-16.579126556530504
-16.580820991687546
-16.582356389310057
-16.583689708112253
-16.585565186413042
-16.586398952398117
-16.58772074297714
-16.58841767150059
-16.589368522114757
-16.590686261409704
-16.591866511469334
-16.592827742148664
-16.594044336777323
-16.59504016423516
-16.59624824251631
-16.59752369963181
-16.598435737679733
-16.599411995140425
-16.60058960396697
-16.601516582278123
-16.602595305500607
-16.603730719436673
-16.604815771499542
-16.605843963051523
-16.606710007579704
-16.60783383472672
-16.60870789267089
-16.60963609062083
-16.61053629999714
-16.611258670566347
-16.61208354223139
-16.61315661650392
-16.61369123029702
-16.614536080429072
-16.61514104378991
-16.615886556250505
-16.616582421158743
-16.617206037522088
-16.617673922366063
-16.618805201643603
-16.61931097860878
-16.61996230386765
-16.620707569728058
-16.621214529222335
-16.621888819272463
-16.622327608342097
-16.622758095508058
-16.623251457156336
-16.623674181810188
-16.62405637066933
-16.624440223593925
-16.624706783307676
-16.625294634206863
-16.625574498793014
-16.626032091723424
-16.626485320115123
-16.626972398396894
-16.627279795267356
-16.62761924131216
-16.62800078232981
-16.62839019117795
-16.628671915877742
-16.628942886068593
-16.629298601609385
-16.62973308577277
-16.63007145299496
-16.630441096268854
-16.63072860237247
-16.631114989654414
-16.631550892142307
-16.631926546272766
-16.63238870113581
-16.632725977741742
-16.633131536972616
-16.63356200990994
-16.633833426903617
-16.634075322069506
-16.6345341525912
-16.634762945514314
-16.635001280024476
-16.63542741907459
-16.63563632401381
-16.635982820901283
-16.636240936354895
-16.63652883687449
-16.636768619521575
-16.636984762673315
-16.63717417282983
-16.63744563079619
-16.63760591568112
-16.63780089343188
-16.637925914661537
-16.638166481152705
-16.63831082116275
-16.638450360289035
-16.638707638972694
-16.63885922958911
-16.63911541474918
-16.6392943242249
-16.639457234073117
-16.639599211445386
-16.639725871150326
-16.63984191374615
-16.639942669158245
-16.64003454924365
-16.640144527220727
-16.640231843827507
-16.640335233728422
-16.64043187112406
-16.640486274413014
-16.640582665072223
-16.640657993310953
-16.640752997923755
-16.64084720697686
-16.640910305848536
-16.6410309724936
-16.64110507004233
-16.64119439963118
-16.641271150097094
-16.641336011844825
-16.64146369530836
-16.641527194012287
-16.641614975936157
-16.641667216691392
-16.641741375857038
-16.64183157267822
-16.64195502158102
-16.642040159394135
-16.642138330697883
-16.642226337197947
-16.642333867056593
-16.642460130584443
-16.64253112455587
-16.642640149141606
-16.64276909006435
-16.642829970066565
-16.642940645980644
-16.64298996581109
-16.64304946854154
-16.643128566885498
-16.64319077798012
-16.64325632192051
-16.64331432701828
-16.643385350452245
-16.643442803529965
-16.643525820880043
-16.643584813481986
-16.64362739495711
-16.6436922520367
-16.64373672954175
-16.643784587659933
-16.64385727640956
-16.643897493676448
-16.643942832106735
-16.644014340393497
-16.644059823653745
-16.644091469724085
-16.644172366104385
-16.644218795481812
-16.644264669778288
-16.644338221358623
-16.644375560294318
-16.644426357722374
-16.64450399752708
-16.644577984590526
-16.644634865398668
-16.644698793199844
-16.644746376350763
-16.64481033594629
-16.644871044810905
-16.644911658836016
-16.644948466677288
-16.645016084483977
-16.645061948727164
-16.645112708260378
-16.645182834130257
-16.645227551766713
-16.64531069169525
-16.645361790427966
-16.64543396477853
-16.64548949964871
-16.645545261185678
-16.64565441273494
-16.6457095726778
-16.645809554064776
-16.645891955833907
-16.645977202770805
-16.64606353865784
-16.646160504311784
-16.64628471929283
-16.64638006312333
-16.646492818476005
-16.64664163643417
-16.646770898158714
-16.646871327451837
-16.646986608329634
-16.647095713643754
-16.64722981622122
-16.647374716015804
-16.647472370564664
-16.64759661590007
-16.647736743227693
-16.64788795005242
-16.647986974598137
-16.64811819531868
-16.648199884055323
-16.648298916023673
-16.648451989552363
-16.648596606694955
-16.648700945733207
-16.648824848367273
-16.648932399241385
-16.649076330605187
-16.64922356478338
-16.649327306628276
-16.649420895287513
-16.649607349169766
-16.649708282796958
-16.649805964892668
-16.649925469034827
-16.650000461798502
-16.650091127921456
-16.650243842231994
-16.650310226465425
-16.650412989832137
-16.650478510771688
-16.65059617435064
-16.650683114219767
-16.650760418284705
-16.65089856373657
-16.65096582595174
-16.651074958098583
-16.65115024278771
-16.651242109485107
-16.651336217200853
-16.65143586477357
-16.651569018334
-16.65166025464701
-16.65174544384594
-16.65184892837288
-16.65192318697828
-16.652033356486875
-16.652122509317625
-16.652180196698268
-16.652244330421233
-16.652258445386554
-16.65238177594002
-16.652429998004767
-16.652489244838335
-16.652577391269993
-16.65273240937303
-16.652806691838805
-16.652924977793823
-16.65297614317564
-16.653033916700817
-16.653089279613702
-16.653175466580013
-16.653227236637687
-16.65328210607048
-16.653357741790277
-16.653399506225497
-16.653480255311024
-16.653528101169766
-16.65357899214721
-16.65362358682114
-16.653676135641685
-16.65373825355254
-16.653793836047026
-16.65383229729918
-16.653885160742195
-16.65392827938829
-16.6539646528274
-16.654036100545287
-16.654042825446034
-16.65411364654534
-16.654149609961255
-16.65420122702757
-16.654273284856224
-16.654325255623426
-16.65439301954301
-16.65444057219753
-16.654495944326204
-16.654550924780015
-16.65459859061113
-16.6546394882327
-16.654667445817513
-16.654698622937495
-16.6547710104274
-16.65481236770285
-16.65484673934698
-16.654886953215655
-16.654924976148756
-16.654947452862245
-16.655001995468854
-16.65502586307289
-16.655059000693463
-16.65509804791636
-16.6551509616827
-16.655210194074353
-16.65526094507084
-16.65529090325209
-16.65534449248322
-16.655372722216313
-16.65540506907642
-16.655443586658773
-16.655486122786023
-16.655517671943254
-16.655552582429674
-16.65558185973931
-16.655607164652757
-16.655638272538496
-16.65566048281914
-16.655683373484283
-16.655712989708533
-16.655740477967893
-16.655754214133502
-16.655787218520214
-16.655809952830722
-16.6558273078426
-16.6558604238058
-16.655876401365546
-16.655899030846104
-16.6559196440553
-16.65595180902894
-16.655979104410306
-16.656001238335676
-16.656018248904452
-16.656041286316594
-16.656055739348123
-16.65607247673914
-16.656088420217777
-16.656113637495036
-16.656128376429482
-16.656143141527977
-16.656158721755908
-16.656179380746156
-16.656200385731278
-16.65621741380019
-16.656235304016946
-16.656260570497878
-16.656271161921776
-16.65628381904384
-16.656293965088125
-16.656307378306725
-16.656322761167683
-16.656332741021536
-16.656349162826213
-16.656369456812065
-16.656379082207945
-16.65639250747054
-16.656403966327964
-16.656417435177705
-16.656435133912712
-16.656444683937732
-16.656465248566715
-16.65648300602802
-16.656501529136314
-16.656520453760518
-16.656534878856828
-16.65655689681749
-16.656578312488296
-16.65659112318031
-16.6566101158584
-16.656620779536325
-16.65663610648207
-16.65664967743802
-16.656658947287642
-16.65667791643921
-16.656694177901475
-16.656703898234305
-16.65671711780542
-16.656728413346904
-16.656741897911008
-16.656758287256107
-16.656772107035263
-16.65677934468289
-16.656793865184113
-16.656802390166405
-16.656809880419942
-16.65682064626907
-16.656827446048943
-16.65683539323544
-16.656848615636736
-16.656854198126606
-16.656862031827202
-16.656864446639027
-16.65687399365364
-16.656878904503564
-16.656883280385088
-16.656890277696256
-16.656902179087307
-16.656908842077485
-16.65691408372698
-16.656919900880908
-16.65692461944641
-16.65693028760611
-16.656939679785197
-16.65694302855726
-16.656946719082825
-16.65695422393853
-16.656958066546473
-16.656962244290604
-16.656968315387616
-16.65697240269297
-16.65697735037739
-16.656980263853875
-16.656984897934144
-16.656988197962434
-16.65699107677608
-16.656993067744796
-16.656997866176397
-16.65700028622954
-16.65700295228452
-16.657007056690475
-16.657009229574236
-16.657013233200573
-16.65701603161701
-16.657019049959285
-16.657021654236363
-16.657024146686574
-16.65702799792251
-16.65702953363297
-16.65703200392346
-16.657033879878345
-16.65703593994623
-16.657039763649973
-16.657041684217866
-16.657044701414378
-16.657047094838884
-16.657049785147088
-16.65705227770652
-16.657054308344975
-16.657057129330006
-16.657059162774452
-16.65706197564454
-16.6570642962073
-16.657067930505992
-16.657069547798187
-16.65707210148334
-16.65707342726065
-16.6570751917736
-16.657077740583496
-16.657079619236946
-16.657081857895
-16.65708437638311
-16.657086420151224
-16.657088671844527
-16.6570903071193
-16.657092842645522
-16.657093662047224
-16.65709623159973
-16.657097629575112
-16.65709909044268
-16.657101218493942
-16.65710272805192
-16.657105084646144
-16.657106529271513
-16.65710817692645
-16.657109779963946
-16.657111609192185
-16.6571135606744
-16.657115093305155
