500 iters for seed 68 on ER0.3 which is in the 13.462066650390625 percentile
 Maxcut: 34.0, MedianCut: 22.0
-21.629223085439296
-21.770604868712482
-21.81536812699887
-21.867296963670736
-21.901812876585435
-21.934605939456038
-21.961011387751583
-21.989300777150724
-22.007698963051602
-22.021702238169162
-22.035464980634124
-22.0467107332967
-22.055980404290114
-22.06434133745927
-22.072548383126925
-22.07862154127693
-22.083457164353426
-22.089768604117296
-22.096738761487263
-22.103178950307445
-22.109250222361677
-22.11328713417718
-22.11681399801845
-22.120665833394728
-22.12411377645711
-22.128464661266282
-22.132791505402665
-22.13704274840388
-22.142116436450223
-22.146554465664757
-22.1500361739339
-22.15450168159483
-22.15614119556491
-22.16007562744744
-22.16316230322465
-22.165391957796324
-22.16835522896707
-22.16993899555918
-22.172493605020804
-22.174223972175298
-22.175750353504874
-22.178133096739742
-22.179473168227908
-22.181553570294284
-22.18276569565603
-22.184195577856027
-22.18543900595453
-22.1870546926251
-22.18808184831235
-22.189169907223096
-22.191171332991622
-22.192301852170313
-22.193869604760117
-22.195492368444473
-22.196545224898042
-22.19774818436666
-22.19888816177914
-22.199813956383696
-22.200679713704428
-22.201533028142716
-22.202263323367884
-22.20296614451745
-22.2038839092812
-22.20482110389935
-22.205609169795807
-22.206377828370673
-22.207134456379766
-22.20782813475723
-22.20846872593919
-22.209107739817252
-22.20987367843306
-22.21050222568908
-22.211161462660517
-22.211950175487807
-22.212454583218758
-22.21304589803465
-22.213874668275672
-22.214400187670265
-22.214912019810505
-22.215581879206194
-22.215980279025985
-22.216473622227433
-22.217092247219995
-22.21751891761386
-22.217972326263258
-22.21859041763245
-22.21903625161213
-22.219617344952553
-22.22019309091568
-22.220692122125214
-22.221095685792744
-22.221727998155238
-22.222209439598878
-22.222670469907897
-22.223203903069262
-22.223648324897628
-22.224199315456485
-22.224712289760834
-22.225296227604105
-22.225818486424785
-22.22631842524835
-22.226863468936333
-22.227279685321413
-22.227840400665027
-22.2282587584556
-22.22864074658539
-22.228870114888377
-22.22919882581821
-22.22947738226077
-22.229790105383614
-22.230132960106168
-22.230393884660153
-22.230711957570456
-22.23107095036267
-22.231292941710088
-22.23161088410224
-22.231772437086224
-22.23220746473412
-22.23238651305737
-22.23262383325993
-22.232917583493432
-22.233122685513067
-22.23336184175837
-22.233501680335674
-22.233678620622783
-22.233807583956768
-22.234094624056695
-22.23421636094883
-22.234389593449375
-22.23458392860188
-22.23479892367816
-22.23496409454087
-22.235121081469487
-22.235233435995188
-22.23538657255606
-22.235520058005214
-22.23564283487591
-22.23575656120181
-22.235923573667982
-22.236028986411753
-22.236156484723775
-22.23623235566145
-22.236423758144632
-22.236551497717794
-22.236680326737183
-22.2368988946723
-22.237071749476925
-22.237313409416313
-22.237513212813777
-22.23778132742067
-22.23804041030145
-22.23836171527398
-22.23866715189863
-22.238894774910072
-22.239163456852843
-22.23945508689303
-22.239630710002896
-22.239919510203062
-22.2401484161515
-22.24041403793935
-22.240656609186487
-22.240840905472165
-22.241240082289536
-22.24146253984225
-22.24179014517021
-22.24202665542752
-22.242256947705194
-22.24256867226376
-22.242919007340117
-22.243154768985445
-22.24346812601383
-22.243733183379568
-22.24405212411223
-22.2444023388392
-22.24462403199872
-22.244863639688344
-22.24537825108146
-22.245568900200883
-22.24581058642714
-22.24603763387981
-22.246296216370148
-22.246585321582337
-22.24689750264503
-22.24711023592724
-22.247372497182095
-22.24756641020346
-22.2477636643524
-22.24808809365826
-22.248262410488756
-22.248446971571596
-22.248955112705737
-22.24914878247568
-22.249361816313407
-22.249690264205483
-22.249845184291992
-22.250076373789852
-22.25020852726545
-22.250350205001826
-22.250511627808386
-22.250663694751076
-22.250778819079457
-22.250976696449545
-22.251062775132613
-22.25119098378946
-22.251310501544133
-22.251445568050826
-22.251556763123105
-22.2516512583055
-22.25174574199486
-22.251864770704273
-22.251946914607018
-22.25204417290901
-22.25207103440369
-22.252202830092944
-22.252263956749864
-22.252344458634585
-22.252455440476787
-22.252575686850275
-22.25268261764067
-22.25278773287886
-22.252870997297265
-22.25300224554433
-22.25310487732355
-22.253200580156246
-22.253278418426287
-22.25336405722243
-22.253451075299004
-22.25352500095393
-22.253635085492878
-22.253713782107624
-22.253790247135818
-22.253875684050676
-22.253939312895085
-22.254071697090907
-22.254175107146487
-22.254248694434423
-22.254351026562105
-22.25440943651272
-22.254492018652204
-22.25457171219064
-22.25463130714946
-22.254716241851728
-22.2548233467227
-22.25488047525606
-22.254983955972403
-22.255001440916015
-22.255129387404114
-22.25519452460842
-22.255276308348947
-22.255402220489145
-22.255504703294335
-22.255652258887082
-22.25574723522631
-22.255880526541922
-22.256014758565122
-22.256153525086603
-22.256357571821944
-22.256478142636514
-22.256623641088062
-22.256812700951958
-22.256924766265673
-22.257018016871903
-22.257170300071433
-22.257278777498584
-22.257347498272644
-22.25747399193972
-22.25753280744528
-22.257608996661656
-22.25770789565359
-22.257766922574266
-22.257827993121253
-22.257910021813675
-22.257951246512757
-22.258001772052488
-22.258043002765927
-22.258079997142392
-22.258140660620644
-22.258175251976567
-22.258211091119875
-22.25827161691153
-22.25829925400751
-22.258331027764655
-22.258405734335252
-22.258431354050465
-22.25846713811074
-22.258507370129497
-22.2585420928448
-22.25860917831501
-22.25864327447976
-22.25868731984678
-22.258722909763243
-22.258767099683563
-22.25881135911895
-22.258850289320705
-22.258900646051664
-22.25893775939504
-22.25898297466199
-22.25904583496922
-22.259077463498652
-22.259111515241194
-22.259130689745344
-22.25916552757738
-22.25920805742102
-22.25923626199496
-22.259274832757598
-22.259303545267144
-22.25933746450854
-22.259371521050134
-22.25940146353189
-22.25943664022263
-22.259464978501708
-22.259491780652176
-22.259539848730604
-22.25956274761042
-22.25958715494732
-22.2596150303301
-22.259640270925956
-22.25964695658736
-22.25969782956765
-22.259710089190513
-22.259731523553583
-22.259757538081942
-22.2597893973631
-22.259819530477877
-22.259845165362044
-22.259861854119173
-22.25988207057288
-22.25990981234374
-22.25993136687977
-22.259947906996818
-22.25998616756764
-22.259997185497888
-22.260022796264938
-22.2600405468582
-22.260066168771488
-22.26010126204983
-22.260114296006574
-22.26013202061785
-22.26015740595943
-22.26017509727103
-22.26019651859726
-22.26021718085309
-22.260238302444186
-22.260271912488186
-22.260298134570583
-22.260331476039884
-22.26037746479632
-22.260400382903292
-22.26044581392216
-22.260460295861623
-22.260518990174678
-22.260552441736476
-22.26059224454329
-22.260646563989862
-22.26068263235453
-22.260751658804452
-22.26081355768143
-22.260881593544887
-22.260950396486777
-22.261026941612677
-22.26110682818806
-22.261180848207893
-22.261236998014315
-22.261336408225333
-22.261418736551086
-22.261482847462382
-22.261613053529523
-22.261668922185933
-22.26174082791163
-22.26180801131442
-22.261864590432168
-22.261912106774616
-22.26201503072282
-22.26207558434068
-22.26214072611714
-22.262243621627434
-22.26231249895675
-22.26241360958503
-22.262468143768395
-22.262543885032095
-22.262617902719747
-22.26270593378279
-22.262746127799247
-22.262799928960455
-22.262843091468703
-22.26289535809823
-22.262943247588833
-22.262977252905863
-22.263014418490016
-22.26306079209755
-22.263100397926593
-22.26312580454078
-22.26316735708512
-22.2631772993925
-22.263226385014033
-22.2632534909545
-22.263285304623714
-22.26333273977245
-22.263360870909334
-22.263408622528384
-22.26344244442616
-22.26348193079366
-22.2635204837231
-22.263570074496958
-22.26360640981814
-22.2636446709186
-22.263676935454537
-22.263710332126863
-22.26372884534883
-22.263780995697918
-22.263803647820954
-22.2638338904343
-22.26387474789292
-22.26392163488338
-22.263959099675233
-22.264002827725392
-22.264034347147927
-22.264061948557696
-22.26412891186171
-22.26416167488997
-22.264204720129364
-22.264263432460456
-22.26432865313715
-22.264353485565152
-22.264423800645744
-22.264460028943816
-22.264488282083864
-22.264535611175912
-22.264558062457407
-22.264599085933916
-22.264635371651266
-22.264671418192336
-22.264736292058927
-22.26480070486594
-22.26484943538925
-22.2649083542808
-22.26495733455117
-22.26505059971043
-22.26512548188218
-22.26522145417439
-22.2652971295255
-22.26537195027969
-22.265414737235865
-22.265536736685423
-22.26559511637505
-22.26567461918754
-22.26579009734966
-22.26587366558647
-22.265984228965806
-22.2660452093577
-22.266129582874576
-22.266172146527065
-22.266327442672463
-22.266379002497207
-22.266447922891558
-22.266536935583204
-22.266624938552663
-22.26670546161354
-22.266775278429904
-22.266841313561937
-22.266915743923068
-22.267013994709668
-22.26706777688807
-22.267133850592153
-22.267219230996883
-22.267299728216642
-22.267424027289007
-22.267486370690243
-22.26757890077262
-22.26766939812794
-22.26773807774473
-22.267860115934237
-22.267888672687754
-22.26798173152091
-22.268013806584946
-22.26807743542029
-22.268132330410076
-22.268191277634177
-22.26823434090655
-22.268272786438622
-22.26833161430595
-22.2683880466562
-22.268440653735592
-22.268504884027557
-22.268567282829625
-22.26863187229274
-22.268718470527247
-22.26877734408326
-22.268833024041676
-22.26891972442862
-22.268984390550514
-22.269030500713306
-22.26910734708827
-22.269132054246583
-22.269166367145484
-22.26920585940224
-22.269244007942422
-22.269309975944278
-22.269346967102614
-22.26940385057825
