500 iters for seed 141 on ER0.3 which is in the 73.86245727539062 percentile
 Maxcut: 29.0, MedianCut: 19.0
-18.988648750562916
-18.999835016083033
-19.044323000737144
-19.073005384739943
-19.20613484475287
-19.221458113409398
-19.288270826771846
-19.321778421028338
-19.357870894579744
-19.380310912833366
-19.38897349771308
-19.415413148853393
-19.433438237445834
-19.459197574076676
-19.4768094813759
-19.493994133194605
-19.508219705500977
-19.523492874899155
-19.530884237420256
-19.540354174055445
-19.547193672284948
-19.554886287580455
-19.5612703079695
-19.56646644794676
-19.573022552388156
-19.57938761093053
-19.584155326526997
-19.58852307239062
-19.593738145517023
-19.59859458946299
-19.60328561551944
-19.60755316025101
-19.610399194273512
-19.613556119359124
-19.616505619391983
-19.61875156290729
-19.620994685170942
-19.622413959917377
-19.624284730973187
-19.625679320432223
-19.627285541253627
-19.628537662558905
-19.630506081219266
-19.631716634441418
-19.633111673425425
-19.634976725508142
-19.636242655227818
-19.637911894767196
-19.639063740760513
-19.640325838753018
-19.641666554997776
-19.643051663336962
-19.644059050411602
-19.645108681872053
-19.646298795515698
-19.64744491885453
-19.648886292784958
-19.649914000942974
-19.651067711772722
-19.65245911470513
-19.653256068361834
-19.654209537698144
-19.655393023183525
-19.6563060228682
-19.65721974143358
-19.658021428610507
-19.65867984163448
-19.65927077234852
-19.659882479797286
-19.660350019749057
-19.660762717340198
-19.661542448335442
-19.661968170657772
-19.662460649355868
-19.662985892926525
-19.663353966773215
-19.663720161281308
-19.664542237501276
-19.66486970508987
-19.66538819943551
-19.66598744585096
-19.666660196929282
-19.667222599931094
-19.667864218368013
-19.668482351890354
-19.669387771174996
-19.670444355214737
-19.67155230484937
-19.67225489619559
-19.67357212398636
-19.67395140946769
-19.67493412541067
-19.675473887346893
-19.67612048072353
-19.676666457158944
-19.67755045115572
-19.67808818263977
-19.67850265898325
-19.678932059294027
-19.679356090104964
-19.679711036230344
-19.67998114165904
-19.68033311548963
-19.680468529803697
-19.680939407338006
-19.68111543558613
-19.681355836180302
-19.68164775733326
-19.68196694816325
-19.68221412933176
-19.682553137703714
-19.682779837010507
-19.683014107649434
-19.68337562593568
-19.683549735050697
-19.683757890811115
-19.684135345587357
-19.68440584207512
-19.68457700506077
-19.684836123884985
-19.685097504679398
-19.68526728749028
-19.685491005610697
-19.68563827303081
-19.685785317449493
-19.685989110228103
-19.686172176260378
-19.68627258559421
-19.686410509297392
-19.68649441295497
-19.68659836041882
-19.686737631214463
-19.686807303686727
-19.68688724424034
-19.68703113608941
-19.68708415644386
-19.687184792624727
-19.687223124034
-19.687325018551235
-19.68739423249952
-19.687480213095725
-19.68763334403967
-19.687730457478946
-19.68788661125027
-19.68802352747329
-19.688194743363326
-19.688328103795968
-19.68853234223986
-19.68866510855166
-19.688796796736717
-19.688961829741423
-19.689154208246546
-19.68933369232341
-19.689563443114107
-19.68972748379744
-19.68989706734853
-19.690169282596543
-19.690305834413575
-19.69047338741901
-19.69070265313497
-19.690857100982015
-19.69102960108407
-19.69131202763123
-19.6914702206262
-19.691711194712887
-19.692038627472797
-19.6923849444507
-19.692672504375437
-19.692973892866135
-19.6931855663925
-19.693362607800985
-19.69370152803985
-19.693856183906693
-19.694063724654484
-19.69437477559201
-19.69455166577088
-19.694661417800035
-19.695097616512083
-19.695234408886353
-19.69552169731121
-19.695761891322952
-19.696087930364246
-19.696416280256727
-19.696695458248723
-19.697260184301747
-19.69760549701183
-19.698010338280803
-19.698406525330032
-19.698738783146815
-19.69920239072976
-19.69962095125762
-19.699986300391362
-19.700386351047573
-19.700842823245715
-19.701296390839264
-19.701553887719832
-19.702026501177155
-19.702364866917772
-19.702851027379538
-19.70323860287772
-19.703574461937706
-19.70395734017371
-19.70440681796484
-19.704730979051867
-19.70516455276757
-19.70560711109148
-19.705966827234096
-19.706333773718363
-19.70668088941555
-19.70704523349751
-19.707377025648775
-19.707683817382303
-19.708023482482787
-19.70833281422324
-19.708609047832336
-19.708888041470225
-19.7092785237807
-19.709694553111518
-19.71016749217244
-19.710582092504517
-19.710959269942272
-19.71122660029128
-19.711556049957842
-19.711797772982255
-19.712108538515256
-19.712328106009664
-19.712502946150252
-19.712641336920186
-19.712918146046384
-19.713030310186973
-19.713213664789766
-19.713538162714215
-19.713754159265907
-19.71404238056455
-19.714277123571023
-19.714500002422476
-19.714734145907567
-19.714969749297197
-19.715190205939283
-19.715373240430765
-19.715574959014134
-19.715815922336628
-19.71599150915207
-19.716181467435646
-19.716345224358513
-19.716472616346785
-19.71671703111416
-19.71689877911906
-19.717056821667114
-19.717236080313622
-19.71739349178313
-19.717530043243844
-19.71784032918112
-19.717944961973583
-19.718090555875953
-19.718241766026704
-19.718404608342965
-19.718532149615196
-19.718669947575204
-19.718799344750284
-19.71898050876576
-19.71912286075353
-19.719253165888787
-19.71938142802819
-19.719561380216874
-19.71969195772995
-19.71984557553497
-19.719961360645954
-19.720090447686363
-19.720153835696337
-19.720366440947963
-19.72044743757872
-19.72055632008291
-19.7207011076202
-19.720759730874196
-19.720908251702966
-19.72096431862093
-19.72106146305768
-19.721122350782878
-19.721279303003868
-19.721358755764008
-19.721450346061197
-19.72159070805246
-19.721675413458737
-19.72187927980916
-19.72195685118756
-19.72211208894064
-19.722295103606726
-19.72248161953824
-19.722597234543745
-19.722722487739304
-19.722773493055268
-19.722864862940984
-19.722962154935423
-19.72302227573475
-19.723154040757514
-19.723234302158914
-19.723302593456733
-19.72337248945081
-19.723443067344682
-19.723508702131678
-19.72356914878511
-19.72361458926826
-19.723657950783586
-19.723708732803672
-19.723774435121356
-19.723807498638386
-19.723839958733482
-19.72388926945027
-19.723929466459136
-19.723962428089774
-19.72399649330041
-19.72402348434199
-19.724062320433358
-19.724091227932973
-19.72412285845929
-19.72415515441378
-19.724187912484446
-19.724226543008594
-19.724251227514987
-19.724285104329276
-19.724301710872872
-19.72433814386656
-19.724357275196592
-19.72437802727743
-19.724408914073596
-19.72443773916019
-19.724454654078283
-19.724480577660977
-19.72449884000796
-19.724519654502288
-19.724547354315575
-19.72456334651801
-19.724580337851826
-19.72461665187089
-19.724631568142325
-19.724650959238758
-19.724678922142207
-19.72469489373546
-19.724722068069113
-19.724746282631614
-19.724762301138696
-19.724778856951907
-19.72479724667795
-19.72482409932421
-19.724845062942048
-19.72486509884782
-19.72488318220792
-19.724903234303394
-19.72492565834358
-19.72494689532104
-19.724969399900218
-19.724990367630287
-19.725011301721047
-19.72503142525198
-19.725048883892928
-19.725072379856204
-19.72509451685532
-19.72511688308085
-19.7251366280904
-19.725161056738244
-19.72518280104366
-19.725201662602586
-19.72521755767008
-19.725238005445476
-19.72525206143274
-19.725265968913508
-19.72528392705333
-19.725296857812772
-19.725315957429977
-19.725336050685474
-19.725357767194915
-19.725375244595085
-19.725397299982347
-19.72541480481887
-19.72543055114903
-19.72545145671235
-19.725463303995134
-19.72547723371024
-19.725501388706288
-19.7255111067509
-19.725524685932893
-19.725537199276033
-19.725549534002553
-19.725560968481574
-19.725583857578087
-19.725595032003916
-19.72560744610763
-19.725623742208526
-19.72564251063148
-19.725655692712202
-19.72566993899003
-19.72568194089476
-19.725699505351365
-19.725712258088116
-19.72572494192155
-19.7257339962444
-19.725745258741995
-19.725755459622775
-19.72576959488563
-19.725778773808504
-19.725786849244205
-19.72579912299355
-19.725812090916985
-19.725821747430494
-19.725832267455928
-19.725840291487117
-19.725853264773946
-19.72587173778423
-19.725888297701026
-19.725900300912237
-19.72591882687603
-19.72592637621458
-19.725944539950753
-19.7259559505145
-19.725965293306963
-19.725982561588104
-19.725993200195795
-19.726009761071147
-19.726018493554037
-19.726031090976477
-19.726041363671467
-19.72605641003915
-19.72606895444029
-19.726082860193507
-19.7260985234552
-19.726115478206406
-19.726135010871484
-19.72614846436287
-19.726163525041915
-19.72618750532625
-19.726200149912913
-19.726212574254216
-19.726234376899928
-19.726246958562804
-19.726269215548186
-19.72628597356119
-19.726302324617286
-19.72631835762711
-19.726332857399438
-19.72635075269421
-19.72637207777728
-19.726385499372558
-19.726400599728166
-19.72641463117757
-19.726427563976433
-19.726443090671694
-19.726467944840586
-19.726481237006144
-19.726494532734627
-19.726508995814694
-19.726528048645342
-19.72654318056544
-19.726555647581463
-19.72657053087331
-19.72658822716862
-19.726607334658105
-19.726621003891687
-19.726631550082217
-19.72665249783855
-19.72665931621933
-19.726672566952004
-19.726684480533606
-19.726695935615396
-19.726716147368737
-19.726727765658822
-19.72674276061542
-19.7267546830463
-19.726767152468895
-19.72678037106479
-19.726795228864134
-19.726807205374666
-19.726818062950414
-19.726834816030866
-19.726846015137205
-19.726858152666402
-19.726877101075072
-19.726889095893345
-19.72690902020381
-19.7269227322355
-19.726941560931706
-19.726955613020735
-19.726970269172806
-19.72698507692693
-19.727003546499173
-19.727019515700217
-19.727036168896205
-19.72705133606624
-19.727073693889572
-19.72709262992363
-19.727109570531933
-19.72714175330301
-19.72715725680373
-19.727189604431153
-19.72721752325502
-19.727242652805167
-19.72726505123596
-19.72728463400943
-19.72731613177006
-19.727339431211472
