500 iters for seed 122 on ER0.3 which is in the 78.31344604492188 percentile
 Maxcut: 31.0, MedianCut: 21.0
-20.509632908276327
-20.62031948533605
-20.6846878496666
-20.77584488227977
-20.828875363816895
-20.865416560617334
-20.90037774695683
-20.924387871505672
-20.943322604554208
-20.96137281807218
-20.98262204343738
-20.997832186324203
-21.008971821163655
-21.018044959966396
-21.029874618999592
-21.037615718759277
-21.048972243231198
-21.058260924764454
-21.06456664507485
-21.07358690049504
-21.08206218054894
-21.087988130621266
-21.09360560687642
-21.09749519094159
-21.10103450279609
-21.103967930215113
-21.10712516096239
-21.109349306676727
-21.111604679493986
-21.11392499919478
-21.115891191858218
-21.118190930896027
-21.12045965530698
-21.122015520321906
-21.12430142493805
-21.125932904072503
-21.128276334912456
-21.129623779311288
-21.131095881978595
-21.13242979277765
-21.133976332378843
-21.135125626230845
-21.13615745900824
-21.13699505397435
-21.13809101445508
-21.138917664502426
-21.1394824892397
-21.14065196717029
-21.14131464821821
-21.142044457948572
-21.14308742984596
-21.14396564953497
-21.145133819471738
-21.14686166806026
-21.14816682590414
-21.149634121003928
-21.1510812841319
-21.152249822233976
-21.153672827200666
-21.155101042828306
-21.1562125267465
-21.157278351976323
-21.15852739540904
-21.159686064362845
-21.16058789860024
-21.161611599551268
-21.16264730796057
-21.16375966631459
-21.164657544516604
-21.16564293476913
-21.166493800729686
-21.167442814292418
-21.168366819557313
-21.169128994826906
-21.169958711388063
-21.170891518531313
-21.171367896891237
-21.17210069172907
-21.17254576827183
-21.17328232760755
-21.173731285504264
-21.174238582495935
-21.1751410627952
-21.175617693366497
-21.176377972863474
-21.177168525349238
-21.177764738232042
-21.178330536440694
-21.17880871774687
-21.179289941401144
-21.179664186254595
-21.180100739467534
-21.1805712240112
-21.180998858171392
-21.1814677625082
-21.181953951353567
-21.182329149563333
-21.182859200701316
-21.183424685240063
-21.183819501648536
-21.184457483064946
-21.185027046363885
-21.18570046972708
-21.18648128663979
-21.18695919731127
-21.18746802610012
-21.188288571803994
-21.18871139930727
-21.189304042935934
-21.1900095245644
-21.19044718756314
-21.19082937936433
-21.191492319474477
-21.191895956690086
-21.19232621699237
-21.192866219420367
-21.193328437597238
-21.194074176995407
-21.194682669392293
-21.195500219650526
-21.196121637260987
-21.196805996663095
-21.19731077085762
-21.198111861269084
-21.19855045065154
-21.199065037426703
-21.199390462918217
-21.20005021033122
-21.200398264031406
-21.20074831912794
-21.20141626979307
-21.201771068878518
-21.202315326478466
-21.202778123160293
-21.203318932924205
-21.203831332765006
-21.204369870206385
-21.205070836263733
-21.2055552990009
-21.206207608022535
-21.206676673752614
-21.20739713871519
-21.207671749056892
-21.208127715930317
-21.208405599466584
-21.20875111425852
-21.209061804842104
-21.20935634580585
-21.209661032018204
-21.20993947923929
-21.210261546636204
-21.21047026842046
-21.210671223459908
-21.211010693469085
-21.21120418325836
-21.211686102955134
-21.211890674550407
-21.21224580695125
-21.212437159143487
-21.21274796428626
-21.21315841986235
-21.21355519097618
-21.21389989916114
-21.21433128221184
-21.214633318618613
-21.215056522005455
-21.215174736275443
-21.215589624480284
-21.21575101985374
-21.216059604365434
-21.216392672609338
-21.216578652676272
-21.216879951528753
-21.217145188765997
-21.217419844298686
-21.217636421782792
-21.21789451853582
-21.21811052453684
-21.21826808417489
-21.218554243969283
-21.21878614932768
-21.21894890288742
-21.219126695540133
-21.219275082011578
-21.219481840823292
-21.219666247529336
-21.219899721894024
-21.21999141617047
-21.2201838238364
-21.220211513947756
-21.220417216296962
-21.220495853839292
-21.220616700174453
-21.220783843904705
-21.220880913153287
-21.221043640755425
-21.221158576693682
-21.221290744385776
-21.221417453344046
-21.22156497171833
-21.22171501601162
-21.221868295423178
-21.222001498291142
-21.222170083125896
-21.22231194788644
-21.222428406180246
-21.222616035297282
-21.222694768561603
-21.222804743012563
-21.22296393415671
-21.223069718432992
-21.223277201654057
-21.223450820890996
-21.223582824071652
-21.22373412810306
-21.223861204499347
-21.224018596999432
-21.224139242625295
-21.224240671393552
-21.224364369200288
-21.224441222421788
-21.224554857857388
-21.224631677808723
-21.22472257693067
-21.224869305536952
-21.224939250253414
-21.22504626289665
-21.22512194092007
-21.225196529043146
-21.225277752290665
-21.225359299404445
-21.225444822271548
-21.22553013332673
-21.225621088467072
-21.225754837198345
-21.225879033579233
-21.225980519379146
-21.226177935075828
-21.22626027037573
-21.22640080087772
-21.22651211175969
-21.226629110791052
-21.226830161405836
-21.226872677144154
-21.22710403826608
-21.227174085707194
-21.227310380240613
-21.227500357731866
-21.227709921231696
-21.227907965066663
-21.228140804930778
-21.228274601232783
-21.228389727726654
-21.22860435922578
-21.228711769750724
-21.228795585730218
-21.228971889386933
-21.22906829848312
-21.22919122763488
-21.229328891134347
-21.229420287378268
-21.22949426754129
-21.229674890460544
-21.2297072538881
-21.229807434359685
-21.22986183351627
-21.229937821736726
-21.229999798827848
-21.230076888547593
-21.23014297893434
-21.23020251010001
-21.230282926379388
-21.230362493784973
-21.23042117793501
-21.23049529182137
-21.2305469267628
-21.23061895761795
-21.23072042552289
-21.230795541424108
-21.230846053199944
-21.23094529543441
-21.23096413943658
-21.23103630056172
-21.231081866193133
-21.231134444188037
-21.231207213402847
-21.231295648818495
-21.231398825071434
-21.231430124074873
-21.23146459103226
-21.231504691933605
-21.23155261353266
-21.231604314818377
-21.231636625016137
-21.231670912834304
-21.231719256763927
-21.231768191843898
-21.23180831322782
-21.231867357097318
-21.231897849212114
-21.231937102893895
-21.231964051181237
-21.232012733853466
-21.232045515430215
-21.23207256444108
-21.232110598854657
-21.23214730938634
-21.23218170037051
-21.23221520332802
-21.232244599700177
-21.232291071904648
-21.23233045471264
-21.23236479087799
-21.232391372502306
-21.23242832423137
-21.23246051701924
-21.232493368307388
-21.232526421678628
-21.23256252863665
-21.232596970102144
-21.23265799347316
-21.232689422365922
-21.232733705182394
-21.232788459340085
-21.23285106877749
-21.232904700128685
-21.232960921353957
-21.23301131315492
-21.233059656441164
-21.233129860709617
-21.233167441680006
-21.233231306428628
-21.23326154181168
-21.233319037693356
-21.23335204646433
-21.233395251359596
-21.233461732576725
-21.23349032538843
-21.233557915500775
-21.233587433184365
-21.233633870133826
-21.233694162565094
-21.23376699639547
-21.23381945013366
-21.233881573670054
-21.233943784527874
-21.234009871104384
-21.23409853486418
-21.23414183964596
-21.23418848808297
-21.234260607336317
-21.23430592476041
-21.234327188751955
-21.23442159971421
-21.234448058716335
-21.234497350173193
-21.234539513053086
-21.23459638149439
-21.23463901699014
-21.234678546443227
-21.23471682221498
-21.234764709348894
-21.234805789919108
-21.234841869226674
-21.23490189138979
-21.23494267547266
-21.234981901034402
-21.23501613003714
-21.235053593800863
-21.235087020471916
-21.235132189482343
-21.23515950011215
-21.23519009815191
-21.235218845008216
-21.235250681957606
-21.235294688855618
-21.235325091962146
-21.235359728267415
-21.235390641408497
-21.235438065883194
-21.235461137350928
-21.235505295680483
-21.2355341570599
-21.235590987378192
-21.235634807786486
-21.235674645460772
-21.235741919941418
-21.23578609190844
-21.235837407837806
-21.235875860558668
-21.23592332607041
-21.2359807907194
-21.23604258425503
-21.236093584019436
-21.236140361899647
-21.23619431796729
-21.236240595780817
-21.236294345327227
-21.236342202019852
-21.236409227174637
-21.236469031672282
-21.23654082643948
-21.236582052749196
-21.23664348395696
-21.23666878676616
-21.236722754233064
-21.236785158275328
-21.236845687349554
-21.23689918390983
-21.23695681709617
-21.237011815668154
-21.2370749725653
-21.23717398549172
-21.23722918777265
-21.237273392032595
-21.23735728406335
-21.23739279298285
-21.23744283067768
-21.2375179682357
-21.237567145380858
-21.237666439832154
-21.237717740544724
-21.237807694508664
-21.2378436006172
-21.237897026216682
-21.23795505018621
-21.238018491427262
-21.23806126250492
-21.238114271030245
-21.238168054780445
-21.238227484457326
-21.23827473496114
-21.238327161530634
-21.23837308561631
-21.238428585257395
-21.23848641078249
-21.238523234860796
-21.23858646037556
-21.238659161825062
-21.23869062129745
-21.238739163594357
-21.238753854712005
-21.23880795590634
-21.238838705431974
-21.238865718176335
-21.238911522025198
-21.238953679900053
-21.239034305973732
-21.239065435791073
-21.239103905034113
-21.23915884570864
-21.23919795802265
-21.239251205036506
-21.23928586397802
-21.239336111138215
-21.239378545609675
-21.239422393081863
-21.23946910745889
-21.239495322395197
-21.239542302584322
-21.239570186117103
-21.23960648814765
-21.23963265932283
-21.23966487091738
-21.23968739308433
-21.239734900244887
-21.239757704975005
-21.239784393306145
-21.23982306213816
-21.23983086905922
-21.23987682918778
-21.239890874660567
-21.239915836755458
-21.239952680776838
-21.23997005186656
-21.240010417954466
-21.24002840370073
-21.240052231290942
-21.24006964350847
-21.240108098446598
-21.24012735996112
-21.2401459424567
-21.240176283456726
-21.240195460704918
-21.240231222747227
-21.240257093937633
-21.24028838717636
-21.240298867645826
-21.240325518695645
-21.2403404975683
-21.240355061942342
-21.240379714619774
-21.24038990600831
-21.240408262620196
-21.240421035523216
-21.240439511051257
-21.240442196794415
-21.240460548859968
-21.24046855880082
-21.240477640008603
