500 iters for seed 124 on ER0.3 which is in the 69.78988647460938 percentile
 Maxcut: 26.0, MedianCut: 17.0
-16.529514152211387
-16.608788181721636
-16.71529682840032
-16.730720899828718
-16.7894706743819
-16.81736897941733
-16.84343307381556
-16.869389234210097
-16.8953850190469
-16.922302361901313
-16.94074518056535
-16.957199481219828
-16.969592794533128
-16.979561055401692
-16.98951752684212
-16.998089162056978
-17.004704508927958
-17.010607667585877
-17.01591488072297
-17.02138944512017
-17.0252288002233
-17.029189623757354
-17.032390811965836
-17.036846346662465
-17.04031554749309
-17.044521510873555
-17.04570532045169
-17.050756181601425
-17.052321980940356
-17.055284068303948
-17.058154454609486
-17.06082002976083
-17.063252253021773
-17.066037085841344
-17.067599248046996
-17.070043015442156
-17.07200138165353
-17.073526790318535
-17.075175827766575
-17.076753420481673
-17.0786623260414
-17.08048820197519
-17.082554719267275
-17.084233420928896
-17.08559618327893
-17.08730061521731
-17.08854902091425
-17.08988474703746
-17.091100008047615
-17.09215638905218
-17.093471361086248
-17.094709112653742
-17.095677257222977
-17.09685387722519
-17.097950780413484
-17.09881275084922
-17.099601566364363
-17.100577305678673
-17.101495174244235
-17.102232645318413
-17.10288752522033
-17.1036621033024
-17.104276618590685
-17.105041890038898
-17.105554470480953
-17.10627262311241
-17.10672482043526
-17.107756429671994
-17.1082922990335
-17.10898351870418
-17.109726518648696
-17.11068858583821
-17.11140626606128
-17.112152240792696
-17.11298662624329
-17.114045703116773
-17.114701176067136
-17.115525038128013
-17.116403080035766
-17.117348012369845
-17.11805524710062
-17.11867694633509
-17.119266812232656
-17.12008734181928
-17.121016447838095
-17.121865373682223
-17.122634454319616
-17.12350407045555
-17.124344880274982
-17.125056601256173
-17.12600312747727
-17.12671100827169
-17.127398909712696
-17.128098519130674
-17.12876409954451
-17.129424453186385
-17.130071655941762
-17.130450916415924
-17.13099187225874
-17.131316276343398
-17.131816638493113
-17.132114602513443
-17.132544288320034
-17.132993294956577
-17.133490021786763
-17.133801483649318
-17.13413896232719
-17.134433230419038
-17.13477306201769
-17.135021131754613
-17.1352857429543
-17.135578499026433
-17.135920714983683
-17.13614670711982
-17.136414698537866
-17.136653749429453
-17.13699172260035
-17.1372991133287
-17.137549480991208
-17.13778833007947
-17.138156974470355
-17.138394396717384
-17.138672425637573
-17.1391453879881
-17.13942687727912
-17.139964453043447
-17.140245847024488
-17.14061254266753
-17.140849672338483
-17.14141952678942
-17.141661268318952
-17.141909728043153
-17.142325640599307
-17.14263545317879
-17.143139245261683
-17.14353191833502
-17.14396885866434
-17.1443519616264
-17.144728063873497
-17.145208291999616
-17.145507486658087
-17.145856640965334
-17.14627014632392
-17.14659153666516
-17.14678424087812
-17.147359061682415
-17.147605915783274
-17.147841673021283
-17.148300779676497
-17.14846946359766
-17.148710871520827
-17.149009826483695
-17.149234766119168
-17.149579377219204
-17.150012762536207
-17.150249583248765
-17.150541855490893
-17.15082502261688
-17.151112007556296
-17.151424779684056
-17.151637653682933
-17.15191907617064
-17.152189305032675
-17.152533870440596
-17.152678334104078
-17.153023487667266
-17.153153854435477
-17.15342821189836
-17.153568770128295
-17.153740238276786
-17.15399506942349
-17.15418536374277
-17.154358536921748
-17.15452656470961
-17.154700228682263
-17.15496605663372
-17.155199400014318
-17.15536839185612
-17.15558604944991
-17.155708024809446
-17.155924514616107
-17.15610286542725
-17.156263581358292
-17.15660813262048
-17.156711978737352
-17.156857669023974
-17.157087241528455
-17.15732049272976
-17.15756698200152
-17.1577465460785
-17.157909656489963
-17.15805821201874
-17.158233207519928
-17.158344086522234
-17.158556726932527
-17.158658907838017
-17.158776430423675
-17.158966957948138
-17.1590586030418
-17.159257499783305
-17.15935249636157
-17.159486255469048
-17.15957850947916
-17.15977289195136
-17.159869163345533
-17.159972546352066
-17.16013375314291
-17.160254220976555
-17.160454052440045
-17.16060559598831
-17.160770690771287
-17.16091090359113
-17.161052668469218
-17.161261961685188
-17.16138683823379
-17.161524631486298
-17.161753152939013
-17.161885258366286
-17.161977317021226
-17.16217641902929
-17.162243114815638
-17.162327765010133
-17.16246097868431
-17.162526283874275
-17.162562431425403
-17.162748602658002
-17.16280150232525
-17.162899147675
-17.16295113928933
-17.163071766833987
-17.16315045921345
-17.163216134846365
-17.163318616495346
-17.163387304392685
-17.163461048970568
-17.163523976831804
-17.163593142446945
-17.163647165035435
-17.163709417908937
-17.163771248194397
-17.163822486945726
-17.16391197899552
-17.163959985433003
-17.164016842819443
-17.16405599918417
-17.16410667468972
-17.164170692879562
-17.164256954385067
-17.16431516960278
-17.16437590147451
-17.164422978253533
-17.164485096448956
-17.164546646014998
-17.164594447228925
-17.164634835787183
-17.164711962787656
-17.164756582312798
-17.16480512276873
-17.164877743719963
-17.164908098943062
-17.16498136699476
-17.165021820331564
-17.165075305177346
-17.165132996036984
-17.165186141742808
-17.16522903291523
-17.16527402106771
-17.165333182654894
-17.16539229144973
-17.165450017714946
-17.165491700186344
-17.165534704703838
-17.165609931110893
-17.16566317236441
-17.165718856385865
-17.16582982794219
-17.165907726264333
-17.16601898069161
-17.166114554366864
-17.166214710162357
-17.166276357286698
-17.166386576673613
-17.16645025311795
-17.166535414274403
-17.166609612723022
-17.1666867716307
-17.166824659587903
-17.166914991495993
-17.16699528568481
-17.167050897978132
-17.16710894909194
-17.167207482165793
-17.167309995312262
-17.167382253220374
-17.167493847612345
-17.167573307806915
-17.16767788546239
-17.16780630781073
-17.167895058757637
-17.168005551441333
-17.168116694691292
-17.168231137620186
-17.168326096175434
-17.16846503975331
-17.168569421730417
-17.168696914173424
-17.16880522333799
-17.16891779939284
-17.169009989112382
-17.169183654068952
-17.169271334049842
-17.169369670637032
-17.169526909156048
-17.169655189535582
-17.169815176640412
-17.169907747655536
-17.17002004212239
-17.170085454256064
-17.170262183534597
-17.170337687524494
-17.170426380563786
-17.170574344657553
-17.170657751589285
-17.170778025803674
-17.170861083608848
-17.17095262143118
-17.17103899491357
-17.171127043342512
-17.171233582872922
-17.171298458613737
-17.171374349918967
-17.171469503096247
-17.171539904347274
-17.171591823414214
-17.171696257790995
-17.171759253213573
-17.171871952248217
-17.171983316279494
-17.172088340868797
-17.172167183548744
-17.172244555629046
-17.172351200141836
-17.172449160409613
-17.172519843826592
-17.172593895470243
-17.172670465114507
-17.172771084899242
-17.17285627058813
-17.1729160316734
-17.17300034277324
-17.1730874821029
-17.1731500028165
-17.173235102029366
-17.173311580689003
-17.173395322438935
-17.173493648567476
-17.17356443718352
-17.17359016446824
-17.173726753277904
-17.173762813350884
-17.17384526936881
-17.173898323254797
-17.17400859045282
-17.17407544261887
-17.17413722941516
-17.174230793052136
-17.174290948800408
-17.174359823195243
-17.17442588915001
-17.174512555463956
-17.174542934228427
-17.174661679435314
-17.174706362492355
-17.17476469118899
-17.17484385108142
-17.174891577304027
-17.174967128128426
-17.175027113426832
-17.175100533821503
-17.175175348454047
-17.175247492616283
-17.17532885054758
-17.17537331227807
-17.175414724193654
-17.17549153979178
-17.175515882075878
-17.175553731570925
-17.175594113624744
-17.175622813701164
-17.17567670005166
-17.175702574745547
-17.175753627166323
-17.175788819626757
-17.17583448739889
-17.175866381725992
-17.175893434892316
-17.175930718916664
-17.175950435113712
-17.175975152641442
-17.17601372055208
-17.17604213105151
-17.176060132577334
-17.176089971556433
-17.176113001449167
-17.176126590949956
-17.17616483832156
-17.176179486461848
-17.176201951826286
-17.176232176258246
-17.176259645390676
-17.176280953297073
-17.176301212944445
-17.176317370978943
-17.176344162157736
-17.176368300666628
-17.17639077662542
-17.1764096375375
-17.17643193447452
-17.17645314022277
-17.176473213521565
-17.17649156025346
-17.17651051484461
-17.176529026229446
-17.17654773935611
-17.176566250866994
-17.17658556813015
-17.176602071334575
-17.17661989776784
-17.176638527372557
-17.176656245813685
-17.176671167713916
-17.176684988217033
-17.17671051073939
-17.176723081153803
-17.17673662746947
-17.176755528611366
-17.176769311379992
-17.17677920537755
-17.176811395446542
-17.176823430442717
-17.17684252428968
-17.176864216199824
-17.176888535023323
-17.176908752338452
-17.1769277827594
-17.176945259744937
-17.17696275276262
-17.176981257859808
-17.176996894866537
-17.177016907646802
-17.177033366339913
-17.17704928568942
-17.17706599116486
-17.17708444861296
-17.1771029063292
-17.17711735516896
-17.17713462207166
-17.177150377074966
-17.177169213049527
-17.17719672472642
-17.177221039493613
-17.177240508578517
-17.177273974253403
-17.177286768367715
-17.177308476674042
-17.177339076747806
-17.177359856160482
-17.177401431825366
-17.177412805604778
-17.177456781027413
-17.177472478895687
-17.177503097429415
-17.17753392217317
-17.177571221275986
-17.177600132118002
-17.177633132985036
-17.17767097796629
-17.177714850684513
-17.17775200171741
-17.177790701163616
-17.177819635537748
-17.177852230783216
-17.177886826630967
-17.177916202970735
-17.177929147688456
-17.177959296054322
-17.177982450096987
-17.178011412555122
-17.17805027641531
-17.17807056471599
-17.1780910003369
-17.178115394939066
-17.17813680377693
-17.17814657503187
-17.178186951135483
-17.178200440020966
-17.1782195701739
-17.178243636803238
-17.178265686675662
-17.178288414418216
