500 iters for seed 22 on ER0.3 which is in the 99.42703247070312 percentile
 Maxcut: 30.0, MedianCut: 19.0
-18.499789457855474
-18.5092268766935
-18.556667996127466
-18.60150933328207
-18.673879780887383
-18.74360050784766
-18.794133760029077
-18.81308165902638
-18.851702327996705
-18.866390116957295
-18.903783800841154
-18.92717484596096
-18.948322082072306
-18.969539099410017
-18.987451320068388
-19.003280678417575
-19.014979966724834
-19.02478120452816
-19.03451207254246
-19.04372836755312
-19.051783333819063
-19.05779454919184
-19.067004844390993
-19.073305386252358
-19.078250936475893
-19.083515530396983
-19.087703279693592
-19.091296140314277
-19.094485736105447
-19.097126888638563
-19.100749379183974
-19.104783934207013
-19.10861728886747
-19.113013965015877
-19.11693018388126
-19.120600810692338
-19.122871920724705
-19.125071441031253
-19.12731086716162
-19.129769841344324
-19.13138562070754
-19.13312737157731
-19.135072442410625
-19.137147658247912
-19.138782600343532
-19.140620981477248
-19.14123938451376
-19.143478035975306
-19.14428925889279
-19.14546855967334
-19.14711787626813
-19.14831465585566
-19.149680856567876
-19.15079545462548
-19.152000924236624
-19.153602525793517
-19.155465701803756
-19.156847335359203
-19.15872809835107
-19.16009294820167
-19.16171371618737
-19.163078477261568
-19.164304218633674
-19.16541768491258
-19.166746692171767
-19.167373288278885
-19.16847444998102
-19.169371645122542
-19.170233828950327
-19.17105057748987
-19.171913813298147
-19.172677159900857
-19.173878661417028
-19.174442200876108
-19.17525607390259
-19.175739309376084
-19.176638711238894
-19.177087935778435
-19.177636288047978
-19.178399463432882
-19.17878231137002
-19.17947739069598
-19.17981483265598
-19.180216854685906
-19.18057393145474
-19.181109274828895
-19.181399135735745
-19.181742666178685
-19.182146571934616
-19.18258136559384
-19.18291050667488
-19.183397520541337
-19.183682637944525
-19.18403072368595
-19.1845957276818
-19.184923215616557
-19.18529421731577
-19.18572251633216
-19.18615505347539
-19.186845213157007
-19.187329515620835
-19.187855578342884
-19.188282620465593
-19.188648019315856
-19.189186320903396
-19.189723340162168
-19.19027648456406
-19.19069175841915
-19.191282880338726
-19.191757578740432
-19.192132750711785
-19.19256542970576
-19.19288300596643
-19.193273471747748
-19.193757928571948
-19.194036654224874
-19.19433557555696
-19.19472400828539
-19.19491107095922
-19.195110964240857
-19.195399156510483
-19.1955969713378
-19.195956372785794
-19.196313975819734
-19.196522753669814
-19.196796140095294
-19.19700405188017
-19.197268184029106
-19.19758849885044
-19.19775487441271
-19.197970455289127
-19.19826958023688
-19.198504090406487
-19.19863970329168
-19.198846469470695
-19.199018776902165
-19.19922205606802
-19.19942457589618
-19.1995464452097
-19.199647770843967
-19.19980598461546
-19.199892238282658
-19.199998132868807
-19.20019277693297
-19.200322922230264
-19.20054242017024
-19.20073496837183
-19.20088744059772
-19.201071797097082
-19.20121549217511
-19.20138548163918
-19.20167225547165
-19.201845776816867
-19.20206203809043
-19.20243543466956
-19.202637792835297
-19.202939511237112
-19.20322766155374
-19.203401167682784
-19.203700910572714
-19.203925037848954
-19.204209422000456
-19.204605986328808
-19.20486104211384
-19.20511996139066
-19.205550983941794
-19.205734574718583
-19.205931028038705
-19.206230931490566
-19.20642596712842
-19.206706862398335
-19.206999469744026
-19.207239016589494
-19.207545327059805
-19.20778019285719
-19.207998709426377
-19.20818521763811
-19.208369997601917
-19.208538400126333
-19.208745328471814
-19.2088448410439
-19.20898335665681
-19.20902426374691
-19.20924421574324
-19.209331874771003
-19.209444794219934
-19.20960544739129
-19.209682713699152
-19.209807922424293
-19.209889472128033
-19.210003194061088
-19.21006956069469
-19.210175937394617
-19.210250609953253
-19.21032447663605
-19.21042851193923
-19.210527113061957
-19.210606947182328
-19.21068173734936
-19.21076104804764
-19.21079790756597
-19.210936416645083
-19.2109686301957
-19.21103448079446
-19.211093150733348
-19.211173174086845
-19.2112308357614
-19.211295546903404
-19.211362328944855
-19.211450144974137
-19.211505642377503
-19.211560289480346
-19.211606724938434
-19.21168451231289
-19.21174090677232
-19.211789767245698
-19.2118780355041
-19.211927545266228
-19.211997217604573
-19.212054971481454
-19.212142084076056
-19.212214862285595
-19.212324182865544
-19.212398689985847
-19.212479154120746
-19.212562775989042
-19.212666621864834
-19.212764347612026
-19.212848650542007
-19.21290331271195
-19.21297597765946
-19.213044810908585
-19.21309614157753
-19.21317759862508
-19.21328665530862
-19.21335062858343
-19.213436557948622
-19.213541660500038
-19.213674239726284
-19.213791038595204
-19.213874314711056
-19.213939943643943
-19.21403499317511
-19.214124309579695
-19.214174011305456
-19.214259724371942
-19.214296185376405
-19.214360401140176
-19.214443975640293
-19.21453419843204
-19.214603543320365
-19.214694102303522
-19.21475822739862
-19.21482281797983
-19.214928755239505
-19.214981611004536
-19.215029113450836
-19.21512821388749
-19.215177098793276
-19.215249205931237
-19.215277471172723
-19.215380628960624
-19.21541504330724
-19.21548299839317
-19.215537852476245
-19.21560727063141
-19.215678692121543
-19.2157542276805
-19.215844790593245
-19.21595345090437
-19.216040924320655
-19.21614267158384
-19.216226418356523
-19.21630908112116
-19.216407569270068
-19.21645450462963
-19.21651565649052
-19.21660756125809
-19.21666284357614
-19.21681211878684
-19.216886332945855
-19.216970283704747
-19.21704863878583
-19.21712974198698
-19.217225599369662
-19.21731082934632
-19.217384469608792
-19.217452646021297
-19.217563434605115
-19.21766050207009
-19.217751571597056
-19.217838367162003
-19.217933975291125
-19.218012848786156
-19.21816507312426
-19.218227947083452
-19.218324263138918
-19.218393440747246
-19.218513343258557
-19.218604392616307
-19.21869134468429
-19.21887212244226
-19.218973292326215
-19.219149056152826
-19.219271184706667
-19.21938932818304
-19.219495103175504
-19.21959644334119
-19.219714442849387
-19.219823827296256
-19.219921032320293
-19.220035077456327
-19.2201154592936
-19.220189069614957
-19.22029184033263
-19.22036680339527
-19.22045482420445
-19.22057845066722
-19.22065086991875
-19.22071104016606
-19.22081123496195
-19.220870280303284
-19.220962816404626
-19.221035099388747
-19.221122751146126
-19.221213098943764
-19.221314732551537
-19.22140530435724
-19.221538638586285
-19.221610732151703
-19.22169475289665
-19.22178753482808
-19.221878474673534
-19.22194120742697
-19.22199944008406
-19.22204351121896
-19.222098194449433
-19.222162584771887
-19.22220581018114
-19.22224629459342
-19.22231019698017
-19.222343432283186
-19.222381328456954
-19.222453151657604
-19.22248973765729
-19.22253679977596
-19.222598740240873
-19.222649880037995
-19.222682583231126
-19.22274287874213
-19.22277374364875
-19.222822960965715
-19.222878144106105
-19.22291821640631
-19.223000135569603
-19.2230270498659
-19.22310457113332
-19.22313240725482
-19.223174312517738
-19.22323797149793
-19.223281444209068
-19.223335730366085
-19.2233732981354
-19.22341676256864
-19.223429924219104
-19.223513793127925
-19.223545002257733
-19.2235774255942
-19.223627332382527
-19.223664575075343
-19.223715979009818
-19.22374901363072
-19.22380011683792
-19.2238156883974
-19.223881803284762
-19.223916006544677
-19.223954280687707
-19.22401537594816
-19.224042290112262
-19.224152203238138
-19.224188586733284
-19.224230577316582
-19.224278807558065
-19.224315424802665
-19.224372632279458
-19.224399077639276
-19.224431415248294
-19.224448022003195
-19.22450312239269
-19.22452536191139
-19.224552687543714
-19.22460251647699
-19.22463042393204
-19.224719283265944
-19.22475424510118
-19.224815563650946
-19.224842915964498
-19.224907573364103
-19.224942330151254
-19.224976262805754
-19.225011429320475
-19.225060912582567
-19.225092974530554
-19.225127316860572
-19.225178409220195
-19.22519394447231
-19.22524248273738
-19.22525790393258
-19.22528547099561
-19.225303623883523
-19.225338684225406
-19.225358717551458
-19.22537644615031
-19.22540866010539
-19.22542568459555
-19.22545598854551
-19.225479360020934
-19.225502943461482
-19.22552663169016
-19.225554126059574
-19.225586451788867
-19.225615953438684
-19.22563954450911
-19.225677892715876
-19.22569917816726
-19.22572682770013
-19.225750909688877
-19.225773069268023
-19.22581298933728
-19.225838455447196
-19.225862342644497
-19.22588436200272
-19.225902068801545
-19.225922929617965
-19.22594268263928
-19.225963639928715
-19.225980646558643
-19.22600741497562
-19.22602398861354
-19.226044354252178
-19.226057532240592
-19.22607160975674
-19.226089472505663
-19.226113797430536
-19.22612691275959
-19.22614217302003
-19.226154262546494
-19.226170825822997
-19.226194108033646
-19.226207374005867
-19.226216665917978
-19.22624840376615
-19.22625862011082
-19.22627522549748
-19.22628499947221
-19.226305091131977
-19.226316537360873
-19.226327322735173
-19.226345679245902
-19.226358263231585
-19.226373011391406
-19.22638369779479
-19.22639471515297
-19.226406643819367
-19.226417701628417
-19.226430020266903
-19.226438948229973
-19.226446647777337
-19.226460332075767
-19.226469929222404
-19.22647681376626
-19.226504229802693
-19.226510249298066
-19.226526692874916
-19.226541519571906
-19.226555407188798
-19.226570029729807
-19.226584503699527
-19.22659282119242
-19.226604832995932
-19.22661415255012
-19.226623011774137
-19.226636340493044
-19.226643331133445
-19.226653279211465
-19.226662092802584
-19.226676952461094
-19.226682091917517
-19.226693297740127
-19.2266951500716
-19.226710560103168
-19.226717542384236
-19.226725935970386
-19.226735296197194
-19.226746824458488
-19.226756942266974
-19.226765365003782
-19.22677437332039
-19.22678126761727
-19.226790125486282
