500 iters for seed 178 on ER0.3 which is in the 30.162811279296875 percentile
 Maxcut: 31.0, MedianCut: 21.0
-20.515937053619865
-20.524064427039306
-20.63004612211033
-20.689706436548416
-20.70952120824699
-20.836804594250218
-20.873562427359694
-20.91357751016573
-20.932144938915517
-20.959771601478444
-20.974371149151633
-20.98819067342557
-21.000253859785275
-21.01105567628113
-21.020032836808188
-21.028454001939743
-21.038033189902755
-21.046947167647197
-21.056474665263625
-21.06571125819604
-21.072360673105983
-21.078678225854993
-21.08461250143438
-21.08944463986175
-21.093674186941342
-21.09738889127897
-21.10102981880579
-21.104624649949375
-21.1079280283425
-21.11169290421814
-21.11503695070276
-21.118222443041684
-21.12085200186781
-21.123837160823733
-21.125538561497294
-21.12819110315993
-21.12991540770396
-21.13218839244332
-21.1341832303433
-21.136712251439643
-21.139207287610574
-21.14234415641672
-21.145357111075096
-21.149172560865196
-21.152208920389263
-21.154516308544846
-21.156171858427957
-21.15880731859009
-21.161386533337858
-21.164137781908185
-21.166098278088967
-21.16811878291133
-21.169747971791473
-21.171686902057367
-21.172607694755076
-21.174847753473365
-21.17592102215884
-21.177150506448235
-21.177979679996646
-21.179405965701516
-21.180226396977382
-21.181046869330228
-21.181848097487737
-21.18276784810478
-21.1834944620054
-21.184289094987477
-21.185050181357628
-21.185666794536324
-21.18634741679108
-21.186906337161226
-21.187797057841536
-21.18823353952756
-21.189288365383568
-21.189684498293204
-21.190349582162
-21.191173389408654
-21.19188815086922
-21.192536736851785
-21.19324745383859
-21.193784069903828
-21.19443670141892
-21.195125833373513
-21.195544813375207
-21.19623657547367
-21.196842720736264
-21.19760351936515
-21.198246834231444
-21.19883239014141
-21.199817869250662
-21.200114699933188
-21.200990339415277
-21.20138625101202
-21.20185605363698
-21.20246113104948
-21.20318701965053
-21.203596521178092
-21.204130894713266
-21.204905302545953
-21.205543465775655
-21.20603804719109
-21.206408102294013
-21.20685944179713
-21.207431280486702
-21.207998394617835
-21.208419328801885
-21.209027321199816
-21.209331391999616
-21.20992537238011
-21.210291654151533
-21.21065712976436
-21.211265579473725
-21.211672402553113
-21.212139431516235
-21.212519849604618
-21.21289402701847
-21.213421810681425
-21.213934113388028
-21.214493355639448
-21.21496669209919
-21.2154396239983
-21.215996618945933
-21.21633087604496
-21.216945714685405
-21.217423102756268
-21.217851738731028
-21.21827460742833
-21.218975761336534
-21.21936163054786
-21.219821684972885
-21.220259549310423
-21.220765408530088
-21.221135822003244
-21.221438338715558
-21.221952031265744
-21.222337945157133
-21.222680954940838
-21.223067008636715
-21.22333329501121
-21.22367357300619
-21.223957976328833
-21.224195460534226
-21.224463946468646
-21.224778484778664
-21.225062604892297
-21.2252616209581
-21.225470420513503
-21.22566834099747
-21.225859298658744
-21.22608222078296
-21.22623989551809
-21.226467429284206
-21.226620090941893
-21.226906415285868
-21.227024146766432
-21.227286513645154
-21.227448533878423
-21.227745724024345
-21.227969046966408
-21.228194435945326
-21.228566903019573
-21.22873543232982
-21.229001021540764
-21.229204675888425
-21.22944328220555
-21.229577220689368
-21.22976831081556
-21.229920903451255
-21.230058645512035
-21.23021202764484
-21.23045456662065
-21.23060888171403
-21.230800522788122
-21.231096996793624
-21.231179170901598
-21.231560521137897
-21.23169024171163
-21.23191445433411
-21.232200305781387
-21.23246013269074
-21.232639179752248
-21.232828975550017
-21.232973542240725
-21.233212950736743
-21.23331133745012
-21.233557716869463
-21.23369471077271
-21.2339225483837
-21.23426788297997
-21.23449009119849
-21.23483845326243
-21.23513402769225
-21.235388339775632
-21.23565506282661
-21.236026220568245
-21.23624766792331
-21.236481453822247
-21.2366748258902
-21.23687954710075
-21.237121817766425
-21.237353552986292
-21.237531390718765
-21.237715446653954
-21.23794761834366
-21.23819096242231
-21.238493079393983
-21.238658366908357
-21.238823398906867
-21.238992049037947
-21.2391301069001
-21.239316530728292
-21.239469120194528
-21.239590925772713
-21.23972831402434
-21.239858836349875
-21.24000252339442
-21.240135730490746
-21.2402433065159
-21.24037336693926
-21.240519665513137
-21.24064714922254
-21.240721191228033
-21.240876608691423
-21.240944936681935
-21.241041220983007
-21.241130565028854
-21.24121939203898
-21.241366496748615
-21.2414642938933
-21.241574998168765
-21.241648591759382
-21.24171040551494
-21.24179145013317
-21.24188207751562
-21.241963168576873
-21.242060644287303
-21.242156784289797
-21.242276400339218
-21.24236058523367
-21.242426819644685
-21.242547622394902
-21.242606469007264
-21.242680343163336
-21.242786070468114
-21.2428670090984
-21.242925700999926
-21.24307163674396
-21.243107549717656
-21.24319718411257
-21.243253820393424
-21.243335608719324
-21.24344313679652
-21.243529564055535
-21.243675418869387
-21.243751715619723
-21.243831408475966
-21.24389192170321
-21.24395265882572
-21.244026296667954
-21.24407164951
-21.244148151963124
-21.244197006472838
-21.244262924278317
-21.244300897264758
-21.24434317739744
-21.244374157072382
-21.244431638773058
-21.24446810990732
-21.24451074231074
-21.244553194744938
-21.244619196609833
-21.244665600017704
-21.244705743131195
-21.244771049233066
-21.244799645739484
-21.2448507702959
-21.24488835106271
-21.244938974941714
-21.244972151192208
-21.245015130361512
-21.245068205846845
-21.245112740962767
-21.245167286934873
-21.245234160195693
-21.245259522528226
-21.24530132194489
-21.245341935031814
-21.24539423539415
-21.245456772843234
-21.245503666690603
-21.24555250362077
-21.24561683276135
-21.245654934397773
-21.24569082488106
-21.245737256871976
-21.2457784268538
-21.245830124221484
-21.245884387818933
-21.245934858103993
-21.245986952373503
-21.246036512644036
-21.24610105782872
-21.246149023613285
-21.246196096598833
-21.246280529728985
-21.246307193770015
-21.24637128070421
-21.246395454435007
-21.24643499518113
-21.246470164017843
-21.246512908650608
-21.246542945401117
-21.246572186906054
-21.246616968602574
-21.24665274467192
-21.24667530433809
-21.246710086196995
-21.24673724183232
-21.24677269647769
-21.246813321386377
-21.246827971826832
-21.246856267535925
-21.246877227853602
-21.246903757316225
-21.246929057960195
-21.246958300740054
-21.24698204810509
-21.247006208881608
-21.247027310842874
-21.247053507482974
-21.247070887686167
-21.24709003413878
-21.24710603336334
-21.24712655320307
-21.247147809870214
-21.247163858237794
-21.247172460584583
-21.24719335874694
-21.247203344263454
-21.247216461385044
-21.247239626248046
-21.24724308124369
-21.247268648631003
-21.24727494719
-21.24728880977237
-21.2473013387443
-21.247316454304716
-21.247325949404594
-21.247335445350135
-21.247338499519792
-21.247351974196064
-21.247359200699968
-21.247365695008202
-21.247375640727572
-21.247384407485807
-21.247399950672012
-21.24740837298595
-21.247417026396707
-21.247422522052137
-21.247428691881456
-21.24743887820377
-21.24744553073278
-21.24745626988851
-21.247464226024075
-21.247470565275954
-21.247476448824017
-21.247481753024953
-21.247487778875147
-21.247495037604534
-21.247500446166814
-21.247506435367363
-21.247513568389266
-21.247518027823148
-21.247522897606036
-21.24753094082186
-21.24753544419299
-21.247541616043847
-21.24754758946063
-21.2475529865101
-21.24755596007064
-21.247561083094997
-21.247564030167943
-21.247567803754976
-21.247573071159398
-21.247576701105565
-21.24758452552394
-21.247588364514275
-21.247591526574645
-21.2475945727254
-21.24759779263473
-21.247602073916095
-21.24760647518082
-21.24761092850369
-21.247614540671815
-21.24761883366174
-21.2476223976277
-21.2476261209656
-21.24762924846923
-21.247634928098186
-21.24763800158577
-21.24764298143998
-21.247648424452898
-21.247654743007182
-21.24766019926527
-21.24766625118363
-21.247673011190024
-21.24767844238563
-21.24768676212276
-21.247694137733586
-21.2477024199717
-21.2477091228201
-21.247717601054866
-21.247728166011832
-21.24773869750002
-21.24774913904176
-21.247758145767257
-21.24776718179188
-21.247775140939755
-21.24778490592006
-21.247789232888593
-21.247797330212514
-21.247801868592887
-21.24780637917818
-21.247812814066144
-21.247820387557645
-21.24782773447606
-21.247833127816065
-21.247842958846373
-21.24785040265378
-21.247856618738947
-21.247863742291912
-21.247870982151227
-21.247881683798774
-21.247889632324537
-21.247896918988754
-21.247904318574722
-21.247910336110117
-21.24791708947281
-21.24792277687497
-21.247928898036562
-21.247937678253013
-21.24794808581762
-21.247958742002098
-21.247968828205508
-21.24797992804709
-21.247990225239953
-21.24799897580261
-21.248011374039525
-21.248021495874205
-21.24803120848794
-21.24804098370652
-21.248049383051555
-21.24805996957368
-21.248072788372276
-21.248081882369238
-21.248090249847603
-21.24810789085071
-21.24811642691943
-21.248129408067356
-21.248137467638205
-21.248147844109816
-21.24815762377092
-21.248168724814555
-21.24818022328826
-21.24819247647119
-21.248202556079534
-21.24821295297133
-21.248218212462785
-21.24823230405785
-21.24823846038245
-21.24824670815118
-21.248260794160316
-21.24826872009587
-21.248282870017597
-21.24829347078866
-21.24830726687796
-21.248314899700482
-21.248327642429615
-21.248337125238155
-21.248348200432808
-21.24836044795974
-21.2483800914853
-21.248393562376602
-21.248406208671128
-21.248430263291077
-21.2484454513833
-21.248474053423124
-21.248497525525266
-21.24852564192523
-21.24854568100562
-21.248564567169993
-21.24858529671937
-21.248604184210723
-21.248619179801093
-21.248651573059423
-21.248662198615833
-21.248681086437855
-21.248700311250058
-21.24872384554378
-21.24874122603996
-21.24876052851467
