500 iters for seed 106 on ER0.3 which is in the 94.31838989257812 percentile
 Maxcut: 28.0, MedianCut: 19.0
-18.515420564354145
-18.62626740480011
-18.694343841399974
-18.75266324305374
-18.79547317910374
-18.833030484363494
-18.870580070982253
-18.899107512384475
-18.92257970195269
-18.940348467669345
-18.956526070607048
-18.969975829782307
-18.982053312002577
-18.993853214482865
-19.00522667327239
-19.01517734038785
-19.025795852655772
-19.034186904113625
-19.043068099510926
-19.050214850516355
-19.0563329798851
-19.061641093546296
-19.06701788594493
-19.071949125455866
-19.075654954098432
-19.080159090781265
-19.083600701492323
-19.08768194499705
-19.090419148343916
-19.094091787059
-19.096837620727356
-19.098939242634536
-19.10161690336259
-19.10406487914031
-19.106098454111983
-19.108308127464923
-19.110081712469636
-19.111892865878687
-19.113494641735116
-19.114970847537705
-19.116681820777153
-19.118745414680113
-19.120479386198323
-19.122490263377824
-19.124412504262615
-19.126708534362496
-19.129036437162235
-19.131186098457565
-19.132520108130386
-19.135825159609663
-19.137495901046503
-19.139198834551088
-19.141054896895575
-19.14296643474132
-19.144437021728592
-19.1458891813717
-19.1476537563589
-19.149004385502156
-19.150055082691566
-19.151215610274846
-19.152270395918016
-19.153220380574023
-19.153931395712753
-19.154778839975293
-19.15560323678577
-19.156548761909242
-19.157412451578125
-19.15815217251548
-19.158935566729497
-19.159945264454258
-19.160769859405445
-19.161616516796688
-19.162324835011212
-19.163046482930213
-19.163700504937708
-19.16433644349081
-19.165170924685295
-19.16579434988165
-19.166711166849048
-19.167376090908256
-19.16792265146619
-19.16855460278838
-19.16909110882124
-19.16963494050338
-19.170402565921258
-19.170953313607285
-19.171474054366968
-19.17232623191268
-19.172762939024594
-19.173255673455266
-19.174069278873755
-19.174435426555423
-19.17498431122455
-19.175239873553885
-19.175880616746753
-19.176152844254034
-19.176531185146633
-19.176904793622796
-19.177314753161696
-19.177581544692405
-19.1779019879501
-19.178186512764242
-19.17852075266658
-19.17879862704622
-19.17901724011419
-19.179310285451677
-19.17963875487573
-19.179842049844456
-19.18007585923137
-19.180272637947667
-19.18049702047119
-19.18074571888897
-19.1809354113414
-19.18119067172148
-19.181573703499666
-19.181758866740353
-19.182103237399623
-19.18244487785731
-19.18282669408928
-19.183210842065243
-19.183506628227548
-19.183832366609334
-19.184236963073047
-19.184601451133158
-19.184912399517785
-19.185433304305842
-19.185732376321383
-19.186160205096456
-19.18661494611396
-19.187105238491657
-19.18748469079932
-19.187842376341106
-19.188251545463686
-19.188707447978896
-19.18902947612102
-19.18939433950098
-19.189493964499782
-19.190012340538267
-19.190231887882234
-19.190486758592247
-19.190838150419808
-19.19102480853065
-19.19159556990215
-19.191769783955223
-19.192052411386193
-19.19214805860031
-19.192473061884392
-19.19263988190653
-19.192818628357507
-19.193121370506628
-19.193427564977004
-19.19388699966077
-19.194062553149053
-19.194239291647055
-19.194392105199984
-19.194559926385338
-19.194807369760902
-19.194943095293645
-19.19513381894572
-19.19528784159678
-19.19544781802005
-19.195521446869925
-19.19570279803981
-19.195814018170196
-19.19593432975911
-19.196082708259933
-19.19621140418664
-19.196363360659745
-19.19653038353585
-19.196681952805395
-19.196826868354236
-19.196975241170755
-19.197088594790117
-19.19720529871656
-19.197341726140102
-19.197458635394682
-19.197576046836144
-19.197684030419257
-19.197824173770826
-19.197955805884902
-19.19807972166397
-19.19821605514361
-19.198321672933147
-19.19840744538361
-19.198605629469796
-19.198637218175143
-19.19885248584815
-19.19900013144196
-19.19920956344315
-19.199502315122416
-19.199725456925922
-19.20010677684207
-19.200369406774016
-19.200604001438535
-19.200808783751736
-19.201080483603807
-19.201340897656102
-19.201630031616737
-19.201904931358673
-19.202270573838554
-19.202561198047718
-19.20284126228112
-19.20317307385211
-19.203360157229923
-19.20361791062217
-19.20390831576928
-19.20404285615041
-19.20429026011552
-19.20449735962407
-19.204724818786723
-19.204951785697332
-19.205080567843353
-19.205229750805014
-19.205443124846493
-19.205589212658516
-19.205753849811074
-19.20593181125687
-19.20610200032734
-19.206242175755857
-19.20643783441171
-19.206580394070457
-19.20669293315375
-19.20684231104002
-19.20692175414495
-19.20702326087283
-19.207113584471557
-19.207172358314626
-19.207226722920726
-19.207368960178336
-19.207423202113166
-19.207514503268772
-19.207650337948714
-19.20767804862478
-19.20790924458492
-19.2079835073865
-19.20810480589116
-19.208217142603534
-19.208353774223937
-19.20843992450154
-19.208511820788967
-19.208580627786834
-19.208659360188264
-19.208734175951566
-19.20880393278791
-19.20885015465676
-19.20896302957214
-19.208992058097852
-19.209077714752446
-19.209137875508496
-19.20920349080838
-19.209300177104296
-19.209348494141665
-19.209443252830315
-19.209512791364414
-19.20958022922663
-19.209648708370917
-19.209704272198373
-19.20977266757908
-19.209849292006307
-19.209925884092854
-19.209978647437026
-19.210065229657843
-19.210118284279343
-19.210174646689794
-19.210249326908198
-19.210286432828944
-19.21035540995905
-19.210401768039326
-19.21043684539853
-19.210489650283513
-19.210525424261554
-19.210564811989528
-19.210616327934844
-19.21064881391878
-19.210683240427525
-19.210743294838466
-19.21077109685904
-19.210807109019576
-19.210864607199532
-19.21089590842265
-19.210930448440603
-19.211014516516816
-19.211043436748714
-19.211093120306703
-19.211156525685247
-19.21123700972435
-19.211309705896742
-19.211372489092184
-19.21141852123764
-19.21147070822895
-19.211522996205595
-19.211580430559522
-19.211642161451216
-19.21169537616918
-19.211746162047753
-19.211800801564923
-19.211844023974095
-19.211891755639893
-19.211938821997517
-19.211992585283795
-19.212051032045466
-19.212107176179792
-19.212192952715952
-19.21224608287738
-19.212296816832048
-19.212375754075467
-19.21241474255062
-19.212473550234204
-19.212505303014552
-19.212557093923152
-19.21258657339878
-19.21262560544922
-19.212697864747675
-19.21272937415343
-19.212781113717803
-19.212819275252034
-19.212868325406752
-19.21290843952193
-19.21294352311613
-19.212982572562648
-19.213007750659095
-19.213048816321297
-19.213090762378577
-19.21313129009303
-19.213160933091224
-19.21319596370196
-19.21323442034247
-19.213270505365653
-19.21330025113034
-19.213328814822262
-19.213367286222216
-19.213402814108427
-19.213427224356572
-19.213459473462898
-19.213482628306476
-19.21350843092467
-19.213531478362135
-19.213553463154923
-19.21358096151746
-19.213614791836292
-19.213629292821793
-19.213648200639028
-19.21366433952234
-19.213682391216533
-19.213701854382663
-19.213713118966346
-19.213729614601387
-19.213749359829407
-19.21377184754918
-19.213781344023566
-19.213796738021482
-19.21379850710037
-19.21381794064046
-19.213826694141428
-19.213837567675192
-19.21385118366908
-19.21386265862826
-19.21387645935484
-19.213884460639683
-19.2138945566306
-19.21389899656446
-19.21391844333403
-19.21392388407427
-19.213931020761734
-19.213941024416048
-19.21395898577682
-19.213973570553794
-19.21398288854977
-19.21399161969555
-19.214000066378738
-19.214012054000285
-19.214017862979258
-19.214025682154123
-19.21403004182864
-19.21403925725975
-19.21404666806204
-19.214056577736272
-19.21406248983903
-19.214069321351836
-19.214076815747944
-19.214086719079404
-19.214095047481276
-19.21410415398682
-19.214110900728976
-19.21412137145024
-19.21412859652336
-19.21413669848321
-19.214147166853763
-19.214156314269097
-19.21416170719349
-19.214167271666028
-19.214174420912514
-19.21418477124902
-19.214191610114366
-19.21419726346163
-19.214204621392998
-19.214213332575724
-19.214227797597555
-19.214233582714037
-19.21424782047318
-19.214254716350407
-19.21426314845484
-19.21427217951648
-19.21428530004934
-19.214294820376146
-19.21430480686297
-19.214315732271672
-19.214329372881362
-19.21434072338124
-19.214349634534575
-19.214358804720465
-19.214369598236114
-19.214385903019252
-19.2143938695349
-19.214408374399106
-19.214419226234565
-19.21443032593639
-19.214443972190058
-19.214459453541433
-19.214470820623916
-19.214484900579784
-19.21449774061223
-19.214510592092065
-19.214534173316153
-19.214549430619247
-19.21456419413431
-19.214591477456885
-19.214603372031966
-19.214619101651362
-19.21464014031632
-19.214652771164037
-19.214680976928385
-19.21469869165002
-19.21471693912015
-19.214731161092477
-19.214745345505605
-19.214760999038347
-19.214774371470288
-19.214789104847853
-19.214801944132294
-19.214822386013715
-19.214829042788335
-19.214853642049317
-19.214864149359556
-19.214877936160697
-19.214888948894068
-19.214906384316187
-19.214918800671818
-19.21493023606022
-19.214942290634955
-19.214955411085622
-19.214962878947816
-19.214974456775302
-19.214986331783418
-19.214999117783833
-19.21501862030589
-19.21502843164663
-19.215041094499774
-19.215057943185464
-19.215071204356125
-19.215082468211392
-19.21509689979885
-19.21510586130132
-19.21511963736588
-19.215126788306755
-19.21513656265391
-19.215146075743043
-19.215153051939485
-19.21516075511081
-19.21516904813894
-19.21517562292345
-19.215186689502787
-19.21519351865168
-19.21520181318625
-19.215207691112344
-19.21521478325908
-19.21522436601247
-19.215232435236885
-19.21524064574761
-19.215248517541557
-19.215258503788014
-19.21526767231026
-19.21527548821903
-19.215282027082164
-19.215291820985374
-19.215299799251554
-19.21530898559883
-19.2153171457574
-19.215323093653492
-19.215330399264346
-19.215341824589885
-19.215350986193947
-19.215359481358306
-19.21536940934578
-19.215375648914858
-19.215383078438794
-19.215390200085878
-19.2153975988134
-19.21540392257859
-19.21541007206263
