500 iters for seed 131 on ER0.3 which is in the 80.69839477539062 percentile
 Maxcut: 27.0, MedianCut: 17.0
-16.654507137734083
-16.730620669484267
-16.783922172940713
-16.82302488053086
-16.852230828452655
-16.872943920182387
-16.898742015593978
-16.91754982223189
-16.934004758027733
-16.945209727747145
-16.953853601859063
-16.963448335097706
-16.97301996787089
-16.98473225266583
-16.996604132611637
-17.00511390521705
-17.01360773663983
-17.020967368987662
-17.025512849940377
-17.03165137699481
-17.036938039853464
-17.040469061006657
-17.043792718412256
-17.046565747114073
-17.049542771887502
-17.052291433118594
-17.05563633432632
-17.058526347100596
-17.061565293979427
-17.06447509706805
-17.066898406376644
-17.069974427320645
-17.071943540957925
-17.07473138847827
-17.07615796403864
-17.07802799411911
-17.079336077590064
-17.08141369763049
-17.082444907513754
-17.084021026171953
-17.08485904076552
-17.08690790243146
-17.087856000560677
-17.089101022347055
-17.090850242036236
-17.092333337514468
-17.093817838792
-17.095327486763097
-17.096431639784782
-17.097691405671135
-17.09900438556294
-17.100034507563247
-17.10088111677045
-17.102224716741436
-17.102701828745296
-17.103709218092263
-17.104338230421533
-17.104939127898433
-17.10598037292211
-17.10669471678506
-17.10758444344695
-17.108295088513994
-17.108957042979153
-17.109683300506095
-17.110390130511874
-17.111194242475182
-17.11175099348987
-17.112388237523945
-17.113024259894793
-17.113535329111304
-17.113967942379666
-17.114589577041052
-17.11494516067917
-17.115330746107503
-17.115766074977152
-17.11617027955498
-17.116334573825462
-17.11723621187366
-17.117594857307708
-17.118146560593072
-17.118951258789643
-17.119413995565452
-17.12002725532107
-17.120589802302185
-17.1210126331815
-17.121501815961395
-17.122066273455445
-17.122502095827485
-17.12283910382365
-17.12322016577948
-17.123644299057343
-17.12407889809743
-17.124427497712066
-17.124770630646267
-17.12512590487973
-17.125618278895487
-17.12604638777465
-17.126424026523267
-17.126927296684823
-17.127317877036354
-17.12781569547114
-17.12821966700509
-17.128605815284992
-17.128944489193298
-17.12940382324404
-17.12970505359534
-17.13003369423252
-17.130436676984324
-17.130909094812473
-17.131227209215808
-17.131607471206973
-17.131962679897086
-17.132370708642462
-17.132723637098536
-17.13296274585096
-17.133233587984282
-17.133632006058505
-17.133856419442512
-17.134191878636088
-17.13435722572124
-17.134729330690128
-17.134912611960623
-17.135105312927312
-17.135425439302466
-17.135581560045537
-17.135870124902873
-17.136061291657242
-17.13632712085608
-17.136556648138953
-17.13678020519326
-17.137055395174084
-17.137269239591575
-17.137533052698295
-17.137715321771502
-17.137980719429386
-17.13814292978756
-17.138393655127512
-17.13872455843025
-17.13895116536409
-17.139230278911537
-17.1394288757749
-17.139631192719634
-17.139875841773232
-17.140127402176972
-17.14034131752212
-17.14052334605569
-17.140818700719663
-17.141001788953645
-17.141229739601833
-17.141428620473217
-17.14160835613008
-17.14190385699256
-17.14212092539772
-17.142307176551512
-17.142454892691738
-17.14259993147603
-17.142767606741607
-17.142894834016925
-17.143010991043422
-17.143156246990003
-17.143263571665535
-17.143412147841506
-17.14350243754954
-17.143621743463218
-17.143741302030218
-17.143871032523247
-17.143995632618413
-17.144108120387756
-17.144238989187578
-17.14436881266481
-17.14450248952105
-17.144644486785683
-17.144775101716007
-17.144888215539158
-17.14501141320115
-17.14514098330079
-17.14526554123765
-17.145419565299918
-17.14550028230748
-17.14558839543774
-17.145714773387855
-17.145795542496145
-17.145840646795115
-17.146035150377237
-17.146086216752728
-17.14619019857027
-17.14625912480844
-17.146392764258493
-17.146488772636385
-17.14656950179958
-17.14670563554981
-17.146769914257096
-17.146882538486295
-17.146963327672534
-17.147048942348192
-17.147100249332404
-17.147163018317116
-17.1472100303707
-17.147263947534228
-17.147309742232046
-17.147378277566364
-17.14741797702457
-17.147463866878333
-17.147504738282965
-17.14755686011539
-17.147593756544655
-17.147631936106343
-17.147678406826863
-17.147737134246533
-17.147774794697057
-17.147813121436617
-17.147841881958577
-17.14787450584735
-17.14791612248629
-17.147943339398527
-17.14794991434745
-17.148022754365414
-17.14803901507828
-17.14807069692329
-17.14810103342434
-17.148137570422577
-17.14816745195013
-17.148190780391413
-17.148214568519435
-17.148236952698106
-17.148258775729797
-17.148277363432307
-17.148291812204093
-17.14831313172554
-17.148325689940762
-17.14833834168884
-17.148352708674373
-17.148365113413746
-17.148395025215034
-17.148409680030383
-17.148428314424233
-17.14844349960045
-17.14845821625418
-17.148475406754855
-17.14850275715666
-17.148520181032332
-17.14853919798094
-17.148567115604088
-17.148589303382597
-17.148617606313415
-17.14864701329219
-17.148676254410915
-17.148691373171516
-17.148723215086395
-17.14873492549974
-17.148760043245993
-17.148778604091447
-17.148796733983403
-17.1488288381236
-17.148849751291134
-17.14888826358844
-17.148917437134706
-17.148953214001374
-17.148987876455667
-17.14902563789866
-17.14907565597235
-17.14911116466208
-17.149141800075313
-17.149181430752172
-17.14920725242286
-17.149224593490768
-17.149270483260526
-17.149285725080468
-17.149308924231843
-17.14933440975423
-17.149353352307337
-17.149380277366816
-17.14940837718621
-17.14942206561046
-17.1494448457862
-17.149461771049292
-17.149484044085835
-17.149507797102054
-17.149522825532138
-17.14953260053325
-17.14955647848599
-17.14956458609924
-17.14957685009745
-17.149588036813505
-17.1496037673666
-17.14961669446207
-17.149627445856517
-17.149640546451423
-17.149658011427412
-17.149668206076825
-17.149680111344352
-17.149692602323775
-17.14970769328845
-17.149719759372907
-17.149734253894426
-17.149744088718236
-17.149759282789844
-17.14977162334398
-17.149781372577838
-17.149796307223166
-17.149810644306953
-17.149819891768313
-17.149831283431674
-17.149839580604628
-17.149847378518267
-17.149863226864603
-17.149869111858507
-17.14987569805306
-17.149889681417744
-17.14989401202294
-17.149900899085043
-17.149911635953856
-17.149917908606582
-17.149933839310123
-17.14994233097755
-17.1499557212052
-17.149965347789813
-17.149975693101116
-17.149986031449412
-17.150000284933288
-17.150011970160044
-17.150023055546765
-17.150041224752968
-17.15005334016406
-17.15006903238491
-17.1500829943042
-17.150095625811545
-17.15010552292878
-17.150122095362953
-17.15012998256175
-17.150139500524006
-17.15015290209343
-17.15016349096537
-17.150187958635435
-17.150203651376497
-17.150225660215135
-17.150244877942306
-17.15026444510655
-17.150288027986186
-17.150320126547776
-17.15034298709402
-17.15036579674269
-17.150400163343726
-17.15042820144185
-17.150455042187506
-17.15048277891372
-17.150501038251008
-17.150522364107726
-17.150541156618054
-17.150573630535963
-17.150588302588098
-17.15060782972189
-17.15063558065022
-17.15065638332798
-17.150690667940957
-17.150708867778576
-17.150726524285947
-17.150767705304823
-17.150784147753722
-17.150818245524334
-17.15084431424222
-17.150872328167218
-17.150897128477244
-17.15091602957695
-17.15094751638204
-17.15097012633301
-17.150994178174013
-17.151036205937274
-17.151055777694847
-17.15107712492071
-17.15111219878409
-17.151140903411953
-17.151154430200464
-17.151191412106336
-17.15121821360049
-17.151251882407127
-17.151290119652433
-17.151341072427194
-17.15138214638459
-17.151417126239842
-17.15147318487731
-17.151508235732155
-17.151551669716987
-17.1516284405953
-17.15167851941585
-17.151724467796694
-17.151784232474828
-17.15185633687828
-17.15196906471458
-17.152037707866867
-17.152102052129568
-17.1521649993866
-17.152218376917308
-17.152286851526654
-17.152370897816702
-17.152434746190423
-17.15249676046354
-17.15262064728849
-17.152680983565748
-17.152744541256965
-17.152809541249372
-17.15286361540704
-17.15292047562616
-17.153006056247445
-17.153055976237916
-17.153112597196397
-17.15314464414244
-17.153204473539276
-17.153239635481263
-17.153274765808703
-17.1533341408285
-17.153355820115564
-17.153428308232876
-17.15345713484519
-17.15349888500338
-17.153558073492498
-17.15362007664121
-17.153664606348972
-17.153729910345266
-17.153764210348672
-17.153812761016184
-17.153900654156118
-17.153946935736375
-17.153963042373384
-17.154105372150504
-17.154136018455517
-17.15418798288224
-17.154256252481744
-17.154299715877944
-17.154375437947383
-17.15440639634769
-17.154455131641058
-17.15447141699616
-17.154524991189255
-17.154546411680187
-17.154573284457523
-17.154619773338965
-17.154636324368223
-17.154719326699333
-17.154742190626134
-17.154771912520378
-17.154806280883342
-17.15485175027567
-17.15489035716238
-17.15493064779265
-17.154955335972318
-17.154980772580792
-17.155024799113267
-17.155045641752665
-17.15507099685067
-17.155109732254726
-17.155130018022316
-17.15515035840596
-17.15518872937511
-17.155209728571574
-17.15523691676921
-17.15528961797554
-17.15531154178438
-17.155341550061735
-17.155379503964504
-17.155424768575763
-17.155461766227816
-17.155503763982505
-17.15553337481306
-17.155569432316852
-17.15560948016571
-17.155639056612053
-17.15566704607386
-17.155704046594177
-17.155743544512287
-17.15576573663861
-17.15581221360444
-17.15582618885465
-17.155869810240635
-17.155891331368977
-17.1559113969799
-17.155938581379857
-17.15596457852118
-17.15598318405143
-17.156004004441286
-17.156024631431574
-17.156052757507158
-17.156074916706075
-17.15609770028519
-17.15611749226439
-17.156141523043587
-17.156161595244118
-17.15617792017407
-17.156200715664927
-17.156213138784626
-17.156231830107963
-17.15624763195946
-17.156262533266215
-17.156284835949556
-17.156308094213664
-17.156320900746096
-17.156337426453987
-17.1563478514709
-17.156360521647855
-17.156377534701853
