500 iters for seed 186 on ER0.3 which is in the 69.14596557617188 percentile
 Maxcut: 30.0, MedianCut: 19.0
-18.652066070966324
-18.76749525408124
-18.821756136022646
-18.86592625131841
-18.898487731708997
-18.921143000360527
-18.94786471461922
-18.968702844959463
-18.984551801375442
-18.99936625580621
-19.01148792122839
-19.0238352145316
-19.032645367188792
-19.03970795878257
-19.047035512769227
-19.05457458993601
-19.06121437963099
-19.067775283604895
-19.073615078922444
-19.079582234885375
-19.084626905159972
-19.088760867576923
-19.09292560161692
-19.096016793108973
-19.09953126926188
-19.103005711932155
-19.10551089309103
-19.10801917380692
-19.11022431873526
-19.112237966336966
-19.11477839236663
-19.11687947597163
-19.118953181749728
-19.12136444080227
-19.123007129803135
-19.12499533344727
-19.12675594413991
-19.128426268692508
-19.129830617046082
-19.13136125506239
-19.132456137262345
-19.133534758829494
-19.13482641984605
-19.135946928230688
-19.137321638571613
-19.138889232476597
-19.14052575920142
-19.14172044396276
-19.143616719422063
-19.144485615261765
-19.145825677353468
-19.14706584960074
-19.147990681410345
-19.14859490492482
-19.1500913592406
-19.150804605651473
-19.151822875903484
-19.152508440148885
-19.153506987817696
-19.154164281990766
-19.154771508512678
-19.155547337743215
-19.156547178619892
-19.157314519225903
-19.158295014087614
-19.159313106620917
-19.16047062158963
-19.161595696988236
-19.162795320571494
-19.163989996348867
-19.16534267248613
-19.16646606277625
-19.167346148055966
-19.168548740742466
-19.169432540883903
-19.170349278800092
-19.171322893988965
-19.172283342486814
-19.173116955296535
-19.174167541293322
-19.17518593373278
-19.17641548540369
-19.17734360172876
-19.177988306824407
-19.17863514605319
-19.179513883331207
-19.179986554843186
-19.18063299238883
-19.181139587545573
-19.181681912944857
-19.182220030398735
-19.182742803849496
-19.18312010780947
-19.183481347022777
-19.183943112328222
-19.184420747685905
-19.18467880071026
-19.185135388624463
-19.185242795923788
-19.185667960646327
-19.18588165419144
-19.186091757901846
-19.186432951995464
-19.186622414784473
-19.187001979421964
-19.187269569179872
-19.187639457844178
-19.18782810366574
-19.188105617047835
-19.18830864464412
-19.188503269312836
-19.18883809905181
-19.189069042431406
-19.189288378022443
-19.1894549712162
-19.189608329264843
-19.189824124054365
-19.18999959958896
-19.190124255223374
-19.190275127040426
-19.190434450498806
-19.190607592287414
-19.19079789617274
-19.19095420600562
-19.191100277089653
-19.191288994721713
-19.191398909851106
-19.191577057635804
-19.191696936273942
-19.19183080269716
-19.191974197021757
-19.1920611337737
-19.192204072693475
-19.192342527195763
-19.192478605696884
-19.192601140636214
-19.19273729625431
-19.192854265769263
-19.192931575215475
-19.19305134728804
-19.193114488934754
-19.193183815303055
-19.193247406194295
-19.193298861567367
-19.19333029058784
-19.193446806326328
-19.193485225774946
-19.193538504103152
-19.193625658723818
-19.19367462794002
-19.193820496147723
-19.193880215555673
-19.19398772167531
-19.19409856462393
-19.19420145672693
-19.19427483152248
-19.194388489395628
-19.194466010727474
-19.194580595041323
-19.194738471384504
-19.194842451332843
-19.19499809625544
-19.195154779424904
-19.195313777755313
-19.195456188768436
-19.195632325380522
-19.195803376631194
-19.195948819241316
-19.196194384593056
-19.196373171326
-19.196539354877743
-19.196796625702618
-19.19697662984425
-19.19718513633711
-19.197417094161185
-19.197559619292882
-19.197728325076373
-19.19798781343255
-19.198094812300084
-19.198205784474617
-19.198391281136978
-19.198493345314702
-19.198622955878115
-19.19881092360039
-19.198897001615755
-19.199062094462185
-19.19915891713199
-19.19934316548659
-19.199473535193096
-19.1996042970672
-19.1998376493187
-19.199905733260064
-19.200301735118526
-19.200426077644245
-19.200564921401156
-19.200751249885148
-19.2008850671487
-19.201103391518277
-19.20124075306318
-19.201418199949373
-19.201621333351774
-19.201880944467796
-19.20209304028112
-19.202345147756283
-19.202546001844684
-19.202817913362757
-19.20303222526821
-19.20330949729007
-19.203532070213488
-19.2037270418531
-19.203931938838508
-19.204206131244433
-19.204390401950917
-19.204575742753956
-19.204745009657263
-19.204904523622652
-19.20509104382258
-19.205232512686827
-19.20539657682123
-19.205569402331484
-19.205718650959682
-19.205810637315818
-19.20598366286051
-19.206050326741863
-19.206170985497003
-19.2062496449097
-19.20633463757695
-19.20646223983255
-19.206577356909413
-19.20672019586321
-19.206813273847345
-19.206925680687156
-19.207038211947122
-19.207218167199983
-19.207310086592948
-19.20742816828101
-19.20758924481831
-19.207729073581543
-19.207851036266185
-19.207951170402982
-19.20805305676077
-19.208180247833937
-19.208284902119118
-19.20838367613843
-19.20847248956464
-19.208555963082624
-19.208620949445894
-19.208662039172072
-19.208761280672
-19.208787176180863
-19.208895127986498
-19.208938638561612
-19.20900591837355
-19.20907870042311
-19.2091638552324
-19.209226674524736
-19.209314590336213
-19.209378180486528
-19.20944818678644
-19.2095262075034
-19.209587089532008
-19.20968295847929
-19.209775536890696
-19.2098299834765
-19.209917099516236
-19.20997708196346
-19.21008963963586
-19.21014366563778
-19.210199254473146
-19.210265671131154
-19.21033518194399
-19.210383658005817
-19.210433861021446
-19.210482508559636
-19.21055469175367
-19.210616143714727
-19.210675346786196
-19.210742137429254
-19.210795258667726
-19.210858947683413
-19.210934100585032
-19.21098901385448
-19.211039648591377
-19.21109081054081
-19.21115433221714
-19.21121650577471
-19.211282803397353
-19.211375355477163
-19.211460273184766
-19.211561037733738
-19.211708346562318
-19.211778908975848
-19.21187003840736
-19.212005267330845
-19.21208201215267
-19.21218431501412
-19.212269794899594
-19.212352951297245
-19.21241129087121
-19.21249410195732
-19.21257238917157
-19.212643820241958
-19.212705834221662
-19.21275856198186
-19.21281734143505
-19.212870404386628
-19.212907366489006
-19.21295992286411
-19.213003568250414
-19.21306773100713
-19.213113552904915
-19.213160150857767
-19.21320711194113
-19.213255179688293
-19.21329524008039
-19.213336863159004
-19.21336928955358
-19.213435303386824
-19.213464197694226
-19.21350680354436
-19.213561768474776
-19.213621297399087
-19.21366729124154
-19.213711820414694
-19.213747010901816
-19.21380503321348
-19.213847838926135
-19.21389300135023
-19.213923374593065
-19.213962200658845
-19.21400347041887
-19.214062195005496
-19.214106656055954
-19.214151291120743
-19.214183451456858
-19.214234774386348
-19.214270568124043
-19.214306198589078
-19.214350343967933
-19.214399360905222
-19.214431687658966
-19.214477993739873
-19.21451783690718
-19.21456142083783
-19.214609797043757
-19.214651442109847
-19.21467627088187
-19.21472952465475
-19.214745223605963
-19.214774129868204
-19.214800132632348
-19.214831457047403
-19.214872440310003
-19.2148988431424
-19.214935623120503
-19.214964392853744
-19.215000592083072
-19.21504230151251
-19.215082093581675
-19.21512514529903
-19.21515396557941
-19.215185224226815
-19.21523316347889
-19.215257279760493
-19.215284525744494
-19.21531969471863
-19.215340360416718
-19.21536406591138
-19.215392700110133
-19.21540630596293
-19.215424626354405
-19.215441974341314
-19.215467323649513
-19.21548417559454
-19.215500687428836
-19.21552305172617
-19.21554564992354
-19.21556278738799
-19.215585637376087
-19.2155985406614
-19.215610856585016
-19.21563195093765
-19.21564228288113
-19.215654202667515
-19.215689155347434
-19.21570415577414
-19.215736571271613
-19.215745236863196
-19.215780249618376
-19.215793658164586
-19.215808365946447
-19.215831733903908
-19.215847645709065
-19.21586480782706
-19.215879961675068
-19.21589244614945
-19.21590655521115
-19.215918888306224
-19.215931555225815
-19.215943395189356
-19.215955879288344
-19.215971532823797
-19.215981320852375
-19.215988996298695
-19.216004562103965
-19.216015228189367
-19.216030162099724
-19.216044774953797
-19.216054136138816
-19.216064635463102
-19.21607586928686
-19.216088490350057
-19.216103989601095
-19.216114185813108
-19.21612694784581
-19.21615062196513
-19.216160292649946
-19.216175540029237
-19.21618662788066
-19.216200673045652
-19.216217177667005
-19.216237746638445
-19.216252848060307
-19.216269830258486
-19.216280855222962
-19.21629353845865
-19.21631280991107
-19.216326300026196
-19.21636072383664
-19.216380148729716
-19.21640489806248
-19.216419886949627
-19.21643890755906
-19.216459070774626
-19.216484050213808
-19.216499702783942
-19.21652047547966
-19.216536793768523
-19.216576141939854
-19.21660002696254
-19.216620918469662
-19.216653192870865
-19.21669127105336
-19.216723363657316
-19.21675378845346
-19.216780001129386
-19.21680902035036
-19.216826607658312
-19.216855072955198
-19.216875429176234
-19.21690003705886
-19.216924502349748
-19.21695105648542
-19.216968130465535
-19.216988917304512
-19.21700396026029
-19.21701988621659
-19.217033747694117
-19.217044990286965
-19.21705683983022
-19.21707130262429
-19.217078501519026
-19.217089116076085
-19.217092657707042
-19.2171070472395
-19.21711345718464
-19.217120383908068
-19.21712921487377
-19.217139331794247
-19.217147832707294
-19.217160178694165
-19.217167231308828
-19.217177017599184
-19.21718859982856
-19.21719602920104
-19.217210018936168
-19.21722355107324
-19.21723264015433
-19.217245458399052
-19.21725405877855
-19.217264899388816
-19.217277165866225
-19.217283988919913
-19.21729474395798
-19.21731557790414
-19.217327205148692
-19.217339085985305
-19.21735046566212
-19.21736444945162
-19.21737938769581
-19.217391871690257
-19.217402746911688
-19.217411936812763
-19.21742243100914
-19.21743525896318
-19.21744148114823
-19.217449825384506
-19.21745995749614
-19.21746895368598
-19.217482621685704
