500 iters for seed 64 on ER0.3 which is in the 41.873931884765625 percentile
 Maxcut: 30.0, MedianCut: 21.0
-20.641729729175662
-20.755606857709424
-20.817221352253974
-20.864393694909573
-20.89928258619021
-20.92776139691569
-20.953416987966936
-20.97242848560012
-20.991077304890315
-21.00593617165076
-21.015798997833482
-21.026027539230316
-21.03428099346434
-21.04324726824204
-21.053350041723533
-21.063063698846417
-21.07274443341383
-21.08556254125032
-21.092724741235028
-21.098468563336468
-21.101278452067213
-21.106679367199675
-21.109827479605727
-21.112713463886276
-21.11599270197362
-21.118112434817647
-21.1205705358258
-21.12288931269245
-21.12496726909581
-21.12796249522343
-21.130834815833794
-21.133573282853792
-21.13560457374328
-21.137794068066835
-21.140128724773273
-21.14242010130622
-21.14455684236595
-21.146393347660613
-21.148261041163963
-21.149773839929992
-21.151306345005395
-21.152648726646895
-21.1551198729166
-21.156086390842667
-21.15848174723392
-21.160219212627883
-21.161881509434625
-21.163590713325565
-21.165549133326014
-21.167126393110557
-21.16816317666007
-21.169609810490932
-21.170722339189314
-21.171947690300705
-21.173077211215375
-21.173999497679773
-21.175046985601256
-21.176389765046913
-21.177217878252996
-21.178646959250866
-21.180112269829138
-21.181906562144352
-21.183759692795377
-21.185339169930824
-21.186388429169163
-21.18782124695516
-21.188713091877673
-21.18937358429356
-21.190039228789065
-21.19083520125117
-21.19131960627395
-21.19187648664065
-21.192531977137847
-21.193228452573116
-21.193683484974933
-21.194303181208145
-21.194622271732268
-21.195213021968897
-21.195680772303906
-21.196068504921715
-21.19671022389512
-21.197020422245522
-21.197497833909807
-21.19778367647066
-21.198183618920083
-21.198360713721996
-21.198898064780714
-21.199161508981334
-21.199496352989065
-21.200012766558046
-21.20010835105755
-21.20087226418301
-21.20114454816082
-21.201639788657992
-21.202237022033323
-21.20272533932664
-21.203176315995403
-21.20355139199502
-21.203894432765743
-21.204354806610166
-21.2047346072583
-21.205013214434384
-21.205348566493985
-21.20559963954831
-21.205957577821234
-21.206178572705745
-21.206415165398155
-21.206668958278676
-21.206996197291268
-21.207172974441132
-21.20741550744387
-21.207671606976298
-21.20799009645025
-21.208282022428794
-21.208535722444704
-21.208758179654907
-21.208940367342695
-21.20919303312069
-21.20933308438067
-21.20954117737554
-21.209761486719273
-21.20992941755772
-21.210117685830067
-21.210378881648804
-21.210511216635233
-21.21067871375528
-21.21083919064799
-21.2110519953092
-21.211223308843696
-21.211376063701024
-21.211560425049072
-21.211771922879308
-21.2119499279369
-21.212139600102518
-21.212322580383308
-21.212534112558803
-21.212835117169245
-21.213039598840652
-21.213211572011048
-21.21349630756569
-21.213723539377213
-21.213999103197107
-21.214324635494844
-21.214516541364958
-21.214796415682677
-21.215002079928773
-21.21535041707211
-21.21562665387437
-21.215896323541926
-21.216328829748534
-21.216622584339735
-21.21694445388539
-21.21733887368398
-21.21761032597593
-21.218001983003326
-21.218349398141214
-21.21871650301425
-21.21891669789928
-21.219263138720194
-21.21952299753391
-21.219823474287786
-21.220143469469242
-21.22038911760183
-21.22063242181906
-21.220934302093433
-21.22111247448601
-21.22134129275051
-21.22155829205815
-21.22176059214074
-21.22205693543781
-21.222223694775156
-21.222379700134844
-21.22263513228964
-21.22279898114062
-21.222906335295107
-21.223280242657317
-21.22337880969885
-21.223560629962243
-21.2236737374795
-21.223871809614476
-21.22401950944547
-21.224151157043565
-21.224439590248366
-21.224512451638354
-21.22499449917259
-21.22516019849425
-21.225332662832304
-21.225469878703922
-21.22564401207199
-21.225792449331937
-21.22591023208928
-21.226058264568877
-21.22623853626553
-21.226340010638758
-21.22646801066356
-21.226585268434278
-21.226749955528
-21.226930923331878
-21.22706260810059
-21.22718898297915
-21.22735500785219
-21.227460095608333
-21.22759111340488
-21.2276587560541
-21.227839780934715
-21.22791749675981
-21.228010895027907
-21.228154877933648
-21.22818335336713
-21.228358573163955
-21.228403973249197
-21.228496382403048
-21.22860239573601
-21.228704254914224
-21.228766717551057
-21.228847159837343
-21.228901459327325
-21.228968588865712
-21.2291039033321
-21.229161897276217
-21.229227662702517
-21.2293851424084
-21.229431686364507
-21.22948850950278
-21.229553447285635
-21.22960382440479
-21.22969377599471
-21.229757623742856
-21.229859887349402
-21.229919198482186
-21.229980205054837
-21.230036179577887
-21.230093102952875
-21.23018955139898
-21.230257759053888
-21.230332603268025
-21.230454096176942
-21.23054874980465
-21.23061026130373
-21.230713859623506
-21.230781040310216
-21.23087402021764
-21.23095549584339
-21.231026164629988
-21.231072705623554
-21.23114989390525
-21.231185751639515
-21.231247863274337
-21.231298236620184
-21.23134186745145
-21.23142345780068
-21.231465397743477
-21.231526780363662
-21.231574073460788
-21.231627426251016
-21.231684960462996
-21.231744325578656
-21.231797988903224
-21.231848492251867
-21.231898050272772
-21.231949270642065
-21.231978385059303
-21.23201645352044
-21.23204023328197
-21.232069824506716
-21.232117324070494
-21.232160840926127
-21.232194749416415
-21.232236537781297
-21.232263556234443
-21.23229940869242
-21.23232437371521
-21.23236307162873
-21.23238336076884
-21.23242566575707
-21.23247239258828
-21.23250251306259
-21.232553095280377
-21.232575909361177
-21.2326084379835
-21.23263575618432
-21.232688606931294
-21.23272792186532
-21.23276765182044
-21.232841804688416
-21.23288463527452
-21.23294861828629
-21.232996625170124
-21.2330602634234
-21.23310777487458
-21.233174938362993
-21.233222108134267
-21.23325577629956
-21.23331881044094
-21.2333875690525
-21.233434723532945
-21.233492478422377
-21.233537332779875
-21.233570616799774
-21.23363296414998
-21.233665148687507
-21.23370371760873
-21.233778006294514
-21.233812397809263
-21.233866499279383
-21.233957088831467
-21.233980675216692
-21.23402205109261
-21.234062295752512
-21.234113046578138
-21.234164383794322
-21.23420055291919
-21.234243138151044
-21.234289813291362
-21.234325150071584
-21.234368049041667
-21.23440682518916
-21.23445773947094
-21.234498643212724
-21.234526750895487
-21.23457135746729
-21.234622533466403
-21.234650940275998
-21.234691943928993
-21.23471513051691
-21.234751931593557
-21.234781458585687
-21.234808320159825
-21.234849654960726
-21.234898931165475
-21.234944065569806
-21.23500192827566
-21.23503881979211
-21.235062951355893
-21.23510509684569
-21.23513155571391
-21.23516974861106
-21.235202363790478
-21.235222385480782
-21.235263169303195
-21.235284338016168
-21.235310603611026
-21.235330580150183
-21.235350798572824
-21.235370028692117
-21.23540018667076
-21.23541774081743
-21.235437757078877
-21.235475961931186
-21.23549426006913
-21.235526848303927
-21.23554185787958
-21.23556452005087
-21.23559603941413
-21.23563311103725
-21.2356593308039
-21.235694729833984
-21.235720214603095
-21.235747109695062
-21.235800193513395
-21.235827622434744
-21.235874256710748
-21.235893413984144
-21.235979285224598
-21.23600764252861
-21.23606001146221
-21.23612778063559
-21.236152972527716
-21.236221833249818
-21.2362462708588
-21.236287602373093
-21.236318044340813
-21.236365988939788
-21.236396900605705
-21.236429845981323
-21.236484863835663
-21.23653840682603
-21.236575376880772
-21.236623004232488
-21.236657228913458
-21.236693008126824
-21.236752250016558
-21.236776496764573
-21.23681752401724
-21.236859779285798
-21.23689647117656
-21.236969766978095
-21.236999004707716
-21.237067469132338
-21.237095042203272
-21.237138929401077
-21.2371849638854
-21.237237971043143
-21.23727211240805
-21.23731125259431
-21.237352551912377
-21.237397378464546
-21.237442697198805
-21.237474538413313
-21.23751234166749
-21.23755610725268
-21.237580960850405
-21.23761029779648
-21.23762975370152
-21.237652575616394
-21.237668940540484
-21.237694293598743
-21.237708901013633
-21.237724752151806
-21.23774509440382
-21.237767270035313
-21.237783703847633
-21.237804548877836
-21.237819109616403
-21.23783220606231
-21.237862877963906
-21.237878251283604
-21.23790274152692
-21.237927888417047
-21.23796409685982
-21.23797853749297
-21.238007923244734
-21.238016801634032
-21.238040978400587
-21.23805177818845
-21.238066749031777
-21.23809131737899
-21.23810499338778
-21.238132091559333
-21.23815193815947
-21.238174677376577
-21.238193760351855
-21.238209186662484
-21.238231164484866
-21.238243401749575
-21.238254444093695
-21.238274799239306
-21.23828543922805
-21.238301849547952
-21.23832124897428
-21.238346056465033
-21.23835736384819
-21.23837818618445
-21.238390990496505
-21.23840681009338
-21.238429861934954
-21.238444062707458
-21.23846139350316
-21.23848477079794
-21.238496841855827
-21.238510013923793
-21.23852430807705
-21.238537571713124
-21.238553024867386
-21.23857166222493
-21.23858112232445
-21.23859532293616
-21.23860559116045
-21.238621858142636
-21.2386371742962
-21.238648073824763
-21.23866195414278
-21.23867671200655
-21.238685617637355
-21.23869927278927
-21.238710214703367
-21.23871926464556
-21.23873345591937
-21.238740372259958
-21.23874791960664
-21.238760166020665
-21.23876599069234
-21.23877789445352
-21.238787895331683
-21.238792925141915
-21.238800816377136
-21.238808290599554
-21.238816859403478
-21.23882544501287
-21.238832424534326
-21.23883895186294
-21.238848239325392
-21.23885458645655
-21.238860767708292
-21.2388703238132
-21.238876176000126
-21.238884514628218
-21.238892889417684
-21.238902120812025
-21.238909011317638
-21.238919203836097
-21.23892774013991
-21.238935927008317
-21.238946401109498
-21.238953474128845
-21.238966347931104
-21.238973212132464
-21.23898437670263
-21.23899079825235
-21.238997844937387
