500 iters for seed 82 on ER0.3 which is in the 54.012298583984375 percentile
 Maxcut: 34.0, MedianCut: 23.0
-22.50199485426291
-22.63364874787334
-22.73798714645948
-22.82274096125383
-22.88344862263866
-22.92345502987453
-22.954214978573653
-22.98348039993561
-23.006560968396936
-23.025912315395065
-23.040450762415503
-23.05434672950362
-23.066269110346614
-23.077195734534413
-23.088263429127437
-23.096863048875917
-23.10487899476183
-23.114245757912695
-23.122519119363503
-23.13227136530888
-23.13985796161794
-23.14433212310601
-23.151065287420803
-23.155739810220574
-23.159143453127754
-23.16433519718597
-23.166707291647445
-23.170839378542425
-23.173119157685154
-23.175239114520483
-23.17889270796018
-23.181205029481415
-23.18441905665558
-23.186465826391192
-23.188550507440787
-23.189769747399655
-23.19121668976235
-23.192959384734174
-23.194438467274928
-23.19586912473634
-23.197325651208327
-23.19841870636944
-23.199749896068333
-23.20111917068158
-23.2027716915755
-23.20408628166375
-23.20530487857191
-23.20644702736269
-23.208054544842884
-23.209079812528444
-23.209967598509486
-23.211012361151283
-23.21218097347504
-23.21300050212557
-23.21389562223019
-23.21518681139797
-23.21615905784743
-23.216802613041423
-23.217871130018633
-23.218902718314766
-23.219911250951707
-23.220771486959457
-23.22146611720705
-23.222011835061277
-23.22260358532602
-23.223073589743656
-23.223487232923173
-23.224004933093028
-23.224496960032454
-23.224816501106442
-23.2254254304332
-23.22582719802752
-23.226354752419965
-23.2269671993794
-23.227480798467138
-23.22800681357705
-23.22882427266625
-23.229180540944615
-23.22981345153986
-23.23018204825758
-23.23074910546178
-23.231057446567476
-23.231500058521828
-23.231821370490948
-23.232251037762097
-23.2324660516211
-23.232752551535288
-23.23301826105923
-23.233395441492856
-23.233633790521807
-23.23392447234453
-23.234251217737594
-23.234539781762756
-23.234768265447997
-23.234944526719726
-23.23515187311903
-23.23542057665665
-23.23563365416144
-23.23583718975353
-23.23606919372324
-23.23628604280551
-23.236494312874086
-23.23669887077753
-23.23690977785128
-23.23711769618834
-23.237400087483977
-23.23758263690873
-23.237829836674678
-23.238135676201622
-23.238449847084972
-23.23889424989891
-23.239299379790218
-23.239996843951847
-23.24074619723173
-23.241602316136422
-23.24240445607147
-23.243032056080136
-23.243860412972875
-23.244277978470976
-23.245142512684353
-23.24561438021521
-23.246362765561795
-23.246860460560093
-23.24769939615306
-23.24832416990584
-23.248824739637435
-23.2493946841919
-23.249982968605547
-23.2504529018288
-23.250841002761625
-23.251254286858867
-23.25171670222188
-23.25209334813612
-23.252444259217068
-23.25273257969191
-23.253004453604866
-23.253198123044786
-23.25343667034189
-23.25359649249468
-23.253767311843685
-23.25406219730102
-23.25418797315417
-23.254399356440025
-23.254502115804986
-23.254637361530232
-23.254783820951396
-23.254976884144288
-23.25509900940709
-23.255272929455437
-23.255479456355545
-23.255675245559722
-23.255914647578578
-23.256068212151533
-23.25630532382298
-23.25648384476262
-23.25672529846951
-23.256923109489435
-23.257091421771896
-23.257367273393537
-23.25770343850512
-23.257925454384086
-23.25818360818545
-23.25840847180624
-23.258628795705384
-23.259014555195606
-23.259211973275413
-23.259435078151643
-23.259793158233464
-23.259964462126575
-23.260193171556494
-23.26043119817173
-23.260600509122003
-23.260710755194065
-23.261007093125997
-23.261109543548052
-23.26126662299426
-23.261357827275713
-23.261539690027753
-23.261640767641786
-23.261768137050595
-23.261961606328047
-23.262070936031286
-23.26227404959266
-23.26238847756523
-23.262524353835232
-23.262707895984914
-23.262887155454315
-23.26301033154016
-23.263193790710066
-23.263312276917652
-23.26346507917607
-23.263620897302868
-23.26371240873302
-23.263783326982896
-23.263939438333605
-23.26402336737896
-23.264161454188397
-23.264316089609522
-23.264386432146928
-23.264493983948014
-23.264580073456095
-23.264677526498566
-23.264800840098538
-23.264874148920818
-23.265003168993818
-23.265135244585544
-23.265201780065322
-23.26529281124217
-23.265365867780805
-23.26545490436768
-23.265576678234037
-23.265646822052
-23.265752288484258
-23.265849587136554
-23.265929416311273
-23.26603896629067
-23.266119120906257
-23.266195776929266
-23.266276715580418
-23.266337592484767
-23.266422757943406
-23.26650448163369
-23.26657264387266
-23.2666649468514
-23.266747564373993
-23.2668287214041
-23.266906527837406
-23.266985533610836
-23.267076459855765
-23.26715564834911
-23.267220326959016
-23.267281665766895
-23.2673465248202
-23.267405666390562
-23.26746768874957
-23.267531636255587
-23.267623737545268
-23.267697120989492
-23.26777667236138
-23.267861868576333
-23.267935165007046
-23.268021248593783
-23.268082291654217
-23.268141519683383
-23.268191342074108
-23.26826348207966
-23.26831377896373
-23.268360286533984
-23.268411506432074
-23.26846199564524
-23.268530719411253
-23.26857704729587
-23.268631698197115
-23.268705483466434
-23.268738964106568
-23.268805538107745
-23.26884930612034
-23.268911779524718
-23.26897738202784
-23.269028710903992
-23.269080167252106
-23.26913265412546
-23.26918419949216
-23.269221016998415
-23.269290728660824
-23.269323472274202
-23.26937902624994
-23.269434755709103
-23.269485913395393
-23.26957724262228
-23.269656130919117
-23.269717062656667
-23.26977830159907
-23.269832745954247
-23.269917717430936
-23.269956663975098
-23.270035107344476
-23.270078953893805
-23.27014267394211
-23.27024992319716
-23.270323054096195
-23.27043484974837
-23.270530566357145
-23.270626564814563
-23.27073088274254
-23.270877716237507
-23.271014512522207
-23.27118240398372
-23.271337054795307
-23.271511249761502
-23.27163967836446
-23.27179951238381
-23.271977467905476
-23.27211303700746
-23.272322622953723
-23.272568178433907
-23.27278946191594
-23.272964762839287
-23.273151614991516
-23.27339725578951
-23.273653136830852
-23.273894621955055
-23.274139073082736
-23.274336963124192
-23.274576438131707
-23.274821336819357
-23.274982455331354
-23.27513524014318
-23.27532134527092
-23.27546676758911
-23.275653301296177
-23.275857899633543
-23.276038330151643
-23.276217255939923
-23.276460118264122
-23.276613619156315
-23.27678375514696
-23.276999411785525
-23.27717548659856
-23.27732163446945
-23.27761789042421
-23.277746628593512
-23.277919425695668
-23.278090636678797
-23.278315771088113
-23.278448469101786
-23.278584054053375
-23.27873342532724
-23.278897523675155
-23.279047862645474
-23.279184931071924
-23.27931992544682
-23.27947450553317
-23.27970365944412
-23.279820789088408
-23.27999183922679
-23.28002511292936
-23.280299440010833
-23.28041011372008
-23.280531861243134
-23.280698908497815
-23.28082056198412
-23.281038471782644
-23.281157986233154
-23.281305728208057
-23.28143029271923
-23.281552247474732
-23.281709320680907
-23.28181749198117
-23.28189041643204
-23.282042813254648
-23.282086483579718
-23.282183399701726
-23.282279258952535
-23.282346126777515
-23.282467056253086
-23.282521259190197
-23.28263068508213
-23.28270858819478
-23.282811917897135
-23.28287720330752
-23.282932267838135
-23.283022067134787
-23.28307904294599
-23.283169087457345
-23.283246441715868
-23.283308190817184
-23.283376206359947
-23.283420357469826
-23.283487031550845
-23.28355525619949
-23.28360408583919
-23.283724017507772
-23.283788742288188
-23.283856419913214
-23.283929798154706
-23.284006458329202
-23.284091219393332
-23.284165736962095
-23.28424436627838
-23.284302380035353
-23.284373638151237
-23.28444012695091
-23.28448473018658
-23.284560514412696
-23.28463102154271
-23.284700039061974
-23.284774973416418
-23.284832363734125
-23.284905650868083
-23.28495934353311
-23.28499960605997
-23.285057141575944
-23.285089842206474
-23.285127772911967
-23.285169903887635
-23.28520512703011
-23.285291351631496
-23.285333060325915
-23.28538831789418
-23.285440395958567
-23.285492102277672
-23.285560138333835
-23.28562492564801
-23.28569128585459
-23.285748234005936
-23.2858078021028
-23.285864483341093
-23.28591600933212
-23.285985753310435
-23.286065086922406
-23.286163625971067
-23.286252035166356
-23.286317700874932
-23.28639292878132
-23.28644538545324
-23.28651335143213
-23.286561241205185
-23.286609560701486
-23.286714317019744
-23.28677811029828
-23.286836380726655
-23.286887607499303
-23.286923700860928
-23.28696965428415
-23.28704824894447
-23.287086884291547
-23.287135870597353
-23.287199676587946
-23.287224563252234
-23.28728013815341
-23.287302456462104
-23.287357400294226
-23.287386412560807
-23.287415247941347
-23.287464733656584
-23.287475659053577
-23.287547975874794
-23.287567943532572
-23.287597584129134
-23.287629224709438
-23.28767084458545
-23.28770891870584
-23.287743714425677
-23.28777025219665
-23.28780268662823
-23.28783396229408
-23.28785744921864
-23.28788375770271
-23.287902601564586
-23.287924468480014
-23.287939335588337
-23.287955392017423
-23.287984833588396
-23.2880011479621
-23.28802384151967
-23.28803816589687
-23.28805615705121
-23.288081512928844
-23.288107364626278
-23.288121898322107
-23.288139968470876
-23.288154337434776
-23.288173765955452
-23.288195290460667
-23.288215938308554
-23.288226880036316
-23.28826699703362
-23.288283098421164
-23.288302152338378
-23.288336491642223
-23.28835567166253
-23.288382123833372
-23.288404326383795
-23.288426593043777
-23.2884448266936
-23.28847012366106
-23.288488054068054
-23.28850159985629
-23.28851854883876
-23.28853359343361
-23.288549362611203
-23.288571771035272
-23.28858605456776
-23.28861121379536
-23.28863299187974
-23.288657416900897
-23.288677365151074
-23.288694095034092
-23.288718505712247
-23.28873391703725
-23.288754834200088
-23.28877668490531
-23.288800872282884
-23.288820609542572
-23.288845388942057
-23.288867382154336
-23.288886177348573
-23.288910606774245
-23.288928000513103
