500 iters for seed 111 on ER0.3 which is in the 53.696441650390625 percentile
 Maxcut: 30.0, MedianCut: 20.0
-19.516856343771355
-19.534967337644392
-19.609288476292107
-19.68863376893923
-19.753769743867146
-19.81061215872976
-19.86337487678637
-19.906039957014258
-19.931416948389966
-19.95245664688984
-19.970483983415164
-19.983722855631115
-19.99391888232413
-20.00558658253916
-20.01459569713567
-20.021581225465304
-20.02938050249
-20.037059308331095
-20.04266182441203
-20.048485584223123
-20.05368950710562
-20.059069127199443
-20.064182268900094
-20.070563315571782
-20.0760986476244
-20.07963095043179
-20.083477250641607
-20.086603100008837
-20.08937106654915
-20.091879438106705
-20.094920421583314
-20.097937440326888
-20.100421800317143
-20.102787965150508
-20.105017014079387
-20.107722987483825
-20.110839816823617
-20.113933576700873
-20.116801310012697
-20.11782609995327
-20.120666713418323
-20.122521176865746
-20.124103860768415
-20.12613544185423
-20.128552470905014
-20.130446836223474
-20.132842066099933
-20.13501804555841
-20.137368483392006
-20.139649934453857
-20.141603653966893
-20.143297954707087
-20.145195285121574
-20.146782387341368
-20.148299807295963
-20.149849391837485
-20.151341297045487
-20.15269554609223
-20.154289481812505
-20.155217830594587
-20.1562844318697
-20.157529599952884
-20.158463903538184
-20.159646738472667
-20.16079337535744
-20.16157799079257
-20.16228898351219
-20.163220563082827
-20.164058353672768
-20.164925468399588
-20.16562117615749
-20.166423016556482
-20.167225373977985
-20.16812835221338
-20.168972614198687
-20.169729120283904
-20.170318538790305
-20.171286705422503
-20.171691453786302
-20.172152682375753
-20.172666285096465
-20.17318097139561
-20.173719523569464
-20.174200215804245
-20.17464364159409
-20.175352733719706
-20.1758021255863
-20.176325510849157
-20.177156246246774
-20.177669161364097
-20.178228116317154
-20.178728115668957
-20.179074633252053
-20.179493798323705
-20.180023472994108
-20.18039126773664
-20.180868194845743
-20.18138601714539
-20.181763187419293
-20.18224421538975
-20.182402547832048
-20.183078676871443
-20.18329678916975
-20.183639928106984
-20.18408922213344
-20.184415535387995
-20.184930773690432
-20.185280438411368
-20.18558329237952
-20.185852949893835
-20.1860723951118
-20.186452827828433
-20.186695033370007
-20.186993037886246
-20.18739095192293
-20.18772629863069
-20.188092722256524
-20.18849144651747
-20.188799963951073
-20.189064010428545
-20.189444772436712
-20.189784609009955
-20.190172815314952
-20.190512426227684
-20.190804607271488
-20.191072905566944
-20.19150052475301
-20.191865759737347
-20.192133786215816
-20.192584566913734
-20.192751877238557
-20.193197066092353
-20.193538331714038
-20.193834700152056
-20.194333356082712
-20.19455994044005
-20.194885479766533
-20.195138336276457
-20.195459500453534
-20.195762547395688
-20.196091637846525
-20.19633969705688
-20.19659045907963
-20.19686600508562
-20.197130318526163
-20.197340784938284
-20.197641090812922
-20.197810866889938
-20.198027955716697
-20.198183430437243
-20.19851057632775
-20.198714016902116
-20.198935754719244
-20.199335061808597
-20.19959079005631
-20.200035194220177
-20.200316047167483
-20.200565646175026
-20.200764140553744
-20.200956279170153
-20.201242788264285
-20.20143829062942
-20.201623351421592
-20.20194141975383
-20.202093322953104
-20.202260837877052
-20.202526691702488
-20.202701996620583
-20.202905631738574
-20.203213955426076
-20.203514272357225
-20.20364208097054
-20.20398962976745
-20.204075898099116
-20.204316006009535
-20.204447115637702
-20.204625337296132
-20.20489665397733
-20.20510039170899
-20.205420857374776
-20.20558973053533
-20.205726607042827
-20.205836922356873
-20.206002522577954
-20.20611952754042
-20.206249622865858
-20.20640115268766
-20.206487345668698
-20.206602236746416
-20.206681779990056
-20.20679510518367
-20.206923153804194
-20.207011332675304
-20.207117385181125
-20.20722176684461
-20.207323454264547
-20.207398547888367
-20.207483778394277
-20.207560123308173
-20.207628562545214
-20.2076959888438
-20.207753016542917
-20.207821115263982
-20.207915109861972
-20.20796815795574
-20.20804791439849
-20.208133676451155
-20.208226702207597
-20.20828089912401
-20.208345055288724
-20.208399888674734
-20.20846380010736
-20.2085798974861
-20.208629336362527
-20.20869902485431
-20.208794488668552
-20.208854746720718
-20.2089533143388
-20.209062802604297
-20.209116653329875
-20.20917940478773
-20.20924735543454
-20.209321439864958
-20.209373689381188
-20.209410270190297
-20.209455710208942
-20.209532875289636
-20.20959478216456
-20.20963041479873
-20.209679834458626
-20.20973075286164
-20.20980091699942
-20.209858125473303
-20.209896889248913
-20.209946837485457
-20.20996752251801
-20.21002434987588
-20.21005978424118
-20.21009478118368
-20.21016836362527
-20.210211419376023
-20.21028206808889
-20.210332138080386
-20.21038045376408
-20.210418002305197
-20.210449673914773
-20.21048172807391
-20.210510899073427
-20.21054121056192
-20.21057093551113
-20.210596739451113
-20.21062019699798
-20.210659654038132
-20.2106823923267
-20.21072034743205
-20.21075451895379
-20.210772688912158
-20.210797678702495
-20.210820400219454
-20.210855233784766
-20.210878856328904
-20.21090470648935
-20.210929655219424
-20.21095064752052
-20.210974029471966
-20.21099758867423
-20.21102389812596
-20.211051151678156
-20.211084386664208
-20.21110733501568
-20.211132898342754
-20.21115320508662
-20.211176797744272
-20.21120351186859
-20.21123384568137
-20.211252218595693
-20.21127101390451
-20.211290504467588
-20.211317113414736
-20.211342783397328
-20.21136474843886
-20.211378893525897
-20.211405925901584
-20.211420160068062
-20.211436286889846
-20.21145444942062
-20.211469253683205
-20.21149389239286
-20.211519751662085
-20.211534232245764
-20.211550595579666
-20.211569204482828
-20.21159387805467
-20.211616609003606
-20.211642961154475
-20.211659421528438
-20.211687710498833
-20.21169194610389
-20.211729001319725
-20.21174605242937
-20.21176897253097
-20.211800213479016
-20.211816394381096
-20.21185186597392
-20.211878916032383
-20.211921937864584
-20.21194910937245
-20.211989835715094
-20.212039383824525
-20.212077129449654
-20.21216585370645
-20.21220163344601
-20.212273134909374
-20.212346243360745
-20.21241918167717
-20.21249373086491
-20.212558747434073
-20.212634846622745
-20.212731550121088
-20.212818327907414
-20.212996272645782
-20.21302266259884
-20.213170140852945
-20.213279954223154
-20.2134593009717
-20.21358687175472
-20.213766731524814
-20.21388796675539
-20.21397358799287
-20.214070312043216
-20.21419446917363
-20.214287878999485
-20.214380254302505
-20.214462969952642
-20.214567774542182
-20.214641448520247
-20.214702891069997
-20.214834804865877
-20.21486797515614
-20.214992239751986
-20.215031317196406
-20.21509622745692
-20.215144517608728
-20.21522396529577
-20.21526769510272
-20.21531839063703
-20.215382342150946
-20.215449497222256
-20.215512589946506
-20.215587580372098
-20.21564442594231
-20.215704616933266
-20.215791885400005
-20.21582786963518
-20.21589196814202
-20.215926816671182
-20.21600239611079
-20.21604049600937
-20.21608486648772
-20.21610994597539
-20.21616896367545
-20.216207850297582
-20.216242436695616
-20.21630772347953
-20.216344324205526
-20.21641257619442
-20.216458226642718
-20.216501452126934
-20.216532999397828
-20.21655955552999
-20.216608684575615
-20.216645282122954
-20.216699160386543
-20.21672987205494
-20.216759657122424
-20.216792375402772
-20.216830988906008
-20.216867036944027
-20.216923488374913
-20.216948613818797
-20.216983196209057
-20.21700666312509
-20.217052121074445
-20.21708848316236
-20.217114067916835
-20.217167634565666
-20.217206025052977
-20.217268151997132
-20.217314927808296
-20.21736413534177
-20.217410169514714
-20.217459631676263
-20.217525677036313
-20.217585780404136
-20.21764441611066
-20.21770903336727
-20.217760164616166
-20.217821354907393
-20.217904942160153
-20.217959826718754
-20.21801995024751
-20.21812745711286
-20.21816456212342
-20.21823098381875
-20.218259662759586
-20.21830942846671
-20.21832241188407
-20.218386827679854
-20.218409707915917
-20.218442075102047
-20.218491642053003
-20.21852217677327
-20.218564309347137
-20.218591139144173
-20.218627382292688
-20.218666730738533
-20.218708745288144
-20.218746663704934
-20.218779397180043
-20.21882145590299
-20.218865283133148
-20.218912177877925
-20.21895441840187
-20.218995933903475
-20.219026328592605
-20.2190637130467
-20.219117507124235
-20.219147076388857
-20.219179783725693
-20.219226225888804
-20.219260912671793
-20.21930540020791
-20.219347395034983
-20.219388322887475
-20.219423009840625
-20.219463214994402
-20.21950175634253
-20.219551308104016
-20.21958975601188
-20.2196389080495
-20.219674952520563
-20.21973333232749
-20.21977054303248
-20.219806452503413
-20.21985007875643
-20.219903913937216
-20.21994005649396
-20.219974055179634
-20.220017685070417
-20.220036290062822
-20.220074567444367
-20.22009059647015
-20.22011512619433
-20.220138529954962
-20.22017251461647
-20.220193670395858
-20.220217407075264
-20.220250419456256
-20.220266955099618
-20.22029794649915
-20.220321723059538
-20.220350131954206
-20.220368549662844
-20.220392017676886
-20.220415006803115
-20.22043390404466
-20.220451979916227
-20.22047732536637
-20.22049483624464
-20.220512179476728
-20.220545582054864
-20.2205628477572
-20.220582920653214
-20.22060037494818
-20.220618697035846
-20.220631167737828
-20.220654132282206
-20.22066520791855
-20.220675974943866
-20.220694496093635
-20.220704847698318
-20.22072179575552
-20.220733315778894
-20.220745034887344
-20.220757291029763
-20.220778118058874
-20.220791502764822
-20.22080758692327
-20.2208308125762
-20.220843303247015
-20.220864816512748
-20.22087888143662
-20.22089490752273
-20.2209189113723
-20.22094309912869
-20.220961387136054
-20.22098131729567
-20.220997230417773
-20.221026345450497
-20.2210506755523
