500 iters for seed 157 on ER0.3 which is in the 98.82431030273438 percentile
 Maxcut: 30.0, MedianCut: 21.0
-20.51046567452002
-20.51359378905173
-20.52508383159122
-20.54931947261323
-20.701266018063407
-20.73865562044754
-20.785313669899267
-20.830034191775123
-20.85856113452543
-20.898988077173343
-20.92529916666131
-20.943645200703227
-20.961350487715386
-20.97753374015999
-20.99274252897405
-21.007405744677207
-21.022542644948597
-21.0357070429006
-21.045337943334086
-21.055738482700768
-21.066014669597745
-21.075634621902047
-21.082710668526815
-21.090697456628845
-21.095775028433284
-21.10214086749354
-21.10765255720281
-21.112597695121664
-21.1176300374066
-21.121316069839985
-21.125835047215137
-21.129081984254444
-21.13201666001573
-21.133812407060535
-21.137535339522977
-21.13899281024724
-21.140795680517616
-21.142176679672772
-21.143652571442374
-21.14441723891304
-21.145307815173233
-21.14637884977299
-21.14752760376192
-21.14841061376486
-21.14937520002852
-21.150523025805445
-21.15183228549449
-21.153320278985767
-21.154448574881343
-21.156047478522623
-21.15778009257827
-21.15934077290484
-21.160461433121643
-21.16168374291623
-21.162691879423974
-21.163744161910323
-21.16482766432262
-21.166044637939237
-21.167202872425527
-21.169046274285257
-21.170215418178387
-21.171491506307717
-21.172513176808405
-21.173921153750328
-21.175089345896282
-21.17614751456426
-21.177125334645286
-21.179054061802592
-21.180255613174957
-21.181515755691798
-21.18293520469325
-21.18490772765394
-21.186314143393858
-21.18767980548727
-21.188769044193872
-21.18979321843039
-21.191395405122844
-21.19225626414597
-21.193362340358977
-21.194454116979458
-21.195246568360652
-21.196145714182272
-21.197092097511913
-21.197644230653005
-21.198222747753594
-21.198921085864033
-21.199644451350203
-21.20035953834301
-21.20100801753612
-21.201706744733627
-21.202391733323203
-21.20287483574816
-21.203423699335183
-21.204019688516425
-21.204613774036993
-21.2051904849499
-21.20571875386495
-21.20633863100814
-21.206933464717654
-21.207519845238465
-21.20812264362997
-21.208552417320576
-21.20921377932016
-21.209559414012773
-21.210091023009216
-21.210535624139542
-21.21117012290982
-21.21144473988255
-21.211811722423057
-21.21208538989584
-21.212492152606124
-21.21277544810678
-21.213037411916684
-21.213304649525668
-21.213664720931124
-21.213912906881557
-21.214179568960787
-21.21445640832413
-21.21480657393559
-21.215039685018642
-21.215287031856498
-21.21547307565465
-21.215767764373844
-21.216006750454348
-21.21621211384995
-21.216585568313988
-21.21678232541412
-21.21698813146962
-21.217151008403572
-21.217321603005878
-21.217520911841287
-21.21770260366091
-21.217871738151963
-21.21799786667155
-21.218129250174314
-21.218276555977567
-21.218348254389383
-21.21846774458005
-21.21854231306803
-21.218622107384647
-21.218763957609475
-21.21885569493739
-21.218960327392814
-21.219042359047272
-21.219131470548817
-21.21923477478805
-21.21934509393324
-21.21942616067064
-21.21948892410104
-21.21960487935946
-21.21970921161226
-21.219832499289218
-21.219930049244958
-21.220026496141504
-21.220104774683996
-21.22019164232875
-21.220268058988076
-21.22033850926361
-21.2204130959937
-21.22048483449196
-21.220544575473443
-21.22062135548051
-21.220653780477452
-21.220743865552993
-21.220785366581808
-21.220834449824082
-21.22091952134039
-21.22098892597728
-21.22104616522136
-21.22109469289199
-21.221149507262627
-21.221199010303934
-21.221268633286883
-21.221301292283606
-21.22134399652669
-21.221406290545495
-21.22145551532967
-21.22151054045813
-21.221557104629774
-21.221605427724704
-21.22164686500524
-21.22173356618464
-21.22177207107931
-21.22182241160036
-21.221878853931848
-21.22194410708225
-21.22200158229814
-21.222044800511288
-21.222090871341997
-21.222143471288575
-21.22219005261512
-21.22222225132669
-21.22229309694774
-21.22233845135663
-21.22239322147349
-21.222466319972845
-21.22251826097476
-21.222586976021095
-21.222635962173843
-21.222694111476315
-21.22276640677986
-21.222843149102516
-21.2229184205048
-21.222972979434545
-21.223021711887938
-21.2230945276074
-21.223124012416854
-21.223178545986737
-21.22321551767198
-21.2232558831766
-21.223326739982642
-21.2233674018914
-21.22342659586879
-21.223474913310394
-21.223538310076087
-21.22358556234082
-21.22364553175877
-21.223699625806212
-21.223741757944783
-21.223808091632318
-21.22389523861046
-21.22394665676929
-21.224009161530496
-21.22405195256588
-21.22412118217032
-21.224177489185127
-21.224216472712605
-21.224311966426654
-21.224350892404093
-21.224424836040836
-21.22447797277384
-21.22453809796782
-21.224589840879197
-21.22462971309556
-21.224688457311846
-21.224737257035873
-21.224793829651887
-21.224846054658876
-21.224903555548217
-21.22493189255398
-21.22499080728297
-21.22501179792112
-21.225073001188225
-21.22511589653185
-21.225162418820403
-21.22523725718161
-21.225277331540738
-21.225351901293614
-21.22540328500679
-21.225458423052373
-21.2255043474454
-21.225547307850995
-21.225615899871407
-21.225658534271496
-21.225715131052464
-21.225756395983222
-21.225820192119567
-21.225857149686508
-21.225907625006446
-21.22596205023854
-21.226039997397173
-21.22608779259793
-21.226142060812638
-21.226200334001962
-21.226271583809343
-21.226329239558737
-21.226376367494197
-21.226426284054806
-21.22647596760063
-21.2265307132204
-21.226567296583966
-21.2266064646969
-21.22666060445025
-21.226688899186648
-21.22671987806849
-21.226782563101246
-21.226814356313724
-21.226851022829642
-21.22692289059557
-21.226969553562142
-21.227044409730475
-21.227106976419364
-21.22717584602928
-21.22723534259824
-21.227293915681795
-21.22734682153865
-21.22739379771311
-21.227439799554784
-21.227489748726395
-21.22755646007268
-21.22762842952605
-21.227691479323703
-21.22776029207409
-21.227806484508413
-21.227884286073127
-21.22793245078381
-21.227992937909526
-21.22807809120633
-21.22815502320044
-21.228211775104842
-21.22827945294648
-21.228329314570285
-21.22839482696759
-21.228494515931594
-21.228549382372023
-21.22861094620881
-21.22872425038694
-21.228783420493215
-21.22886078994832
-21.228932665999906
-21.22900532962382
-21.229068481489506
-21.229169472674023
-21.229241955212967
-21.229308118813087
-21.229387721348335
-21.229453358009255
-21.22957459292523
-21.229661769715005
-21.229754025705486
-21.22987202954229
-21.229966752799378
-21.230093196005356
-21.230215614805676
-21.230315625692498
-21.230453663481093
-21.23057066977702
-21.230756474990898
-21.230901805273533
-21.23103727182976
-21.231173369361567
-21.231398159596516
-21.23159025409845
-21.23176911673669
-21.232041437333717
-21.232280125497255
-21.232456925428856
-21.23266062404027
-21.2328246083996
-21.233026494518377
-21.23325036284571
-21.23337803871813
-21.2335314288349
-21.233673008490346
-21.23378588856631
-21.2339048594581
-21.234104279752145
-21.234199152168312
-21.23428215172723
-21.234406053863115
-21.234548714335418
-21.234660461353982
-21.234770127579772
-21.23485296261791
-21.234941000363243
-21.235051661054715
-21.23512906569841
-21.23520527123452
-21.235304075705816
-21.235393490848846
-21.235483366996466
-21.23562269256354
-21.235705746722886
-21.23579609777966
-21.235871664356466
-21.235943673090397
-21.23602865103124
-21.23607881129447
-21.23612266327166
-21.23621159003883
-21.23625659628317
-21.236299656525055
-21.236395415048126
-21.236420517165506
-21.23646073022178
-21.236519449605943
-21.236554336820884
-21.236624202621748
-21.236669594173332
-21.236714917678505
-21.23676000604234
-21.236805463788084
-21.236852517642475
-21.23689570128212
-21.236929687862606
-21.2369665440635
-21.23701486820516
-21.237053909697018
-21.237087880911794
-21.2371318977475
-21.237166465411434
-21.237210116429605
-21.237242894843824
-21.23727533503073
-21.237302690770896
-21.23733209745418
-21.237357155219673
-21.237385726718905
-21.237415428068324
-21.237442721735267
-21.237464382564262
-21.23749124445536
-21.237506962286332
-21.237552248275477
-21.23756799245745
-21.237588017978993
-21.237610016424775
-21.23763689825199
-21.237657765005174
-21.23767806764163
-21.23769054758033
-21.237709645295684
-21.23772160704116
-21.237734024307844
-21.237755064024768
-21.2377709008596
-21.23778310942501
-21.237796490735608
-21.23781077639415
-21.237829086579115
-21.237852057381346
-21.23786651169207
-21.23788530779565
-21.237911372347142
-21.237935582781105
-21.23795764403548
-21.23797956464903
-21.237995396916773
-21.238021106518893
-21.238042962822234
-21.238067217103534
-21.2380839448429
-21.238106077605657
-21.2381290788136
-21.238150969677957
-21.23818735270319
-21.238216807981054
-21.23825433556567
-21.238284221608026
-21.23832617775541
-21.23834923389795
-21.238402036730886
-21.23843512721628
-21.2384883264931
-21.238538625342716
-21.238579086291363
-21.238652760547005
-21.23869561670703
-21.238773366710927
-21.238837449084098
-21.23891225226782
-21.238968722967844
-21.23902133724774
-21.23909984780762
-21.23915138179422
-21.239217446083124
-21.239273580090384
-21.23932306560094
-21.239352533117263
-21.239395168004172
-21.239436266046418
-21.239482518884987
-21.239523093522166
-21.23957537288489
-21.239627755085117
-21.239674676442377
-21.239747190409318
-21.239810534501206
-21.239872292653608
-21.23993809507819
-21.240000841479862
-21.2400502823313
-21.240107317485872
-21.240169375188454
-21.240244046742262
-21.240296786449974
-21.240350869361464
-21.24040859167877
-21.240462363751732
-21.240507571162553
-21.24055304776264
-21.24060994845075
-21.240673099721974
-21.240731356766656
-21.240799215866005
-21.24084736848176
-21.240890129111147
-21.2409545456103
-21.240994177526932
-21.24103305461918
-21.24110443572949
-21.24113996007323
-21.241186465236897
-21.24126233008892
-21.24129146665389
-21.241323512446527
-21.241379287851707
-21.24141310889581
-21.241470858415973
-21.241525609006697
