500 iters for seed 182 on ER0.3 which is in the 41.242218017578125 percentile
 Maxcut: 24.0, MedianCut: 16.0
-15.530065239862415
-15.666901103739526
-15.71491385064758
-15.855766904538813
-15.90727474770486
-15.951466767343383
-15.991042511827661
-16.01945046934195
-16.04519892651747
-16.072509881459805
-16.086561852778303
-16.117246487744435
-16.134585297477784
-16.151451336096063
-16.165704087827837
-16.17574863437449
-16.182649051741638
-16.191469046073784
-16.19754779047842
-16.205205961410503
-16.21122335387736
-16.216466837474538
-16.22458853090797
-16.230753020039305
-16.23747443899617
-16.242156335632487
-16.247315319778792
-16.25240569053895
-16.25693267695138
-16.262754589084928
-16.266493173213426
-16.271352766205847
-16.27620441917492
-16.279270288016228
-16.283308151051692
-16.28603082207929
-16.288591827579417
-16.290933417457477
-16.29330951635646
-16.295374398965404
-16.297480159796486
-16.299291472503533
-16.301845856535884
-16.30306078604045
-16.305533198559317
-16.307378623015623
-16.309425883191956
-16.312891053150718
-16.315132432452543
-16.318664140678145
-16.321116062332173
-16.323323864741084
-16.325206053021898
-16.327954078447434
-16.329536633646455
-16.33198110137438
-16.33378403292123
-16.335333959876777
-16.337449993782602
-16.339467703791424
-16.34095197433239
-16.341982848038292
-16.34374560431211
-16.345377346943877
-16.34705230091514
-16.348203519532746
-16.3494022836318
-16.349887613210775
-16.35176205578977
-16.352390187805042
-16.353389859771866
-16.354364823445
-16.355164161737562
-16.355757139608265
-16.356302408882797
-16.356941002307302
-16.357695732113548
-16.358414089680707
-16.359081534610958
-16.35970634252162
-16.360509344065782
-16.36106522777727
-16.36163203261668
-16.36224870593825
-16.362643692758123
-16.363074441398936
-16.363915919561936
-16.364244060718853
-16.364715658628135
-16.365224757486452
-16.365776726785622
-16.366676658742783
-16.3674531084548
-16.368609107980017
-16.36955001920522
-16.370367009587987
-16.37096274300114
-16.371756731866462
-16.372346316327473
-16.37299641246697
-16.37388705691988
-16.374585527553208
-16.37527867452859
-16.375938948567086
-16.376401590310355
-16.37723519146665
-16.37788434447926
-16.378703562183404
-16.379324595815447
-16.379905986384628
-16.380526576702646
-16.381115040073627
-16.381597201633134
-16.38198427692513
-16.38243358224787
-16.38286769178012
-16.3832375817389
-16.383873244336552
-16.384186379735993
-16.384613569383166
-16.384922831631748
-16.38523103089613
-16.385786833751805
-16.386119288977184
-16.386426114783987
-16.38673918436829
-16.386847843068345
-16.387091438096753
-16.387266830581254
-16.387406112440033
-16.387678841832006
-16.38786117010382
-16.38815664643267
-16.388414715815454
-16.38864815133754
-16.38881134800061
-16.389020275575884
-16.38919433789075
-16.389366740055756
-16.38949246198694
-16.389709047003382
-16.38986579015117
-16.3900351189442
-16.39019364956343
-16.39035321494952
-16.390512780978984
-16.39062956937633
-16.390728812450345
-16.390945893146686
-16.3910588644114
-16.391195597907377
-16.391406527646424
-16.391523207335286
-16.391668888714424
-16.391824561954095
-16.391960361073863
-16.392095190740562
-16.392232867414414
-16.39240926894035
-16.392532247084468
-16.39260803977715
-16.392838242512596
-16.392906777132428
-16.393033017704287
-16.393108265487136
-16.393218979164477
-16.39332540082138
-16.393410879202683
-16.39349140935917
-16.393591156171247
-16.393696169928056
-16.39383534853793
-16.39396991260895
-16.39407961892774
-16.39420199604942
-16.39428494743253
-16.394352739213534
-16.394444994675865
-16.394504534424286
-16.394570932338635
-16.3946587904569
-16.394727354737796
-16.394824014219072
-16.394959343272376
-16.395044883379025
-16.395105962867028
-16.395155895315067
-16.395223573558866
-16.39528772185367
-16.395360469901036
-16.39540596011026
-16.39544348656178
-16.395490752214258
-16.395539092687287
-16.39558823591163
-16.395626607261597
-16.395680252362386
-16.395750983507632
-16.39578383636652
-16.395843251251865
-16.395882367017425
-16.395942845730453
-16.39599665405809
-16.396068873929092
-16.39611545256094
-16.396159429407682
-16.39622357510385
-16.396276825448197
-16.396326636858273
-16.39636207730746
-16.396412737123665
-16.39645457083758
-16.396556307970506
-16.396593727692114
-16.396649783169224
-16.396695821484172
-16.396768883255973
-16.396833669120387
-16.396880066004332
-16.396963083786872
-16.397013931990777
-16.397065517468654
-16.397107741323175
-16.39715724399804
-16.397215074977698
-16.397277704765294
-16.397311693452444
-16.39736353562719
-16.39740306321673
-16.397444851926995
-16.39749484459817
-16.39752502581098
-16.397550513170525
-16.39762244615821
-16.397641759049773
-16.39767212549628
-16.397720824446353
-16.397772573754867
-16.397821667208323
-16.397881202151368
-16.39794048204143
-16.39800378734357
-16.398063170936894
-16.398123878840757
-16.398181331539114
-16.398241071665165
-16.39830648509422
-16.398367659660575
-16.398419781817623
-16.398467535585905
-16.398505513465008
-16.39857861993184
-16.398596746639342
-16.398667095450552
-16.398700469791326
-16.398750559137813
-16.398816225596242
-16.398887382529182
-16.398943536643266
-16.399019330564183
-16.39906600098475
-16.399120120622673
-16.399196086035808
-16.39924621378789
-16.399338292876752
-16.399439958737087
-16.399536863287988
-16.399595830115242
-16.399656603129294
-16.399729759682746
-16.39981404666835
-16.399887619628327
-16.39995945901704
-16.400057450186463
-16.400162438518752
-16.40024100699349
-16.40031188360735
-16.400408472817745
-16.400523709312992
-16.400632981120047
-16.40073149150845
-16.400830516909824
-16.400945219156142
-16.401092299973058
-16.401194052925952
-16.40131261246026
-16.40139096944243
-16.40150728917546
-16.401588281052693
-16.401661273595256
-16.401746909641044
-16.401836520047034
-16.401948083456027
-16.40207052738518
-16.402135185415293
-16.402355251002483
-16.40243334277803
-16.402544213517444
-16.40270658514385
-16.402814164741265
-16.402968810217402
-16.403089680576343
-16.403210593306397
-16.403321580229743
-16.403402974147706
-16.403491229768996
-16.403583582326455
-16.40373409950169
-16.40389244838988
-16.40406594232072
-16.404251589561405
-16.40444077008738
-16.404656759516175
-16.404886875964742
-16.40509822800268
-16.40533555489425
-16.40555788677544
-16.405776750310473
-16.405961679763944
-16.40609216121282
-16.40622938710103
-16.406483551455402
-16.406638527588658
-16.406808968104457
-16.40702594800115
-16.40721712705505
-16.407379755381196
-16.407728826533027
-16.407890769589553
-16.40811630910342
-16.40824177359753
-16.40845422701816
-16.408637970484744
-16.408817416782853
-16.408989380696013
-16.40916482178685
-16.409345541161162
-16.40950436007412
-16.40960865400619
-16.409796285830417
-16.409915274611183
-16.410065976934572
-16.410226176880943
-16.410364271299095
-16.41050552667538
-16.410651252393958
-16.410735687032336
-16.41091408742394
-16.411048781024228
-16.411254618761163
-16.411360732497275
-16.411518379599052
-16.411655108167157
-16.41183123818125
-16.411932868351606
-16.41202995025284
-16.412104353371856
-16.412219932384314
-16.4123145482213
-16.41238915414055
-16.412484173794077
-16.412580360355125
-16.41275192617583
-16.412896442739203
-16.413053564147262
-16.413248926369004
-16.41337061725836
-16.4135886868034
-16.413636480205156
-16.4139041511999
-16.41400903066648
-16.414159782321253
-16.41425780609444
-16.41440644366566
-16.414611859564992
-16.414769401267613
-16.4149191792287
-16.41507214560412
-16.41520408867234
-16.415387883600015
-16.415437051823037
-16.415656019426606
-16.415745193405087
-16.41585741243741
-16.41598756812239
-16.416110881643956
-16.416210975134778
-16.4162787889944
-16.416372206005597
-16.41644106900287
-16.416622122150603
-16.416684792254774
-16.41679149240871
-16.416938448664258
-16.417085266738756
-16.41720350247036
-16.417366596297235
-16.417442748870325
-16.417546125245327
-16.417662160619766
-16.417762789195223
-16.41787867175075
-16.418020110721923
-16.418102099135663
-16.418197111406197
-16.418224684593138
-16.418349972270605
-16.41840135376482
-16.418463577765753
-16.418560056050072
-16.418657028034186
-16.418786900878462
-16.41884560332309
-16.41889074027147
-16.418968717733147
-16.419062265236406
-16.419116443699707
-16.419154392497134
-16.419213986641203
-16.41925848339566
-16.41931094180549
-16.419356659424977
-16.419393190230988
-16.41944265009947
-16.419492248517802
-16.419527438805577
-16.419560865750935
-16.4196013648182
-16.41965572419489
-16.41971597318706
-16.419770726432017
-16.419816601859
-16.419869556197252
-16.419916664026875
-16.419955205571963
-16.42000561200701
-16.420028581193172
-16.42007133888603
-16.420102648781775
-16.420127923919576
-16.42018213340489
-16.420219874666685
-16.42026149450171
-16.420292084996184
-16.420323973201207
-16.420362258880214
-16.420408733891485
-16.420443391767428
-16.420479605788632
-16.420519307804472
-16.42055303758422
-16.420578312220783
-16.420621055033408
-16.42064960016245
-16.420680496038482
-16.42073242897657
-16.42076682306425
-16.420810260404203
-16.42086280917534
-16.420894166840277
-16.42094830536138
-16.421001555828262
-16.42104644186791
-16.421075627413096
-16.421112499900165
-16.42114478211769
-16.421169591547773
-16.421199847931618
-16.42122215972006
-16.421251930447305
-16.421278082478707
-16.42130516383711
-16.421322418075025
-16.421367050943427
-16.421387272973536
-16.421409442316985
-16.42146132863691
-16.42146787564327
-16.421504434803843
-16.421523783092827
-16.421550937257443
-16.421585106332124
-16.42160156317098
-16.421630192418284
-16.421646455114846
-16.421668911689228
-16.421689312333072
-16.421710411671793
-16.42173168175318
-16.421752978750344
-16.42177613176395
-16.42180825964984
-16.42182332963611
-16.421846714784827
-16.421873097542136
-16.421901984197305
-16.421928876367353
-16.421940893974057
-16.421956777197913
-16.421973734634953
