500 iters for seed 16 on ER0.3 which is in the 29.262542724609375 percentile
 Maxcut: 31.0, MedianCut: 20.0
-19.51749530312063
-19.629929659278304
-19.683993104675668
-19.76239728718559
-19.816291450916335
-19.86221357944322
-19.881306445632948
-19.915387172386122
-19.943346387535893
-19.963738570469502
-19.98236095756011
-20.000299781295656
-20.01409339546115
-20.027877898047315
-20.03840152283162
-20.049094557480778
-20.05696763439281
-20.064123001679214
-20.07229972826834
-20.080282751998514
-20.086824200337695
-20.093273622657897
-20.099856722060558
-20.10588347922248
-20.110273841354047
-20.11480959423309
-20.119035519064422
-20.122371264019378
-20.125222610703723
-20.128162276584032
-20.131246117117122
-20.133796577830097
-20.136048348201356
-20.137693091153988
-20.139495776888843
-20.140997858354485
-20.14255139966012
-20.144111045587472
-20.145569343154
-20.147139374476943
-20.148894075799102
-20.150193006953558
-20.151811219308712
-20.153189886495554
-20.154807074891274
-20.156199768179366
-20.157722534371487
-20.15962431366707
-20.161837931706508
-20.163607169303802
-20.165569401346254
-20.167284468306875
-20.16882341770928
-20.17012051347297
-20.171393122758573
-20.172694814804974
-20.17407357646179
-20.175122445284803
-20.176071537042993
-20.177076028981983
-20.17796773374509
-20.178934805807405
-20.180053643595258
-20.18107252320318
-20.182212071520436
-20.183420130495797
-20.18447283025354
-20.185643831604033
-20.187160798226458
-20.188132441599898
-20.18921550101183
-20.190191489465946
-20.191140955913816
-20.191951023780845
-20.192985285679995
-20.193670303280918
-20.194322507368515
-20.195032246968182
-20.195866809895616
-20.196314665143227
-20.196882184575248
-20.197450801244372
-20.197956863453943
-20.198392745472503
-20.19884845497543
-20.19925264233723
-20.199640978332827
-20.200019124283862
-20.200341776680844
-20.200726591018988
-20.201076394508174
-20.201481724468543
-20.201806864406436
-20.202133552008483
-20.20238498878808
-20.202623610526516
-20.202836260627606
-20.20304309424391
-20.203228154111994
-20.203397231256183
-20.203608635150445
-20.20378231606402
-20.20398057644625
-20.20417896491244
-20.204425555213497
-20.20464690180688
-20.20485149909706
-20.205081863512383
-20.205300684315148
-20.205532042621243
-20.205702325503314
-20.205885903103272
-20.206029694084062
-20.206161580574733
-20.20631699529845
-20.206444023502
-20.206695606183438
-20.20686611233935
-20.207084775544317
-20.20726224423173
-20.207422434648173
-20.20756364465921
-20.207797735961023
-20.207896384771082
-20.208041555971818
-20.20817957093969
-20.208360769530536
-20.208515146205297
-20.20863847370635
-20.20877036568534
-20.208909480863944
-20.209071294178436
-20.209204627913863
-20.209376637836872
-20.209526874077742
-20.209697860833863
-20.209857146495665
-20.210035866327647
-20.210182918637095
-20.210305326035876
-20.210465237222643
-20.210664268669483
-20.210844303972088
-20.211019313413164
-20.211205679077597
-20.21146462279311
-20.21174991136705
-20.212082398156017
-20.21238478430536
-20.212677062283873
-20.213007397141844
-20.21326952272527
-20.213536767714768
-20.213885924804373
-20.214110769210926
-20.21437633680311
-20.214745824821613
-20.214918660490234
-20.21510372954199
-20.215372291755315
-20.21556664907122
-20.215736577374372
-20.21619279828639
-20.21638891230509
-20.216678444369585
-20.217005880412028
-20.217336578309094
-20.217587142426105
-20.217934744579082
-20.218216134053534
-20.218587033068047
-20.219057494876836
-20.21936129745865
-20.219603988986353
-20.220022632495027
-20.22023534855416
-20.220475657557515
-20.220751073058175
-20.220970241021284
-20.221264832868165
-20.22163039994648
-20.22183314471789
-20.22216857734015
-20.222278247659986
-20.22263590843937
-20.22278641279159
-20.222996122905265
-20.22331296893927
-20.223477704163965
-20.22373647199499
-20.223932603382146
-20.224131181346095
-20.22431396934926
-20.224503808490397
-20.224709012954552
-20.224836799153387
-20.225015341289694
-20.22516360092073
-20.22530052936204
-20.225423758491182
-20.22554041593085
-20.225660836617273
-20.225791143148424
-20.225906760897256
-20.226042756951156
-20.226185821747364
-20.226314346466943
-20.226451976199172
-20.226598817312592
-20.22672251410002
-20.226839999457525
-20.226947542274303
-20.227071827772065
-20.22714715880766
-20.227247394165403
-20.227340828311902
-20.227431627821918
-20.2275476068533
-20.227714688082777
-20.22779927441969
-20.227904025097978
-20.22799234021972
-20.22810328278127
-20.228191850966805
-20.22827803114196
-20.228346446091933
-20.228447950941398
-20.228525252566232
-20.228598034583804
-20.228703177055003
-20.22881318439636
-20.228884029548794
-20.229000794598083
-20.229072970242125
-20.229163878502355
-20.229276914028343
-20.229336844844138
-20.229370519192493
-20.229532395017046
-20.229578226499473
-20.229677539477386
-20.22979031258504
-20.229906903456776
-20.2299971960637
-20.23012991941056
-20.23023217201584
-20.230358780776452
-20.230517055947914
-20.230604560768505
-20.23069117891294
-20.230870705863037
-20.230974764390677
-20.23108918603605
-20.231289819221956
-20.231394383005664
-20.231589719470197
-20.23171910777271
-20.23189175872732
-20.232037702434408
-20.232163710817417
-20.232249635457894
-20.23244183208768
-20.23253363461295
-20.232657918772137
-20.23280732467133
-20.232980658785383
-20.233112831968235
-20.233268628799316
-20.233390268820756
-20.233498323069842
-20.23372357970658
-20.23383881647537
-20.233989086956385
-20.234307601703616
-20.23442792991409
-20.23457095124494
-20.234751207445864
-20.234850044949624
-20.235018179835308
-20.235157950584377
-20.23528010558993
-20.23545594192343
-20.23559149308496
-20.235743663385108
-20.23591945381027
-20.236056969005407
-20.236213130194436
-20.236460725242345
-20.23661141548598
-20.23676436613092
-20.23698213350786
-20.237112167775724
-20.23730240815782
-20.23743953014837
-20.23756007386134
-20.237657767206155
-20.23774274707916
-20.237849517225126
-20.237934033759228
-20.238011365373573
-20.238086437056484
-20.238156577034996
-20.238232404734486
-20.238316230534895
-20.238403916473974
-20.238507221187213
-20.238623097183854
-20.23873674212766
-20.23883866782046
-20.238959543009067
-20.23909065136939
-20.239244499438236
-20.239396176910073
-20.239546686795467
-20.239678838372043
-20.239786913928533
-20.239967046815295
-20.240071739173093
-20.24020469920187
-20.2403621502706
-20.240484077551088
-20.240519870461895
-20.240802922787577
-20.240881079948586
-20.240988104030116
-20.241112931819476
-20.241226923868314
-20.24132440525971
-20.241430231928387
-20.24153634132579
-20.24167111892699
-20.241785447994072
-20.241897921584485
-20.242009542621044
-20.242121071499426
-20.242215887805777
-20.242293704298383
-20.242364819320013
-20.242447033946416
-20.24252154941298
-20.2425727335584
-20.242635590300896
-20.242685383781918
-20.24277368446198
-20.24281841344775
-20.242872859446017
-20.24294757787424
-20.2430197147389
-20.243071027765208
-20.24314927115988
-20.243203845875552
-20.2432627704312
-20.24334496362697
-20.243393885615887
-20.243437339303938
-20.243538658385837
-20.243603763888363
-20.243646409426027
-20.243718781237988
-20.243795401685208
-20.24391257099985
-20.243983722608927
-20.244073197965527
-20.244145774610242
-20.244232780741385
-20.244337653884152
-20.244449680626087
-20.24456610248744
-20.24464003099308
-20.24471294690791
-20.244820733156615
-20.244891684224307
-20.24494659334025
-20.24502092390636
-20.245083364153803
-20.245180492504417
-20.245287859995035
-20.245348596019504
-20.245423860350307
-20.245480324579162
-20.245543547425257
-20.24566021069299
-20.245718328734775
-20.245763457806767
-20.245833409164874
-20.245898288806572
-20.24601458261874
-20.246082493904275
-20.246162431944146
-20.24620515769726
-20.246258179842822
-20.246313793401182
-20.246393448639264
-20.246442919730946
-20.24650270234976
-20.24657378232694
-20.246653735943248
-20.246700950164616
-20.246752427841017
-20.24679990598315
-20.246853037321028
-20.246937763703073
-20.246980443588793
-20.247031659198573
-20.247111337946198
-20.247162581175992
-20.247193312696837
-20.24732010619786
-20.247358244436356
-20.247415217206804
-20.247486910882873
-20.247566590513685
-20.24762953315216
-20.247696016198514
-20.247744436448315
-20.247807920532736
-20.24785449994076
-20.24789651404776
-20.247934658510395
-20.247989947449057
-20.248029292021393
-20.248060484283528
-20.24809896365213
-20.248130152084414
-20.24815148707996
-20.248193251146738
-20.248207714934743
-20.24823347018546
-20.248252486599334
-20.248282013260816
-20.24829941192603
-20.248317008984504
-20.248341897943227
-20.248366652126293
-20.24838563704566
-20.248408958345003
-20.24842637597508
-20.24845010317275
-20.248472137604903
-20.248498224376345
-20.248514498601352
-20.248545805044504
-20.248557593278594
-20.248588762536833
-20.24860918547583
-20.24863036077343
-20.248661319646914
-20.24867709870532
-20.248703048233462
-20.248721358088076
-20.248744520866392
-20.24876094097311
-20.24877997292316
-20.24879955649948
-20.24881256511101
-20.24882544894977
-20.24885135430119
-20.24886185226341
-20.248877997794985
-20.248894710576614
-20.248916868003725
-20.24893910748952
-20.248957292233143
-20.248976024921443
-20.24899056206577
-20.249010272172473
-20.249022443416123
-20.249044062426634
-20.24906346924832
-20.24907998226223
-20.24911198802484
-20.249126166864766
-20.249156913289
-20.249177779201723
-20.24920012046282
-20.249216047702767
-20.24922785064683
-20.24924367144323
-20.249255288904802
-20.249271924747564
-20.24928281769177
-20.249295027609122
-20.249305994764562
-20.249317098147117
-20.249333712432076
-20.249349290235674
-20.249359106780936
-20.24936990480339
-20.249379744906918
-20.249395759651645
-20.249406995988064
-20.24942343092186
-20.249432331225467
-20.2494458039124
-20.249454118214523
-20.249470574764047
-20.24947966630639
-20.24948858945068
-20.24950072364931
-20.24951306715485
