500 iters for seed 168 on ER0.3 which is in the 80.11703491210938 percentile
 Maxcut: 28.0, MedianCut: 18.0
-17.489536162282278
-17.53584201526141
-17.60064529950813
-17.658196205795523
-17.72958616795684
-17.795628356286617
-17.82357922843703
-17.85497773989223
-17.880417913624704
-17.901867777441424
-17.921632322830426
-17.940444201511156
-17.95540843638814
-17.970495400739246
-17.984645142732635
-17.99781251464139
-18.008562109158806
-18.017336620829216
-18.02394287513915
-18.030332471010226
-18.03612262096781
-18.0417404529896
-18.047053495987427
-18.050876812223322
-18.055164130334635
-18.05989649636281
-18.063521623351242
-18.067563290711533
-18.07151793663782
-18.074634833578546
-18.077599356045177
-18.080313165843034
-18.082669390785814
-18.085434884745574
-18.087808435068567
-18.090285073630376
-18.092827029318162
-18.095042480540506
-18.0975501670149
-18.100063091257226
-18.10253981166766
-18.104535368271428
-18.106702286160456
-18.108123025128535
-18.109562630265714
-18.11125948954941
-18.112637284343016
-18.113925450927994
-18.115694013999395
-18.117533399834493
-18.11923883158247
-18.1208306050065
-18.12218993095285
-18.12344393447571
-18.124479545942904
-18.125407041502605
-18.12641992615245
-18.127332500295093
-18.128236858054493
-18.129169643131377
-18.129989643025052
-18.130741921964223
-18.13150384330587
-18.13242552618806
-18.13342058577949
-18.134370629194695
-18.135440513981102
-18.13638565923867
-18.137303519776022
-18.138270021497817
-18.139068321871022
-18.13995630508699
-18.140812553184162
-18.14160725445901
-18.142185784942136
-18.143056468736926
-18.143442748839085
-18.14413348767696
-18.144700030790474
-18.14533057045832
-18.146331769015855
-18.147043357365042
-18.147901482858458
-18.148615400636103
-18.149217163864574
-18.149982886671182
-18.150615420823996
-18.151210127518603
-18.15190966951641
-18.152723554345748
-18.153578096085873
-18.154378497994273
-18.15494078244021
-18.155681436047516
-18.156437969388215
-18.157051358923606
-18.157596271831878
-18.15807386497568
-18.158480411893827
-18.158816175984484
-18.159329070404773
-18.159639477351462
-18.160079346789004
-18.160429886628712
-18.160811359256996
-18.161368637517384
-18.161777176600445
-18.16211522684919
-18.162443035867057
-18.162768126348023
-18.163182787812737
-18.163564289270013
-18.163908595111355
-18.164159874718656
-18.164438102459954
-18.164724686153455
-18.164980353107417
-18.165245723443128
-18.16547311957301
-18.165718768826597
-18.165900614524674
-18.166110075539308
-18.166308961481416
-18.166461248728304
-18.16661871003458
-18.166866242349002
-18.16699443192205
-18.16713696390204
-18.167281974561348
-18.16739686409035
-18.167514006717276
-18.167739065977035
-18.167856619705418
-18.168022506968907
-18.16825187027986
-18.168472589206004
-18.168660402099356
-18.168902828748795
-18.1690910356546
-18.169377862226227
-18.169628689307196
-18.169875149103348
-18.170095097112103
-18.170330871987442
-18.170595498512775
-18.17081314924965
-18.171046433517688
-18.171273032220533
-18.171532789332424
-18.17173019070215
-18.171948558308642
-18.17225703633145
-18.172536491452043
-18.17275941575717
-18.17303398812637
-18.17318225940103
-18.17339819372714
-18.173562632841133
-18.17370149186909
-18.173825928394585
-18.17406642372145
-18.174168379912448
-18.174295418613646
-18.17444645876554
-18.174601386114826
-18.174707642967945
-18.17484955190288
-18.174948978182556
-18.175065012389457
-18.175199518353047
-18.17527450252711
-18.17535689733893
-18.175526344910473
-18.175611906096435
-18.17569139606805
-18.175855963433445
-18.175978323744907
-18.176097224324987
-18.176357331164247
-18.176478752711276
-18.176671539689153
-18.176786732256577
-18.17704534983791
-18.177185399739216
-18.177343193756034
-18.17755717927733
-18.177773419171153
-18.177946252184597
-18.17819164049253
-18.178316431694057
-18.178477642540223
-18.17871931204395
-18.178875351991728
-18.179048112561496
-18.179399286147813
-18.179538109304573
-18.179796287664704
-18.180024189848893
-18.18028986599791
-18.180488730424155
-18.18069108506608
-18.180929272133355
-18.181198534295632
-18.181437041997164
-18.181618161683595
-18.18182802720133
-18.182034865280574
-18.182187424370134
-18.18238056534866
-18.182606183136553
-18.182854568862705
-18.18321227009043
-18.183430115722842
-18.183664694053952
-18.183977835940887
-18.18422701131278
-18.184562026773634
-18.18484949059369
-18.18513529442603
-18.185377342057663
-18.18560562311297
-18.185789327041523
-18.18594357218664
-18.18610107456719
-18.186307307322622
-18.18651445184361
-18.186719398064877
-18.186906618071504
-18.187050583864018
-18.187179882887417
-18.187299824705292
-18.187393530635056
-18.187487943721088
-18.187565441470802
-18.187636158677854
-18.187717302678337
-18.18778832606672
-18.187859366295577
-18.187918184487987
-18.187993493465324
-18.18805555824729
-18.188110920340378
-18.188166087126334
-18.18823458215222
-18.188297074986153
-18.188356234514792
-18.18841048697659
-18.188456939151905
-18.188505237654816
-18.188554161338512
-18.188603642015522
-18.188646691592307
-18.188696138578795
-18.188741288540818
-18.188793392124573
-18.188836040496355
-18.188872629405687
-18.188913712621215
-18.18895067484346
-18.188985447605404
-18.18900786789388
-18.189049326894317
-18.18906848590534
-18.189101001511126
-18.189122452996806
-18.189147382429653
-18.18917811906827
-18.189212221659442
-18.18923235113203
-18.189258895560684
-18.18927953618594
-18.189298278317423
-18.189335758982942
-18.189354573401086
-18.18937792346961
-18.189413386451868
-18.1894381294846
-18.189456961053878
-18.189502598669666
-18.18951503929525
-18.18953841962565
-18.189562699374825
-18.18958244563593
-18.189616727974744
-18.189638611473647
-18.189677202004724
-18.189701888726713
-18.1897257109633
-18.18974559048511
-18.189765869389376
-18.189787393014093
-18.189805210795967
-18.18982009616189
-18.189836218369635
-18.18985000264414
-18.189865329073033
-18.18988441989371
-18.189901034864526
-18.189913891824418
-18.189934596642132
-18.189938628879524
-18.189954967313657
-18.189964859525745
-18.189975908050062
-18.189992032272997
-18.190009100694528
-18.190040313735423
-18.190052612541336
-18.190066473520687
-18.19007471426833
-18.190087658281477
-18.190099585763353
-18.1901072806272
-18.190123334862193
-18.190126396674188
-18.19014439560314
-18.190150182863984
-18.190159873756382
-18.19017439108406
-18.190182885404937
-18.190196111861553
-18.190203312637095
-18.190211630249657
-18.190229120684048
-18.19023179864776
-18.190253600792783
-18.190261085063348
-18.190273922021824
-18.190295123096853
-18.190301088480116
-18.190329780508556
-18.190338958635653
-18.19035375653819
-18.19036842504144
-18.190389887767317
-18.190403779754472
-18.19041686211468
-18.1904333283244
-18.190450971455526
-18.190464729187724
-18.190481348494604
-18.190494366700833
-18.190513714071592
-18.19053794070349
-18.190561152953357
-18.190578141842362
-18.190610475120415
-18.190639829443448
-18.19065759477234
-18.190692085084827
-18.190716187228738
-18.190748769437562
-18.190788964480042
-18.190812494219664
-18.19084987832178
-18.19087119565426
-18.190903717655537
-18.190909417881148
-18.190956085981618
-18.190973998346447
-18.190997227341747
-18.19102261400905
-18.1910571715547
-18.191094653423242
-18.19111984807447
-18.191152187049052
-18.191172218347738
-18.19120861939921
-18.191238972814197
-18.191271308676512
-18.191292861262788
-18.19131651115649
-18.191337783754566
-18.191366495330662
-18.191383381183346
-18.191407380313617
-18.191422465566816
-18.191448804447482
-18.191477753942415
-18.191509312258262
-18.191531763761013
-18.191563273039257
-18.191585347448452
-18.19161194800528
-18.19165340389697
-18.191673916551906
-18.191702595432563
-18.191734106817147
-18.19178178440647
-18.19180087089793
-18.191857671616702
-18.191886355588807
-18.191919909013535
-18.191958192481252
-18.191983216869318
-18.192009991882937
-18.19203241569134
-18.192049112328647
-18.19205231149813
-18.19208291104806
-18.19209086892734
-18.192103391871903
-18.19211811760384
-18.19213367352085
-18.192144756948174
-18.192155611719606
-18.192166635609063
-18.19217932091915
-18.192191470396754
-18.192197664640837
-18.192206476405953
-18.19221446491578
-18.192220963488925
-18.19222792277253
-18.192233770941836
-18.192244283054432
-18.192250700279267
-18.192257275678514
-18.19226474855808
-18.19227089260315
-18.192279397752664
-18.19228806759024
-18.192295911638347
-18.1923044672136
-18.192311785159376
-18.192318726188464
-18.19232608690912
-18.19233250243581
-18.192342341399012
-18.192350200844174
-18.192357768014396
-18.192365553299382
-18.19237334986287
-18.19238115898806
-18.192389863312243
-18.19239684733367
-18.192404895121253
-18.192412665663028
-18.192418075068744
-18.19242332149191
-18.192435017136493
-18.1924418016553
-18.19244834086612
-18.192463612064515
-18.19247272406958
-18.192488202309015
-18.192501382695283
-18.192524087420892
-18.19254082425551
-18.192557754707845
-18.192566030270466
-18.192592705222644
-18.19260950537266
-18.19263022966403
-18.19266159339061
-18.192683359722707
-18.192715512902446
-18.192741647953937
-18.192775606403874
-18.192803102516557
-18.192843236058152
-18.192866897103382
-18.192894961024994
-18.192914871977475
-18.192952005157615
-18.192980815400297
-18.193005588540412
-18.193036495909112
-18.193083834312745
-18.193110427640033
-18.193138826126383
-18.1931928684194
-18.193209491156026
-18.193313165947313
-18.193356959386342
-18.193415566507653
-18.193492456963373
-18.193555582071014
-18.193635941955893
-18.19369254866571
-18.193745369436293
-18.193805789343426
-18.193871472857673
-18.19392232557454
-18.19397957867033
-18.194037271816768
-18.19410014451439
-18.194142703058958
-18.194192071285634
-18.19423789696397
-18.194304776163747
-18.194343509179205
-18.19438422321949
-18.194406120042377
-18.1944703625223
-18.19449728130585
-18.194528380952054
-18.1945633008727
-18.194606944593346
-18.194640218810534
