500 iters for seed 173 on ER0.3 which is in the 70.20645141601562 percentile
 Maxcut: 24.0, MedianCut: 15.0
-14.502659172499822
-14.567477497221082
-14.65421950355811
-14.680255693809478
-14.736723627350752
-14.77523904274969
-14.804136324549184
-14.83187117763522
-14.855194586832948
-14.878092703358943
-14.895881442629047
-14.91250693885431
-14.924993030382165
-14.938561872131492
-14.952173071220008
-14.960232363502673
-14.968747647671677
-14.973379954626223
-14.978009194321432
-14.981723887854734
-14.98608410393464
-14.989676678912257
-14.995368182728061
-14.998858960750109
-15.002697500838666
-15.007623907408679
-15.011689412097368
-15.01568096664779
-15.018929532876765
-15.02208486948802
-15.025258939109174
-15.028265532672183
-15.030408399271426
-15.032575615308744
-15.035031879563373
-15.037250093089451
-15.039544308011116
-15.041372174704954
-15.043131629392498
-15.044656831284469
-15.045858266369713
-15.047298873305156
-15.049202302481147
-15.050451258933519
-15.052070012909876
-15.053785539818644
-15.0550913352666
-15.056396454377008
-15.058235907958888
-15.05951249160424
-15.06061318605309
-15.062190544756813
-15.06344735332384
-15.064743969314748
-15.065917490709099
-15.066648721698622
-15.067527459556638
-15.068821888070401
-15.069770334236722
-15.070620369068402
-15.071557568653551
-15.072503683650684
-15.07364026863861
-15.074772642117615
-15.075831930721414
-15.0766440100553
-15.077341377305075
-15.078015216272528
-15.078579712780627
-15.079109383217293
-15.079711258635044
-15.080180074890984
-15.080564145411508
-15.081098690745026
-15.081472763255418
-15.08182637119008
-15.082353890881606
-15.082675875643014
-15.083048834372978
-15.08352736398418
-15.083812945590584
-15.084145056721503
-15.08466418104928
-15.085054416453216
-15.085276187120128
-15.085791472774659
-15.085939281700474
-15.08627121354418
-15.086551600852955
-15.086839130449881
-15.08735426935506
-15.087668213211765
-15.088118438937858
-15.08847823705744
-15.088886551845544
-15.089270568482176
-15.089606509497216
-15.089977641104763
-15.090251173213309
-15.090583291424036
-15.090886225911193
-15.091154579910034
-15.091346149906402
-15.091746926144344
-15.091916685986364
-15.092131577245508
-15.092364796852838
-15.092555151264508
-15.092858445955377
-15.093201488184585
-15.093457229474138
-15.093798355228202
-15.094038362596821
-15.094390443088816
-15.094765456305696
-15.095068093750262
-15.0957490416398
-15.096083650735073
-15.096519104857702
-15.096966034639383
-15.097354190612831
-15.097748175606952
-15.09807476075519
-15.098328093442086
-15.098596801663282
-15.098889521061444
-15.099238199246594
-15.099412046991837
-15.099694706919376
-15.099938036152164
-15.10024206380873
-15.100493717343962
-15.10078283002389
-15.101018787164627
-15.101421965904446
-15.101651236561583
-15.10189498857283
-15.102238580452187
-15.102424065390444
-15.102724519838581
-15.1028618225857
-15.103045614047279
-15.103201807238516
-15.103407781882044
-15.10353926266831
-15.10368775572022
-15.10397131005102
-15.104166051621107
-15.104339135980483
-15.104467338349638
-15.104575723535184
-15.104732339309388
-15.104863447386496
-15.105000353597662
-15.105115100847685
-15.105242779415281
-15.105383397019848
-15.105479980789145
-15.105561104542474
-15.105677346401468
-15.105744549662907
-15.105825870668978
-15.105947856182315
-15.106020321816716
-15.106098468542767
-15.106259050411557
-15.106326592514277
-15.106408951350978
-15.10657726798654
-15.106658814519388
-15.106785290587663
-15.106876894040065
-15.106975438960497
-15.107071010987484
-15.107174434266254
-15.107286022590467
-15.107378316109937
-15.107472579300378
-15.107565364956898
-15.10769426592201
-15.107809080180436
-15.10792002262821
-15.108042578564692
-15.108151949066087
-15.108258956062611
-15.10843756360076
-15.108512766739198
-15.108650072917339
-15.108729908970366
-15.108812634143364
-15.108978447485036
-15.109085303414426
-15.109213624802305
-15.109319375948402
-15.109430605444693
-15.109563508517201
-15.109696286117233
-15.109819516747166
-15.109912622974864
-15.10999955932295
-15.110133793367446
-15.110245967111887
-15.110322416701681
-15.11048477915068
-15.110553798086578
-15.110657778337888
-15.110792144729377
-15.11088057123815
-15.111026074721622
-15.111182413049699
-15.111278200047597
-15.111462065726874
-15.111632968309245
-15.111830856196963
-15.112029557260787
-15.112160533749519
-15.112344312433729
-15.112518062029856
-15.112707137727362
-15.112859971639757
-15.113060078585155
-15.113146854193733
-15.113426100433202
-15.113557296463323
-15.113714684258763
-15.113864242458948
-15.114049336586834
-15.11419745887753
-15.11436877062191
-15.11457055122698
-15.114747893955599
-15.11488319418585
-15.115093918887961
-15.115267392874692
-15.115452474139065
-15.115710804510824
-15.115860928545247
-15.116102745725252
-15.11621435909896
-15.11641451019034
-15.11651514234686
-15.11663714131166
-15.11679085535936
-15.116941081181448
-15.11704258990059
-15.117211281168608
-15.117328526981565
-15.117479103216226
-15.11768831339314
-15.117797275777729
-15.117901384637936
-15.118100502637876
-15.11817882099579
-15.118275243615683
-15.1183988012245
-15.118496338878211
-15.118685763071548
-15.11878103850739
-15.11893096008764
-15.119058187463242
-15.119205541263936
-15.119325391802196
-15.119438993385826
-15.119571286260971
-15.11966150058514
-15.119795451865087
-15.119892737826616
-15.119978641129528
-15.120087153375989
-15.12015902194157
-15.12025986360307
-15.12032332088054
-15.120385256840946
-15.120461376095896
-15.120574217280247
-15.120645680543184
-15.120729518804104
-15.120841313076715
-15.120955547682428
-15.121041359924305
-15.121139500083181
-15.121225773587636
-15.121344832603418
-15.121446885695295
-15.121530005925424
-15.121594555175188
-15.121677123791399
-15.121742860361024
-15.121799743484138
-15.121890125998128
-15.121940486372463
-15.122006610275402
-15.12209504899742
-15.122155869546262
-15.122284645677999
-15.12237899749846
-15.12244719454322
-15.122511963046625
-15.122573769118942
-15.122632274811263
-15.122706102379897
-15.122741335123271
-15.122788573173995
-15.122845640278943
-15.122905778508217
-15.122956042998572
-15.123018531861181
-15.1230702702194
-15.12313800144907
-15.12319933601664
-15.123259841926593
-15.123318309818403
-15.123404504091349
-15.123455050768843
-15.123548547882079
-15.123613096649095
-15.123680275390242
-15.123786450659317
-15.123831046261174
-15.123936102505443
-15.12397981952549
-15.124051607784299
-15.124113860600257
-15.124226817893637
-15.12429218586912
-15.124351471689184
-15.124424100760901
-15.124486586403737
-15.124532621241569
-15.12458635585985
-15.124633913115217
-15.12469946340768
-15.124746929050417
-15.12479294114542
-15.124845177430021
-15.12488286877685
-15.124934514630706
-15.124967990275133
-15.125000494154426
-15.125052640922776
-15.125095191399051
-15.125132312978192
-15.125179809834066
-15.125219121946184
-15.125290762042157
-15.125353017632838
-15.125410845075516
-15.125478663959377
-15.125540409898402
-15.125596012714858
-15.125665028404475
-15.125718177454024
-15.125786320429668
-15.125886629170127
-15.125968640880975
-15.126041124691064
-15.126129583053538
-15.126190166377285
-15.126269241490528
-15.126405343377815
-15.126458275362209
-15.126536626597058
-15.126636529827788
-15.126710774673162
-15.12684576017204
-15.126968908734213
-15.127045947918626
-15.12712062294598
-15.127209712715556
-15.127326845502578
-15.127419685265409
-15.127486473812777
-15.127572672889988
-15.127627403607075
-15.127706085749114
-15.127766374459592
-15.1278185462936
-15.12792693397156
-15.127992596968628
-15.128077939459132
-15.128133590134645
-15.128197967583864
-15.128250228792938
-15.128365227294834
-15.128407352019106
-15.128459338325403
-15.128520942851639
-15.128568391776737
-15.128636143677323
-15.12868545952768
-15.128728090376715
-15.128774886300851
-15.12882927775711
-15.128881118275785
-15.128933549273421
-15.128993711251159
-15.129053309872168
-15.129123871457995
-15.129166485612323
-15.129207661146852
-15.129292667306563
-15.12933229311448
-15.129376059279553
-15.129468322055047
-15.129505670765452
-15.12954798800623
-15.129622135119437
-15.1296573417769
-15.129681940820568
-15.129734312593293
-15.129768633097305
-15.129803581700358
-15.129855883964547
-15.129900137013342
-15.129945084283667
-15.129989259947592
-15.130028200836714
-15.130096209507053
-15.130136039230756
-15.130176679738486
-15.130230851798531
-15.13026509063273
-15.130305071420223
-15.130367014668899
-15.13040719010589
-15.13045722135837
-15.130502490178298
-15.13054818474002
-15.130602406014603
-15.130634295954962
-15.13066886902482
-15.130728592275252
-15.13075893643584
-15.13078184276256
-15.130820987457719
-15.130851957247925
-15.130873908733118
-15.13093436889246
-15.130958073202379
-15.130994714446041
-15.131048470820234
-15.131087043214794
-15.131135732370165
-15.131164442380872
-15.131199764724082
-15.131227804052514
-15.131294336663748
-15.13132871547043
-15.131372667305067
-15.131442524716004
-15.131509578873947
-15.131578108317768
-15.13163039654572
-15.131686370681964
-15.131715582790783
-15.131814883371433
-15.13184948832031
-15.131902873161783
-15.131985494432575
-15.132032401591536
-15.132125516248983
-15.132169967495603
-15.132233332126965
-15.132315523075281
-15.132409067598598
-15.132475139812264
-15.132589867477675
-15.132647179084126
-15.132739960129578
-15.132843176903913
-15.132919035640143
-15.133013984414818
-15.133151375245072
-15.13322848910926
-15.133319248358534
-15.133405819750806
-15.1335315609129
-15.133627330154761
-15.133699810477239
-15.133839597157626
-15.133900059238105
-15.133984678446634
-15.134062208440296
-15.134143994328099
-15.134233122830612
-15.134326293409302
-15.134446225637273
-15.134521048969374
-15.134595728150797
-15.134714673023879
-15.134775537412715
-15.134840886538527
-15.134938003890433
-15.134986172804908
-15.135057681546273
-15.135124578408545
-15.135240265250708
-15.13529300765487
-15.135373772285332
-15.135441459227824
