500 iters for seed 8 on ER0.3 which is in the 55.945587158203125 percentile
 Maxcut: 25.0, MedianCut: 16.0
-15.50364248179597
-15.504610482042546
-15.631033824202213
-15.67499253416803
-15.723797359957448
-15.790561480945154
-15.813680849333373
-15.863991573329304
-15.891469883955333
-15.906593884545895
-15.913802328294008
-15.9339428889465
-15.941568017270093
-15.950872033441081
-15.9592836195094
-15.969627754086876
-15.97922561900027
-15.986742422996123
-15.99481085632981
-16.002156440017202
-16.007172419656712
-16.014494503101623
-16.019364243792275
-16.022991135922744
-16.028048855635
-16.031216141242652
-16.035064532763435
-16.038778793002376
-16.041807406986354
-16.044414955682797
-16.048142703581902
-16.050390222116956
-16.053136771134703
-16.05494169002444
-16.057832238753747
-16.059423617034902
-16.06153908767415
-16.063075091087136
-16.065108399143334
-16.066292694296003
-16.068048804118792
-16.069183863028123
-16.07096208535811
-16.072235884937545
-16.073510103269385
-16.07502968447901
-16.076682344072342
-16.07773692562677
-16.07893676819278
-16.07973895683503
-16.08059114187032
-16.08155601075174
-16.082472586048794
-16.083606077315743
-16.084845589489696
-16.085783481882906
-16.087283880201056
-16.08853255452548
-16.090135245795437
-16.09133145298824
-16.09239503472769
-16.093215303202015
-16.09440014118462
-16.09523737845836
-16.09616404891756
-16.097186712147973
-16.098510855351655
-16.099396774011275
-16.10031605195659
-16.101073375237178
-16.101988715230267
-16.10271044659875
-16.10328751161271
-16.104343487853136
-16.10528710095536
-16.106096006921867
-16.10713876498535
-16.108039400343685
-16.108903141707373
-16.10961845819962
-16.110237333731558
-16.110915200144223
-16.111617128566724
-16.112175544002426
-16.112748326815826
-16.11328535552284
-16.113854616624344
-16.114440650054426
-16.11494489461434
-16.11554086114188
-16.116145564262112
-16.11670005789614
-16.117174777740832
-16.117980179304922
-16.11853984454954
-16.119337225350527
-16.119916512766707
-16.120480721831154
-16.12092646535775
-16.12166759732584
-16.122039038139967
-16.122514604266033
-16.123046642821084
-16.123603782598416
-16.12394743443374
-16.124443590924415
-16.12482359853483
-16.125334956116284
-16.12569408494812
-16.12606672422537
-16.12662178167117
-16.127212423319254
-16.127672344559585
-16.128304083205947
-16.1287143981736
-16.129183232981248
-16.129786541251423
-16.130119294665864
-16.130630858023324
-16.131040998972207
-16.13149801475204
-16.13185449597038
-16.132336257805626
-16.132684485005743
-16.13302887686507
-16.133415266178346
-16.133699082333795
-16.13407566480438
-16.134379101336634
-16.13469606113959
-16.135029060773235
-16.13537254655499
-16.135694852076835
-16.1360600880722
-16.136347445061844
-16.13664929669845
-16.136958262319858
-16.137208203311232
-16.13755002318574
-16.137826737808968
-16.13808056946265
-16.138309094673396
-16.13861364579897
-16.138912119121336
-16.139168583311598
-16.139464264033155
-16.139702806739635
-16.139898005954606
-16.14017394301536
-16.14034497407513
-16.14054412726751
-16.140776083668655
-16.140923864780554
-16.14120580468832
-16.14139563773857
-16.141559826682695
-16.141739283850963
-16.141861543289288
-16.141991586794227
-16.14210138784051
-16.142212449073586
-16.142327010223802
-16.14244738726496
-16.14255517012434
-16.142655766985516
-16.142763236442683
-16.142899702974997
-16.143016378162965
-16.14314716449597
-16.143255444659907
-16.143348291740168
-16.143400695732414
-16.143571335369504
-16.14363709508826
-16.143731528358412
-16.14379501636769
-16.143899841900627
-16.143967420082124
-16.144044288470816
-16.144179853389627
-16.144281675525228
-16.144408592344547
-16.144531460081144
-16.144662665624967
-16.14471808021614
-16.144904506598316
-16.14499310939703
-16.1451054133426
-16.145290914229765
-16.14541605101615
-16.145598295380452
-16.14574747987323
-16.145911395936377
-16.14605873810898
-16.14621477587558
-16.146377236132615
-16.146503935022434
-16.14674909146518
-16.146954415888878
-16.147141367696733
-16.14734051435824
-16.147468850617663
-16.147645066664595
-16.147779723760642
-16.147931140167962
-16.148034986302495
-16.148177968029845
-16.148267213716387
-16.14841971686753
-16.14851601211478
-16.14860805725963
-16.148780414839365
-16.14885525697496
-16.14896514588739
-16.14905571738643
-16.149183726763763
-16.149260663078827
-16.149377750171567
-16.14948149303481
-16.149572272875
-16.149737109280522
-16.149815348089987
-16.14991843945467
-16.149970507329925
-16.15004920792099
-16.150159266258875
-16.150280957958756
-16.150402620954196
-16.150519907755587
-16.15065678944983
-16.150808613063393
-16.150957903904672
-16.151082279855657
-16.151230078934383
-16.151388210993048
-16.15154800003754
-16.151700935450226
-16.15179795183605
-16.15194918898402
-16.152051085641826
-16.152175074275466
-16.152327889416178
-16.152431249986854
-16.152519229994176
-16.15272738779773
-16.15279611301252
-16.152908776433918
-16.15304131535237
-16.153173211442436
-16.153292489846336
-16.153418522560145
-16.15353064802712
-16.15367034455028
-16.15381020304344
-16.153918035544578
-16.154055374905365
-16.154153891491884
-16.15436203464734
-16.154453047036192
-16.15456346823811
-16.154691369482997
-16.154838575060825
-16.154936385109956
-16.155054148638268
-16.155125582723254
-16.15522843532769
-16.155318137947184
-16.155377618395285
-16.155419012641033
-16.155541797148125
-16.15558574340771
-16.15564428042044
-16.155726856853413
-16.155764311791977
-16.155869415621737
-16.155908841275927
-16.155981587324714
-16.156070547696466
-16.15616914618348
-16.156239787851952
-16.15632490556248
-16.156384372246414
-16.156437229462526
-16.156526672861844
-16.156571273725774
-16.15663346918572
-16.156675990809834
-16.15678568940188
-16.15681796750384
-16.156892422801135
-16.156971802946227
-16.157059407878577
-16.15712092405804
-16.157201212396323
-16.157256329301035
-16.15732211359127
-16.157421291589696
-16.15746785196079
-16.157529927177933
-16.157607655884533
-16.1576837685501
-16.157723436186224
-16.15782544271914
-16.157857962778053
-16.157924672124352
-16.157963818145696
-16.15801823587716
-16.158098794685642
-16.158159473244027
-16.158232675933778
-16.158290685340766
-16.15835598159994
-16.15842738855033
-16.158495745380662
-16.15856481901728
-16.15860766456999
-16.15866270605656
-16.158711624477974
-16.158756126540105
-16.158798760530164
-16.15884253146444
-16.158880707224032
-16.158904834433535
-16.158936557027516
-16.158947988171334
-16.15898457036308
-16.15900157542599
-16.15902198290544
-16.159057547782105
-16.159078086553823
-16.159117293408936
-16.1591368634666
-16.15916609404485
-16.15920246531839
-16.159242777807076
-16.15926854944446
-16.159307554117824
-16.159331734269813
-16.159360820764768
-16.159400552115244
-16.159419558313015
-16.159438684434946
-16.159470167801757
-16.159489632665085
-16.159527282742463
-16.159549799005184
-16.159572995506
-16.159594031694102
-16.159614479245295
-16.159634320260682
-16.1596585820999
-16.159673570327517
-16.15969354910325
-16.159699190669315
-16.15973320705287
-16.159745683840484
-16.15976107012464
-16.159782722519992
-16.159797191837452
-16.15982011693081
-16.15983291163604
-16.15984783071863
-16.159858583155312
-16.15986886149584
-16.15988268136033
-16.159890505257163
-16.159902397232237
-16.159913760737272
-16.15992689214753
-16.1599360996561
-16.15994925117931
-16.1599604029476
-16.1599696812251
-16.159983561172638
-16.15999136491268
-16.160000924517846
-16.16001248705016
-16.16001915974966
-16.160023957017344
-16.160036186516454
-16.16003980354048
-16.16004543999781
-16.160053426114146
-16.1600588314834
-16.160068596070005
-16.16007392602988
-16.16008004835597
-16.160084871327097
-16.16009178954406
-16.1600985493032
-16.16010456961726
-16.160110000504538
-16.16011405643139
-16.16012119403376
-16.160126003753128
-16.160132578150158
-16.160137059889465
-16.160141826763034
-16.160149228111212
-16.160155844565033
-16.16016018459483
-16.160165258737326
-16.160169609083816
-16.160175518250846
-16.16017927915918
-16.16018357632388
-16.160186362191382
-16.160190985461256
-16.160192086741247
-16.160197959733807
-16.16020042950002
-16.160203187333863
-16.160206849242485
-16.16020881084195
-16.16021228465934
-16.16021472198303
-16.160218377852583
-16.160220710796285
-16.16022342660505
-16.160226497074866
-16.16022876911825
-16.160230669842747
-16.160235725298158
-16.160237839842047
-16.160240737252167
-16.160245062354726
-16.16024766075499
-16.16025096897887
-16.16025360946105
-16.160257031150746
-16.160259806733986
-16.160263210936193
-16.160265895599018
-16.16026789160407
-16.16027050662951
-16.160273702519444
-16.160275268342705
-16.160277588747096
-16.160278986314893
-16.160281119073083
-16.1602830580376
-16.160284450784815
-16.160286572075904
-16.1602892876206
-16.160290706610176
-16.16029251198244
-16.160293628265983
-16.16029559531841
-16.160297011021264
-16.160298069674106
-16.160300262941234
-16.160301711098306
-16.160304113180246
-16.160305792872194
-16.16030749750049
-16.160309078116352
-16.160310342414256
-16.160312270156105
-16.16031339045807
-16.16031438394386
-16.16031581638707
-16.16031675757172
-16.160317887865
-16.16031990157933
-16.16032057951489
-16.16032190249017
-16.160322957445242
-16.160324440822244
-16.160325853012843
-16.160326849211486
-16.160327493175686
-16.160328620392956
-16.160329190135357
-16.160329950770407
-16.160331191287163
-16.16033236634947
-16.160333575576704
-16.160334442409848
-16.16033540645634
-16.160336194138562
-16.160337397902225
-16.160338197325295
-16.160338907843155
-16.160340437713447
-16.160340951861507
-16.160341897258956
-16.16034258236573
-16.160343579129616
-16.160344331357532
-16.160345323998147
-16.160346559150224
-16.160347299134358
-16.160348486206324
-16.160349937460264
-16.160350874685335
-16.16035255782415
-16.160353305662877
-16.160354320931233
-16.160355372235284
-16.16035629830541
