500 iters for seed 185 on ER0.3 which is in the 61.746978759765625 percentile
 Maxcut: 30.0, MedianCut: 18.0
-18.000113183912546
-18.02591448159999
-18.158066923396817
-18.19063985669723
-18.249439510558616
-18.30636720598427
-18.352425246031725
-18.38781196147721
-18.414892454969557
-18.438088345404125
-18.454839376537148
-18.467707652842424
-18.47816783433117
-18.487731544990442
-18.499961246304068
-18.51231324338342
-18.523215655086698
-18.53171800614295
-18.540065104932268
-18.547205619386748
-18.55260147309336
-18.557235077784146
-18.562378282952352
-18.5666939780562
-18.570379080836723
-18.573715686076895
-18.5766984176804
-18.579871790733634
-18.58345720170989
-18.58545543004604
-18.589469332238963
-18.592238793603872
-18.594969412001983
-18.596964141832427
-18.60058119867947
-18.60221165666997
-18.60399987804118
-18.605002247344864
-18.606511789753966
-18.607366352007634
-18.60857678442878
-18.60993465809901
-18.6113368407946
-18.612612881322885
-18.61371756126183
-18.614865467449434
-18.61599538942061
-18.616876609719526
-18.61762969143829
-18.61858476476309
-18.619333118373156
-18.62000215998969
-18.620754505128932
-18.621570847456677
-18.62249815685319
-18.623463262327274
-18.62434134448
-18.62498329921154
-18.6260546613714
-18.62672462128723
-18.62763138181809
-18.628877984436436
-18.630218301342232
-18.63127145421824
-18.63214867735352
-18.63318774023818
-18.634435949321556
-18.635638238193117
-18.636925385444552
-18.638595892127544
-18.63945399445565
-18.64077015865653
-18.64164837276016
-18.642543027168532
-18.643375749886033
-18.644144426617267
-18.644466405044806
-18.645805970470015
-18.646257105703242
-18.64691300421701
-18.647581933915514
-18.64830999809185
-18.648924622044877
-18.649487072295813
-18.649954295436316
-18.650671376717405
-18.651182782999054
-18.651574755453215
-18.652035272093393
-18.652449073626627
-18.65296377547645
-18.653430843321985
-18.653880266361845
-18.654347922803122
-18.65491778792738
-18.655468844495253
-18.65588091857358
-18.656484346438337
-18.656968157257758
-18.65744406474505
-18.658290755523716
-18.658643273032464
-18.659029163436507
-18.659445152788777
-18.659934304487052
-18.66026574002066
-18.660946267022304
-18.66137125287646
-18.66184248202125
-18.662209893933607
-18.662954551704082
-18.663415069253386
-18.663820118326523
-18.66450276088283
-18.664936746921164
-18.665604184977532
-18.6661684388974
-18.666710589892926
-18.667276234593288
-18.668034727014238
-18.668570831553165
-18.66899701706458
-18.669741865753156
-18.670096240964067
-18.67047424472297
-18.670942969806475
-18.67123551537777
-18.671489245610992
-18.672015137337198
-18.67221422652404
-18.67256650499796
-18.672631290828505
-18.673075721783974
-18.67321598286593
-18.673415312962543
-18.673698092102676
-18.673750253073578
-18.674353152310225
-18.674569817812817
-18.67487705468001
-18.67527275557254
-18.67556577747514
-18.67598347324263
-18.676290433159604
-18.676695889911755
-18.677116182499237
-18.677533869690063
-18.677993151723673
-18.67833965452874
-18.67872523776621
-18.679236361524246
-18.67958161298032
-18.679865990508176
-18.680267178515688
-18.680553585679895
-18.68075006971605
-18.681238797025166
-18.681416966842818
-18.68163590827055
-18.681994078457496
-18.682223445954676
-18.682480177447992
-18.682812815668186
-18.68303235760191
-18.68333714056517
-18.683589251486637
-18.683864100619918
-18.684059252017864
-18.684342748448394
-18.68445845862056
-18.684791205085144
-18.68493558874554
-18.685145249067425
-18.68535837475897
-18.685626357620833
-18.685860097643413
-18.686086062635145
-18.686279717523572
-18.686522416298367
-18.68673005679323
-18.686887830243755
-18.68698156699449
-18.68728725689613
-18.687402538188458
-18.687563462368935
-18.68779387859929
-18.68793950725024
-18.688115436575625
-18.68822931272358
-18.688370974881984
-18.68851681278767
-18.68865800625248
-18.688825614749184
-18.68891259392128
-18.689006059983154
-18.689156656522
-18.689250984052915
-18.689366997801507
-18.689530709834028
-18.689609723782233
-18.68972962391485
-18.689786110351523
-18.68989566301848
-18.689981265488523
-18.69004577200843
-18.69017298917358
-18.690219107867556
-18.6904124029865
-18.69047958598008
-18.690557627788756
-18.690655623197596
-18.69075934254329
-18.690858630249565
-18.690939612150732
-18.691027648376146
-18.69108238045299
-18.691210144613336
-18.691262947638123
-18.691326901574826
-18.69142343472033
-18.691526553723616
-18.6915936795228
-18.691692276435724
-18.691766621924508
-18.691865415063997
-18.692014642051955
-18.69209031641013
-18.692188981926908
-18.69233029484441
-18.69243509675075
-18.692503222658377
-18.69264240078396
-18.69270665798014
-18.69279430943054
-18.692875330733404
-18.692942586268888
-18.693046572141014
-18.693116794296344
-18.69317946091595
-18.69323041344215
-18.6932897023978
-18.693350554910786
-18.693404674374435
-18.69347297806631
-18.69352573150414
-18.693584166826493
-18.693658112539055
-18.693703242382128
-18.69374697539336
-18.693822662072986
-18.69386205989195
-18.69391177864575
-18.693959802064075
-18.693999723450595
-18.69406488275654
-18.694135009877456
-18.69418516972968
-18.69424396558741
-18.694287325766453
-18.694339332844606
-18.694389732796573
-18.694426889131243
-18.694457225128836
-18.694522909725485
-18.694537104168074
-18.694596580467373
-18.694630864892638
-18.69466839787324
-18.694718561174657
-18.694746400495667
-18.69479948309373
-18.694827390275815
-18.694857831423125
-18.694883590121997
-18.694912582146923
-18.69494635278601
-18.694971567026997
-18.69499246283008
-18.695023293229234
-18.695047698845727
-18.695086463627685
-18.695122133870118
-18.695155180679134
-18.695184174800648
-18.695218432456908
-18.695253015389724
-18.695288521084212
-18.69531851510182
-18.695349274618767
-18.6953881706549
-18.695425920819606
-18.695455488620873
-18.69549045650813
-18.695529861471385
-18.69557996770416
-18.695641233109924
-18.695690408744593
-18.69574169240484
-18.695816030267203
-18.69587477397794
-18.695961624065184
-18.696061491339513
-18.69612181133369
-18.69621909694759
-18.696283433846986
-18.696384560533794
-18.696474519916904
-18.69654403454353
-18.69665807682276
-18.69674177719186
-18.696820717732784
-18.696886951117847
-18.69694410050904
-18.696999904339748
-18.697111017971885
-18.69716897106196
-18.69724819987529
-18.697368744846855
-18.69744504143238
-18.697568860875045
-18.697625659620506
-18.6977022754073
-18.69776248772299
-18.697872634236408
-18.69792946315343
-18.697993325693282
-18.69809607053438
-18.698148867718785
-18.69824475371848
-18.698323690139556
-18.698433816539314
-18.698513917319318
-18.69860183272727
-18.698685255160587
-18.698743342634568
-18.698801000885005
-18.69888238132695
-18.698926295294097
-18.698986253915677
-18.69907701297611
-18.699144082553662
-18.69922071937242
-18.699284326659715
-18.699343897924578
-18.69936965662326
-18.699516815820367
-18.69956459825717
-18.699621371482717
-18.699698938187673
-18.699725328847766
-18.69987834104044
-18.699922134266764
-18.69998564325266
-18.70005442457439
-18.700145345039797
-18.700240754679935
-18.70036298090854
-18.70042315711634
-18.70050386110104
-18.70057893046841
-18.700652638740664
-18.70070535176467
-18.700834919281164
-18.70090139818656
-18.700964466842443
-18.70106922221808
-18.701126436564227
-18.70123298968862
-18.70130574136362
-18.701401359471017
-18.70145895075052
-18.701534608660914
-18.701617198645383
-18.701680708798328
-18.701803472223123
-18.70185924074611
-18.701944874390414
-18.701991016021033
-18.70206006836628
-18.702150668618298
-18.702255140891936
-18.70232515746106
-18.70241837635826
-18.702479956263193
-18.702552579934554
-18.702674743934136
-18.702750715549612
-18.70287494125914
-18.703015719191793
-18.703114109325515
-18.703224107856258
-18.7033114366116
-18.703425726646433
-18.70354237295489
-18.703658145388214
-18.70381106886888
-18.70398433547644
-18.704170313595313
-18.70433083899839
-18.704494866660117
-18.70475210576122
-18.704927364672177
-18.70508343751193
-18.705253553883946
-18.70538202218381
-18.705527716200876
-18.705672258583384
-18.705785446734296
-18.70586558340291
-18.706025142168997
-18.706050912858238
-18.706191377908603
-18.70625323222917
-18.706343368706783
-18.706443212395687
-18.70656551478234
-18.70665536080206
-18.706756828267675
-18.706839910512606
-18.706906710807235
-18.707011163952444
-18.70705663034745
-18.707110932926017
-18.707206534808783
-18.707252923425045
-18.707299328912228
-18.707434115405565
-18.70748877336574
-18.707581373944592
-18.707703076684844
-18.70783086584968
-18.707914037545187
-18.707995406937943
-18.708060168146048
-18.708139411882858
-18.708201918727998
-18.708249742116834
-18.708328409063387
-18.708379019395533
-18.70844361412042
-18.708521080036792
-18.70857945875155
-18.708623880363945
-18.70872369236815
-18.708770758560014
-18.708849099666942
-18.708934652921332
-18.709025925195853
-18.709076404787247
-18.70913483316253
-18.709184881478365
-18.709242123172515
-18.709326374482718
-18.709387306518213
-18.709440696045444
-18.70957571444878
-18.70962891071926
-18.709693225421606
-18.70981951734357
-18.709880807823097
-18.7099684200092
-18.710081185659572
-18.710141629747433
-18.710237850386296
-18.710317833456383
-18.710380194319367
-18.710483518129557
-18.710550721869176
-18.710639688732968
-18.71075922005931
-18.710844390626995
-18.710918025622384
-18.711066438995555
-18.71116719752398
-18.71129420482812
-18.71140621328609
-18.711478243931865
-18.711586343377398
-18.711617944518665
-18.7117713008921
-18.71183883573235
-18.71193305227178
-18.712083761529907
-18.712197306223704
-18.712390566994554
-18.71252635375005
-18.712660234452393
-18.712766086137535
-18.71288497262921
-18.712976052061897
-18.713055276808305
-18.71311767380238
-18.713180317741568
-18.71324435728286
-18.7132861178387
-18.71332455493539
-18.71339019456791
-18.71341756600221
-18.71345727421727
-18.713489107748757
