500 iters for seed 62 on ER0.3 which is in the 68.42269897460938 percentile
 Maxcut: 30.0, MedianCut: 20.0
-19.52340618337204
-19.53582528083296
-19.680186024110153
-19.760727633662285
-19.797014210063764
-19.830355294338744
-19.87156661690294
-19.90177482443608
-19.92977753142609
-19.95505148184032
-19.979005231851595
-19.995030160624
-20.011199269509433
-20.02404416967115
-20.035996485805168
-20.04742955514137
-20.05508993367038
-20.063156003799293
-20.071600942766413
-20.08037086997213
-20.08781240241046
-20.09461423785371
-20.101958630561885
-20.108521897633466
-20.114433276988546
-20.119849851340817
-20.124184862484466
-20.126384626215653
-20.129556863165128
-20.13141148727025
-20.13329528184519
-20.135734239872342
-20.1374414573918
-20.139742090942427
-20.142246902415906
-20.144305020680733
-20.146981947739945
-20.14975419042384
-20.152096182167302
-20.15417159061471
-20.15608663968945
-20.15695557844395
-20.158222297954815
-20.158948739648608
-20.159774899065415
-20.160570819680274
-20.16131719117486
-20.162113775591365
-20.16285839107124
-20.163513373817096
-20.164255794486873
-20.165038217417084
-20.165820069943514
-20.16651762547713
-20.16708547612779
-20.167781755540275
-20.168456111520513
-20.169172871194554
-20.169892797991306
-20.170694792992816
-20.171418964334812
-20.17215969802698
-20.172805364090664
-20.173556831698956
-20.174181240408
-20.17481935302301
-20.17551510017654
-20.176123113159186
-20.176784952794222
-20.177687200258752
-20.178180328292104
-20.178820138507298
-20.179329115923494
-20.17990259112036
-20.18038287113861
-20.180958929166813
-20.181476502566866
-20.182159546576116
-20.182558045021324
-20.183147276623046
-20.18363125965495
-20.184136191564082
-20.184642125583277
-20.18511218636729
-20.18559688734752
-20.18637601761685
-20.186690183899188
-20.1871350002866
-20.187543247310117
-20.187970860971056
-20.188315161920315
-20.18887437587984
-20.189346144721647
-20.189889834804475
-20.190468587021158
-20.19087180591035
-20.19145649452782
-20.191984014854683
-20.19234292029058
-20.192778742408553
-20.193228407691795
-20.19357187797354
-20.193973847658633
-20.1943929638318
-20.194757787214307
-20.195137413381595
-20.195552165137215
-20.19593843333152
-20.19630982415136
-20.19665962634398
-20.197013402014868
-20.197357044091586
-20.197920333486465
-20.198239227192165
-20.198762442411425
-20.1991253659063
-20.199476185452006
-20.199889099535827
-20.200369789260453
-20.2006452693355
-20.200976681125645
-20.201351030941673
-20.201705025265547
-20.20209242514988
-20.202459934946233
-20.2028282274061
-20.2032634945918
-20.20358509721636
-20.203947828000732
-20.204289177922796
-20.204554282232486
-20.204857590630613
-20.205093424897328
-20.205303452492963
-20.2055116768162
-20.205794054248223
-20.20604669631743
-20.206273496773843
-20.206472201304422
-20.206656638800222
-20.20682494202758
-20.20699388913171
-20.207116971968833
-20.207209962694158
-20.207324428614843
-20.207415698087356
-20.207514366797902
-20.207637735488568
-20.207735820031065
-20.20784099754023
-20.20802115551015
-20.20815479915001
-20.208230476387723
-20.208398531603194
-20.20850611598748
-20.208644047809994
-20.208833978054788
-20.20898018395448
-20.209202026019128
-20.209442292356222
-20.209673000078453
-20.209995287507777
-20.210240411825474
-20.210579678421702
-20.21084746149634
-20.211136036391068
-20.2114528820156
-20.211868575493895
-20.21221684419595
-20.212518106679333
-20.212763834751186
-20.21313891144452
-20.213388003811094
-20.21364622010814
-20.213845666759997
-20.21403607471455
-20.21428374903301
-20.214529078832516
-20.214763478827447
-20.21498358007409
-20.215191673542165
-20.21539945476754
-20.215567823379182
-20.21575674489383
-20.215804663895447
-20.216137890422882
-20.216238771949286
-20.216386104376767
-20.216574701705024
-20.21663204979115
-20.216871834243328
-20.216947108892672
-20.217082633092588
-20.217141733560762
-20.217310069732555
-20.21739091563343
-20.21748003593194
-20.217608733141574
-20.217728394176035
-20.217846196357833
-20.217969524919948
-20.21808739213987
-20.21812345747599
-20.218371101817
-20.218433655012042
-20.218537844723333
-20.218674511244444
-20.218790785998664
-20.218940225894947
-20.21904967707784
-20.219159316885026
-20.219262905108785
-20.21936002806735
-20.219478227632973
-20.21955898416506
-20.21967890638528
-20.219781262636936
-20.21990183916953
-20.219991692842477
-20.220113039848055
-20.220155367313527
-20.22024643437028
-20.220346640698217
-20.22044729408937
-20.22054567253424
-20.22065060096605
-20.220752515765177
-20.220896088694573
-20.221045459653176
-20.221200414071184
-20.22135548728327
-20.221515137273602
-20.221716477075937
-20.221826807065042
-20.221955199387825
-20.222060332235692
-20.222215694286188
-20.222319193057988
-20.222425606645754
-20.222614187242097
-20.222745956122562
-20.22292174068673
-20.22305945691062
-20.223192747370277
-20.223320753778488
-20.22342057661865
-20.223514361058147
-20.223610504068432
-20.22371343927513
-20.22383236583286
-20.223922264156432
-20.22403929464489
-20.224146661714357
-20.224240821965818
-20.224367909510566
-20.224497889255467
-20.224636648462027
-20.224758227638365
-20.22486301902353
-20.22500587955537
-20.225175606681226
-20.225275382717093
-20.225422494214293
-20.225476253582084
-20.225623350535198
-20.225695677479166
-20.22577140088218
-20.225898452473448
-20.225962059437926
-20.226068213355845
-20.22615778698005
-20.22628167496762
-20.226384134937444
-20.226483097155853
-20.226597051135297
-20.226680082258007
-20.226799872909787
-20.226912054609674
-20.226988410621285
-20.227106296601697
-20.227165815425796
-20.227278324547566
-20.227352283226868
-20.227434375931548
-20.22758721638968
-20.22767507292844
-20.227796735080837
-20.227904838676636
-20.22805188354908
-20.2282037631006
-20.228371270818723
-20.22854286961767
-20.228654777213283
-20.22879540152824
-20.22891397611359
-20.229026546965592
-20.22912404292496
-20.229250800593015
-20.22935513013507
-20.22943210401396
-20.229525285743836
-20.229589315656654
-20.229659912917654
-20.229751236129694
-20.229816125772786
-20.229897259168624
-20.229969733608144
-20.230035901714498
-20.230102874117726
-20.230167357419774
-20.230225488387703
-20.230265367749617
-20.230327569345853
-20.230374930233673
-20.230455161764198
-20.230505182992534
-20.230554567354975
-20.230609616080095
-20.230680689167023
-20.230726237117043
-20.23077922220304
-20.23083157949599
-20.230897825620456
-20.23095863484897
-20.2310178025377
-20.231079617717565
-20.23115226778387
-20.231230793759494
-20.231298531507093
-20.23140119286434
-20.23151460902039
-20.231586030526376
-20.23170890996412
-20.231793144278434
-20.23189322114643
-20.232026874708474
-20.232101955349066
-20.232192473821534
-20.232331324277244
-20.232382853719425
-20.23249313866513
-20.232562358981987
-20.232646226754934
-20.232712819898747
-20.232776691249484
-20.232841687893437
-20.23291372118336
-20.233001477662576
-20.23307367456686
-20.23317234841283
-20.233268875456517
-20.23337049054655
-20.233459239114552
-20.23357155925747
-20.23367962757943
-20.23378886401963
-20.233945737173006
-20.234068000757603
-20.23418306519155
-20.234362711634237
-20.234474602814245
-20.234598001974593
-20.23478611000498
-20.23489155185529
-20.23509091350283
-20.235238161290095
-20.235378208628674
-20.235565722262702
-20.235681029877966
-20.235811195355858
-20.235961775668024
-20.236089215247677
-20.23626282210099
-20.236413031651637
-20.236546861903914
-20.23664291962495
-20.236738018024653
-20.236846199052
-20.236936076012583
-20.237015959417246
-20.23713306771112
-20.23719857714792
-20.23726027376656
-20.237350558274095
-20.23742330826539
-20.237503985401613
-20.237622985211928
-20.23768541504556
-20.237772457881533
-20.237810900838046
-20.23791578074548
-20.237961373302085
-20.238009258906857
-20.238073278180103
-20.23811073655712
-20.2381559287721
-20.23819280550316
-20.238241838260002
-20.238270978278003
-20.238332482809035
-20.238363437345196
-20.23839834073427
-20.238444130372912
-20.23845556031782
-20.23851804218942
-20.23853775403275
-20.238566365795986
-20.238611658915396
-20.23864388324905
-20.238692446927598
-20.23872011722465
-20.2387555443294
-20.238788367055697
-20.23884597579936
-20.238871263100226
-20.238897839553985
-20.238931584412242
-20.23896865462542
-20.238995159867596
-20.23903157133409
-20.239058321847075
-20.239086829470423
-20.23914261008595
-20.239166993370702
-20.239192365162125
-20.239239654973787
-20.239266170911627
-20.239300156228737
-20.239350712306006
-20.23937742267357
-20.2394167352534
-20.23944615790031
-20.239478777172817
-20.23952285238882
-20.239550822816486
-20.23960443856206
-20.239646963233277
-20.239685031863406
-20.239735123251208
-20.23976130487646
-20.239788751578416
-20.23982348446177
-20.239849153937236
-20.239880108018745
-20.23992695939749
-20.239947296912
-20.23998501628138
-20.23999917836069
-20.240047736866416
-20.24007282004272
-20.240098041081925
-20.24013769280934
-20.240167509493986
-20.240236170142175
-20.24026342982183
-20.240295535277255
-20.24034030207836
-20.240382221160548
-20.24044101965109
-20.240486790536792
-20.24053639207118
-20.24058495520462
-20.24063226965605
-20.240683690395958
-20.240719444767006
-20.240771775927428
-20.24081012643761
-20.240856456004366
-20.240881727180117
-20.24091714672621
-20.240938474830653
-20.240982934706423
-20.241008795330465
-20.241036153838508
-20.241084523437692
-20.24111433791214
-20.24116331894235
-20.241198530018753
-20.24123338866541
-20.241260682628777
-20.241285065083687
-20.241323730198573
-20.241346710828143
-20.24137970634079
-20.241413089791315
-20.24145329308653
-20.241478565508693
-20.24151935070132
-20.241536791996225
-20.241579182109373
-20.241604237096226
-20.241630428474785
-20.24166587285351
-20.241701038770184
-20.241723846688114
-20.241747601223945
-20.24176522787603
-20.241788620863993
-20.24182203454821
-20.241837355092386
