500 iters for seed 151 on ER0.3 which is in the 55.550384521484375 percentile
 Maxcut: 28.0, MedianCut: 18.0
-17.515484413002824
-17.61663861032504
-17.686506241422503
-17.742920336098713
-17.773606373167596
-17.825761018589652
-17.86077144685907
-17.890055995522374
-17.913909584174718
-17.935870017495482
-17.949540732981653
-17.962791976850376
-17.974637158898904
-17.98513771144529
-17.994116447085027
-18.003691374010298
-18.011759037640104
-18.019525674581992
-18.027501517698507
-18.03665974123655
-18.044134999861566
-18.053009309170044
-18.05896457073934
-18.06358183600497
-18.06907001614342
-18.074457924834356
-18.07796634416855
-18.081887287125433
-18.08615966248408
-18.089711070534836
-18.093946298069383
-18.09752333754929
-18.09992384697772
-18.101908343430264
-18.103914324774273
-18.10526819785551
-18.1066014666519
-18.107742695909185
-18.108683460620874
-18.109906465934852
-18.111155394495455
-18.11226503203836
-18.113358441614817
-18.11454131274561
-18.11578276702496
-18.117025301232164
-18.11820448402353
-18.119164449324387
-18.12006285667654
-18.12098001812104
-18.122040836783697
-18.12291784371481
-18.123723379154768
-18.124832234176885
-18.12564399902566
-18.12657559268121
-18.127557318455892
-18.12841197812649
-18.129465667481547
-18.13098095666747
-18.131697881426387
-18.132822570657346
-18.133904959094725
-18.13482413551481
-18.13534392839764
-18.136955729644747
-18.137701186137193
-18.138634399919436
-18.139605170405577
-18.14046588520223
-18.14117315502414
-18.14178573430791
-18.142478629855674
-18.14317393497975
-18.14379650675924
-18.144398591168507
-18.144944103292325
-18.145577128088217
-18.146277307040794
-18.146990754573768
-18.147700031299863
-18.148575007000613
-18.14972939771147
-18.150808669783114
-18.152050963528115
-18.153190277816343
-18.15387178285079
-18.154875539439495
-18.155748580530727
-18.156743465943862
-18.15740395305724
-18.158170447112834
-18.15896156190309
-18.159594596365547
-18.160554518508878
-18.161296856528867
-18.162110699151604
-18.16286664841611
-18.163569745190625
-18.164355035639126
-18.165272230801232
-18.165843286839063
-18.166562476282124
-18.167317938135234
-18.168065005475697
-18.1685028009473
-18.169017223021484
-18.169340886355073
-18.169725627645725
-18.170122248516144
-18.170432565068218
-18.170789181206846
-18.17123017949274
-18.171436969676236
-18.171820368094632
-18.171987976392536
-18.172371851259513
-18.17260331876
-18.172862289531018
-18.173307885486167
-18.17361343412814
-18.17422288696715
-18.174462702962757
-18.17474391714552
-18.17498919144295
-18.175364713736172
-18.17571912215352
-18.17597567291334
-18.1764188513334
-18.176692633902594
-18.177039253880967
-18.17727512140692
-18.17754371166066
-18.177860008066773
-18.17819935524956
-18.178420589856092
-18.178616142101962
-18.178833943296066
-18.179147862970723
-18.179351000519674
-18.179560149365606
-18.17992982853307
-18.180137845060173
-18.180446137818244
-18.18072045157706
-18.181041487852575
-18.18129657325143
-18.18162813220933
-18.181870079179784
-18.18205520947568
-18.182323390752725
-18.182597074900848
-18.182896660541942
-18.18312265607054
-18.18336868490297
-18.18367222308428
-18.18383406659876
-18.184012535389833
-18.184329811152082
-18.184446025185803
-18.184615848478877
-18.18480302551981
-18.18494090797357
-18.18521832698138
-18.185377842494972
-18.185571410211637
-18.185747110155425
-18.185951692187487
-18.186223790025302
-18.18645845565618
-18.186659438988322
-18.18684769446216
-18.187048827941545
-18.187264404764704
-18.187472979921303
-18.18765060567724
-18.187836105093943
-18.188052414494884
-18.18823769814565
-18.188426947238376
-18.188596533667027
-18.188748050975946
-18.188902680342437
-18.189130388139017
-18.189303368514636
-18.18948169679324
-18.189678690496518
-18.189843285555522
-18.190039532049674
-18.19027717970517
-18.190451466819727
-18.190639556563188
-18.190806490664706
-18.19097423392796
-18.19109758809292
-18.191338880748194
-18.19146396815222
-18.191618553987176
-18.19189249202827
-18.19204562424045
-18.192272312742233
-18.19242315504989
-18.19256069593101
-18.19269079525242
-18.192824729066373
-18.19294199096092
-18.19306711031224
-18.19319400635807
-18.19333669324665
-18.193465641324092
-18.193555079010647
-18.193697949040367
-18.19377207520794
-18.19391523761555
-18.194033887398593
-18.19413202894639
-18.1942996097046
-18.194354841561545
-18.194481293073146
-18.194528977960914
-18.1946095993978
-18.194667452945364
-18.19475353603107
-18.19480876519818
-18.19487063675736
-18.194928687054748
-18.19501616502383
-18.195066135630615
-18.19511298766524
-18.195190623061457
-18.195226637289142
-18.19529080601111
-18.1953324921761
-18.195377496282592
-18.195408389129135
-18.1954398628624
-18.19547724517186
-18.195501962152775
-18.19554054570161
-18.19557029716719
-18.1955941407984
-18.195619002103008
-18.19564278203208
-18.19566484047769
-18.19569464523347
-18.195715327989568
-18.195740714076607
-18.195767159486497
-18.19578757513818
-18.195805053849348
-18.19583297908513
-18.195843449209633
-18.195864328817144
-18.19588293180477
-18.195899733423623
-18.195930593642892
-18.195945316299106
-18.195977306374154
-18.196000491844085
-18.19602187655186
-18.196041293517258
-18.196054923787152
-18.196076313973336
-18.196096056390402
-18.19611771753156
-18.19613449409009
-18.196157852138484
-18.19617284794056
-18.196190013923697
-18.196212154650087
-18.196225338868143
-18.196248213424024
-18.196283170456613
-18.196301407522448
-18.19632913422811
-18.196368701993894
-18.19639141445041
-18.196423969519053
-18.1964452887226
-18.19646823205014
-18.19649055481019
-18.196510582669696
-18.19653171329922
-18.19655334645811
-18.196576803750762
-18.196600404264824
-18.19662371934114
-18.1966411592771
-18.19668079656936
-18.196702692528486
-18.19673071297547
-18.19676803823208
-18.196792250763718
-18.19683194408477
-18.19687146788585
-18.196894687851437
-18.196927791588024
-18.196955216885367
-18.196985770714203
-18.197017239081546
-18.197031716831134
-18.19704638311218
-18.197076692023316
-18.197089937488528
-18.19710626410472
-18.19714379491695
-18.197160622382658
-18.197179035840385
-18.197214083588413
-18.197230206574282
-18.19725035053743
-18.19727597236905
-18.197294584460803
-18.197313442078574
-18.197339240553255
-18.197352120217086
-18.19736437852174
-18.19738087579568
-18.197395608192306
-18.197403634781637
-18.19742838817796
-18.197437867859
-18.197451142002947
-18.19746849564795
-18.19748140889862
-18.197497966680686
-18.197510912554144
-18.197527209908884
-18.19754509545459
-18.197564270629666
-18.197588087074827
-18.197604719940443
-18.197625059391598
-18.19764243755828
-18.19765713916497
-18.19767130604906
-18.19768900033865
-18.197706738631688
-18.197721966261074
-18.197741995532112
-18.197756711573863
-18.19776755814764
-18.197783128694837
-18.197795844798605
-18.19781331376575
-18.19783527167215
-18.197849220198513
-18.19786024410768
-18.197886710443463
-18.197895161985176
-18.197908826309245
-18.197923874394043
-18.19793585975914
-18.197956132425936
-18.197965619384007
-18.19798180622172
-18.197994397804536
-18.198006618486996
-18.198020227989762
-18.198038660901844
-18.198055113910243
-18.198070265559547
-18.198093396097402
-18.19810631091486
-18.198119826621202
-18.198130941266243
-18.198141698074625
-18.198159872120307
-18.198176626886717
-18.19818973523505
-18.19820315817234
-18.198215758328978
-18.19823372996678
-18.198245935961076
-18.19825379081699
-18.198265025746473
-18.198274241737128
-18.198284803349324
-18.19829454819149
-18.198301947777995
-18.19830981638504
-18.198322326203616
-18.19832742877157
-18.198337390852405
-18.198345872943037
-18.198357543403997
-18.19836690196294
-18.198375186917755
-18.198381777156666
-18.198392828362874
-18.198400339728828
-18.198407020963586
-18.198415718841208
-18.198426295310934
-18.198432780331927
-18.19843954019698
-18.198447475683313
-18.19845279881477
-18.19846005778175
-18.198464717383462
-18.198470217326424
-18.19847778400983
-18.198486585140923
-18.198492117662283
-18.198497723806796
-18.198502635658574
-18.19850838633515
-18.19851585558723
-18.198521223317318
-18.19852547621982
-18.198536124934762
-18.1985405065948
-18.198546944822514
-18.198557660026783
-18.198564802764363
-18.19857270988896
-18.19857924886895
-18.19858741412572
-18.198593684613247
-18.19859866599693
-18.19860522858662
-18.198610126747052
-18.198616293084402
-18.198625518409123
-18.1986307900749
-18.19863904620083
-18.19864593493601
-18.198654158064496
-18.198661336273073
-18.198666841655655
-18.19867244397
-18.19868106311959
-18.198686374213597
-18.19869318653905
-18.198698997173615
-18.198705675551174
-18.19871467731061
-18.198720475068672
-18.198727233527748
-18.19873194258927
-18.198737248310486
-18.198743138809274
-18.19875214532929
-18.1987566094905
-18.19876199600558
-18.198767547880955
-18.198774954574535
-18.198782654060928
-18.1987904105971
-18.198797662631463
-18.19880872159456
-18.19881612891131
-18.19882277540152
-18.19883250209812
-18.198839396825075
-18.198847129961
-18.198856187530396
-18.198862501153563
-18.198871167523613
-18.1988762855987
-18.198885690414546
-18.198892140797263
-18.198898138592757
-18.198909734114494
-18.198916145062448
-18.19892467631372
-18.19893221640701
-18.198940932677758
-18.198945430741496
-18.19895571555888
-18.198961275844855
-18.198967742767525
-18.198978952680374
-18.198986341469283
-18.198998199915856
-18.199008304187142
-18.199017101817663
-18.199026117589636
-18.199034836748677
-18.199043884795103
-18.19905119290211
-18.199056519839466
-18.19906702290214
-18.19907283740352
-18.199079995419034
-18.19909127148247
-18.199097155815288
-18.199102500011566
-18.19911831669022
-18.19912295507841
-18.199130270754097
-18.19913679506707
-18.199146017295327
-18.19915585930726
-18.199165644174727
-18.199174389871864
-18.199180352851478
-18.19919176781344
-18.199197947229017
-18.199205388188254
