500 iters for seed 117 on ER0.3 which is in the 48.911285400390625 percentile
 Maxcut: 26.0, MedianCut: 15.0
-15.017687539246987
-15.018806983844492
-15.131501922247795
-15.227443702477593
-15.25458949305463
-15.295941801908896
-15.345602189086012
-15.387643942767802
-15.419473727988578
-15.44445995771674
-15.467716709783355
-15.483827029445461
-15.497175436640799
-15.512575273942327
-15.523437777941112
-15.535130976876903
-15.544958267077135
-15.555107558290574
-15.56413544827345
-15.572538785882603
-15.579455873489147
-15.585394230172648
-15.591505565730369
-15.596989239673832
-15.601183808889392
-15.605616670396188
-15.60999631423445
-15.614334207490941
-15.618532499254018
-15.622660463058848
-15.62595994615245
-15.628693240726353
-15.631180968241422
-15.633702976119677
-15.636310548148103
-15.63899576231691
-15.641410480167247
-15.643732383799932
-15.64613222668468
-15.648557804463197
-15.651436907327497
-15.653901202818428
-15.656509258102869
-15.659846712700663
-15.661868487931883
-15.664472847543074
-15.667103586499062
-15.668733751978557
-15.67125568523775
-15.673243772683959
-15.675418220561376
-15.677322325754997
-15.679146985530936
-15.681073477476362
-15.68308144584765
-15.68489390511108
-15.687415570756254
-15.688971801227446
-15.690845696992781
-15.69219261575238
-15.693434154990182
-15.694729488579817
-15.696155867381542
-15.697115067705829
-15.698393183484662
-15.699059161251057
-15.699997271511775
-15.700590719465868
-15.701233826321456
-15.701812079055493
-15.702632294241063
-15.70305103431
-15.703596017777855
-15.704191687091345
-15.704896994478617
-15.705425570153116
-15.706175604203032
-15.70683857178164
-15.70767808975874
-15.708569804826753
-15.70921727201528
-15.709928650236126
-15.71056436076572
-15.711375121953822
-15.711888850100909
-15.712452021448296
-15.713059685061644
-15.713469742407288
-15.714089126859232
-15.714533894823425
-15.714993868012105
-15.715359172611276
-15.715725828073232
-15.715998663892233
-15.716456810283209
-15.71670262779557
-15.717024236707553
-15.717485849130163
-15.717847363936723
-15.718164051543429
-15.718460184216415
-15.71875222618728
-15.719094989836005
-15.719508465299027
-15.719755484987026
-15.720077984418339
-15.720320649375669
-15.720804088920147
-15.721054487700552
-15.721312239198422
-15.721684407157849
-15.721971682916452
-15.722330412633873
-15.722563053731912
-15.72284026230994
-15.723076950245357
-15.723388787760555
-15.723607600041037
-15.723866312778071
-15.724071311980085
-15.724301146023839
-15.724525366722428
-15.724702266407663
-15.724909902797442
-15.725140158838812
-15.725300734404037
-15.725489810269291
-15.72562776182701
-15.725808663815709
-15.725967390174358
-15.726093290834356
-15.726232763809591
-15.726371626544907
-15.72649144255346
-15.726611360245444
-15.726709622538948
-15.726857098065569
-15.726914185345391
-15.72708230145491
-15.727176226877393
-15.727274564579247
-15.727419422034359
-15.727516070167864
-15.727632850634118
-15.72771969874453
-15.727830874511286
-15.727894007439966
-15.728016223548494
-15.728095025926365
-15.728167453104094
-15.728310674493516
-15.728384869314773
-15.728498826012618
-15.728580365887103
-15.728656098516907
-15.728730924826504
-15.728805676870856
-15.728908052810795
-15.728971833820605
-15.729051375966616
-15.729123518819424
-15.729227363012336
-15.729270241010248
-15.729376610613993
-15.729404733730428
-15.729512843047535
-15.729569155356803
-15.72963743770914
-15.72973975433399
-15.729817839869504
-15.72990770480541
-15.729977162459226
-15.730066028743796
-15.73016228003592
-15.730256686834528
-15.73037790324905
-15.730445379256928
-15.730517695272141
-15.73065725614014
-15.730723397132644
-15.730795788025315
-15.730955383082987
-15.731031565406663
-15.73119543520258
-15.731238151843943
-15.731449358996718
-15.731535409229895
-15.731630129019376
-15.731785439409535
-15.731846900807412
-15.73216029343002
-15.732288765215117
-15.732459678009457
-15.73265448091302
-15.732806512519247
-15.732989317762492
-15.733094372286299
-15.73322060758987
-15.733304518306412
-15.73352777630161
-15.733604119494693
-15.733708409049786
-15.733855125358957
-15.733933814716929
-15.734164515666984
-15.73425731219191
-15.734376773008577
-15.73454870377988
-15.734690561172187
-15.73482699290688
-15.734940448833271
-15.735044398138461
-15.73515219955918
-15.735295713472418
-15.735372479332584
-15.735486355750279
-15.735602650743457
-15.735772826423162
-15.735897189501776
-15.736025053751073
-15.736242483544025
-15.736358190052558
-15.736543231806406
-15.736695477872754
-15.736883943049744
-15.737065599459648
-15.737231830588991
-15.737471851642217
-15.737652570781306
-15.73784642011132
-15.738238374247015
-15.738425247235988
-15.738640241641795
-15.739164753947348
-15.7394405942265
-15.73993539736065
-15.740254361472898
-15.740679249869642
-15.740998921618075
-15.741294497203237
-15.741619699137988
-15.741952911331186
-15.74218875115973
-15.742549691734197
-15.742831657740625
-15.74316356504316
-15.74344902304846
-15.743725238710585
-15.74400927861684
-15.744429700254651
-15.744605882081922
-15.744962254908826
-15.745098836439482
-15.745478689609456
-15.745638756216836
-15.745822750046646
-15.74601639486594
-15.746238738197228
-15.746391291428123
-15.746565623164248
-15.746717136518988
-15.746867158152318
-15.747069189419577
-15.74717430944138
-15.747313875702583
-15.747501487357914
-15.74760989451505
-15.747688558561812
-15.747798966887567
-15.747910438377247
-15.748014035953013
-15.748141347149122
-15.748245174195763
-15.7483606159883
-15.748473571835335
-15.748649240216215
-15.748763299180036
-15.74890399428266
-15.749085340852488
-15.749278570355905
-15.74943402969339
-15.749656121564282
-15.74978340391444
-15.749930017320477
-15.750194736417239
-15.750313039505578
-15.75049090427518
-15.750685088718157
-15.750888293058171
-15.750989151133565
-15.751161914053725
-15.751278416185983
-15.751398478338968
-15.751572328947036
-15.751727694587933
-15.751863839521146
-15.752190252972369
-15.752315521711447
-15.752509138763642
-15.752697822253118
-15.752922666520847
-15.753113849410187
-15.753349132266273
-15.7535812418461
-15.753846042190828
-15.75411975739168
-15.754338935691766
-15.754551156248958
-15.754860222691923
-15.755081845590967
-15.755324931377283
-15.755601573645732
-15.755801051446436
-15.756003190865535
-15.756318375442667
-15.75654856931508
-15.756796253936384
-15.75707307449083
-15.757276593506484
-15.757548311948952
-15.757800975658922
-15.758039756361766
-15.758197102908905
-15.758422981926628
-15.75850634745583
-15.758708584098352
-15.758811901998943
-15.758937461183653
-15.759137024093228
-15.759266305053446
-15.759409016792043
-15.75952145097613
-15.759641705457213
-15.759744669574173
-15.759857600774803
-15.759966307007163
-15.760060004404387
-15.760168763600843
-15.760349197944667
-15.760430973637085
-15.760543282127626
-15.760663630385741
-15.760794702756792
-15.760896975833674
-15.761031255420201
-15.761126976619545
-15.761247257314135
-15.761418205164617
-15.76151056713191
-15.761607154373392
-15.761784327730345
-15.761874793061361
-15.761935900406032
-15.76213375816112
-15.76219510486538
-15.762301058794208
-15.762454934188908
-15.76253615775352
-15.762662890319346
-15.762718861614031
-15.76280319451072
-15.762847950480761
-15.762973039750982
-15.763020424288023
-15.763075908835786
-15.76314245026447
-15.763212432916784
-15.76326163840355
-15.76332582079698
-15.763382340776545
-15.763447479391868
-15.763511879451205
-15.76357065979218
-15.763596702340257
-15.76367416694032
-15.763707560839535
-15.763751599640976
-15.763834384841783
-15.763880595661394
-15.763934944336466
-15.764009433769798
-15.76405491515805
-15.764104385609018
-15.764172521941418
-15.764223522124725
-15.764296089263743
-15.764361245701034
-15.764431202668804
-15.764514482681243
-15.764593383381294
-15.764672639312813
-15.764742527887831
-15.764802131921469
-15.764880180284488
-15.764942193426883
-15.76499955140228
-15.765048072969508
-15.76513666688194
-15.765197226593752
-15.76526841914432
-15.765345702488885
-15.765394293184022
-15.765460374290562
-15.765517523008183
-15.765573125527828
-15.765624653134486
-15.765677574394038
-15.765726461854744
-15.765782166164225
-15.76584570308368
-15.765911732237598
-15.765971073412768
-15.766015098817725
-15.766084369855943
-15.766135629032904
-15.766194543876692
-15.76625275384733
-15.76631768551843
-15.766368409673944
-15.766440666427027
-15.766485270759873
-15.766550760048679
-15.766626813545939
-15.766723929187016
-15.766814767960224
-15.76692291634064
-15.767017199135136
-15.767132299320254
-15.767276023526282
-15.767379446064325
-15.767408610427244
-15.767592433669524
-15.767638865347497
-15.767719880549262
-15.767793826897275
-15.767882463029581
-15.767951224718681
-15.768004574571904
-15.768079794830525
-15.768158933468953
-15.768243806746613
-15.768304597739139
-15.768375530275701
-15.768459149157843
-15.76853097268063
-15.76860583467682
-15.768686256692936
-15.768754663086485
-15.768816663778267
-15.76887787422087
-15.768951312115389
-15.768994989504396
-15.769041790263977
-15.769076011004481
-15.76916238313228
-15.769200548001319
-15.769245763199784
-15.769313887536507
-15.769346086936748
-15.7694314734984
-15.769462114148181
-15.769513590508424
-15.769561433905984
-15.76962417188348
-15.769657670746556
-15.769697224760723
-15.769739089517984
-15.769785793064504
-15.769820616583893
-15.769858225758112
-15.769889194756523
-15.769914533667748
-15.769949239195963
-15.769957383804833
-15.769990856268754
-15.770009197732616
-15.770028951746108
-15.770057880804064
-15.77007744412802
-15.770111325478558
-15.77013143881537
-15.770160299929774
-15.770174381719684
-15.77019647377402
-15.770213562532284
-15.77022738034719
-15.770245802570315
-15.770268217809727
-15.770281094716747
-15.770300865144721
-15.770309286829752
-15.770328228633005
-15.770340534773993
-15.77035167678982
-15.770370833156305
-15.770381300520217
-15.77039525764475
-15.7704058063038
-15.77042030915062
-15.770428479839563
