500 iters for seed 109 on ER0.3 which is in the 48.503875732421875 percentile
 Maxcut: 28.0, MedianCut: 18.0
-18.1396760866227
-18.237712073989258
-18.29064677836149
-18.34104415841318
-18.375452908721122
-18.395382757971127
-18.414487885712724
-18.428970916676313
-18.44625024561347
-18.460973307526302
-18.478068852312795
-18.49115729463314
-18.50336859533665
-18.513144774688996
-18.525874462184994
-18.533875778104125
-18.54070241379947
-18.546996462987497
-18.553530229043513
-18.558790620585548
-18.56486548598661
-18.569262910433288
-18.574422030056603
-18.578684878139548
-18.582752980166592
-18.585103201534285
-18.590773209750388
-18.594043109878285
-18.596872731908558
-18.599865873900317
-18.60277008596498
-18.606075752818434
-18.60855968209007
-18.61057610378795
-18.613015279933546
-18.615162472981112
-18.61659336788692
-18.618190236077336
-18.619813806342457
-18.62153238038852
-18.62316850359298
-18.62489205076095
-18.62668230169331
-18.628643034190837
-18.630682777079876
-18.63318876954495
-18.635367607601992
-18.63759056236869
-18.639388426533277
-18.64062212930866
-18.642398573492684
-18.64378535989602
-18.645446585636307
-18.646436172716022
-18.647871143864986
-18.64901660193879
-18.649996132961988
-18.651169527760047
-18.6524543564726
-18.653322853449403
-18.654256180113062
-18.65529105610566
-18.65623319933203
-18.65731662432419
-18.658422760270714
-18.65961819650966
-18.660591788657765
-18.661597251816183
-18.662547370230314
-18.663410230172026
-18.66453790538076
-18.66527368086873
-18.6663571205273
-18.667663443447584
-18.668524328388827
-18.669332400779147
-18.670677762070863
-18.671157818584437
-18.671859893590053
-18.672701514168956
-18.673380528255933
-18.674012184937432
-18.674655840478987
-18.675181183000685
-18.67574127154512
-18.676230099407437
-18.67666493633895
-18.67715539800435
-18.677625370155322
-18.67801047094039
-18.678353386119664
-18.678710700431544
-18.67918991511583
-18.679666927470333
-18.680108879931822
-18.680513516807952
-18.680980177291417
-18.681299747157933
-18.681628462410213
-18.681912248628585
-18.682184962398015
-18.682398336356567
-18.682689803645435
-18.682854669324893
-18.68307970442045
-18.683212804582297
-18.683556285151006
-18.683702787860696
-18.683858723315623
-18.68406675687288
-18.684251631025074
-18.684427464862647
-18.68458743413704
-18.684749395691146
-18.684891548106577
-18.685135497403436
-18.685244039697277
-18.685408593171537
-18.68556898267908
-18.68577485737037
-18.685892264748105
-18.686016247584952
-18.686160821976728
-18.686326703321704
-18.68644759785175
-18.68659894534071
-18.686697851317685
-18.686794010208242
-18.686946473724667
-18.6870320049204
-18.68717569999606
-18.687256217221073
-18.68734372320467
-18.687510045525933
-18.687612128191525
-18.687735905889113
-18.6878288568739
-18.687933491126806
-18.688021133001453
-18.688110684042336
-18.68821415998675
-18.688292299736972
-18.68837110530877
-18.688504267317708
-18.688589800914922
-18.6886662988227
-18.688795077233895
-18.68886681686215
-18.688964649535205
-18.689047099221323
-18.689119305765026
-18.689172177780286
-18.68924045047894
-18.689295024272578
-18.689353490813303
-18.689419868562435
-18.689464471070806
-18.689513543039787
-18.689569678736333
-18.68962081442314
-18.689678717300847
-18.689751805412747
-18.689791916716533
-18.68983245351189
-18.68987852805069
-18.689909725996756
-18.689955616004244
-18.69000469168948
-18.690053136908368
-18.690091668564758
-18.690132621356554
-18.690177672268014
-18.69021991550055
-18.69025962528837
-18.690303478381704
-18.690338344404942
-18.69037129781582
-18.690410757102747
-18.690444123482784
-18.690496202482464
-18.69054718908119
-18.690601541904865
-18.690651771581585
-18.69070686004929
-18.690760055145894
-18.69079822715457
-18.69085356288423
-18.690889907853634
-18.69092946909918
-18.69098198909023
-18.6910180300131
-18.691079082146963
-18.691123458607407
-18.69115489009438
-18.691200939369082
-18.691247610055893
-18.6912992017509
-18.691347465145366
-18.691388984767556
-18.69143066587832
-18.691485987628855
-18.691530051922477
-18.691560339956514
-18.691602040619784
-18.691631573458555
-18.691670018743412
-18.69170682846353
-18.691729847543957
-18.69175926913626
-18.69179425086443
-18.691825214418337
-18.691850702840693
-18.691890951495218
-18.691918809022084
-18.69194844194172
-18.69198703830862
-18.69201870082108
-18.692064102380428
-18.69210119302509
-18.692126664492633
-18.69216470743742
-18.692194890445585
-18.692229352733396
-18.692262940601914
-18.692291604595894
-18.692336161999606
-18.692373291180086
-18.69240660845382
-18.69244731294925
-18.692476809816807
-18.692512188039103
-18.69255819210109
-18.692604771544545
-18.692652283590427
-18.692720634867115
-18.69277812138134
-18.692846464302256
-18.69295366578229
-18.693031583427192
-18.693139236790614
-18.693283950357387
-18.693400803093315
-18.693489472718397
-18.693639367637637
-18.69375531536101
-18.693897353668923
-18.694030580716202
-18.694165841012477
-18.694289172648446
-18.694453756929406
-18.694593645563025
-18.694717720249894
-18.694876235923097
-18.694993635753786
-18.695118548318103
-18.695241332956734
-18.695318110717967
-18.695393025182646
-18.695513803941687
-18.695583427088224
-18.69564699319815
-18.69578920507175
-18.69584979089852
-18.695929631510953
-18.6960546053884
-18.696119712058767
-18.696180754676025
-18.696288723694387
-18.69635908120753
-18.696485078437057
-18.69662035701017
-18.69669013064277
-18.696783598076443
-18.69687504458764
-18.696989095610917
-18.697113098966703
-18.697203510397202
-18.697297164513706
-18.697417700967986
-18.69752071583252
-18.697594817775325
-18.69772927795823
-18.697825508340852
-18.69795928640183
-18.698121388237098
-18.698223705101565
-18.69837325736484
-18.69856877470727
-18.698665132369722
-18.69882881121361
-18.698951546067512
-18.69911119035271
-18.699263766759444
-18.69937852841624
-18.699611375917105
-18.699699641007044
-18.699930841948266
-18.70006127860249
-18.70025936063369
-18.700560222692886
-18.70085549779768
-18.701117644808463
-18.701388935916903
-18.70163550496227
-18.702039121562617
-18.702350334694188
-18.702747292212763
-18.70296417153115
-18.70332377256465
-18.70346874500258
-18.703976393276562
-18.704265021358648
-18.704634693355473
-18.70496734481241
-18.705415385227326
-18.705671580622138
-18.70592265527512
-18.706175227477225
-18.706466930391656
-18.70672867937032
-18.706966377874426
-18.707201663423515
-18.707444211607545
-18.707668839952575
-18.707865943613513
-18.70809975745102
-18.70832475152254
-18.70851575241296
-18.70878338308168
-18.7089690071091
-18.709129970523534
-18.709350657462778
-18.70945563682902
-18.709577048372473
-18.70976054115061
-18.70983962545426
-18.709919144093906
-18.710064971087085
-18.710138726394728
-18.71019810248226
-18.710343678089163
-18.710387876422836
-18.710485724844958
-18.71051528103022
-18.710627572002576
-18.71067420977847
-18.710732774799673
-18.710819244087503
-18.71085269768995
-18.710995066496643
-18.711048577701256
-18.71111636000156
-18.71121066565274
-18.711272450873864
-18.711353365461328
-18.71139950847121
-18.711468300894886
-18.711507546464553
-18.711569060848394
-18.71161187004272
-18.71165042777633
-18.711735743985876
-18.711789696432746
-18.711858596766344
-18.71192641175184
-18.711989076899684
-18.712060207132666
-18.712123149334303
-18.712184619283892
-18.712229335830358
-18.71227878444259
-18.71234950950067
-18.712403795075485
-18.712443348895725
-18.712517498223022
-18.712588679381962
-18.71269843509934
-18.71278724310049
-18.71289380543979
-18.71298169437901
-18.713089796516854
-18.713189514385277
-18.713336822974707
-18.713451127035896
-18.713555010058023
-18.713640989797057
-18.713795182545766
-18.71389527724785
-18.713995058133868
-18.7141559824378
-18.71424732582224
-18.714345791794102
-18.71442215866025
-18.71451234510505
-18.714617576035177
-18.71471711911602
-18.714823055034547
-18.71491673846428
-18.71502601180127
-18.715150173689203
-18.71526057379758
-18.71532923396601
-18.71543923549553
-18.715508933204003
-18.715598553157736
-18.71571946829995
-18.7157941910128
-18.715857114856497
-18.715968575381844
-18.71604818241815
-18.71614564126358
-18.716220693012694
-18.716272784554423
-18.71633648476628
-18.716394469524634
-18.716445566054325
-18.716538711078975
-18.7165900388682
-18.71665132550937
-18.716739458828837
-18.71678526187342
-18.716860966924436
-18.716914441584155
-18.716970214462936
-18.71702296457847
-18.717069432162784
-18.717112918051576
-18.717163203835817
-18.717204196348646
-18.71724742992837
-18.717285469494612
-18.71731344094038
-18.717352776647644
-18.717385288975773
-18.717410997000464
-18.71744752563773
-18.717477517590474
-18.717510639450147
-18.717546095286526
-18.717569073443624
-18.717599692707736
-18.717624606958925
-18.71765145074445
-18.717666108283506
-18.717689713210763
-18.717695830178247
-18.717716890055115
-18.71772739168534
-18.717741060002833
-18.71775694301418
-18.71777334221423
-18.717783734819882
-18.717799227263008
-18.71780989309249
-18.717822402347824
-18.717844039040703
-18.71785579952375
-18.71787590031262
-18.717893256288487
-18.717922285359343
-18.717935868173903
-18.717952694869684
-18.717966542361523
-18.717989669373605
-18.71800541705606
-18.718019277049965
-18.71803752842692
-18.7180594834803
-18.71807787305161
-18.718099439280472
-18.71812146266478
-18.718147574247222
-18.71819196275758
-18.718227165592307
-18.71825273222568
-18.718309771042613
-18.71833310317225
-18.718365158752555
-18.718408103763515
-18.718433562665062
-18.718471317232
-18.718530630699
-18.71855680163827
-18.718589636238427
-18.718623407399047
-18.718665802139114
-18.71870375241855
-18.718742803290304
-18.718779583503945
-18.718815486280466
-18.718852456740517
-18.71888839590003
-18.7189256609126
-18.718969164782635
-18.71900630541055
-18.71903877224701
-18.719092761758784
-18.719130557797598
-18.719165051722445
-18.71924179908975
