500 iters for seed 199 on ER0.3 which is in the 9.296417236328125 percentile
 Maxcut: 28.0, MedianCut: 18.0
-18.138906073484666
-18.24288135226389
-18.278409901736072
-18.327874918523534
-18.356693893582392
-18.38065553329521
-18.39907142422144
-18.41879119130308
-18.43591277750785
-18.45109718569342
-18.461897758311494
-18.475004396585682
-18.481593080658442
-18.490266321243848
-18.499135897347358
-18.506063467764406
-18.512538557488146
-18.517091527269155
-18.52196225953663
-18.524844594953088
-18.528668581738696
-18.532193089635566
-18.535760293552805
-18.540684922131753
-18.54672471910253
-18.553396247163807
-18.560174588961168
-18.563732461111137
-18.5697870735464
-18.573685595604292
-18.57667842733655
-18.57941927069369
-18.584574283550847
-18.587645617404114
-18.58987996343166
-18.592028899323815
-18.593844710666875
-18.59584731916047
-18.59754670704671
-18.59874485302467
-18.600304976984848
-18.60175081798532
-18.60275309825372
-18.604662253027428
-18.60602289456641
-18.60744097116436
-18.60837484640799
-18.60946424534927
-18.610278888895856
-18.611504107078886
-18.612463638048986
-18.61353824110258
-18.61405306562891
-18.6156917073308
-18.616285667621884
-18.617074207445587
-18.61815348024627
-18.619255783905416
-18.62032640865567
-18.621103685524012
-18.621806940456313
-18.623022003899948
-18.623564769170773
-18.624851641204504
-18.625501976556343
-18.626477534343163
-18.627828735269624
-18.628642406741726
-18.630329989929038
-18.631288597403252
-18.63216762433659
-18.6331595124829
-18.63411499231716
-18.634982901221203
-18.635733096645048
-18.636558851542347
-18.637549815323162
-18.63867019427834
-18.63997763105567
-18.641325207125313
-18.642516416737113
-18.64359726018968
-18.64446431915284
-18.645594515940974
-18.646054530646516
-18.64692740713428
-18.64740509227049
-18.647952996875155
-18.648887137645797
-18.649424221795243
-18.650154995917703
-18.650619548055246
-18.651262904109274
-18.65231165601559
-18.653053837167576
-18.65377736599741
-18.654391198954286
-18.654991402216314
-18.655873511519598
-18.656519929539108
-18.657117051046235
-18.657558594803913
-18.658131462282107
-18.658778944871187
-18.65932952417248
-18.659811185966397
-18.66024002500207
-18.660709963313572
-18.661181133024492
-18.66156276258842
-18.661956159404966
-18.662350336816758
-18.662712941993977
-18.6631220948494
-18.66345988622306
-18.66371725166787
-18.664036916730723
-18.66427700298553
-18.66464341385801
-18.66482909859617
-18.665040368221206
-18.66539082173287
-18.665638916946957
-18.666011700695606
-18.66621801713371
-18.666492855105133
-18.666645979479682
-18.66697465297998
-18.66711130275348
-18.667251005876174
-18.66740371155849
-18.667599907923126
-18.667796855037718
-18.66800455390671
-18.66818979861309
-18.66836690077195
-18.668595639267934
-18.66874740178703
-18.668905824407442
-18.669122039872477
-18.669248080456633
-18.66937600590002
-18.669565430887264
-18.669678580334338
-18.669854986976723
-18.670015429059816
-18.670166246304763
-18.670348140464537
-18.67047221630965
-18.670667028705196
-18.670764365906003
-18.670867584625704
-18.67104779987386
-18.671128784399894
-18.671271600963657
-18.67137904765477
-18.67148598729414
-18.671522076195007
-18.671623348644815
-18.671676671562462
-18.67174107920028
-18.671813779264397
-18.6718994298672
-18.67196239758569
-18.67203066918057
-18.67209042641545
-18.67215734680807
-18.672247436030908
-18.672314204413837
-18.67243407852264
-18.672547929527855
-18.67264964317419
-18.672776957190905
-18.672889084359333
-18.672988341855483
-18.673152635273333
-18.673276232331833
-18.673415541088126
-18.6736778209312
-18.673802680991894
-18.673910965870714
-18.674089607354496
-18.674244394499908
-18.674463521880412
-18.674656729784697
-18.674850455637753
-18.675065989556142
-18.675320273014254
-18.675600324127828
-18.675824947262555
-18.676020808945307
-18.67624296179166
-18.676454310130605
-18.67661589832099
-18.67687902660373
-18.67706002773051
-18.67732624318069
-18.677532974626143
-18.677708021686232
-18.677935000299634
-18.678214154202813
-18.67856308118364
-18.678848542801525
-18.679158972975962
-18.67951222305181
-18.67982183219014
-18.680112408334594
-18.68044094611605
-18.68060453676194
-18.68081308491444
-18.680987755726868
-18.681151812738598
-18.681464893605046
-18.681621619061858
-18.681790911128275
-18.68193476321816
-18.682083663945207
-18.682286060074095
-18.682473265776945
-18.682645927809013
-18.682813902478568
-18.682938178407838
-18.683126607458686
-18.683211315140785
-18.68336579841175
-18.683565167471787
-18.683695878352427
-18.683876132940924
-18.683972656035426
-18.684086243323854
-18.684277098964575
-18.684440833149452
-18.68456510831545
-18.68468888600723
-18.684787967247367
-18.684895922266666
-18.68500812211003
-18.685060776058833
-18.685148755376833
-18.68527127435389
-18.685363387854906
-18.68543695655106
-18.68551119688704
-18.68559103231147
-18.6856889832846
-18.685827938041715
-18.685891225545962
-18.6859767050207
-18.686025457648775
-18.686110635466612
-18.68617751046813
-18.686221995847312
-18.686318328440766
-18.686353875355714
-18.686435049742684
-18.686502358168738
-18.686583651673686
-18.686652143128974
-18.68670958535458
-18.68681125776424
-18.686877464267955
-18.686947690608434
-18.68705707090035
-18.687121913153142
-18.68721672251865
-18.68730402109809
-18.68739000960283
-18.68746307558753
-18.687530867968356
-18.687622334947573
-18.687659237626885
-18.687726808069634
-18.68781830334107
-18.68786834769374
-18.68794936651313
-18.687996828684604
-18.688047988295047
-18.68810466454661
-18.688150477135604
-18.68826025175504
-18.68830787803647
-18.688386364843403
-18.688452827163427
-18.68856061272655
-18.68862690421314
-18.68868197073928
-18.688743013884448
-18.688818559679078
-18.688900582192563
-18.68894091134263
-18.68898808302207
-18.689045690829428
-18.68910383988834
-18.689168097242305
-18.689236965923968
-18.689279862716283
-18.689320863410316
-18.689379427144267
-18.68944796593663
-18.68950078270368
-18.68954661850022
-18.689609240096935
-18.689655661492687
-18.68970119216629
-18.68973451338517
-18.68977244081196
-18.6898295943454
-18.689877813462942
-18.689922424421407
-18.689951960672147
-18.68997835923361
-18.690016497854845
-18.690051763894587
-18.6900946615442
-18.6901398974093
-18.690164812778807
-18.69019824714176
-18.690218369632994
-18.690253525870965
-18.690280531122614
-18.69030984218523
-18.690338278701002
-18.690376094366005
-18.69041846982013
-18.690454373409118
-18.69049757445898
-18.690534358728794
-18.690570707542967
-18.690611716396823
-18.69063411859571
-18.690659768582186
-18.69069466717023
-18.6907141764155
-18.690734769019706
-18.690766974081853
-18.69078436221465
-18.690814694725788
-18.69084187556458
-18.69086517256693
-18.690892871140576
-18.69091962199679
-18.690946879108104
-18.690977065758396
-18.69099274525772
-18.69101423161518
-18.691036641683517
-18.691055420442655
-18.691093043385393
-18.691111138288313
-18.691141158389055
-18.691168413112102
-18.691210577143725
-18.691243835723846
-18.691276938254706
-18.691313452078187
-18.69133744189549
-18.691369604667365
-18.691397413209724
-18.691415482629658
-18.69144429154345
-18.691464438695878
-18.691493838135365
-18.691520025394823
-18.691549501880953
-18.69160531882056
-18.69163760352413
-18.691667703512277
-18.691699118392783
-18.69173410507631
-18.691782750754435
-18.691816455098095
-18.691857081237707
-18.691883580662783
-18.69192726530632
-18.691985719837334
-18.692033700439744
-18.692070389674072
-18.69209903336452
-18.692134932832868
-18.69218936572984
-18.69224459718115
-18.692274148393373
-18.69231608312821
-18.692355346666627
-18.692405329725574
-18.69245597428168
-18.692505183538092
-18.692529907860095
-18.6925797201491
-18.692612485182334
-18.692634536445787
-18.692680405032604
-18.69271085269019
-18.692754467234916
-18.69280733975189
-18.692834557818557
-18.692876384652255
-18.692888438466632
-18.692926665552278
-18.69295081711901
-18.692975608923867
-18.693013716387796
-18.693042474658608
-18.69308162699151
-18.69311082962441
-18.69314339509431
-18.69316768998305
-18.693208664686956
-18.69325008829584
-18.69328716811305
-18.69332723789023
-18.693374142790507
-18.693428449141827
-18.693470631574325
-18.69351153758956
-18.693543477792776
-18.693577827390833
-18.693601118386006
-18.693623017833506
-18.693662344818513
-18.693680057513067
-18.693703088521634
-18.693727013162217
-18.693745146851708
-18.693776553120795
-18.693808190405946
-18.693828887103273
-18.693854671377515
-18.693883657753254
-18.69392511163483
-18.693948583774457
-18.693970920090145
-18.693995856891366
-18.694018956665804
-18.69404044604077
-18.6940740529643
-18.694093488557307
-18.69412035216959
-18.69415346711694
-18.694182308125946
-18.694209952466718
-18.694228065069307
-18.694252627619733
-18.694273800614255
-18.694308858177102
-18.694322723891837
-18.694344252145505
-18.694351132610485
-18.694385813216527
-18.69440100147308
-18.694418805281437
-18.694445318621568
-18.694484970990114
-18.694503241022968
-18.694516103387357
-18.694527681215444
-18.694540266424738
-18.694557510530583
-18.694576294422937
-18.694595741555172
-18.694606725783252
-18.69463706323633
-18.694653461670445
-18.694674115287697
-18.694695285255644
-18.694700493807723
-18.69470169859879
-18.694721937332694
-18.694749814323004
-18.6947615686506
-18.69477176564117
-18.694790168934155
-18.69480392731337
-18.69482469669355
-18.69483000998719
-18.694861509820946
-18.694872867938948
-18.694890301688826
-18.6949115811963
-18.69493727833466
-18.694960449387814
-18.69499220516447
-18.695008513596285
-18.695033156462255
-18.69505589808513
-18.69507182540555
-18.695093122123247
-18.695121105861496
-18.695140288056546
-18.695163603111297
-18.695186944675875
-18.695211580973773
-18.695250240623352
-18.695269488042598
-18.695286923254812
-18.695310956172715
-18.69533091739908
-18.6953696672263
-18.695392105690853
-18.695434741286473
