500 iters for seed 119 on ER0.3 which is in the 74.05014038085938 percentile
 Maxcut: 29.0, MedianCut: 19.0
-19.02029030507955
-19.131783232168697
-19.196035253453264
-19.265357931968516
-19.309263698735315
-19.357302135249675
-19.387356831459392
-19.413101432353393
-19.447260549199136
-19.47102551305622
-19.490474173390893
-19.508189779872367
-19.52643462107816
-19.53884490991494
-19.548731882380633
-19.557287979402314
-19.565318934752966
-19.57135986037787
-19.578355173977698
-19.58451499328241
-19.590460665712733
-19.59643352313944
-19.601431363527304
-19.605379992823963
-19.608339589667644
-19.610738047751404
-19.613640861384585
-19.616327609356
-19.618573821880695
-19.6212240421645
-19.623725875599387
-19.626137576072864
-19.62854975154481
-19.63061242979479
-19.63278063747637
-19.634678399242155
-19.63686161447518
-19.638842166411777
-19.64153649670764
-19.64308032128409
-19.64495426422543
-19.64636247093638
-19.647518366809166
-19.649344377174394
-19.65127460811951
-19.652765531089646
-19.65414774745958
-19.655295391073924
-19.65636160005032
-19.657283660501385
-19.65805287192742
-19.658752724301756
-19.65941445751389
-19.660078041672087
-19.6606022409242
-19.6610256667353
-19.661507049502227
-19.661870016671546
-19.66229318111942
-19.662752905972617
-19.663089981889236
-19.663418086551744
-19.663930060004528
-19.6643002136453
-19.664748638425642
-19.665287548014184
-19.66566250424398
-19.666152939694527
-19.666925302710357
-19.667705957434194
-19.668423944360597
-19.66965930437039
-19.670309815309473
-19.670997573160278
-19.67193191512009
-19.6730225755774
-19.673906952703
-19.675240679983364
-19.67612784023423
-19.677262989964056
-19.678139310558805
-19.678817693556795
-19.679863290809575
-19.68084286704726
-19.681594159011247
-19.682545398617574
-19.68340732003107
-19.684662805599405
-19.68552970637272
-19.686470707974287
-19.687301088834523
-19.68868874567871
-19.689435136765617
-19.690224209439428
-19.69078293615894
-19.691366404276742
-19.691747830335448
-19.692120299518734
-19.692642157233355
-19.693135502645553
-19.69352376096929
-19.693947349272506
-19.694240511546
-19.69450119656171
-19.69478644198769
-19.69507317369105
-19.695424499029457
-19.695732173101266
-19.69591101245981
-19.69615234228536
-19.696383365441395
-19.696673640156696
-19.696938477117268
-19.697200764027546
-19.69750625960829
-19.697926138294523
-19.698254774483264
-19.69859868025643
-19.698691605170907
-19.69911246114258
-19.699258582054515
-19.699429157364882
-19.69964295327875
-19.699848958938993
-19.70003408333771
-19.70015607871417
-19.70033744382113
-19.700439269313723
-19.700627399653563
-19.700755284663963
-19.700889829368318
-19.701133696700744
-19.701260637650947
-19.70140576453817
-19.701528822649006
-19.701670197942203
-19.701825668322563
-19.701990076842435
-19.702148640974965
-19.702274916123876
-19.70244267900327
-19.702633926230927
-19.70277694611108
-19.70294249229648
-19.703027677601543
-19.703256801121604
-19.703364303425897
-19.703487785096097
-19.703695032123207
-19.703820659794456
-19.703991697738214
-19.704113796627123
-19.70424667235126
-19.704383129246153
-19.704511813918224
-19.704682285708202
-19.704819884007858
-19.704966048667206
-19.705236549452607
-19.705405915887322
-19.705615288134773
-19.705822138621617
-19.70596357486648
-19.706079711829336
-19.70632717997232
-19.706447672851812
-19.70657003451533
-19.706684035298192
-19.706783213338575
-19.706904714741356
-19.707063029485898
-19.707157585417324
-19.707282654691554
-19.70737153223194
-19.707497396493753
-19.707616259433358
-19.707687978940918
-19.707872107555993
-19.707905857646807
-19.708116175226802
-19.708199820567003
-19.70831728648466
-19.70842475379467
-19.708560698527755
-19.708662301920896
-19.708770857358793
-19.708888456229225
-19.709039574645566
-19.709215688041382
-19.709359741478007
-19.70950951154992
-19.709659162642374
-19.709771445541307
-19.709898624177107
-19.70996412209067
-19.710177101389785
-19.710262489061243
-19.71038154127505
-19.71055728290999
-19.710654171696397
-19.71080436000876
-19.710873431538182
-19.710970209021923
-19.711045910639534
-19.711165439543006
-19.711228069146074
-19.711293800857725
-19.71143543507235
-19.711464786189858
-19.711705229133457
-19.71178439263621
-19.711885119977477
-19.711998028264865
-19.712084427135125
-19.712182994713523
-19.712245677163036
-19.712330414174676
-19.712418601473544
-19.712501992260655
-19.712567902983512
-19.71263823757588
-19.712712128005812
-19.712840729115065
-19.71289454660293
-19.712970107015472
-19.71307549824801
-19.713200307399383
-19.7133024973358
-19.71342956009046
-19.713496844371186
-19.71360543196318
-19.713698394787777
-19.71377497369511
-19.713855442127127
-19.71397951006213
-19.7140491165147
-19.71412221045151
-19.714205346654424
-19.714300492497877
-19.714359890451604
-19.714425988218373
-19.714477453690126
-19.71454141871321
-19.714599072161498
-19.714637438603837
-19.714680221348676
-19.71475317328909
-19.714793961082897
-19.714850533892562
-19.714908806711136
-19.714980028561104
-19.71503991107269
-19.715107056111915
-19.715169896468623
-19.71523887048858
-19.71531100459273
-19.715371768363177
-19.71545647392585
-19.715540318510413
-19.715630554322917
-19.715714769670548
-19.715808130068453
-19.715915920713023
-19.716009626384114
-19.716102087225465
-19.71621718086848
-19.716332082404055
-19.716448124202216
-19.71653349314888
-19.716635710189532
-19.716712433031184
-19.71679479162052
-19.716901507980847
-19.71695818389837
-19.71702862755002
-19.717133604927128
-19.717196982165632
-19.717253501351756
-19.717351244087283
-19.717406096657037
-19.717466513695342
-19.717589007295594
-19.717647932293403
-19.71773317474354
-19.717804214347133
-19.71787855200364
-19.717919331991492
-19.71798474786839
-19.718005869277135
-19.718065910595307
-19.718095582032877
-19.718128866736816
-19.718175424143176
-19.71820506787779
-19.718242616251402
-19.718267593849017
-19.71830374832687
-19.718335246974135
-19.718392594522903
-19.718420934204282
-19.718449488157958
-19.71849249820545
-19.71851831930544
-19.718556859192834
-19.718586909020786
-19.718617348066353
-19.71864425514096
-19.718675588309143
-19.71870479059291
-19.718727505302773
-19.718744720176904
-19.718782443321732
-19.718800650592016
-19.718824844815998
-19.718844341725706
-19.718877940006234
-19.718904059540247
-19.71892556292804
-19.718968167275712
-19.718992274139985
-19.719035042345723
-19.71906353082666
-19.71909767974173
-19.719116330208525
-19.719141008288858
-19.71916388591845
-19.71918293909086
-19.719218466519976
-19.719252590879066
-19.719277869611783
-19.719308138375702
-19.719329530942794
-19.719357434550076
-19.71939168282578
-19.719409024325245
-19.719426555781403
-19.719473235614906
-19.719491889563127
-19.719519145208103
-19.719560502085084
-19.71959047268767
-19.71965284727597
-19.719679761559902
-19.719731443935324
-19.719768347058128
-19.71981091723058
-19.71984954144465
-19.719892040465012
-19.719928338240727
-19.7199612181444
-19.72000405766655
-19.720041788987537
-19.720085459082537
-19.720123524722304
-19.720158524604848
-19.720188406009846
-19.7202217340947
-19.720259229906432
-19.7202875317194
-19.720319863420706
-19.720352222317224
-19.72037786130758
-19.72038757870284
-19.7204493626553
-19.72046926162423
-19.720495768915278
-19.720530734377423
-19.72055323520696
-19.72061196584545
-19.720637901404324
-19.720673667313093
-19.720726239303495
-19.720763209637546
-19.72080824097653
-19.720847848620828
-19.72088628576898
-19.72092821414853
-19.7209749580439
-19.721026926217725
-19.72107139447403
-19.72112672320717
-19.72117743360404
-19.72122389348829
-19.721260604120967
-19.721306530241193
-19.72135550960063
-19.721393025860507
-19.72143368786918
-19.721483978956677
-19.721529799376043
-19.72157667405485
-19.721633197322745
-19.72169735018184
-19.721751613790854
-19.72180944103542
-19.721860262468763
-19.721934763541157
-19.72200516590063
-19.72207728556584
-19.722146792401947
-19.722244800335726
-19.722334065579997
-19.722420708320676
-19.722531324478904
-19.722635681600693
-19.72281718992154
-19.722924343935
-19.723088128645706
-19.723208873330183
-19.723319653275933
-19.723444076406007
-19.723594578046693
-19.723686752078443
-19.723811414492133
-19.723888817750506
-19.724000411508868
-19.724090994994903
-19.724165066454287
-19.724251544576944
-19.724343248513858
-19.724406727641636
-19.724470838448905
-19.724548903054433
-19.72463670395889
-19.724689447305067
-19.724773587110725
-19.724795889183895
-19.724869886416837
-19.724914899794545
-19.724964616334123
-19.725039686089893
-19.725079364445612
-19.725130647906198
-19.72516603270561
-19.7252024048511
-19.7252386691347
-19.725270694043594
-19.725312133118614
-19.72534065132292
-19.725370125650183
-19.72540886652478
-19.725432045969416
-19.72547184007292
-19.725509006608107
-19.72554992250333
-19.72557734258818
-19.725606696309747
-19.725633627855323
-19.72566020362527
-19.725694144862796
-19.72571917092872
-19.725756505500797
-19.725782464285896
-19.72580662522895
-19.725831170021706
-19.72585633282788
-19.72588109894695
-19.725905526776717
-19.725926127222785
-19.72594859459913
-19.725962177271636
-19.725994593488934
-19.72600682214235
-19.726021524193737
-19.726039730787406
-19.726057292414367
-19.726069874914
-19.726082029527856
-19.72609224625792
-19.726109639681688
-19.72612415815309
-19.726141180597075
-19.726154443082507
-19.72617018945235
-19.726183700284295
-19.726205221994725
-19.7262182111981
-19.72623200623498
-19.726249549432964
-19.726268956801
-19.72628263578814
-19.726298181286683
-19.72631073178044
-19.72633080408303
-19.72635997802162
-19.72637644410633
-19.726397503079813
-19.726424106494505
-19.726448066626027
-19.72647173982861
-19.72649592717783
-19.726519802178814
-19.72653833880904
-19.726561934372086
-19.72659051754339
-19.726613320396087
-19.726642147445748
-19.726674297281395
-19.726727168295664
-19.726767748662215
