500 iters for seed 20 on ER0.3 which is in the 18.164825439453125 percentile
 Maxcut: 24.0, MedianCut: 16.0
-15.611375962696536
-15.70554293605546
-15.75681324150163
-15.801357793339193
-15.835184086258778
-15.857801437693267
-15.883558260745357
-15.903977432238756
-15.924152542941444
-15.935664292744095
-15.948730664641683
-15.960150527714099
-15.969878533769979
-15.977865618678381
-15.984972131775208
-15.99152336988288
-15.997203202975568
-16.002776243830013
-16.009237189316075
-16.0161750125717
-16.02212045792949
-16.027088354340222
-16.03170334070392
-16.035379613992106
-16.03898835981452
-16.04134874361995
-16.044951844328917
-16.048047615657907
-16.05029972329639
-16.053188315930132
-16.055677317837706
-16.057797062678155
-16.060105233974156
-16.062536697369666
-16.0639498002689
-16.06575711337318
-16.067102498508085
-16.068294919825846
-16.06940564303245
-16.071038882054864
-16.07182866225856
-16.072774913810818
-16.07343925796812
-16.074398266288885
-16.07491661791441
-16.07540031423349
-16.076358651873058
-16.076966966419903
-16.077974835333055
-16.07887619352516
-16.079736545231427
-16.08054908408418
-16.081335647571517
-16.08195999173808
-16.082482567365233
-16.08293642719812
-16.083496143899108
-16.083584834916913
-16.084255441024997
-16.08450588321233
-16.08485094391327
-16.085326687601054
-16.085416117980383
-16.086209623066065
-16.08645491385364
-16.086895657900833
-16.087471530792733
-16.08812114807652
-16.088802847221373
-16.089515975007156
-16.08995809130558
-16.090530208586884
-16.091357517997732
-16.091884521907613
-16.092523386331447
-16.09333891992969
-16.09391972424672
-16.094533820997594
-16.09517835726531
-16.0958058958004
-16.096437372322576
-16.097002662664135
-16.09751944771687
-16.097959074751557
-16.09852031091659
-16.09909049500275
-16.0996365955995
-16.100077666365483
-16.10052043895349
-16.10093978175925
-16.10127525992939
-16.101622292395305
-16.10189103743461
-16.102216899250262
-16.102549871595876
-16.102840448731857
-16.103168842553266
-16.103559446064548
-16.10393354170918
-16.104214843868576
-16.104847568060844
-16.105279985791668
-16.105998368301766
-16.10683676173033
-16.107480165887324
-16.108160579263966
-16.10948752542951
-16.11027672387371
-16.111365737709473
-16.112327694539772
-16.113514839277002
-16.113975397211085
-16.11480712905354
-16.115632332869275
-16.116383074511766
-16.116953922860606
-16.117651401928782
-16.118128528262396
-16.118520258670653
-16.119030013862755
-16.1194226242773
-16.119949081082936
-16.120459500598862
-16.120963293174917
-16.12129592659719
-16.121873633665295
-16.12223195358633
-16.12269689040938
-16.123201054768987
-16.123554426617844
-16.124289194108666
-16.124607507785402
-16.12494670286672
-16.12531853452527
-16.125641368921425
-16.12601262062389
-16.126304890448026
-16.126550492509914
-16.12675163813727
-16.12694814028942
-16.127200481337336
-16.12730861328807
-16.127546938015783
-16.127707989122538
-16.127940280298148
-16.12812791029622
-16.128280962238247
-16.1285425685982
-16.12867322314955
-16.12884233575784
-16.128932542796502
-16.129067591700146
-16.129195266177355
-16.12933902362974
-16.129442190090664
-16.12953644997696
-16.129621912493782
-16.12974749799899
-16.12980812502303
-16.129894105348967
-16.130019106947017
-16.130105516942226
-16.13020243402763
-16.130281749696323
-16.13036204789731
-16.130451553335025
-16.13052977440599
-16.130603353261396
-16.130660417704966
-16.130733375115295
-16.130820738626632
-16.130875487511084
-16.130959654194598
-16.13101495711951
-16.13107093517121
-16.131157534392297
-16.131237101742432
-16.131286375082343
-16.131349591461145
-16.13140320074131
-16.13148454802251
-16.131539250239307
-16.13163049007312
-16.131683362293437
-16.13176825116107
-16.131887929314956
-16.13196007594542
-16.132075847532626
-16.132167244118403
-16.132275729539735
-16.132378695082863
-16.132487206963248
-16.13260668686136
-16.132690033416672
-16.132826630381054
-16.132961768782724
-16.133056779734808
-16.133186402389164
-16.13327450026546
-16.133365956123424
-16.1335065743338
-16.13360001474465
-16.133769401649804
-16.13391246762834
-16.134072531255033
-16.13424210642414
-16.134381650019225
-16.134555778315356
-16.1347162673779
-16.134865770418315
-16.134992637615994
-16.13517254538054
-16.13530861713741
-16.13541901834583
-16.13555496148965
-16.13565200406213
-16.135801902595226
-16.135925889685467
-16.136037954060164
-16.13615945869165
-16.13626477596651
-16.13636051716287
-16.136496021533794
-16.136567419232108
-16.136655381304656
-16.13672948299345
-16.136785181668028
-16.136900787290983
-16.136964589764016
-16.137018295015633
-16.137074914759186
-16.137129460607987
-16.137202277536307
-16.137273723428734
-16.13733942013803
-16.137394566876402
-16.13747957406008
-16.137544766939772
-16.137612217859033
-16.137678402210042
-16.13773817408002
-16.137758991153753
-16.137877735404018
-16.137913083402452
-16.13796790615904
-16.138026536414102
-16.138091944074812
-16.13813802363194
-16.138200013975727
-16.138247159142356
-16.138287908123893
-16.138348803129045
-16.13838061594654
-16.13841130570073
-16.1384911214547
-16.138521254304866
-16.138554310125834
-16.138626061515982
-16.138659395318957
-16.138707663215015
-16.138797519167593
-16.138824810982946
-16.13888069350952
-16.138899314937053
-16.138963281086614
-16.138996390316272
-16.139036438599017
-16.139084879469824
-16.139145979467383
-16.139198940700016
-16.13925036655332
-16.13930114105903
-16.139351506774833
-16.13940320923226
-16.139440930145895
-16.13948337303867
-16.139548176154364
-16.139586109698005
-16.13962093572299
-16.13968561343483
-16.13971672830958
-16.139753761483295
-16.139814987496653
-16.13984567103812
-16.139889589833974
-16.139930207652903
-16.139980874771116
-16.140013200318393
-16.14006090001971
-16.140092449974812
-16.140136593461982
-16.140179013570826
-16.14021543266157
-16.140288255950118
-16.140314979381852
-16.140372215645282
-16.140393870057725
-16.140426772936024
-16.140457097362027
-16.140501612599884
-16.140528678120546
-16.140559858285513
-16.140604054884857
-16.140636978928978
-16.140686795151566
-16.14071777809106
-16.140751329912735
-16.140825610268347
-16.140869571470496
-16.1409316064433
-16.140968026501625
-16.141015572108202
-16.141050297077015
-16.141131616740687
-16.141167925561838
-16.141216501945237
-16.141278160930245
-16.14135193213937
-16.141420181363138
-16.141501964351338
-16.141556204521113
-16.14162742268868
-16.14168487798175
-16.141764210944974
-16.141801216728926
-16.141891198986382
-16.14192447918312
-16.14200723086291
-16.14205406367014
-16.14210321824596
-16.142174700937936
-16.14225418052558
-16.14232190206279
-16.14239690714274
-16.14245245803391
-16.142547672208337
-16.142632499438182
-16.14271837393951
-16.14278308757805
-16.142858752953913
-16.142937224747026
-16.143021945853054
-16.14310225309353
-16.143198035046876
-16.143271942440432
-16.143397202971688
-16.143466090836625
-16.143557907208482
-16.14364685373446
-16.14377320660934
-16.143851509398424
-16.14395089327475
-16.14409477050626
-16.144206550184293
-16.144313694363632
-16.144392758549905
-16.14448367244758
-16.144606191911954
-16.144728236405996
-16.14481122263281
-16.144892972440736
-16.144960801287255
-16.145060523502863
-16.145124767390904
-16.145190769659408
-16.145308483356935
-16.145362636207597
-16.145438637238236
-16.145476560328422
-16.145530564175793
-16.145581608661104
-16.145654830004883
-16.14569944769844
-16.145754736456077
-16.145786498484732
-16.14584404943806
-16.14588057165517
-16.145908445877474
-16.14597164454906
-16.146005834573746
-16.146073467137896
-16.146127085447866
-16.146177363463153
-16.146231871393095
-16.146272665919074
-16.14632099024463
-16.14638778490021
-16.146459239914464
-16.146515583253823
-16.14659263266296
-16.146655259258843
-16.146738279671418
-16.14685731302729
-16.146959988516404
-16.147015544058892
-16.14715881694123
-16.147230437739207
-16.14729381200005
-16.147447708466178
-16.147494216172372
-16.147566451876536
-16.147636075440552
-16.147711548465416
-16.147823082680432
-16.147879948977423
-16.147944005777735
-16.147996346731876
-16.148051894685327
-16.14809708653738
-16.148151334418042
-16.148200815543703
-16.148243974344453
-16.148310548469276
-16.14837821765822
-16.14842211177426
-16.148490274584262
-16.14853210641457
-16.14858936984055
-16.148672130707553
-16.148715174693944
-16.148781802847676
-16.148852760657814
-16.148931849156963
-16.14899810391392
-16.149073220108
-16.14913613379277
-16.14918337546917
-16.149229971824468
-16.14927276955993
-16.14932725330169
-16.149376960558673
-16.1494192072851
-16.14946440083827
-16.149519439267483
-16.149554775195682
-16.14958592255612
-16.14964557837009
-16.149686062625644
-16.14974043458119
-16.149783135209603
-16.149823496903966
-16.149874042762512
-16.149914659334783
-16.14996667925737
-16.150022401621023
-16.150068359469692
-16.15013525419133
-16.150204233414637
-16.15026385639546
-16.15035340741848
-16.150410445670197
-16.150506596556504
-16.150578291187166
-16.150652568101307
-16.15077985119965
-16.150832172279188
-16.150989581718555
-16.151071350003026
-16.15117044743478
-16.15128772086949
-16.151444270830535
-16.151555399343344
-16.15168428591868
-16.151805914289888
-16.15194838672946
-16.152089944374243
-16.152203028837043
-16.15233650801795
-16.152464860557277
-16.152578708136602
-16.152695480142977
-16.152804073513916
-16.152898508784045
-16.152974967589817
-16.1530745244926
-16.153133491912904
-16.153199706877412
-16.15326710794416
-16.153325636191035
-16.15343752979713
-16.15351680968884
-16.153585952838625
-16.15364645528846
-16.15371280520163
-16.15375683246991
-16.153876922908385
-16.153918980226546
-16.15397538081781
-16.15403071008564
-16.154099403542585
-16.154150608049243
-16.1542084374076
-16.15424611838312
-16.154310823642252
-16.154370375502427
-16.154412053609448
-16.154502786723985
-16.15455775869097
-16.154617230029224
-16.154676018943196
