500 iters for seed 49 on ER0.3 which is in the 79.09927368164062 percentile
 Maxcut: 20.0, MedianCut: 12.0
-12.011090127245586
-12.021351513184744
-12.081056046769707
-12.163466555825334
-12.241770069567718
-12.287481931471993
-12.330436032003028
-12.371381012725816
-12.405524533783595
-12.442368544637777
-12.46829030129423
-12.494168469641755
-12.500076397925147
-12.516678247230587
-12.53334914927034
-12.546448679537672
-12.560320224511315
-12.570876049985657
-12.582628567883965
-12.592422458304844
-12.601580419579426
-12.611508356962844
-12.619101214333961
-12.627582637631232
-12.633513349182007
-12.640770076586616
-12.644874023906292
-12.64920436127467
-12.654001091548674
-12.65867799862327
-12.66312438022752
-12.667655088784105
-12.671035643740932
-12.674806751889923
-12.678605476048277
-12.68179921190729
-12.684916962951169
-12.688386707474292
-12.691851528181665
-12.695561074950575
-12.699071448583773
-12.703155106480224
-12.70647817342925
-12.709417932790604
-12.712499284636595
-12.714994754213915
-12.717856065230702
-12.720145944730604
-12.722260285657928
-12.724383639737704
-12.726233554545825
-12.72819230583467
-12.729828542613463
-12.731798758649195
-12.73328857790966
-12.735040713249154
-12.736810448697598
-12.738236318314442
-12.739789998729389
-12.741323718498485
-12.742197579414675
-12.74352969608417
-12.744557967334348
-12.745774055990267
-12.74655635098238
-12.74741842678744
-12.748596417677437
-12.749583070441611
-12.750372673826027
-12.751392137126382
-12.752114952653892
-12.753244046545676
-12.754034063797484
-12.754914108907455
-12.755740352795044
-12.756420522527648
-12.75724218513054
-12.757946433937501
-12.758774038217418
-12.7595117261727
-12.760362543655914
-12.76126083090638
-12.7620868642009
-12.762868419227292
-12.763498006778145
-12.763993481147137
-12.764493320204028
-12.765058210194866
-12.76548682800068
-12.765885138744473
-12.76626376681504
-12.766703152810901
-12.767079479361495
-12.767432208568403
-12.767867536127874
-12.768366038660686
-12.768852507979675
-12.769265520686941
-12.769798759397501
-12.770232775456396
-12.770725486314813
-12.77120582314201
-12.771591169789172
-12.771852975564986
-12.772690034693879
-12.772937154017509
-12.773384650089152
-12.773868886953847
-12.774401826268585
-12.774832273540532
-12.775296931334006
-12.775700023570604
-12.77623203468771
-12.776582399323392
-12.776999279950811
-12.777363729820177
-12.777813128196437
-12.778313590614035
-12.778966278707191
-12.779469417358467
-12.77995146486648
-12.780447385674552
-12.781027252831729
-12.781510279519495
-12.781960024934524
-12.782386880147278
-12.782805162966575
-12.783158201131398
-12.783537805498604
-12.78387103059023
-12.784290196377194
-12.78451617665778
-12.784832763911846
-12.785127781374339
-12.785480586286967
-12.785886728725817
-12.786229827393765
-12.786573136475019
-12.78700979718822
-12.787227014063246
-12.78752913231967
-12.787937052187383
-12.788319616654883
-12.788577568296772
-12.78891134954758
-12.789134041956745
-12.789370605974083
-12.78967690707109
-12.789842886139628
-12.789994402636825
-12.790239340104746
-12.790435029038232
-12.790522522044716
-12.790673515546084
-12.790844165840978
-12.791085754714633
-12.791276936514075
-12.791480043133982
-12.791651806136766
-12.791803234681108
-12.791874505533599
-12.792137831635491
-12.792225785724911
-12.792348564174313
-12.792517048793771
-12.792688515451585
-12.79284633693978
-12.792975985897542
-12.793150088836368
-12.793333997347789
-12.793510631928351
-12.793645354164425
-12.793771281694177
-12.793952990249633
-12.794139012700425
-12.794296332027256
-12.794468096779685
-12.794633702850733
-12.79485617871477
-12.795010342765494
-12.795170768313671
-12.79529426289648
-12.795544199907559
-12.795693104635177
-12.795839358249799
-12.796102453893461
-12.796258837404148
-12.796480963923441
-12.796654288392968
-12.796858064062963
-12.797034466814626
-12.797193409843098
-12.797367655997324
-12.797524708954402
-12.797779425044652
-12.797995357498877
-12.798156487160789
-12.798404522070713
-12.798536185756276
-12.798713066835397
-12.798845819663086
-12.799005613702898
-12.799208847076008
-12.799428889751058
-12.799554147559483
-12.799713928937944
-12.799839323191911
-12.799965357930535
-12.800135424871321
-12.800213210888794
-12.800312917967915
-12.800452739910753
-12.800550639259638
-12.800604653969513
-12.800680743241422
-12.80076053544193
-12.80082832530726
-12.800902447693538
-12.800952311906855
-12.80100395915162
-12.80102502829398
-12.80110579560448
-12.80113565346998
-12.801178616212457
-12.801235246396153
-12.801277221102204
-12.801326226054417
-12.801356152664127
-12.80139194049713
-12.801418526785827
-12.801473896320909
-12.801499611722795
-12.80153092137279
-12.801589094248799
-12.80162801240706
-12.8016877169371
-12.80173491844204
-12.801794588961739
-12.801845978282847
-12.801895817535302
-12.80195847265579
-12.802006116357349
-12.802084693140563
-12.802132382685901
-12.802196415295679
-12.802248679875943
-12.802305630289744
-12.802397773549632
-12.802432027134358
-12.802510246325902
-12.802543940576129
-12.802594636126274
-12.802671041960801
-12.802704486748645
-12.802776458933215
-12.802806591774562
-12.802847463679631
-12.80290656952937
-12.802971906253003
-12.803010778481639
-12.803055397431695
-12.803092423156093
-12.803139382747919
-12.803212136115889
-12.803256553723665
-12.803282651933433
-12.803327214911471
-12.80336039083083
-12.803404078801599
-12.803462085608944
-12.803495572651375
-12.80353203155567
-12.803581132936745
-12.803607602769691
-12.803638822609685
-12.803674762141052
-12.803701910725207
-12.803714276770123
-12.80376486383998
-12.803783138558616
-12.803806889433242
-12.803841705764764
-12.803868005950807
-12.803912718515857
-12.803944757559838
-12.803981558397883
-12.804009629360811
-12.804048097570535
-12.804081643678966
-12.804106146162951
-12.804132305059204
-12.804167575572077
-12.80419509793414
-12.804224984319749
-12.804245637882234
-12.804273024313165
-12.804296473888888
-12.804316487218129
-12.804364055340029
-12.804380508516068
-12.804409692080215
-12.804432513961107
-12.804463847917242
-12.804483089467352
-12.804505112912642
-12.804526979120713
-12.804542732423716
-12.804562047983401
-12.80458751025425
-12.80459922325636
-12.804614727307362
-12.804624700382552
-12.804646046383336
-12.804659948878022
-12.80467127524734
-12.80469371611873
-12.804705602769399
-12.804727551383252
-12.804744267648635
-12.80476657033531
-12.804783572644602
-12.804797397291997
-12.804814966625203
-12.804825542120454
-12.804839164959123
-12.804856939419839
-12.80487747023698
-12.804887354588192
-12.804913867794795
-12.80492050767782
-12.804940193355781
-12.804952368935265
-12.804969469792677
-12.804991499894047
-12.805006586587941
-12.8050264325936
-12.805037146513582
-12.805051831195446
-12.805067774287847
-12.805089542695253
-12.805100820034372
-12.805116458046625
-12.80512437150539
-12.80513793326999
-12.80514931240858
-12.805157318327742
-12.805176727584538
-12.805183803230527
-12.805196277399846
-12.805205161474046
-12.805217637163372
-12.805226928835728
-12.805236392138116
-12.80525091897589
-12.805260248671729
-12.805274198249029
-12.805291037113719
-12.805301327403672
-12.805311662710702
-12.805320032922408
-12.805331124891424
-12.805342341844359
-12.805358252511233
-12.805366817152613
-12.805378408646838
-12.80538818980358
-12.80539991180811
-12.805411128621278
-12.805419227728958
-12.80543129896214
-12.805444969999927
-12.80545812065315
-12.805469678528832
-12.80548007997304
-12.805492247089306
-12.805500737255851
-12.805512031686971
-12.805520123660667
-12.805528272437831
-12.805535561975088
-12.805549246498405
-12.80555588812632
-12.805563585058062
-12.805575242614367
-12.805582736479398
-12.805597877490898
-12.805608684029234
-12.80562021337056
-12.805630549852234
-12.805642260988794
-12.805656756715063
-12.805671380105284
-12.805683392578617
-12.805697394050028
-12.805709344177767
-12.80571856859513
-12.805734244610054
-12.805739548988052
-12.805750078830735
-12.805760356990334
-12.805770395356136
-12.805788426359584
-12.805799056581165
-12.805813180396635
-12.805823434266262
-12.805836453445572
-12.805848996450399
-12.805860434923817
-12.805872867628912
-12.805881827425615
-12.80589086580268
-12.805903247647315
-12.805907667360568
-12.80591789341611
-12.805923722575557
-12.805931090295722
-12.805942418540955
-12.805949670844285
-12.805963000825479
-12.805972009247826
-12.805983465911414
-12.805992219411943
-12.805999881063139
-12.806010654724911
-12.806015966939283
-12.806022545862747
-12.806035076348696
-12.806041557145905
-12.806047001863968
-12.806053678076283
-12.806060668166271
-12.806072724507949
-12.806078979527724
-12.806089750144661
-12.806094600481325
-12.80610222186476
-12.806112137377507
-12.806123575811611
-12.806130441478944
-12.806137463450415
-12.806144258416628
-12.806152255818079
-12.806157134932391
-12.806166782004823
-12.806171048613574
-12.806179058636186
-12.806187782071108
-12.806196331071746
-12.806205715084683
-12.80621294298269
-12.806221382489433
-12.80622822879296
-12.806238975283827
-12.806246923203808
-12.806254789341672
-12.80626285887989
-12.806273366854889
-12.806278772647758
-12.80628775075469
-12.806293297842632
-12.806301149696239
-12.806313352645896
-12.806319775455073
-12.806332498139687
-12.80634193423318
-12.806352762258657
-12.806360470462298
-12.806368583290567
-12.806379776005462
-12.806386963060492
-12.806399299819192
-12.806408836241973
-12.806418432493345
-12.806427309423153
-12.80643537954047
-12.806445179192393
-12.806455067549862
-12.806465055365823
-12.80647589504898
-12.80648641269821
-12.806498305805185
-12.806509344196932
-12.806518308886963
-12.80653227418712
-12.806541643920522
-12.806548010082517
-12.806561135701443
-12.806568606518484
-12.806580966078283
-12.806590730945587
-12.806599384994334
-12.806609644075163
-12.806617803149317
-12.806627398725105
-12.806638932452428
-12.806645813169807
-12.806653519580731
-12.806664038225843
-12.806670871014067
-12.806679458069109
