500 iters for seed 110 on ER0.3 which is in the 34.540557861328125 percentile
 Maxcut: 29.0, MedianCut: 19.0
-18.997283795389258
-19.1072673508002
-19.171745186529222
-19.19351740519518
-19.264584991619145
-19.30385402038292
-19.34355238507889
-19.377404742539696
-19.404200212289524
-19.42537587204282
-19.441440052586923
-19.45494547984802
-19.46339677285173
-19.47566736683583
-19.486177916786662
-19.497518611112447
-19.507171121081537
-19.51720394415209
-19.524334791451523
-19.529721722315713
-19.535552254375403
-19.539726746542883
-19.546302704357657
-19.550305529869437
-19.554453482793996
-19.55961497131687
-19.56448111938232
-19.57009173345005
-19.5749319834508
-19.5799562892619
-19.58506223917699
-19.588472177291862
-19.591072904212936
-19.59426169380494
-19.596869880677378
-19.599886455603087
-19.60242450925424
-19.605089153514893
-19.608621428165215
-19.61150186199741
-19.614635142482662
-19.616643559336364
-19.61838316349742
-19.620511655732916
-19.622575667668876
-19.624988676732787
-19.627380893356193
-19.629377192913385
-19.63117467949731
-19.633127644104107
-19.635063762561696
-19.63701284825703
-19.638653840207553
-19.64007260003914
-19.641419898656725
-19.64293724755919
-19.64460966078431
-19.64603379186944
-19.64743685134303
-19.648829736053422
-19.649996218823354
-19.651232064854145
-19.652385557771495
-19.653585789293885
-19.65478096249163
-19.656139831458134
-19.657217278555578
-19.65807603811889
-19.658943617477416
-19.65963435899604
-19.660271051116037
-19.660761515014098
-19.661331084705026
-19.661890686483794
-19.662397508042666
-19.66278633763734
-19.66334268569028
-19.663680616838835
-19.664130927440837
-19.664524203264094
-19.66482300957748
-19.665284402145208
-19.665795951228866
-19.666087176526737
-19.66656805109642
-19.66691984743431
-19.66733741851619
-19.66784889956495
-19.66815905151442
-19.668804602027677
-19.669382804186334
-19.669747197824424
-19.670190666767116
-19.670552393066917
-19.67103415113245
-19.671508600514315
-19.672032794617063
-19.672520819753778
-19.67308235892077
-19.673624183613676
-19.674147880936452
-19.67471231273066
-19.67549420970345
-19.676228356180918
-19.67696445451041
-19.6776751656304
-19.67825892673334
-19.67889168242723
-19.679406392021036
-19.680038122047932
-19.68019081889202
-19.681097116352298
-19.681412739541372
-19.68183124062788
-19.682341673788937
-19.6828302278463
-19.683208471156266
-19.6836134613279
-19.683957460872435
-19.684434730615724
-19.684785590817178
-19.685107359215312
-19.68544579432298
-19.685876026213027
-19.686340879191484
-19.686737673493646
-19.68712401643925
-19.68743019114992
-19.687759016752807
-19.68819953039074
-19.688267986895646
-19.68872082239767
-19.68888745576502
-19.689151493993673
-19.689510154499672
-19.689958540280553
-19.690393776096272
-19.69087762535062
-19.691291715128223
-19.691572487314573
-19.692141942156404
-19.692474886204966
-19.69287080738426
-19.6933442641432
-19.69369460223613
-19.6941694539014
-19.694728478991447
-19.695139749572526
-19.695537490267757
-19.69591348302768
-19.69638153908318
-19.696701348680183
-19.697016967147558
-19.69740520558274
-19.69789070551103
-19.69821931990361
-19.698580867010705
-19.69889389833846
-19.69934964375439
-19.699689781120135
-19.70002974373876
-19.700451703273814
-19.700917853545054
-19.7012566186034
-19.701645425211595
-19.701927916410135
-19.702203283500893
-19.702621944774766
-19.70284272878463
-19.70305710927486
-19.703555768542948
-19.70371786779984
-19.70404515346977
-19.70427121649725
-19.70453316355814
-19.704897825135127
-19.70506262840931
-19.705388330159238
-19.705603636729784
-19.705877254631638
-19.706041756546668
-19.706265364085006
-19.706452027403525
-19.706609601633897
-19.706713548269605
-19.706952320790737
-19.707053957357665
-19.70716630611376
-19.70730941228642
-19.707445947337845
-19.707544564609805
-19.70768623311542
-19.707777451863386
-19.70789020015541
-19.708066831482594
-19.708146314831822
-19.708245419203955
-19.708434209328065
-19.708533676727455
-19.708628536091453
-19.708792709146365
-19.70886063487054
-19.70898248267671
-19.708999331729864
-19.709183770499298
-19.70924988465154
-19.709328144391517
-19.709428357799332
-19.70945869493027
-19.709577603766903
-19.709612900028134
-19.709686710989374
-19.709733985533106
-19.709833066248073
-19.70989112114338
-19.709956050290884
-19.71005639302379
-19.71011210038506
-19.710220615004644
-19.7103082415229
-19.71040848454455
-19.710478191245137
-19.710556493668435
-19.71064301585614
-19.710711879490184
-19.71080640582512
-19.7109281709266
-19.710998491896365
-19.711083612905846
-19.711179451317605
-19.711314437355945
-19.711435164034512
-19.711546639972966
-19.71170183412668
-19.711877456212573
-19.7120139277234
-19.712211400198157
-19.712360596114365
-19.712541212233162
-19.712834551338204
-19.71292358604753
-19.713078980551384
-19.71321642787256
-19.71334726795401
-19.713556847228162
-19.713666591926188
-19.71384077937501
-19.713959683333947
-19.71408338301646
-19.71419899461623
-19.714304226207435
-19.714418463171903
-19.71450363822678
-19.714629301734824
-19.714756382885277
-19.714882587338696
-19.714942362105386
-19.715028225423655
-19.715068672718193
-19.715158348056605
-19.715212774881635
-19.715258727529047
-19.715355335164205
-19.71540451933575
-19.715488548349633
-19.71555980364708
-19.715642642708854
-19.71571457173374
-19.715768609074072
-19.715849082144256
-19.715905110965245
-19.715969220354765
-19.716052831363797
-19.716138296976656
-19.716177309195707
-19.716249084229332
-19.71630604238661
-19.716363689475173
-19.716411384436217
-19.716475485154874
-19.716523525250743
-19.716579891870232
-19.716690311950575
-19.716746309157273
-19.7168259262892
-19.716873638563282
-19.716983570264734
-19.717012657165526
-19.71708893122482
-19.71710847286093
-19.717206064844454
-19.7172530560165
-19.717314288920498
-19.7173869882105
-19.717463098386148
-19.71751382795774
-19.71758297492851
-19.717617198710006
-19.717665772844313
-19.71771876868924
-19.71775167480784
-19.717821735603305
-19.717848258628642
-19.717886355247423
-19.717903884013253
-19.717931007185747
-19.717974194128978
-19.718009666853757
-19.718042487401913
-19.71807029733802
-19.718093693124906
-19.718106593650873
-19.718159333820733
-19.718174547104937
-19.71819750533681
-19.718233556690638
-19.718261965317264
-19.71829976227449
-19.718322580250188
-19.718354631610936
-19.718380779638217
-19.718432636789284
-19.718461291400622
-19.71849188910611
-19.71854309520922
-19.71856600603479
-19.718606264776717
-19.71863430525799
-19.718671417059646
-19.718701465748186
-19.718730425318963
-19.71877156978664
-19.718792071957115
-19.71881763260041
-19.718855529100313
-19.718875544437108
-19.718900702420328
-19.718933669046994
-19.71895507292576
-19.71900198913642
-19.719037948283507
-19.719065825661687
-19.719088749606566
-19.719109032730167
-19.71912829096433
-19.71916978888872
-19.71918432383785
-19.719206410157504
-19.719226661244097
-19.719251286156428
-19.719280891541864
-19.71930380360341
-19.719330816926256
-19.71936145627206
-19.719388204608272
-19.719414688767873
-19.719438841287865
-19.719465961470622
-19.719478126205598
-19.719503343364032
-19.719517038562735
-19.71953333033795
-19.719559377068666
-19.719574646962215
-19.719595955581546
-19.719613438454775
-19.719636655275394
-19.719656967100118
-19.71967884170178
-19.719699885164204
-19.719714832909887
-19.71973723347807
-19.719757942137687
-19.719778887307843
-19.719796324921766
-19.719813554308622
-19.719829331548087
-19.719845221426233
-19.719857892068596
-19.719873436066866
-19.719890188924666
-19.719903457034057
-19.719920374148668
-19.719937311347785
-19.719951824162585
-19.719968166961827
-19.719983584566677
-19.720002913834996
-19.72001550650825
-19.720026036041514
-19.720043885335507
-19.720054205270827
-19.720071071897767
-19.720079255639387
-19.720089388367654
-19.720098933475057
-19.720108923007487
-19.720119245553597
-19.720134849980287
-19.720145867098577
-19.720159338316822
-19.720175468017732
-19.720184502180196
-19.720202651887114
-19.72020985278689
-19.720221339715593
-19.72022802111859
-19.72024305990342
-19.720250471125052
-19.72025835538776
-19.720269747332704
-19.720282918831693
-19.720291953096854
-19.720303025892342
-19.720310845949008
-19.72032275209671
-19.72033310889895
-19.720342548142764
-19.720352616150187
-19.72036561175986
-19.72037464405923
-19.720384074355245
-19.720393339617083
-19.720403472056105
-19.720413767195648
-19.720420476218887
-19.720431189250686
-19.720442713481173
-19.720454558903803
-19.720463808870385
-19.72047247495403
-19.720483380803927
-19.720496297088406
-19.72050826750281
-19.720516656121635
-19.72052691659575
-19.720534170020436
-19.720545697410778
-19.720552651248315
-19.720567757386792
-19.720576841084082
-19.720584604928575
-19.720598155530585
-19.720601598630925
-19.720620774495913
-19.72062598292607
-19.720634854510113
-19.7206484159548
-19.72065082620197
-19.720668191387702
-19.72067378790684
-19.72068347060901
-19.720689576213495
-19.720702672417715
-19.720710041567457
-19.72071675236515
-19.720727565371426
-19.720732386484006
-19.720742042426593
-19.7207486129877
-19.720757760406293
-19.720762831498973
-19.72076944246281
-19.72077692145642
-19.72078323144479
-19.72078736392823
-19.720798463273855
-19.7208031776644
-19.720809519265362
-19.720818647418028
-19.720820081126355
-19.720832587891703
-19.72083589093658
-19.720840702030177
-19.720847045212523
-19.720854084486124
-19.72085878970765
-19.720864585756225
-19.720867917217962
-19.720871755319827
-19.720877409461934
-19.720880823009537
-19.72088323156579
-19.720892456920506
-19.72089480679311
-19.720899243312246
-19.720902836789342
-19.72090843992971
-19.720912354246096
-19.720915321144414
-19.720920262451006
-19.720925684860806
-19.7209296562947
-19.72093519355848
-19.720937414172287
-19.720941242356126
-19.720945673963826
-19.720948858043645
-19.720955974595924
-19.72095847933347
