500 iters for seed 101 on ER0.3 which is in the 74.50637817382812 percentile
 Maxcut: 28.0, MedianCut: 18.0
-18.031276174082702
-18.127569944702454
-18.225542358425358
-18.296163217019803
-18.338917572416808
-18.369893843670653
-18.396759736713726
-18.418378132828728
-18.431528938813706
-18.44993878168856
-18.46571404909628
-18.482647078418328
-18.49380205235026
-18.502812542166588
-18.510762125075228
-18.518692964059262
-18.525587279945935
-18.53269502610905
-18.53778339109491
-18.541398350607643
-18.545270906033757
-18.54980722704043
-18.553736903821804
-18.558166498139652
-18.56295649822502
-18.566936742640866
-18.571646138236208
-18.576096974874623
-18.57949377649373
-18.582574848437858
-18.585612669716767
-18.58783923848673
-18.58982949035535
-18.591699489293347
-18.593698444519525
-18.59551539144933
-18.59782124466391
-18.600160979968585
-18.602331028613364
-18.605013351890527
-18.608030417189788
-18.61041769660394
-18.612558039122966
-18.614761808019654
-18.616391989521535
-18.618099603444954
-18.620188967215494
-18.621352320498623
-18.622997568818846
-18.624674435721154
-18.62577575948785
-18.62724180074549
-18.628403386403043
-18.62951000771766
-18.630476416419015
-18.63184689372264
-18.632866445080253
-18.633908463965895
-18.63512033254358
-18.636066285422974
-18.63722896716733
-18.638249002888287
-18.63934063074237
-18.64053730651239
-18.641551403357177
-18.642602018957298
-18.643391585705526
-18.644210449329425
-18.644903026356452
-18.645612324958957
-18.646163983733025
-18.6469458928791
-18.64772611773582
-18.648413946887832
-18.648867082323214
-18.6494853040386
-18.649986339264103
-18.65047668385018
-18.6509283678449
-18.651355772354265
-18.651856881469367
-18.652403080811066
-18.65274888882738
-18.653141521296597
-18.65338679033973
-18.65392343582525
-18.65419552033061
-18.654482309322624
-18.654960771902537
-18.655249888341917
-18.65569696393322
-18.65604029358419
-18.65640799971524
-18.65670525220675
-18.656999473126557
-18.6573144350049
-18.657541730374824
-18.657746924373292
-18.65817199136052
-18.65833942200893
-18.658611419165958
-18.65884722608388
-18.659172232558287
-18.659431116624923
-18.659659927006878
-18.65995385478166
-18.660303161156946
-18.660529281726717
-18.66082030369241
-18.661012301165606
-18.661297085920655
-18.661611060202176
-18.6618335019715
-18.66231607690776
-18.662578333256835
-18.66286653085173
-18.663203057548237
-18.66357417280974
-18.663971774350642
-18.664349577556106
-18.66466225140454
-18.6649810772193
-18.66541109253076
-18.66587089428055
-18.666225953819684
-18.666607703180535
-18.666993202855252
-18.667366385195358
-18.667668556434194
-18.668075584705925
-18.668407631706128
-18.66873999120387
-18.669006402249057
-18.669280020270282
-18.669578635835077
-18.669939971296586
-18.670130339007123
-18.670384566331624
-18.670579415560226
-18.670821730448445
-18.671048236047
-18.67124663230127
-18.671492821866195
-18.6717353313704
-18.67197404746683
-18.672204971341152
-18.672445608422343
-18.672685144068275
-18.672897663641116
-18.673074209099486
-18.673275182455274
-18.673438353233635
-18.67359514098969
-18.673844708601933
-18.67405971179454
-18.674241478881342
-18.674525573516185
-18.67472535254701
-18.674989460949075
-18.67537811158661
-18.675637306829977
-18.675942510833945
-18.67653895341794
-18.67676949751693
-18.67707723668973
-18.67734077068763
-18.67761179550734
-18.677776630238203
-18.678130812683598
-18.678304618618363
-18.67849354220369
-18.67878981409816
-18.678979761621243
-18.67923169160049
-18.67943123717731
-18.679661314004285
-18.679913792637358
-18.68016654454258
-18.680416497862446
-18.680626544204625
-18.680807021960145
-18.681100413484764
-18.681232532013816
-18.681430134492814
-18.681594234385738
-18.681703519998177
-18.681960782197713
-18.682105775389346
-18.682365069510027
-18.682561343078074
-18.682768879639895
-18.682944064050492
-18.683110183236025
-18.683298552976552
-18.68344859181388
-18.683577737275236
-18.683762464326733
-18.68382032824109
-18.68399643943586
-18.684109961260102
-18.68420453421787
-18.684351778777877
-18.684439740029866
-18.6845917555172
-18.6846757782312
-18.684773472948894
-18.68486219299747
-18.684958414215817
-18.68503204130867
-18.685086597355394
-18.68514125569577
-18.685224031332485
-18.685294765201043
-18.68535104749789
-18.68540988868149
-18.685460659063633
-18.685530060358712
-18.68559995165841
-18.685639365212914
-18.685697256057423
-18.685747467289268
-18.6858046957766
-18.685871879979324
-18.68592312637732
-18.68598817387911
-18.686036547639233
-18.68607482294952
-18.686128508053876
-18.68616308499903
-18.68622167137736
-18.68625278594269
-18.68629082858891
-18.686339887768327
-18.686397501760784
-18.686447992969143
-18.68650160575228
-18.68655601358251
-18.68661280131667
-18.686686924526356
-18.686731310355782
-18.686805928916755
-18.686870663101708
-18.686913390159564
-18.68698169362773
-18.687032243912835
-18.687091249991646
-18.68714539524527
-18.68718514355489
-18.68726389625315
-18.687326069528456
-18.687382263273406
-18.687446655279356
-18.68749656768381
-18.687567643325217
-18.687666883005974
-18.687719166629364
-18.68780827102873
-18.687886782213646
-18.68798293700871
-18.688069855383105
-18.688154712556635
-18.688232079762425
-18.688314880445276
-18.68842317406608
-18.688500309930326
-18.688615820499358
-18.68874141164841
-18.688836571800625
-18.689035108291165
-18.689106658501803
-18.689263486301236
-18.689332086137554
-18.68944797686177
-18.68955274253931
-18.68970064102431
-18.689786140662346
-18.689869056709586
-18.689968810080416
-18.690078916726918
-18.690166866187994
-18.690268946407635
-18.690341435040963
-18.69039906886509
-18.690514337940094
-18.690562409817552
-18.69063543631186
-18.69073316269339
-18.6907985542341
-18.69086337766143
-18.69096866626331
-18.691042474607055
-18.691120799918018
-18.69119059392184
-18.69126399297504
-18.69135101711256
-18.69142739187168
-18.691474551677295
-18.691566964455074
-18.691603425411465
-18.691663125192925
-18.691711549704568
-18.691750215878173
-18.691822771318797
-18.691838938915524
-18.691909521184073
-18.691933246206478
-18.69197473247118
-18.692026932963543
-18.69208131898663
-18.692119268344662
-18.692156993679372
-18.69218771814705
-18.69223938762307
-18.692284664047712
-18.69232278964679
-18.692372939861933
-18.692419332802874
-18.692454267394652
-18.69252366332572
-18.69254653134873
-18.692591884925562
-18.692633764166622
-18.692666390312205
-18.69272988642529
-18.692751850410517
-18.692790995846515
-18.692819474159737
-18.69286219059088
-18.69289669101099
-18.69292426465684
-18.692963863696193
-18.692990704699753
-18.69301788203423
-18.693050814456363
-18.69307542868843
-18.693100451203485
-18.69314389024101
-18.693169904076235
-18.693188855331787
-18.693230259683453
-18.693249846441205
-18.693275887874155
-18.69331418230989
-18.693332236480746
-18.69335195917703
-18.693389947943814
-18.693412922808694
-18.69344739125813
-18.69349189744971
-18.69350793001788
-18.69353577483792
-18.693556768839397
-18.693581912726216
-18.693608420410968
-18.69362505185873
-18.6936421266603
-18.693689284800993
-18.693702797315986
-18.693720580539487
-18.69373970640806
-18.693762707461428
-18.693780217952924
-18.69379235135186
-18.693807793569928
-18.6938253948966
-18.693843646699943
-18.693859477092168
-18.6938742035298
-18.693887459433682
-18.69390080732005
-18.693912586604007
-18.693923064252594
-18.693936406817983
-18.693945675714712
-18.693956845681825
-18.69396809567054
-18.693977249093066
-18.693982949623464
-18.693995438843945
-18.694001510110215
-18.694009297306966
-18.694016707085517
-18.69402130788035
-18.694031463537264
-18.69404183498095
-18.69404782881203
-18.694055787919297
-18.69406187025144
-18.6940688855313
-18.694080446645057
-18.694085840534694
-18.694092165356686
-18.694101312147676
-18.694106788852274
-18.6941144459925
-18.694122067633
-18.69412913615109
-18.69413350237697
-18.69414107317771
-18.69414481307451
-18.69415125857778
-18.69415638615376
-18.694160659992075
-18.694168601488666
-18.694176571805112
-18.694181940561165
-18.694189448914123
-18.694194743128975
-18.6942015902993
-18.69421159056474
-18.69421748815985
-18.69422425513125
-18.694237163477506
-18.694242336134614
-18.694247629025053
-18.694255313123126
-18.69426094935613
-18.69427092534046
-18.694273712343332
-18.694282948026352
-18.694286043069024
-18.69429151503777
-18.69429708680625
-18.694303893396796
-18.694307790504105
-18.69431210407955
-18.694317170750082
-18.694323523456568
-18.69433370724321
-18.694339056344663
-18.694346004914443
-18.694355218840318
-18.69436278202498
-18.69436692047242
-18.694376836687873
-18.69438062250914
-18.69438784921686
-18.694393664333376
-18.694398942787366
-18.694408695469917
-18.694412639824222
-18.69441936985776
-18.69442482034575
-18.694432219296843
-18.69443905773141
-18.694444552926637
-18.694454134430014
-18.694458904986217
-18.694466552356754
-18.69447323523141
-18.69447862776656
-18.694490602375517
-18.69449737298227
-18.69450609186777
-18.694512877874647
-18.694520032662187
-18.694527786896582
-18.69453604977204
-18.694542191620734
-18.694552057756752
-18.694561863194966
-18.694571198462874
-18.694578047675446
-18.694584957056883
-18.69459211327166
-18.694599349145868
-18.694607541172232
-18.694616411942068
-18.694624816467478
-18.694630283255137
-18.694635335988956
-18.694641757832496
-18.694647825837993
-18.694653557787397
-18.694659256350377
-18.694665996133295
-18.69467403604794
-18.69468073964613
-18.69468772435733
-18.694694390628396
-18.69470206268966
-18.694710524671727
-18.69471823389692
-18.694725812536795
-18.69473231633868
-18.694738542021415
-18.694746783107977
-18.6947541197175
-18.69476019812707
-18.694766041057623
-18.69477344530732
-18.694781972375637
-18.69478926309854
-18.69479642902556
-18.694803057967402
-18.694810007888695
-18.69481761802296
-18.69482459554245
-18.694832028075496
-18.69484367029336
