500 iters for seed 116 on ER0.3 which is in the 84.37576293945312 percentile
 Maxcut: 28.0, MedianCut: 18.0
-18.001143080384473
-18.025117448856648
-18.117632431987552
-18.18740759064617
-18.220158575341195
-18.295069475156343
-18.30952784304622
-18.365752610376596
-18.389339215516813
-18.414466200590425
-18.434056558804436
-18.44703483734306
-18.46157572083725
-18.47397350727861
-18.48476794064256
-18.49606470884457
-18.505364228094308
-18.513509162225066
-18.519645929125325
-18.52726722349467
-18.534994582047386
-18.54191015904472
-18.54821067324812
-18.55529814261849
-18.56095157131356
-18.56651128174119
-18.571388836339285
-18.576887814995782
-18.582942543715284
-18.587474163942797
-18.591006841383667
-18.594081483430465
-18.596469937839068
-18.598711117906152
-18.601269481702
-18.60366919022283
-18.606215264634677
-18.608813754947107
-18.61142584677951
-18.613997439236126
-18.616101479722996
-18.617827758825076
-18.619273334077732
-18.620948806296965
-18.62274349143784
-18.624227739132632
-18.625799382619228
-18.627870356140647
-18.629451797804187
-18.631173050434413
-18.633832988905958
-18.63557032514015
-18.63767745865593
-18.64108637946645
-18.64267195179528
-18.64438208789508
-18.645959641887266
-18.646994145126932
-18.647992466200396
-18.649378343613257
-18.650606569404204
-18.65194630697174
-18.653465833555572
-18.654402462201368
-18.6552653677439
-18.656172005374565
-18.656762604212396
-18.65743389910185
-18.65811547729809
-18.65865746031769
-18.65923975185609
-18.659861264962146
-18.66034670584311
-18.660902454860338
-18.661396953721763
-18.661891890099273
-18.662536346415656
-18.663185289043668
-18.663938520658014
-18.664516084443527
-18.665135902603996
-18.665533957697317
-18.66644353270172
-18.666853687240327
-18.667341068302107
-18.66788694669363
-18.66843620025846
-18.66880835078344
-18.669252330136985
-18.669612286106304
-18.66999137106405
-18.670571107663207
-18.670850051429127
-18.671126261916875
-18.671571128702272
-18.671820544214356
-18.6722564213993
-18.672562048544364
-18.67284360658141
-18.673213250181764
-18.673560318128718
-18.67399833783344
-18.674479816605785
-18.674916099532812
-18.67529292424318
-18.6758921285641
-18.676289543799392
-18.676770855196743
-18.677247997511756
-18.67758919676781
-18.678095415947812
-18.67855843717097
-18.67890479473187
-18.679292623475206
-18.67965070908893
-18.67999134324353
-18.680387201042134
-18.68065188407379
-18.680919951614978
-18.68113272080043
-18.68129029234667
-18.681539834862495
-18.681763743479014
-18.681989906203313
-18.682298162624765
-18.682554946979717
-18.68280118217548
-18.68310972506344
-18.683357162798565
-18.683702924953945
-18.683980788225195
-18.6842155758483
-18.68456918230593
-18.684695665057816
-18.684949198465723
-18.685092042043884
-18.685281059708664
-18.685534784701105
-18.68578322306699
-18.68597686404186
-18.686263693775967
-18.68645326977562
-18.6866745943873
-18.687054693784646
-18.687230570958906
-18.687414026308662
-18.68781677822142
-18.68803347172711
-18.688373974254283
-18.68866309271033
-18.688898860498917
-18.689192360913758
-18.68936775312661
-18.689552454668114
-18.68969635323173
-18.689860823376428
-18.690096140343336
-18.690319313437563
-18.690475661727437
-18.69068596343509
-18.690836720476003
-18.69098185792919
-18.691143312939268
-18.691254955533694
-18.691401918920235
-18.69154161793147
-18.69166266967494
-18.691761108807995
-18.691883871296778
-18.691990606654308
-18.69206437881091
-18.69220548404755
-18.69227630651038
-18.692386842141687
-18.692497920309698
-18.69256762521134
-18.692730763844963
-18.692810693655936
-18.692877933460842
-18.692949051311757
-18.693023712110172
-18.693121256886922
-18.69321087599917
-18.69329365960386
-18.693353044218114
-18.69342432067502
-18.693497497274016
-18.69355585426713
-18.69362997052909
-18.693692829584908
-18.693747832486654
-18.693822286963563
-18.693863832954435
-18.693909696980143
-18.693970269957333
-18.694001154093158
-18.694051570925282
-18.694114775486113
-18.694199712865963
-18.694232009656993
-18.694297990814317
-18.694322843691555
-18.694384821538254
-18.69441884190616
-18.694453422035714
-18.694511062752266
-18.694518764815523
-18.694580161762246
-18.694595291604617
-18.694627003303356
-18.694648387502948
-18.69468355202271
-18.6947057001165
-18.69472781789228
-18.694760340634907
-18.694782946806523
-18.694809449348952
-18.694829496675148
-18.694850765891367
-18.69489364751895
-18.694917758020605
-18.6949434633837
-18.694958509781646
-18.694977598062046
-18.695006592328433
-18.695040489552706
-18.695064090433814
-18.695093058900312
-18.695112281205507
-18.695134548723903
-18.695169186591855
-18.695186861221465
-18.695220006463472
-18.695240045829074
-18.695268082352854
-18.695287194155217
-18.69530802916074
-18.695331395419643
-18.695359040466737
-18.695376433810864
-18.69539976414669
-18.6954110413349
-18.69543298474552
-18.695449932874592
-18.695464893902333
-18.69549587793982
-18.695513350913476
-18.695541749928175
-18.6955633630975
-18.69558809308716
-18.695613496068766
-18.695640679152223
-18.69568407374983
-18.695709867830146
-18.69573349253037
-18.695777507854885
-18.695803234425213
-18.695851532807726
-18.69587845497571
-18.695917820790697
-18.69596525394822
-18.69601082784285
-18.696066348552165
-18.69613389258317
-18.696183289472444
-18.696249820165818
-18.696314647368595
-18.69639914706896
-18.696496961299303
-18.696569354100355
-18.696645564519045
-18.696732123884637
-18.696823499219725
-18.696906629849448
-18.696971611226736
-18.69707325801389
-18.697145633730145
-18.69722608497062
-18.697325119002876
-18.697393351619443
-18.697494133560383
-18.697586851510447
-18.697645005756403
-18.69771884988889
-18.69778037736
-18.697857945289257
-18.697905507490795
-18.697950466203356
-18.698014489994456
-18.698078406720747
-18.69812010622172
-18.698176942576307
-18.6982202784675
-18.698264235903327
-18.698350426586643
-18.698395816151056
-18.698445044768125
-18.698519686049053
-18.698567541088053
-18.69860145148109
-18.698654437720563
-18.69869265603915
-18.698738335099527
-18.698777486306106
-18.698819693212645
-18.698857075161033
-18.698894146167767
-18.698924134286006
-18.698950959998577
-18.698978142228352
-18.69901121123047
-18.699038249000342
-18.699061562617086
-18.699083517608276
-18.699110029532115
-18.699137476377807
-18.699160860734754
-18.69918510055076
-18.699204084835603
-18.699228827925577
-18.699257941818622
-18.699279130357787
-18.69930117333625
-18.699339910255567
-18.699359260103844
-18.69938009552728
-18.699421758048587
-18.699443758730695
-18.69945194901495
-18.69948918523955
-18.699500190804148
-18.699523709576845
-18.699551402211757
-18.699579509753733
-18.699597902987247
-18.699622339355475
-18.699642349577974
-18.699670428313887
-18.699699504617303
-18.69973088880375
-18.699747069413164
-18.699777595395204
-18.69978517029499
-18.699812167770766
-18.699824195739
-18.69983821792146
-18.699856786670527
-18.699860777731633
-18.69988323160658
-18.69988886073773
-18.699899617555182
-18.69990789303288
-18.699923794540513
-18.699934224635218
-18.699945429835658
-18.699959967094898
-18.6999754430792
-18.699985329917716
-18.69999835294797
-18.700005805488153
-18.700014177520444
-18.70002550810054
-18.700031764105002
-18.70003433337667
-18.700054679652872
-18.700059331430925
-18.70006916768876
-18.7000790786935
-18.70009009633916
-18.70009733402141
-18.700105898118252
-18.700113955981838
-18.70012324117011
-18.70013468554891
-18.700142312330776
-18.700149468595054
-18.700163019274946
-18.70017476134773
-18.700180116677192
-18.70019127024241
-18.700199159082636
-18.700208484048094
-18.70021804285333
-18.700228197741204
-18.700236821122715
-18.70024202727332
-18.700251111400448
-18.70025783122054
-18.70026319914525
-18.70027148778173
-18.700276880610204
-18.70028491485376
-18.700294411911692
-18.700304188187026
-18.700311547985187
-18.700320090536003
-18.70032707036481
-18.700331966502592
-18.70034215916775
-18.700347213365394
-18.700352646941646
-18.700359044411783
-18.700364312757927
-18.70036787211837
-18.700378576676968
-18.700381693351652
-18.700386241029513
-18.700388862740702
-18.700393054826854
-18.700398253180364
-18.700402756986854
-18.7004073710211
-18.700411906292974
-18.70041677099487
-18.700422458368443
-18.70042559074714
-18.700432975593724
-18.700436551187813
-18.700440539229227
-18.70044615593202
-18.70044955490735
-18.700453858316184
-18.700458724277873
-18.700462304514552
-18.700464107269184
-18.70046976083016
-18.700472324178765
-18.70047564318423
-18.70047980845409
-18.700483727869397
-18.700486905962805
-18.70048987133044
-18.70049338748376
-18.700495472639805
-18.700503082571093
-18.70050575792379
-18.700510052064583
-18.70051592893283
-18.70052189877631
-18.7005277530073
-18.700532896754858
-18.70053764397228
-18.70054677402213
-18.700555948509376
-18.70056517080218
-18.700578446697804
-18.700589999267272
-18.70060534112788
-18.700622538248727
-18.70063587210201
-18.700665680189083
-18.700689661576366
-18.70071078045602
-18.700733894504
-18.700751705766503
-18.700777606036123
-18.700801332864046
-18.700823160342196
-18.700836759437436
-18.700862966950652
-18.700873371115986
-18.700900088148188
-18.7009168640749
-18.70093614388372
-18.70096014667992
-18.700988112532475
-18.701009158691143
-18.70103439126111
-18.701057217077597
-18.701081119798395
-18.701109284600843
-18.701125574015407
-18.70113797077498
-18.70116011777291
-18.701169921079803
-18.701180214912885
-18.70119225210222
-18.70119915751244
-18.701207659951688
-18.70122158039378
-18.70122794810274
-18.701239768848364
-18.701250237053742
-18.70126594517101
-18.70127919824381
-18.70129170671586
-18.701303744059285
-18.70131855226747
-18.701328018218977
-18.701341981585806
-18.701357355360635
-18.701375523201463
-18.70138829506864
-18.701399041318002
-18.70140873909944
-18.70141931627956
-18.701436624915488
-18.701450340271855
-18.701460402966717
-18.701487149234843
