500 iters for seed 60 on ER0.3 which is in the 41.222381591796875 percentile
 Maxcut: 26.0, MedianCut: 17.0
-16.497577325349898
-16.539732333887017
-16.622880590180376
-16.673249860519277
-16.716996527487368
-16.76984362373728
-16.804031293941705
-16.840040088352254
-16.87551217923048
-16.899927209904213
-16.92143077449287
-16.93818030902314
-16.954409116999276
-16.96740424069526
-16.97782804941477
-16.987104048773638
-16.994267247891088
-17.000166154729907
-17.005826200846315
-17.012755493010125
-17.019609776393718
-17.02711702095087
-17.03227579457167
-17.037903784846883
-17.043414253424103
-17.047952337407526
-17.05178751229785
-17.05450067638734
-17.057191227445873
-17.059567387548988
-17.061349831328616
-17.06310174579704
-17.065194135425777
-17.067263699282414
-17.069132917651874
-17.07174716315798
-17.073623687396434
-17.075639414729114
-17.07787432331704
-17.07950207689738
-17.08154828931468
-17.083423806604337
-17.084910666783927
-17.086672982250754
-17.08844794174122
-17.08997734189942
-17.091332199566356
-17.092838908649867
-17.094095384982175
-17.09531872208911
-17.09666689123892
-17.097776036138505
-17.099186770208277
-17.100755634536522
-17.101762363161335
-17.103179821671986
-17.10450493691828
-17.10576763680553
-17.10669453966012
-17.107715877022887
-17.108572491816112
-17.109316229849444
-17.109978892718043
-17.1105501479036
-17.11128470491304
-17.112159673003134
-17.11278696008506
-17.113294883016614
-17.11407803183119
-17.114617144438107
-17.115250275690133
-17.116015571700732
-17.11654230902822
-17.117103340017284
-17.118129529391823
-17.118712307088447
-17.11928574660448
-17.12006834574464
-17.120612625210647
-17.1213387803153
-17.12195192702973
-17.122521620084513
-17.123149065629892
-17.123703908782
-17.12426241416504
-17.1247750424981
-17.125378419353105
-17.125679806891455
-17.126397366563317
-17.12666217145612
-17.127089902875163
-17.127579673619024
-17.128156138702035
-17.128675432682236
-17.12924741895835
-17.129758704891348
-17.13031029213844
-17.13089168565185
-17.131316767040765
-17.13179029027114
-17.1325230690781
-17.132826409144684
-17.13334116234354
-17.13383262698923
-17.134495051114374
-17.13497599165111
-17.13546723897492
-17.136023306479835
-17.13669325991745
-17.137231999629442
-17.137838920676717
-17.138257635170632
-17.13893959291306
-17.139454023525644
-17.1398488881121
-17.140314884845008
-17.140937493727264
-17.141277307641012
-17.141677628547527
-17.142130177457386
-17.14254595152964
-17.142849385952665
-17.143204958498703
-17.1435062649263
-17.143854479982735
-17.144159104768512
-17.144459793874237
-17.14477025528089
-17.14505684773905
-17.14532706771403
-17.145545967178084
-17.145841773572947
-17.146087181891527
-17.14632440620302
-17.14650196423463
-17.146671287658826
-17.146876392362728
-17.14705733834347
-17.14723366587986
-17.147418400515065
-17.147537502990527
-17.147813581035347
-17.14792346225708
-17.14811571255999
-17.14838242525625
-17.14862760444735
-17.14884483455278
-17.149046079727988
-17.149222350270094
-17.149544509458902
-17.149781173166048
-17.150029752810767
-17.150304590190107
-17.150552420086523
-17.150878288198005
-17.151307919805557
-17.151591098915844
-17.151840907635766
-17.15219572138023
-17.152470287422183
-17.152933333891475
-17.15336541238841
-17.15380170733541
-17.154133395745113
-17.154510809647363
-17.154951231663414
-17.155385489812403
-17.15580582208384
-17.156245978478296
-17.156861464738167
-17.15744621380324
-17.15798782886754
-17.15858296284754
-17.15903155464394
-17.159516228675955
-17.160063350569295
-17.16044932583133
-17.160907999340324
-17.161299851332704
-17.161611583357146
-17.161846094723916
-17.162218988935358
-17.162485967835977
-17.16266599706853
-17.162941994810275
-17.16314783939867
-17.163409730319923
-17.16362963244765
-17.1638079366259
-17.16402950190899
-17.164244025152776
-17.16444196879204
-17.16464591044641
-17.164785291987158
-17.164969748952046
-17.16519391178978
-17.165345194780382
-17.1654781560987
-17.16570741640055
-17.165867899506782
-17.1660698245916
-17.166256180580955
-17.166391554315016
-17.166581217204076
-17.16675669397199
-17.166975905004193
-17.167167392779884
-17.16732634385989
-17.16750218794819
-17.167742808320163
-17.167885362379
-17.16803983596847
-17.16818384419006
-17.168327014091062
-17.168505869826717
-17.16861978348463
-17.16877415037311
-17.168924463647343
-17.169062191049854
-17.16917448586735
-17.169325398881817
-17.16939962265534
-17.16947777985698
-17.16956535333228
-17.169631757518637
-17.169759638133403
-17.169886218609566
-17.169977609631488
-17.170098187284285
-17.170188569885518
-17.170307310691836
-17.1704411170761
-17.17055045106114
-17.170647433887574
-17.170868331058614
-17.170908305704195
-17.171123566588868
-17.171225796795866
-17.171382709305206
-17.1715776178147
-17.171674807733147
-17.171861961412223
-17.171940951396692
-17.172049439886017
-17.172179282759963
-17.172298347451157
-17.172415423477712
-17.172510031467027
-17.172650433134546
-17.172773906342986
-17.17285644252306
-17.17299310141643
-17.17308644015931
-17.17325779265427
-17.17337729113292
-17.173484512040762
-17.173673698854966
-17.17378681050404
-17.173911421207528
-17.174005069203922
-17.174106316599982
-17.17422788306589
-17.17433787458706
-17.17441615117132
-17.174476764072992
-17.17456659258532
-17.174622284346242
-17.174689186769793
-17.174768809424798
-17.174825598945308
-17.1749015525306
-17.174989864958125
-17.175058139032195
-17.175128248966253
-17.17518251744974
-17.175249805298108
-17.175312554733537
-17.175377641985662
-17.175437080145286
-17.175488823903397
-17.17555135947718
-17.175653750334497
-17.175712592652022
-17.175793182929482
-17.17590460680421
-17.17598009582503
-17.176099208495728
-17.176154755343102
-17.17622163475906
-17.176280499958008
-17.176381071824828
-17.176453296678005
-17.176513772843748
-17.176659430417455
-17.17673058860094
-17.17685828062226
-17.176958509068818
-17.177061198908355
-17.177151962358444
-17.177223487573325
-17.17731987707058
-17.177394322816973
-17.177478411504467
-17.17755587416007
-17.1776034758892
-17.17767325305489
-17.177737687492545
-17.177798307694392
-17.177849747433882
-17.17789253990673
-17.17794891806139
-17.1779778682202
-17.178017283634944
-17.178063475174643
-17.178102977676506
-17.178140875727482
-17.178205618952582
-17.178239797999527
-17.178281704699845
-17.178315690936383
-17.178367812219726
-17.178410950222037
-17.17843927268918
-17.17848734956395
-17.17850443030475
-17.178533951821883
-17.178556740831894
-17.178589003263617
-17.17860671841445
-17.178632186941186
-17.178657681766147
-17.178679861338914
-17.178698124060123
-17.17872778632011
-17.17875087606258
-17.17877634561619
-17.178799107805457
-17.178820044993333
-17.178848338520694
-17.178866231533007
-17.178884725685457
-17.178909260549432
-17.178924622412637
-17.17893742491794
-17.178965850484758
-17.178976627495715
-17.178991984619056
-17.178996395413034
-17.179023311228892
-17.179034337647064
-17.179044383439045
-17.17905827036503
-17.179086009571616
-17.17910131036583
-17.179113298698233
-17.179124249293668
-17.179132394870592
-17.17914296439386
-17.17915706467439
-17.17916709288143
-17.179173414723422
-17.179187256304143
-17.179193545435812
-17.17920220653015
-17.179214023915854
-17.17922399107806
-17.179244806586233
-17.179251498552297
-17.17926639496375
-17.179277113717777
-17.179287408927408
-17.17929783130284
-17.1793060998731
-17.17932078199623
-17.17933245887553
-17.179346013725358
-17.179359749136854
-17.179375327133833
-17.179385620846528
-17.17939530750528
-17.179408321473968
-17.179415619792742
-17.179428780459364
-17.1794389035736
-17.179447926594378
-17.179459231563587
-17.17946647576137
-17.179476546266514
-17.179486788570262
-17.179494575948645
-17.179501725304302
-17.17951380313151
-17.179524657039217
-17.17953227281619
-17.179543839003646
-17.17955027041642
-17.179558512810313
-17.1795702612011
-17.179576211053465
-17.179585545645303
-17.179592606099124
-17.179600034693493
-17.17961159405117
-17.179618443181706
-17.179627873902316
-17.179635865004016
-17.17964226392308
-17.17965813033272
-17.179663842085215
-17.179674002979045
-17.179683113771766
-17.179690761578268
-17.179698142893315
-17.17970322936025
-17.179707406212533
-17.179712103961723
-17.17971783494322
-17.179724297750887
-17.179730601308773
-17.1797344344267
-17.17974274512874
-17.179748502788915
-17.179754973979396
-17.179762261340585
-17.179766347113652
-17.179771847103318
-17.17977920972705
-17.17978739340071
-17.17979206353393
-17.179799700026223
-17.179802520532526
-17.179810530451796
-17.17981617857761
-17.179821003661868
-17.179829536573248
-17.17983128809908
-17.179846153649496
-17.179849567080055
-17.17985437493207
-17.179858590617858
-17.179864841576258
-17.179872504112744
-17.17987823284262
-17.179884354272126
-17.179891103042987
-17.17989866625313
-17.179904238782882
-17.179910988485034
-17.17991669984735
-17.17992244931143
-17.179927283981304
-17.179933380627322
-17.179938199235675
-17.17994323286918
-17.17994900874671
-17.179954629811174
-17.17995844261059
-17.179964001657638
-17.179967117892936
-17.17997111673107
-17.179972688190098
-17.179979236416184
-17.17998177611507
-17.17998490054
-17.179989522729027
-17.17999302211832
-17.179998526831227
-17.18000236888718
-17.180008205122565
-17.18001257409177
-17.180018318553707
-17.180023603278656
-17.18002885050251
-17.180030258158425
-17.180038174534324
-17.180040781052703
-17.180044168812778
-17.18004842788498
-17.18005354729883
-17.180057927570353
-17.180062955845322
-17.18006624289694
-17.1800698754421
-17.1800771241519
-17.180080583255634
-17.18008701451173
-17.180091419212932
-17.18009675343066
-17.18010077163615
-17.180104578202307
-17.180108198094935
-17.18011463042499
-17.18011883590899
-17.180123059828098
-17.180123988035188
-17.18012945822379
-17.18013173162864
-17.180134650866684
-17.18013918191766
-17.18014245133185
