500 iters for seed 79 on ER0.3 which is in the 87.06130981445312 percentile
 Maxcut: 27.0, MedianCut: 15.0
-15.164326595224871
-15.262467348435283
-15.317617374595505
-15.36094467637383
-15.397253740273051
-15.428353787512822
-15.46340960125468
-15.483030854036214
-15.504910582631986
-15.520722449495999
-15.533940092918087
-15.548238153952552
-15.559340339528626
-15.570129010148658
-15.579668092973135
-15.585977768896734
-15.592589155953657
-15.600135222346903
-15.605572414065705
-15.612890989789447
-15.619225710519975
-15.623934288969721
-15.629420193526556
-15.63497830324074
-15.63990356110601
-15.643979960962177
-15.648376130473403
-15.64975440706056
-15.654700367402201
-15.657391521740943
-15.660389791866223
-15.663325001905324
-15.665921492592478
-15.668219380689994
-15.669896540643547
-15.671630459244398
-15.673174035335105
-15.674682699010166
-15.676008827462711
-15.677196495280018
-15.67879828569415
-15.680571172060391
-15.681989873446222
-15.684238534242876
-15.685126720692235
-15.687636365453164
-15.689124961630707
-15.690875274538643
-15.69294234006266
-15.694572040485285
-15.696265253969486
-15.697303336168913
-15.698879749870539
-15.700588234979481
-15.702014437702044
-15.703082770335554
-15.704490988833571
-15.705647157068514
-15.706910154183365
-15.708202045666408
-15.709102743913853
-15.710311285624153
-15.7112710161212
-15.712368956697073
-15.713209913434024
-15.714101759388914
-15.714767353722854
-15.715572433095579
-15.716221619288346
-15.716819165906909
-15.717426067164315
-15.717990229827421
-15.718501871071828
-15.719030849114041
-15.719608560011604
-15.720133980492559
-15.720617187333856
-15.721107007328907
-15.72155855729823
-15.722015994450702
-15.722427917534539
-15.722828752172116
-15.723289529548993
-15.72371488580584
-15.724127364664401
-15.724511590617414
-15.724813179995284
-15.725342371579675
-15.725615371735568
-15.726102166453835
-15.72646344525099
-15.726789177845827
-15.72743836719395
-15.727755794489468
-15.728623982884443
-15.729145818226637
-15.729818940473304
-15.730190563331576
-15.731035196405491
-15.731529587952366
-15.73202863269798
-15.732784928369647
-15.732984977325065
-15.734162887656662
-15.734595707667312
-15.73506330245598
-15.73559241465796
-15.735746440225997
-15.736424234929938
-15.736681582017802
-15.737091417269406
-15.737566648867126
-15.73810935148835
-15.738550148874186
-15.739086063681738
-15.739418484072557
-15.739907288920504
-15.740508412250986
-15.740841349880002
-15.741515392777826
-15.741800778819067
-15.74242786906087
-15.742815077260982
-15.743393252648568
-15.744042458043067
-15.744761715228172
-15.745383140865481
-15.745964164599028
-15.746457790557445
-15.747004204717602
-15.747340158055131
-15.747631335462904
-15.747933544025525
-15.748182446880092
-15.748419116579363
-15.748550727314194
-15.748767086062351
-15.748968697530133
-15.74919689559393
-15.749355512306124
-15.749533689034898
-15.7496779301401
-15.749858199197678
-15.75002397452463
-15.7501672857574
-15.750352698521802
-15.750566215583937
-15.750719788647661
-15.750906325520399
-15.750937790564102
-15.751235463848912
-15.751357280962814
-15.751522360897468
-15.75175889543912
-15.752058369728687
-15.752443514774562
-15.752630532203815
-15.752842994355753
-15.752970082867034
-15.753170146385136
-15.753390282374278
-15.753539841552644
-15.753888637667103
-15.753969161562424
-15.754297467561361
-15.754417914100078
-15.75465851981696
-15.754918205866783
-15.755213401315396
-15.75550120201854
-15.755789533212829
-15.75610473251893
-15.756479985745695
-15.756849938290824
-15.757139248082765
-15.75750819845953
-15.757911640859769
-15.758263245037773
-15.758570251644102
-15.758921304028892
-15.75928563501676
-15.759608312415729
-15.75993098393343
-15.760248838673698
-15.760594558133707
-15.76081559879563
-15.761053397982117
-15.761318923523412
-15.76150613982807
-15.761716315941406
-15.761899373956306
-15.76206090380933
-15.7622217033656
-15.762424539935076
-15.762568183668419
-15.762702664035064
-15.762857035256586
-15.76298825679763
-15.76316627171542
-15.763341679624338
-15.763558566249817
-15.763751185211508
-15.76393829255683
-15.764110516039514
-15.764293318222645
-15.764449685839118
-15.76461405403876
-15.764758916870747
-15.764905262986744
-15.7650882011346
-15.765203653840693
-15.765343003377968
-15.765539424789402
-15.765670755269026
-15.765863070686255
-15.766125378024809
-15.766356039158435
-15.766506851156427
-15.766765458791395
-15.76694325408884
-15.767085527308158
-15.767318317159589
-15.767487702447202
-15.767730061833998
-15.767962382056606
-15.768181059115392
-15.768335915104386
-15.768549203571439
-15.768756356591952
-15.768885852150419
-15.76910672961776
-15.769189045877155
-15.769348544567684
-15.769447197592266
-15.769544545166562
-15.769687380628095
-15.769819089110431
-15.76991253343764
-15.770035087287184
-15.770111433443983
-15.770207029028596
-15.770338964167433
-15.7704056941471
-15.770492885869741
-15.770591298693404
-15.770685603730506
-15.77073039282898
-15.770819692979048
-15.770864138996739
-15.770954460930673
-15.771024753766232
-15.77107784283466
-15.771178193319644
-15.771238535635298
-15.771302198902799
-15.771358081737956
-15.771413188179807
-15.771476340633374
-15.771559612722532
-15.771606840018606
-15.771664376627463
-15.771770417314702
-15.771809118957592
-15.771867522508073
-15.771931520997148
-15.771983286969906
-15.772059456766776
-15.772130537101766
-15.772175730066557
-15.772238032639201
-15.77229007688632
-15.772354645083478
-15.772467034447972
-15.772514434609878
-15.772566372237916
-15.772663480245377
-15.772708157180306
-15.772764916818641
-15.772830730190869
-15.772882416167558
-15.772920422522617
-15.77300612048648
-15.77303637152391
-15.773087562740148
-15.773136661588525
-15.773183572571893
-15.773270106012465
-15.773317183004478
-15.773397798990075
-15.773458981483273
-15.773533797299468
-15.773609482252402
-15.773684634253371
-15.77375873331827
-15.773830556916506
-15.773901277758924
-15.773979059669685
-15.77405635388316
-15.774101749867267
-15.774174847264861
-15.774208015511803
-15.774240720001492
-15.774293540347891
-15.774326249682417
-15.774367135066688
-15.774429963301262
-15.774466459973414
-15.77450150039122
-15.774561163534617
-15.774601754644912
-15.774648564497136
-15.774696901377354
-15.774734305218646
-15.77477316646592
-15.774817148675965
-15.77486053108002
-15.774913744704861
-15.774969511169168
-15.775024162517745
-15.775082502103478
-15.775154357322961
-15.775220389051723
-15.77529116490692
-15.775362855520754
-15.77545128846598
-15.775535339197868
-15.775598082523894
-15.775681278261672
-15.77573851074488
-15.775823862063184
-15.775887756018022
-15.77594050724408
-15.776014475850374
-15.776100209965177
-15.776150012444138
-15.776240070356838
-15.77628840258017
-15.776357168233515
-15.776419762088565
-15.776477405924886
-15.776570205072726
-15.776661282333977
-15.776727054671738
-15.776811941245239
-15.776866074454926
-15.776921036158935
-15.777015306941605
-15.777063602449765
-15.77710694059962
-15.77720170817369
-15.777226699758078
-15.777269834960958
-15.777325137218313
-15.777369771270143
-15.777440242876523
-15.777473753082162
-15.777539995467757
-15.777593802741517
-15.777647333431775
-15.77769175430953
-15.777718928997219
-15.777780976796809
-15.77781520472653
-15.777854102430446
-15.777903330730231
-15.777931959868992
-15.777970974896117
-15.77801861884635
-15.778063627523505
-15.778088849241254
-15.778128368166929
-15.778158489886529
-15.778192685869318
-15.778242050207092
-15.778273331290546
-15.778308467666804
-15.77836880273804
-15.77838961510971
-15.778430597560028
-15.778454662838922
-15.77850038692694
-15.778526221179
-15.778547780258302
-15.778588126911995
-15.778608648824708
-15.778648420187466
-15.778680205491542
-15.778712866757562
-15.778737369610788
-15.778758115565118
-15.778787697847692
-15.77880376194487
-15.77882485474451
-15.778846623386418
-15.778862918028466
-15.778878201605043
-15.778901965731876
-15.778921886116498
-15.778938041525544
-15.778972795290965
-15.778985771379213
-15.77900346440844
-15.779022012862391
-15.779036743221322
-15.779060993744885
-15.779088304751117
-15.77910570803365
-15.779134059116611
-15.77914723710272
-15.779167600090183
-15.779185205630123
-15.779197709661451
-15.779207359650327
-15.779229583442937
-15.779239120349562
-15.779254308918656
-15.779280596300133
-15.779298970818672
-15.779326545339714
-15.779345111814875
-15.779374453690703
-15.77939127921396
-15.779416917033132
-15.779433793483317
-15.779447767824545
-15.779467780077272
-15.779489667899702
-15.779503903840537
-15.779517036068356
-15.779530871772138
-15.779543284261528
-15.779558026586798
-15.779578283759504
-15.77958440610881
-15.779632884509184
-15.779647191112682
-15.779666719794418
-15.779687160398607
-15.779712486471375
-15.779735435490997
-15.779759306629284
-15.779781409108239
-15.779803586633221
-15.779830173869067
-15.779847745615058
-15.779865415677122
-15.779896964630337
-15.779912557550691
-15.779934121228294
-15.77995840852735
-15.779979543131395
-15.779999104599185
-15.780021823142206
-15.780042007381274
-15.78006080999612
-15.780081292169942
-15.780109042934622
-15.780126562216246
-15.780150992521442
-15.780175848738882
-15.780205344738015
-15.780228205092696
-15.780246446606697
-15.78026616792401
-15.780285366537631
-15.78030948352412
-15.78034215998844
-15.780364696032237
-15.780390811652634
-15.78041279193377
-15.780449256974647
-15.780475085588122
-15.78051885849983
-15.780545414758517
-15.780572391251035
-15.780618506899273
-15.780628505645485
-15.780705698521622
-15.780732999595191
-15.780775456193254
-15.780826873735325
-15.780885062765158
-15.780928874525161
-15.780983962684282
-15.781037633195215
-15.781116441706516
-15.78113175236846
-15.781229166383675
-15.781261634840627
-15.781330070958191
-15.781393988636513
-15.781452889372542
-15.781509423800017
-15.781565051672551
-15.781609226612066
-15.781651728485244
-15.781698089547392
-15.781722956909372
-15.78176525465249
-15.781800259865733
