500 iters for seed 145 on ER0.3 which is in the 78.80935668945312 percentile
 Maxcut: 32.0, MedianCut: 21.0
-20.501516075877507
-20.626756946956363
-20.71197312334656
-20.780295730064015
-20.81922691341541
-20.866080958827887
-20.9100818516518
-20.936274278625866
-20.959023177642536
-20.978460314460694
-20.997200462864
-21.01471721493664
-21.030669798071997
-21.043540477795936
-21.057224814323575
-21.068563722023455
-21.07488418856367
-21.081043795382193
-21.08680726233451
-21.091682934462124
-21.09715924758733
-21.10198288138423
-21.10723368755326
-21.11126395570921
-21.114693184671015
-21.118089541155435
-21.12131346819746
-21.12373590187208
-21.126739116612043
-21.128519416479307
-21.13228737854451
-21.13533232249455
-21.13888152773094
-21.14167642392298
-21.14580001162151
-21.148669569589547
-21.15220096534757
-21.15555527135821
-21.15913518237997
-21.16162136033499
-21.164299637253276
-21.16588539264884
-21.169004970317026
-21.171772549153744
-21.173751664636793
-21.176402253241687
-21.178137536062287
-21.180008398650667
-21.18185223261345
-21.18327586391766
-21.184694046051117
-21.18585372789593
-21.186454419248193
-21.18731187391854
-21.18787622528951
-21.18863426249147
-21.189229349872054
-21.189875383411685
-21.190493210181128
-21.19121959204677
-21.191640129080213
-21.192108363439168
-21.1924395957574
-21.192887259094576
-21.193185637911544
-21.193481503000694
-21.19402681773075
-21.194200975667208
-21.194769102438837
-21.1950063298459
-21.195349510338154
-21.195653345297472
-21.196130175152526
-21.1965334297684
-21.19694312880194
-21.197683799840917
-21.198121586831178
-21.198763054349655
-21.19931369748719
-21.199847126668033
-21.200363663271652
-21.20084919079579
-21.20131871618705
-21.201637141422225
-21.202032430487385
-21.202310111551146
-21.202606410858074
-21.20282465013426
-21.203140300397283
-21.20331123754833
-21.203648144451602
-21.203859623690015
-21.204107599178755
-21.204547021311893
-21.20486423493328
-21.20542691059558
-21.20598186912946
-21.20673696803898
-21.207354701803553
-21.208147407607417
-21.209080526773544
-21.20955831091812
-21.210205006757015
-21.211103739827017
-21.211651708734227
-21.212247670404388
-21.212933464945408
-21.21364015184344
-21.214217867137187
-21.21504026650888
-21.215793524724866
-21.216791436942078
-21.217691324327898
-21.218486629172986
-21.219305733437967
-21.220391707423268
-21.221040658004657
-21.221753977149532
-21.222353567245715
-21.22295361058859
-21.223388615380678
-21.223794090714623
-21.224327014776268
-21.22500417878782
-21.225624485740155
-21.226248501363962
-21.226793672493137
-21.227332983207226
-21.227822190234328
-21.22818610893086
-21.2285449836886
-21.228818391842346
-21.229137127966137
-21.229440658332877
-21.22969222499744
-21.22993150673633
-21.23019883817871
-21.230423763623193
-21.230625433157634
-21.231015357417945
-21.2312512825547
-21.23149146395647
-21.231739904167835
-21.232002920051986
-21.232260435265808
-21.232682866912945
-21.232893906186078
-21.23317110572655
-21.23334943542422
-21.233677407762467
-21.233889080701537
-21.234112673559554
-21.234388534712256
-21.23470447324172
-21.23492820611759
-21.235200076987685
-21.23531674845963
-21.235567307098393
-21.235697131900714
-21.235829448592426
-21.236037345522135
-21.236126913415667
-21.23628148893117
-21.236395927986962
-21.236542271742223
-21.236665691815947
-21.23677014083531
-21.236940138609228
-21.237066482266822
-21.23726939340315
-21.237481440342307
-21.237806399143697
-21.237996162193653
-21.238260090894745
-21.238447317172394
-21.23884896866538
-21.239136079039675
-21.239447636896205
-21.239578066465732
-21.240119044989104
-21.24036919774801
-21.240631727154494
-21.240990396512775
-21.241273620961223
-21.24170418362815
-21.241916170305434
-21.24220757431249
-21.24247521292537
-21.24287469212745
-21.243136769717246
-21.243434487579638
-21.24378573409955
-21.24408832547229
-21.244318291385188
-21.244525978043622
-21.244719597911185
-21.24501135896312
-21.2452182068702
-21.245376174041436
-21.245608021114695
-21.24584355694792
-21.246121348295027
-21.24644709629951
-21.24666166867157
-21.246894571228935
-21.247139400493342
-21.247361427190256
-21.24761953288204
-21.247896248511672
-21.248129436599278
-21.248308489101028
-21.248579583547382
-21.248808250183927
-21.249019436929956
-21.249340074927883
-21.24953701087284
-21.249754744852282
-21.250091052757853
-21.250357307308978
-21.25073274834466
-21.251189525620912
-21.251431489857136
-21.251827482157374
-21.251896902399977
-21.252404992663173
-21.25258323678696
-21.25280267011256
-21.253041665332198
-21.2532229868173
-21.25337827941418
-21.253528036969417
-21.253685714875473
-21.253822444821182
-21.254006050659882
-21.254108881099427
-21.254229731322397
-21.254325175263332
-21.25442686050865
-21.254555614412777
-21.25462448412355
-21.25470654353354
-21.254815507947626
-21.2548777185288
-21.2549443580611
-21.25502219312187
-21.25507754128409
-21.255149343039427
-21.255230330994788
-21.25527886336304
-21.25534131986003
-21.25539138321677
-21.255462390896
-21.255529206254216
-21.25558412711146
-21.25564953564126
-21.25571426115458
-21.255751183992103
-21.255803257311733
-21.255838118375266
-21.255881317241837
-21.255939364076873
-21.25597123959334
-21.256034561884995
-21.25607211927015
-21.25610558501196
-21.256138098526407
-21.25616606264741
-21.25621972064443
-21.256244317898087
-21.256273422214072
-21.256299536573657
-21.256324725766742
-21.25635238520514
-21.256376800873085
-21.25640042080252
-21.25642091372671
-21.256451411206367
-21.25648307734493
-21.256511397351762
-21.25653087380287
-21.256558196144127
-21.25658042579694
-21.25660041441075
-21.25662940830268
-21.25664844397423
-21.256674982015536
-21.256705279944327
-21.256733445331033
-21.256756435307878
-21.256791505161015
-21.256816314100156
-21.25683752025614
-21.25687268842352
-21.256894169147188
-21.25692370755736
-21.25696901043577
-21.257011760174862
-21.257050887650195
-21.257150749454553
-21.25720499422439
-21.257259493436557
-21.25731713491397
-21.2573839056249
-21.2574594776446
-21.25755446498887
-21.257613591883594
-21.25767550741187
-21.257730978462796
-21.257800995257817
-21.2578930184816
-21.25795492919952
-21.258045115125626
-21.258159853884994
-21.258223600794004
-21.258297577849838
-21.258350983643258
-21.258415036716755
-21.258438566294714
-21.25852530522213
-21.258556292234008
-21.25860242165131
-21.258672427500493
-21.258713186507084
-21.258768565983377
-21.258803518989698
-21.258839290239763
-21.25887409857261
-21.258910527292574
-21.258944539337286
-21.258976562668664
-21.259009233719684
-21.259061550472364
-21.259082447086385
-21.259144672463986
-21.2591787195644
-21.259212467264305
-21.259267573344907
-21.25930060388839
-21.259357116880658
-21.259393768848216
-21.25943354769987
-21.259467006136514
-21.259498428593417
-21.259538490707207
-21.259567604370062
-21.25959288700562
-21.259629236310964
-21.25965793136126
-21.259712738873173
-21.25973771396503
-21.25979639271638
-21.25982808217571
-21.25986267636293
-21.259915364228714
-21.25995006327847
-21.25999862309579
-21.260027353961092
-21.260063818447115
-21.260090856969924
-21.260136610979174
-21.260157697969504
-21.26017814555007
-21.260224896161844
-21.260251749501165
-21.260295275570492
-21.260328469365252
-21.260361979958155
-21.260396238101162
-21.26042142780599
-21.260450746729994
-21.26047711589069
-21.26051152165889
-21.26053376088304
-21.26056000220373
-21.260585981368713
-21.26061184779001
-21.26065453889583
-21.26067030065649
-21.260691723880043
-21.26071650988304
-21.260733036215882
-21.260764600185013
-21.26078116349036
-21.26080507348994
-21.26081539034275
-21.260832043171995
-21.26084769577789
-21.260869721685363
-21.260881358190268
-21.26089378896711
-21.26090528909697
-21.260919046397376
-21.260935757776302
-21.260947745760806
-21.260960105306477
-21.26098576003897
-21.260994908964626
-21.261008598955016
-21.261015920581425
-21.26103132111349
-21.2610397867967
-21.261046867789137
-21.26106021821883
-21.26106792829958
-21.26108370888927
-21.261095733965686
-21.261110693478876
-21.261122525126886
-21.261133799603684
-21.26115005657504
-21.261158894251853
-21.261170155217243
-21.261184776943672
-21.261197900776622
-21.261208867259384
-21.261221525384922
-21.26123599507654
-21.261242621036473
-21.26125956707913
-21.261267310696645
-21.26127536621825
-21.261287227057768
-21.261291605515822
-21.261299217139026
-21.261306064654274
-21.261312007830497
-21.261322788859594
-21.261324472818906
-21.261337626630894
-21.26134122792659
-21.26134870157343
-21.26135291465224
-21.261361382899697
-21.26136485929835
-21.261368790767218
-21.26137509685577
-21.26137921439108
-21.2613852250098
-21.26138872878673
-21.26139236990179
-21.261396346284748
-21.261401513719996
-21.261404986024772
-21.26141026782485
-21.261413069437854
-21.261417210026984
-21.26141957367939
-21.26142395608835
-21.2614263583272
-21.26142875223714
-21.26143261587367
-21.26143455925417
-21.26143893518357
-21.261440833400492
-21.2614438870169
-21.261446878799177
-21.261451623201093
-21.261455010861717
-21.261458531638763
-21.261461717340758
-21.261466121781964
-21.261468375698925
-21.261470657028312
-21.261473429007182
-21.261476573921236
-21.26147872054652
-21.261481732820634
-21.26148295778541
-21.261485907469698
-21.26148814059562
-21.26148981720115
-21.2614928998643
-21.261494569899057
-21.26149721331291
-21.2614988744513
-21.26150125613395
-21.26150214617008
-21.26150397471878
-21.261505010810104
-21.26150620331828
-21.261508272174062
-21.261509307612553
-21.261510892013185
-21.261512121373457
-21.261513324926746
-21.26151458872824
-21.261515794586863
-21.261516901825512
-21.261517770322776
-21.26151845229909
-21.261519427841456
-21.261519914240285
-21.26152049519589
-21.261521252392804
-21.261521782827888
-21.26152241965866
-21.26152311790132
-21.26152368686018
-21.261524363633782
-21.26152496936072
