500 iters for seed 88 on ER0.3 which is in the 72.70126342773438 percentile
 Maxcut: 31.0, MedianCut: 21.0
-21.004671597845594
-21.008021693371116
-21.01192610587928
-21.105150474404162
-21.18149138847927
-21.22293929713227
-21.2710762781875
-21.314106150762143
-21.348266165421677
-21.37715209682392
-21.404035176119642
-21.427110145894154
-21.447405233551674
-21.46947274019494
-21.489407581421816
-21.50941955686
-21.523052551321506
-21.53582982829505
-21.546997047533967
-21.556377592284367
-21.56486439339791
-21.57178314134995
-21.57773235033384
-21.58268904163369
-21.58790905848695
-21.593808545607313
-21.599332092563074
-21.603810301324394
-21.607973689470516
-21.611732720562472
-21.61445930768923
-21.617017784642826
-21.6197141739337
-21.622826631310573
-21.625739546983542
-21.630415519600145
-21.634623170944646
-21.63828131043632
-21.641528761441307
-21.644123619512623
-21.645910655753266
-21.64788184406526
-21.64996295976476
-21.65175490955964
-21.653479103621663
-21.65571578030204
-21.65759631815574
-21.65921411656094
-21.661129819710418
-21.66260241547851
-21.664203709722063
-21.666041128011294
-21.66723905458281
-21.66841196136302
-21.67007780663114
-21.671346125808498
-21.67294758218736
-21.6739894244316
-21.675237703848705
-21.676169470302654
-21.677268996352527
-21.678515043530968
-21.680073558399037
-21.681153628539093
-21.682284823451184
-21.683452295535407
-21.684867582103507
-21.686255783859863
-21.687630147109537
-21.688551712429113
-21.689474020126806
-21.690552242083225
-21.6913478434442
-21.692294622400695
-21.693048238684497
-21.693735172272774
-21.694555568550307
-21.69505448215933
-21.69578724000603
-21.696271119266466
-21.696875767338014
-21.69767541959786
-21.69838337181742
-21.69898732990241
-21.69963712809977
-21.700178166981146
-21.700834159562874
-21.701366927367076
-21.701873873062027
-21.70252368831222
-21.70319485194256
-21.70398155907338
-21.704667806926388
-21.7053679002175
-21.70612309774349
-21.706998354675505
-21.707646176387776
-21.70825265702441
-21.70859966362474
-21.709334306318055
-21.709666877775362
-21.710118114795232
-21.710804434808328
-21.711196282958273
-21.711577783503035
-21.711880534265497
-21.712139361112655
-21.712489324687226
-21.712700717514927
-21.712946116336216
-21.7131259945863
-21.713385733163417
-21.713717265356
-21.71401912713071
-21.71420262784311
-21.714406152264253
-21.71458826620963
-21.714848959531928
-21.715031353773963
-21.715226260233035
-21.715399230061905
-21.715619698556534
-21.715951339671587
-21.716306868348635
-21.716619330592934
-21.717042538223268
-21.717371354357045
-21.717749011017936
-21.71844633758622
-21.718757178644662
-21.719062307417904
-21.71971677574647
-21.72009838524845
-21.72052709162207
-21.721062992091206
-21.721389108996107
-21.721872022148926
-21.722227422258776
-21.722597235465013
-21.723025900143003
-21.723462863871255
-21.72388124332194
-21.724221809816648
-21.724568826148058
-21.724905910118345
-21.72525448309196
-21.725571870181028
-21.725901428476917
-21.725995866750893
-21.72644945055813
-21.7265868400195
-21.72676420808375
-21.72697360488696
-21.72719874460274
-21.72735812833306
-21.72752160487074
-21.727676422682183
-21.727870167931894
-21.728108166982352
-21.728282789823062
-21.728438798623884
-21.728632019190204
-21.728822930734697
-21.728927053548016
-21.729148616116202
-21.72920852666795
-21.729445192322018
-21.729613123572083
-21.729805775951384
-21.73010563658268
-21.73030449797534
-21.73059381035521
-21.730836144665858
-21.731128937561976
-21.731440265419916
-21.73178676622211
-21.73209217713844
-21.73236960892876
-21.732591223864425
-21.73289074402608
-21.733100203907178
-21.733325716155264
-21.73366252277229
-21.733848092120652
-21.734149185354127
-21.734315948922724
-21.734579295640515
-21.734735993863193
-21.734945493144657
-21.735193393506705
-21.735494281617665
-21.735698404333696
-21.735919025100234
-21.736074897363544
-21.736279825265047
-21.736487505564973
-21.736612221724133
-21.7368637860312
-21.737074122198344
-21.73727288229655
-21.737470608217684
-21.7376866369785
-21.737880311306984
-21.738167991903726
-21.738335135662354
-21.73852046629533
-21.738832125780508
-21.738906124300552
-21.73925574284539
-21.739366020496675
-21.739548710457864
-21.739700601803982
-21.739912507577266
-21.740068912077266
-21.74021647913871
-21.740466791331887
-21.740652726169824
-21.74081737052997
-21.74096165294415
-21.741119028217152
-21.74120072179218
-21.74143947311699
-21.741531249599312
-21.741663711854244
-21.74185744665309
-21.741988475795953
-21.742174347628367
-21.742274873809055
-21.742406065308305
-21.742556924419628
-21.742769370474413
-21.742872260838553
-21.74299376870614
-21.743131816440794
-21.743278561749264
-21.743395512881687
-21.74352364240906
-21.743635720299928
-21.743789561151598
-21.743954956829374
-21.744085400300506
-21.744239312342486
-21.744367337593836
-21.744516874709703
-21.74463695394579
-21.744725105825623
-21.74492021204181
-21.74500479736134
-21.745085143089728
-21.74517097650378
-21.74525099931934
-21.745337258912407
-21.745421818424294
-21.7454929938096
-21.74557098975793
-21.745648720386985
-21.74572196579607
-21.745772337970298
-21.745829286588915
-21.745882916343803
-21.745937727549855
-21.745979281302215
-21.746032904669992
-21.746068458992077
-21.74610349338441
-21.746152225489823
-21.746182616033504
-21.746222957045298
-21.746275331816975
-21.74629446373718
-21.746341246746685
-21.74637346303018
-21.7464191340229
-21.7464557395247
-21.74648604869358
-21.746542253008464
-21.746575655163582
-21.746615941069788
-21.74665918312643
-21.74669833339796
-21.746737294249098
-21.746783654725842
-21.746812139538974
-21.74684530473058
-21.746866354872623
-21.7469058529282
-21.746925626051127
-21.746946957568028
-21.74698039487774
-21.74700284895829
-21.74704070835639
-21.747075647764582
-21.7471099582962
-21.747154632061545
-21.747194448867557
-21.747231132146567
-21.7472669981684
-21.747288931737906
-21.7473050899279
-21.747366947299597
-21.747386140939568
-21.74742192718388
-21.74746335836895
-21.747511676319437
-21.747550282063067
-21.747585390894887
-21.747617272842362
-21.747646336937503
-21.747678148361846
-21.74770153593761
-21.747731061025675
-21.747757327595494
-21.747781949382247
-21.747808146344838
-21.74784681154977
-21.747868331154468
-21.747890114616936
-21.74791710389292
-21.74794596873162
-21.74796550262597
-21.74798770852398
-21.748002552375215
-21.748021710353015
-21.7480530694758
-21.748067787839357
-21.748084597328543
-21.74812133287177
-21.748134613666195
-21.748152908468604
-21.748176589181348
-21.74819471380867
-21.748226816072016
-21.748242417278377
-21.748261737507665
-21.74827409668982
-21.748290360041047
-21.748305962306038
-21.748319953450277
-21.748339819775804
-21.748353636312732
-21.74836802431514
-21.74838991449818
-21.748406027424245
-21.748418532945884
-21.74844756487369
-21.748460972810246
-21.748476970795593
-21.748492932265904
-21.748509424339584
-21.748520208646145
-21.748543875283435
-21.748555968476452
-21.74856785490328
-21.74858695741561
-21.748600599882067
-21.74862460435609
-21.748641641367236
-21.748660931649134
-21.74867654599924
-21.748688058314247
-21.74871057692103
-21.748724662889703
-21.74874023998394
-21.74876233995804
-21.748775785876763
-21.748801676731624
-21.748814859016747
-21.748833702686085
-21.74884840966547
-21.748862790237137
-21.748891077375454
-21.74891664887531
-21.74894304416915
-21.748972944443132
-21.74899679458459
-21.749022214099558
-21.74907634936184
-21.749098354545403
-21.74912925514299
-21.749177749362783
-21.749201045398777
-21.74923408423363
-21.74925810580976
-21.749294967880623
-21.74931271181757
-21.749340926430282
-21.74936149192714
-21.749380617571425
-21.74940823632699
-21.749442084689278
-21.749467660500827
-21.74950408933129
-21.74954909153427
-21.74957731880681
-21.74961983107308
-21.74964152581667
-21.749672736875635
-21.749722310178374
-21.74978063867288
-21.749823315661242
-21.749888544354498
-21.749914332509995
-21.74996624937925
-21.750010206939578
-21.750041714897208
-21.750094570186455
-21.750113423840016
-21.750174780849754
-21.750196508625233
-21.750239601340944
-21.75027134148084
-21.750325215471424
-21.75035416651099
-21.75038543542565
-21.75043911977747
-21.750474507097813
-21.75053259617875
-21.750573246537524
-21.75061894734774
-21.750665232705263
-21.750718749509456
-21.750782051554555
-21.750839016288882
-21.75088072755347
-21.75096315186106
-21.751014973267104
-21.7510610675168
-21.751133767320376
-21.751170139548353
-21.751219306443954
-21.751292500007597
-21.751348115416928
-21.75137877662705
-21.75143239583747
-21.751477205232582
-21.75153026038879
-21.751579510577088
-21.751624668230598
-21.751664097548893
-21.751726932535504
-21.751773262660414
-21.751820935897868
-21.751863508850843
-21.751896375559895
-21.751913837585857
-21.751981519967323
-21.751999782120585
-21.752031680151035
-21.75206328629483
-21.752101372056593
-21.752130411982794
-21.752152775439892
-21.752176398612065
-21.75220869290483
-21.75224492857221
-21.752282750752215
-21.75231887278731
-21.75235946718931
-21.752396188511835
-21.752421781701905
-21.75247116687344
-21.75249245527268
-21.752522428577898
-21.7525477960951
-21.752573199326374
-21.752613697863413
-21.752652089351102
-21.752681364381573
-21.75272107337738
-21.75274800004994
-21.75278585124836
-21.752835304921955
-21.752871264310034
-21.752913967969793
-21.752963939577775
-21.753017719911117
-21.753044631938728
-21.753083388729284
-21.75309845868524
-21.753118453027145
-21.753140246841625
-21.753155378575357
-21.753173881439913
-21.753201233358077
-21.75322012585253
-21.75324249669153
-21.753263721242764
-21.753281070155374
-21.75328393699482
-21.75331090021616
-21.753318917714182
-21.753331203820185
-21.753347214115493
-21.753356409472637
-21.75337140448671
-21.75338006525914
-21.753389975219594
-21.753398951797024
-21.753407346340104
-21.753418748273102
