500 iters for seed 148 on ER0.3 which is in the 76.85012817382812 percentile
 Maxcut: 26.0, MedianCut: 15.0
-15.137227960973425
-15.208046890029976
-15.245952109376933
-15.29519269604224
-15.333010090470044
-15.35910549852034
-15.382261596561534
-15.401083824507008
-15.41348126679678
-15.425895720554154
-15.436864495281602
-15.44723056260769
-15.455030362634972
-15.461875946724724
-15.469452409343537
-15.477806933772172
-15.484969881007604
-15.492648968135676
-15.498608258651286
-15.504478463004286
-15.510411255170954
-15.515173544197753
-15.518563562838633
-15.522188518461334
-15.525228155609687
-15.528400194045142
-15.530812114041897
-15.532957945105133
-15.535315963851847
-15.537599210615927
-15.539542364702683
-15.54174117443505
-15.543067624233188
-15.544274124661612
-15.545613015369243
-15.546575159230999
-15.54798511539841
-15.549251658199132
-15.550269397592194
-15.551468766785757
-15.552566439339218
-15.55375697962973
-15.554609149012617
-15.555705847826008
-15.556741078122265
-15.558033557576255
-15.559399743022817
-15.560691803574441
-15.56247163386667
-15.564572310443427
-15.566071368908412
-15.56776802988149
-15.569242281145199
-15.571195303550883
-15.572867400258264
-15.574479466292814
-15.576227801150306
-15.57804199955417
-15.579078293367619
-15.58011000163983
-15.581174082622733
-15.582461077054345
-15.583630850248008
-15.584535630429004
-15.58549855032442
-15.586356058640925
-15.587155274609826
-15.587829446775844
-15.588646284903454
-15.589320206820387
-15.589961003650652
-15.590733286705674
-15.59125661148832
-15.591860670326975
-15.592331438064157
-15.592702919825811
-15.59305273216621
-15.593455692005493
-15.593730033185526
-15.593958450014146
-15.594323796206403
-15.59456368688976
-15.59484097179904
-15.595248653602955
-15.595500452776577
-15.595971133182779
-15.596267221877623
-15.59665601362331
-15.596964098780571
-15.597253028070929
-15.59768949385855
-15.598071550485702
-15.59831843683737
-15.598610781344115
-15.598833957147082
-15.599123358315488
-15.599382355863858
-15.599592596688971
-15.599746081180518
-15.600051970372546
-15.600256817865688
-15.600493083678415
-15.600774171552406
-15.601000260803463
-15.60111347919553
-15.601504579138142
-15.601646882287083
-15.601887659060631
-15.602040751600635
-15.602345138648232
-15.602523010363125
-15.602726859070627
-15.603060860466295
-15.60321202106464
-15.603729201325082
-15.603956807396981
-15.604367944430505
-15.604791864507208
-15.605281165577033
-15.605646272391873
-15.606025833416854
-15.606287431898233
-15.606568522910306
-15.606978285647562
-15.607233463095824
-15.60764832655141
-15.607925161283383
-15.608182671090056
-15.608526210007778
-15.608836667889062
-15.609180457013384
-15.609497848639734
-15.609843925180316
-15.610131080709449
-15.61050231400588
-15.610938087892588
-15.611270693733747
-15.611581989180756
-15.611959981980268
-15.612229638797785
-15.612531247607622
-15.612782273309284
-15.613024579181666
-15.61327726190036
-15.613540666330683
-15.613832166138149
-15.614078462130559
-15.614285437591905
-15.614616166485185
-15.614823093508337
-15.615072696008879
-15.615385938271583
-15.61561126470893
-15.615808395849081
-15.616265131962347
-15.616402965899228
-15.616658681625456
-15.616753903140381
-15.617035960383326
-15.61718432951247
-15.617360928668035
-15.617665794365717
-15.617905855765027
-15.618319988175555
-15.618607308215335
-15.618871981356383
-15.619083325956211
-15.619295474151086
-15.6196142658479
-15.619766389825692
-15.619939907943099
-15.620185683252657
-15.620335338517094
-15.620471983510091
-15.62071690819886
-15.6208496146664
-15.620969607246746
-15.621260232396773
-15.621417457867219
-15.62166550599138
-15.621841936511062
-15.622106271067812
-15.622235056411924
-15.622422258628955
-15.622524687157526
-15.622659514204283
-15.622776103988208
-15.622881234406748
-15.622977338988193
-15.623073780342743
-15.623199287818936
-15.623292015278302
-15.623420974812067
-15.623554543213027
-15.623666142564229
-15.623742567792549
-15.623856973051993
-15.623931237358596
-15.624017895945348
-15.624114281923505
-15.624175321652341
-15.6242936670522
-15.624411323863292
-15.624489009170134
-15.62461597427784
-15.624720175612607
-15.624844198941888
-15.62499457311216
-15.625079694518615
-15.62522664276474
-15.625348258257027
-15.625476051429015
-15.625644628379654
-15.625755831395415
-15.625886716087976
-15.62608047183206
-15.626199160747916
-15.626308428225052
-15.626484590874
-15.626609154553607
-15.62678358302122
-15.626920592256589
-15.627032476674648
-15.62720325295872
-15.627360448808679
-15.62755104204228
-15.627812309137198
-15.627984480761304
-15.628202735852756
-15.628427820566731
-15.628573659945147
-15.628762174685011
-15.628911478320006
-15.62909012132206
-15.629229015423647
-15.629366359292533
-15.629526258882311
-15.629740294720143
-15.629879314374904
-15.630067845526616
-15.630215526157048
-15.630397966553032
-15.630549779185682
-15.630708691292838
-15.630881680331317
-15.631093743908743
-15.631238679070664
-15.631369460087814
-15.631471230265488
-15.631597492754546
-15.63173805905867
-15.631857164686526
-15.632023496840839
-15.632172303516619
-15.63230143367047
-15.63247953783241
-15.632631171599602
-15.632760038458795
-15.632896315704683
-15.632990590808985
-15.633122290465545
-15.633230625077406
-15.633349311424185
-15.63344061787447
-15.633569126616116
-15.633615480492576
-15.63378189983239
-15.633857794636063
-15.633950502040827
-15.634086170612672
-15.63411917892381
-15.634357676181338
-15.634427256631046
-15.634525722759845
-15.634642862311285
-15.63479163539646
-15.63491230508784
-15.635039892428345
-15.635136946288839
-15.635265827874726
-15.635406778098119
-15.635556122870408
-15.635644575209499
-15.63582220573246
-15.63585427041997
-15.636015549604354
-15.63609860031214
-15.636198767046258
-15.636333303716697
-15.636395783844973
-15.63651194423105
-15.636592944231511
-15.63670466930001
-15.636789714967936
-15.636867314011504
-15.637000922084985
-15.637081870649642
-15.637199213377675
-15.637273553587587
-15.637361309692572
-15.637477186904386
-15.637594346459688
-15.637703104420732
-15.637878594283318
-15.637974710908615
-15.638119770373686
-15.638272974605067
-15.638471974870495
-15.638663791011808
-15.63883082042761
-15.638981546851081
-15.63911584542193
-15.63929013298686
-15.639392557466621
-15.639468845422154
-15.639616047938429
-15.639691691785824
-15.639794635177934
-15.639906065035081
-15.640014830363636
-15.640079782264989
-15.640212842857723
-15.640259769251994
-15.640349705949527
-15.64040704387361
-15.640481111914434
-15.64058618106344
-15.640637463259598
-15.640740937524852
-15.640807491933383
-15.640879557186432
-15.640937583488448
-15.640986732931282
-15.641087765946235
-15.641133620045526
-15.641183491932695
-15.641295415011747
-15.641370332210034
-15.641430536227901
-15.641618317700628
-15.641673304295784
-15.641757691302278
-15.64186295400339
-15.641965873230564
-15.642035374501262
-15.64210925772045
-15.642172781065833
-15.642266658283766
-15.642329951819612
-15.642409196867497
-15.642474568030401
-15.64255342661647
-15.642609306876022
-15.642713345232547
-15.642775654059392
-15.642838774966194
-15.642931645866012
-15.642989755937172
-15.64309957027592
-15.643175348461114
-15.643252680322071
-15.643330597369212
-15.643400283757401
-15.643511584473364
-15.643582426002578
-15.643683262672571
-15.643760281359214
-15.643835089670096
-15.643925899768803
-15.644026812633049
-15.64408963851652
-15.644168318500537
-15.644238171378971
-15.644318525020925
-15.644409332222704
-15.6444748481178
-15.644582949686585
-15.64467414686144
-15.6447444197768
-15.644819259596401
-15.644881289601413
-15.644951324351162
-15.645028302736915
-15.645080649398686
-15.645157435327876
-15.645216686565343
-15.64526593401674
-15.645328760816456
-15.645377868375885
-15.645433209509196
-15.645500499335116
-15.6455559365431
-15.645636537636339
-15.645721618861224
-15.645795093569143
-15.645851404353776
-15.645911599753843
-15.645959306063965
-15.646009256023369
-15.646056685927803
-15.646104687639328
-15.646152191264992
-15.64619921258348
-15.646259173533192
-15.646316433055912
-15.646371046845873
-15.646445917586046
-15.646486605483373
-15.646532678740076
-15.64658122066546
-15.646609045886038
-15.646665447335117
-15.646700253769573
-15.646740523476716
-15.64678069842433
-15.646818632432662
-15.64684962550939
-15.64690979904934
-15.646938443599971
-15.646981980359339
-15.647036380067293
-15.647104019610937
-15.647171458416238
-15.647226035981856
-15.647278968023423
-15.647319041295377
-15.647379430864138
-15.647397915813388
-15.647445914822017
-15.647478292839974
-15.647509664801587
-15.647555286081488
-15.647580268027943
-15.647627047589934
-15.647660607182077
-15.647700001430914
-15.647735469727222
-15.647763329605269
-15.647807971568902
-15.647838039166336
-15.647875691292642
-15.647919133416089
-15.647949400605327
-15.647972075325713
-15.648017538904815
-15.648032873639334
-15.648060205126807
-15.648082051459678
-15.648117821607535
-15.648141568493017
-15.648163102223211
-15.648194512728047
-15.64822805777158
-15.64825525577813
-15.648290871056002
-15.648316857933223
-15.648349280387492
-15.648388388740097
-15.648425497333674
-15.648444565361466
-15.648487031951934
-15.64851286087298
-15.648534968498394
-15.648565899861163
-15.648593079158786
-15.648628832385498
-15.648672765033663
-15.6486964036844
-15.648727422072348
-15.648748886615257
-15.648774456752486
-15.648804427451838
-15.64881900536519
-15.64883293500274
-15.648879892837678
-15.64889329333483
-15.648921055432798
-15.64894953034279
-15.648984166728628
-15.649008663588194
-15.64903190666377
-15.649055087088929
-15.649084187209926
-15.64911475703228
-15.64914505280361
-15.649175155259698
-15.649203587606872
-15.649242848881734
-15.64926730383178
-15.64929207702424
-15.649332540634356
-15.649357341868726
-15.649378065787563
-15.649420600341184
-15.649446783690296
-15.6494669268956
-15.649527745265448
-15.649551075896301
-15.649590611981276
-15.649625389672885
