500 iters for seed 54 on ER0.3 which is in the 92.96951293945312 percentile
 Maxcut: 32.0, MedianCut: 22.0
-21.498634041214345
-21.51580225457875
-21.595831403547898
-21.663728552936345
-21.77820580943026
-21.83664056670626
-21.884343997660473
-21.892009502051685
-21.938071271534582
-21.9582375983912
-21.982407122259815
-21.998365385883275
-22.01780899724853
-22.031310202626674
-22.042594966883634
-22.057393813228792
-22.068326592308864
-22.079204951530315
-22.0861375081301
-22.093367022997278
-22.098175763572637
-22.1037967241427
-22.108201723472696
-22.11269728830954
-22.11670461589147
-22.12280180512009
-22.128220521644458
-22.13298177176776
-22.138794924997214
-22.14296881509903
-22.148642088027792
-22.151920140980934
-22.154889102195202
-22.157559019402008
-22.161567294124882
-22.16472728148635
-22.16777393412009
-22.170117864859755
-22.17335302024764
-22.17575537754319
-22.17762312908335
-22.179738962341
-22.181019815222946
-22.18275337353304
-22.18432739179946
-22.185660354203506
-22.18729897393741
-22.18901024410652
-22.190404947036917
-22.191652800998472
-22.193099474749193
-22.1943142823158
-22.1956835937664
-22.196747753080153
-22.197581124790236
-22.19854735534589
-22.199230640096644
-22.1997350088409
-22.200303464083746
-22.20086769969269
-22.201411249844668
-22.201871111809275
-22.202351083207667
-22.202917466885012
-22.203613388712068
-22.2041745143479
-22.204652738727045
-22.20502302684808
-22.20547531371509
-22.20585148773267
-22.206207587711297
-22.20650106923339
-22.206828208101477
-22.207180685048808
-22.207479316487376
-22.207761718584635
-22.208073842628085
-22.208418254945144
-22.20876116763181
-22.209171515313333
-22.20951387371551
-22.209864640052245
-22.21023982475038
-22.21051810507482
-22.210969250092116
-22.211383116812875
-22.211835987982827
-22.212226829689087
-22.212691927072456
-22.21318310312217
-22.213658425111575
-22.214162407887798
-22.214676951322772
-22.215351125779218
-22.21599895791927
-22.21670483716929
-22.217410906876218
-22.21822195736227
-22.219017761661853
-22.219790254642856
-22.220555094425972
-22.221298362222818
-22.221965413491
-22.222526551611875
-22.223075122236224
-22.223536291910378
-22.223887912661635
-22.224229967383234
-22.224595359063567
-22.22492261601885
-22.225255780915155
-22.225589807101123
-22.225955904355928
-22.22635785850469
-22.226746457036796
-22.22711129067629
-22.227467269130077
-22.227805375809965
-22.22812171935172
-22.228533365417306
-22.228938763678755
-22.229352605119256
-22.229990030507626
-22.230328379893653
-22.23071293721543
-22.231319316276284
-22.231693175784972
-22.232240559725476
-22.232822903828627
-22.233125025802927
-22.233512382971348
-22.23393016467976
-22.23434928542364
-22.23468074267885
-22.235057012585692
-22.235423753856935
-22.235771520014175
-22.236090230462224
-22.23640934490602
-22.236749353853188
-22.23708071128613
-22.23740355558092
-22.237669546467068
-22.23800708629857
-22.2382660976675
-22.238503600627816
-22.238761237215957
-22.239005036324976
-22.239221403938267
-22.23945132773097
-22.23967200096343
-22.239894475142012
-22.240053355001802
-22.240178652642207
-22.240362513421722
-22.24051711181793
-22.24065313271728
-22.240776057583897
-22.24091172483748
-22.24101921546675
-22.24121712665552
-22.241311727497546
-22.241466520431327
-22.241600714393176
-22.24177917919137
-22.24192408660205
-22.242074568631615
-22.242348674331293
-22.242583253199317
-22.242818112118528
-22.243024932687987
-22.243175596349065
-22.24340411540991
-22.243588972096067
-22.24378136326277
-22.243912882573156
-22.244099118180948
-22.24426968454118
-22.24442226268806
-22.244659047390456
-22.244838216839923
-22.245066553951467
-22.24541099511096
-22.245600967396392
-22.24579145669358
-22.24610336512361
-22.246301444612484
-22.246591860295695
-22.247015301093246
-22.24740764471525
-22.247694864914443
-22.248122671800942
-22.248369609177235
-22.248650100278763
-22.248900368764012
-22.24909990303773
-22.249353443892435
-22.249761810634837
-22.249983061266597
-22.25028887970511
-22.250642537697633
-22.251049766977115
-22.25141292025938
-22.25175364611505
-22.252083717128684
-22.252372484932806
-22.25265211238635
-22.252860556238687
-22.25304989704037
-22.253307892430755
-22.253583416528624
-22.253751341744298
-22.253947503823056
-22.25411461806213
-22.254295286374653
-22.254476404491456
-22.254590167446757
-22.254765185684047
-22.25491997493926
-22.25510351879797
-22.25525606619921
-22.255432522145405
-22.25559324106859
-22.25579941882849
-22.255942775484737
-22.256077704360074
-22.25612416054406
-22.25635077372072
-22.256419330610957
-22.256503864627994
-22.256627386214596
-22.256693120581666
-22.25681466693718
-22.256895732643773
-22.256998850465916
-22.25706390254097
-22.25713348992399
-22.25722886143687
-22.257299800946434
-22.257402091148087
-22.257511056220324
-22.257580405503717
-22.257673359983862
-22.25773097629048
-22.2578178242369
-22.257867875593718
-22.257926537066044
-22.258026697399924
-22.258062977496383
-22.258159743125915
-22.25819697245822
-22.258259547566663
-22.258301240260803
-22.25838252423508
-22.25842914621853
-22.258479612745674
-22.258563039184164
-22.258647180716192
-22.25871564210886
-22.25880585569346
-22.25888075527304
-22.25900496027551
-22.259112621584016
-22.259211209646754
-22.259282229811653
-22.259361539644694
-22.25942745924544
-22.259501181308035
-22.25956768879343
-22.259628898266275
-22.259679398838234
-22.259771093528663
-22.259811447897484
-22.25986944098274
-22.259943312235432
-22.260023824093462
-22.260091653447653
-22.260162187612902
-22.260225119614596
-22.260291544293366
-22.260365585562717
-22.26042423657983
-22.26047348310152
-22.26055689721137
-22.26060195057486
-22.260652901940254
-22.26074001697836
-22.26077617252633
-22.260818799250536
-22.260892441298893
-22.260933860160605
-22.260982459947044
-22.26107313727353
-22.261108538393703
-22.26114619486023
-22.261206704397487
-22.26125002662125
-22.261333989540077
-22.261373165204066
-22.261402599199016
-22.26143003773448
-22.2614596484437
-22.26149674503405
-22.261531341390906
-22.261554617411186
-22.261585483150792
-22.261621060489375
-22.261662662545902
-22.26169953722386
-22.26172775731377
-22.261751752998972
-22.261788284215935
-22.261810315972184
-22.26183251378655
-22.261854132758888
-22.26187267200062
-22.26188897327241
-22.26192072889171
-22.261936995312844
-22.261960469360293
-22.261970194026546
-22.26200190090568
-22.26201796361823
-22.26203518646141
-22.262060392827323
-22.262078228670255
-22.262096936053908
-22.262110068914584
-22.262127486760722
-22.262141513046636
-22.26215938716994
-22.26217416094613
-22.262187639254797
-22.26220824078258
-22.262223724948647
-22.262233840486118
-22.262246857029943
-22.262260213196914
-22.262280853800917
-22.262299280028707
-22.26231665086943
-22.2623317869166
-22.26234650519109
-22.26236186078696
-22.262375998099166
-22.26239263827419
-22.262412057191163
-22.262431324477486
-22.262451359033125
-22.262469007978034
-22.2624879390272
-22.262502542447077
-22.262516347154666
-22.262532490087235
-22.262543598721127
-22.262557311314072
-22.262565908245723
-22.262576428762042
-22.262589029966954
-22.262604073690177
-22.2626130416982
-22.262624242315866
-22.2626349847737
-22.26264952503469
-22.26267362887051
-22.26268781774283
-22.262706982523788
-22.26272630018872
-22.262738703562302
-22.262765727979055
-22.262777514277122
-22.26279908576432
-22.26281252569485
-22.262824078661332
-22.26284638037707
-22.26285578162422
-22.26287375910181
-22.262887591122823
-22.26290013193506
-22.262911977048635
-22.262921550321728
-22.262933893958557
-22.26294173799439
-22.262948368858254
-22.262958432706448
-22.262965847484445
-22.262980762406652
-22.26299423735442
-22.263008002118482
-22.263021570062122
-22.26303707755649
-22.263056566232102
-22.263077093675687
-22.263093703922483
-22.263109537354534
-22.263127864560683
-22.263153395939597
-22.263175978607425
-22.263208028640936
-22.263245492395548
-22.26328439235706
-22.26333844045574
-22.26340877980925
-22.26349444090315
-22.263580940940685
-22.263665406433773
-22.263703449477987
-22.263847256975833
-22.263966113636005
-22.264053968288295
-22.264177940118252
-22.264276661585438
-22.264411860904247
-22.264581827144802
-22.264662801327482
-22.264873154645223
-22.26503516219742
-22.265181585232256
-22.26530674599249
-22.265453693969324
-22.265556653765252
-22.265693045859145
-22.26580000382819
-22.265986927527763
-22.266079043162186
-22.26619372486552
-22.266297806525266
-22.26642533772506
-22.266515224819567
-22.266600443928084
-22.266692262327958
-22.266807170767457
-22.266886638814427
-22.266980407242883
-22.267046819186262
-22.267130238656243
-22.26720675017604
-22.2672725226764
-22.267428075520307
-22.267509580253073
-22.267613539364525
-22.267702820088292
-22.267773408499426
-22.267849952653645
-22.267922318866976
-22.267989046796465
-22.268050512130724
-22.268114548285894
-22.26819989042459
-22.26826165241606
-22.26830887992907
-22.26838238857014
-22.268436044602176
-22.26851702336935
-22.268564804808815
-22.268613725272928
-22.268654051600386
-22.26870039701468
-22.268739497477178
-22.268795705611552
-22.268827170525835
-22.268868417293447
-22.268913834700673
-22.268965182167555
-22.268993254649644
-22.269022744876064
-22.269048756742738
-22.269076985123128
-22.269122393706184
-22.269147851984062
-22.269175942482626
-22.269224534140058
-22.2692435695438
-22.269265334708876
-22.269301477652974
-22.26931418712313
-22.26932808114866
-22.269346305547337
-22.269358469976865
-22.26938476836133
-22.269399315506707
-22.2694132465829
-22.269426495684947
-22.269442746331706
-22.269467169218125
-22.269488774081164
-22.26951148075397
-22.26953126508984
-22.269553659153082
-22.269580758617472
-22.269606411410088
-22.269638260994185
-22.269667340453424
-22.2696969721153
-22.2697315602966
-22.26975477819591
-22.269772809672762
-22.269797020418906
-22.269812883494676
-22.26983612196105
