500 iters for seed 134 on ER0.3 which is in the 62.357330322265625 percentile
 Maxcut: 29.0, MedianCut: 18.0
-18.01539852611863
-18.038555523927823
-18.169430809535374
-18.232836425743606
-18.24851785876904
-18.312447628868078
-18.352144256783355
-18.388695910294064
-18.41435403184312
-18.43424868549775
-18.459762052738473
-18.47546274217597
-18.491033409529905
-18.501720323246033
-18.512134022467325
-18.51786095739117
-18.52297440934422
-18.528496134282207
-18.534488181320107
-18.54012943112629
-18.54685631217898
-18.553352495107397
-18.559856244607513
-18.564275072131135
-18.568144427465512
-18.57185261104165
-18.574827260098274
-18.577746579975575
-18.581477462338185
-18.58351666540078
-18.58601620348717
-18.588866985552393
-18.590802553646355
-18.59303486380837
-18.595132160993234
-18.597170385013186
-18.599224585749376
-18.601876278996183
-18.604368545172896
-18.606981470814734
-18.6100017225126
-18.61178378696332
-18.614496076901453
-18.616662647143592
-18.61893830883147
-18.621472324199303
-18.623622256155308
-18.62584027666849
-18.62839220889321
-18.630745063012135
-18.633479713075776
-18.63600479672307
-18.638428789869458
-18.640820202555798
-18.64320701779173
-18.64486109955762
-18.646321333233267
-18.647558023023073
-18.64869655459893
-18.649686525564157
-18.650730270119446
-18.65183673649631
-18.65285619253406
-18.6537769747583
-18.654857419461116
-18.655907486556092
-18.657015633037418
-18.65791570904522
-18.658989050650426
-18.660060766080257
-18.661652468717264
-18.662618760385936
-18.663999043067463
-18.66501310433916
-18.66632309170691
-18.667104809538472
-18.66794599247337
-18.6687888866543
-18.669411698237763
-18.66984928684968
-18.670464934253054
-18.671052642309142
-18.671488367491
-18.671931441152736
-18.672478280020346
-18.672985250079453
-18.673374382612014
-18.673838446698998
-18.674211930221745
-18.67463577200087
-18.675053401379188
-18.675330796942006
-18.675635647618428
-18.67614935521406
-18.676449137290444
-18.676773551022194
-18.677254127209096
-18.67757470664875
-18.678063530795136
-18.678420934737062
-18.678706614727794
-18.67901899681973
-18.679266146079623
-18.679520944802892
-18.67981812246289
-18.680024168879886
-18.680282116656382
-18.68063802218206
-18.680843809465987
-18.681062892263988
-18.681333661449173
-18.681526712953886
-18.68173030708342
-18.681989115168587
-18.682168992560598
-18.682367033255503
-18.68258702548528
-18.68277484178385
-18.682884302208205
-18.683170513978567
-18.68329011745619
-18.68346452685816
-18.683529795611154
-18.683754305775825
-18.68384704581407
-18.683943400784557
-18.684094474462995
-18.684208357075214
-18.684369758420583
-18.684487079134804
-18.68464969097515
-18.684737247518918
-18.68485783437174
-18.68496757460198
-18.685062884299697
-18.685167567575245
-18.68527592609031
-18.68539957162433
-18.685495126482504
-18.68561971475906
-18.68574297145684
-18.685837779089074
-18.686023191424354
-18.68613902613695
-18.686241682197398
-18.686367415980158
-18.686475042025982
-18.68660142948266
-18.686786061852665
-18.68687363109153
-18.687045112796895
-18.68716060659849
-18.68736592310758
-18.687504584219933
-18.68763679334353
-18.687759443024632
-18.6879602391502
-18.6880731181971
-18.6881971081998
-18.688319690439467
-18.68847883640961
-18.688566326987555
-18.688664870284587
-18.688792316654716
-18.688937671630423
-18.689054225635058
-18.689192589034946
-18.689278052978807
-18.689381474347947
-18.689562398781593
-18.68963570055688
-18.68970501693266
-18.689851679544105
-18.68992859459343
-18.690018818714897
-18.69014352662481
-18.690268700495206
-18.690318373476963
-18.690453123601053
-18.69049667152011
-18.690570979696375
-18.69062848519718
-18.69070539499124
-18.690818785879245
-18.690876076346708
-18.69100478071861
-18.691114126208458
-18.69120604276148
-18.69129195838832
-18.691349762668782
-18.69143980006637
-18.691521814575236
-18.691615112808762
-18.69167938315197
-18.69174133509165
-18.69179962234013
-18.69186259552537
-18.691950192414183
-18.69200588119821
-18.6921229421027
-18.692156352566073
-18.692264201064187
-18.692329696167345
-18.692415615994904
-18.692556710758016
-18.692648967609934
-18.692804923253874
-18.692933613368705
-18.693063881403916
-18.69318962519842
-18.693328889601304
-18.693509420571935
-18.69365248338154
-18.693797001294456
-18.69399068222402
-18.69413711915038
-18.694332565904098
-18.694483586160345
-18.694626351783608
-18.694802386590453
-18.694996514813642
-18.695126258541887
-18.69526732742046
-18.695396816680113
-18.695552546513333
-18.695770616632302
-18.695907863724806
-18.696013278287367
-18.696227210398494
-18.696323421971236
-18.696435164283766
-18.696646562613985
-18.696761426472243
-18.696790413500466
-18.697102693846016
-18.69717218773259
-18.697310009490185
-18.697371105581016
-18.697504211121924
-18.69758820320949
-18.69766840372369
-18.697809462206447
-18.697889615619296
-18.698027245946534
-18.698109739622826
-18.698196438640043
-18.698277661459162
-18.698363080517602
-18.698489491297085
-18.69857414773754
-18.698638695060303
-18.698761378489348
-18.698836543310133
-18.69893975826523
-18.6990486825041
-18.699163497345783
-18.699214299518815
-18.699349555353216
-18.699404658915935
-18.699476958565008
-18.69956016616555
-18.69961840701619
-18.699687344429975
-18.699760916848703
-18.699832139501204
-18.69987729087249
-18.699983074578913
-18.70002957121106
-18.700080018378507
-18.70013584654624
-18.700197856895105
-18.70023629231178
-18.70028724858966
-18.70030335963745
-18.70036121068489
-18.70039605563591
-18.700429982770306
-18.70048508868771
-18.70051339522975
-18.70056543732235
-18.7006007878606
-18.70065796184613
-18.700691129412476
-18.70074780858837
-18.700785240781116
-18.700816567691867
-18.7008499438804
-18.700886527392818
-18.700932360642778
-18.70096273524786
-18.7010015044865
-18.70104237870765
-18.701083117589082
-18.70111725110071
-18.70116690991219
-18.701213103075265
-18.701237878100997
-18.701279591441807
-18.701310967233425
-18.701336549697558
-18.701376910531234
-18.701398724918082
-18.701425634025885
-18.701478017308794
-18.701495870608017
-18.701517499171544
-18.70157035407935
-18.701597578113933
-18.7016373150301
-18.70166710184501
-18.701705528677564
-18.70172674815782
-18.701760960351052
-18.701772870973024
-18.70181195431003
-18.70183184377885
-18.70185492144671
-18.701891104848272
-18.701909093571608
-18.70194558913738
-18.701968442598883
-18.701991187060315
-18.702011535982805
-18.702027126232323
-18.702054034563247
-18.702068560816215
-18.702088371264743
-18.702110680885394
-18.7021280006398
-18.702165671018996
-18.70218629454292
-18.702214520049363
-18.70223058711429
-18.702255095592122
-18.70229686474638
-18.702334353807085
-18.70236641722525
-18.70240671281354
-18.70243372794829
-18.702488321766435
-18.702513798441615
-18.70256374853142
-18.702600483271567
-18.702641494070118
-18.70270501958214
-18.70274549810695
-18.70281462546034
-18.702868627360075
-18.702921261795826
-18.70297650037687
-18.70308133767769
-18.703092303402222
-18.703183536558285
-18.703219862364556
-18.703283439520618
-18.703363727797292
-18.70341729441911
-18.703505779728033
-18.703557666401714
-18.70362580747217
-18.70371397088489
-18.703836743741256
-18.70392364466095
-18.704026932274587
-18.704189965716314
-18.7043235677113
-18.70448190578547
-18.704594661724755
-18.70474482700519
-18.70485685173194
-18.70505111897366
-18.70513869653729
-18.705228231990002
-18.705384020927184
-18.70546862341114
-18.70560068222355
-18.705698008489453
-18.70579612933447
-18.70589651775446
-18.705997197045015
-18.706101248309313
-18.706196835706145
-18.706256909100688
-18.706366540530194
-18.706393100561222
-18.70649111723115
-18.70654786545201
-18.70659833781266
-18.706671325003345
-18.706725657161208
-18.70681504077046
-18.70686434027669
-18.70691907808903
-18.706967454487135
-18.70702016767477
-18.707082364325718
-18.707118655005086
-18.70714612727728
-18.707205552938824
-18.707229479532135
-18.70725633061855
-18.70729052673679
-18.70731711900681
-18.707362329385933
-18.707414141319923
-18.70744283519749
-18.70748587526331
-18.707515820055846
-18.70755399819696
-18.707597096860805
-18.707627446646455
-18.707642539619748
-18.707699738002923
-18.707716399719207
-18.70774734439695
-18.707794412240037
-18.707823902750768
-18.707866504723427
-18.707889461510796
-18.707921384387163
-18.707970583021968
-18.708019831215182
-18.708050431200224
-18.70809301504045
-18.708120238293006
-18.7081553829417
-18.70821343427454
-18.708242232663764
-18.708299964770596
-18.708348142148793
-18.708395618054965
-18.708460244690304
-18.708494538638003
-18.708527547345852
-18.70857578070756
-18.708612558309298
-18.708671285129086
-18.708752508153047
-18.70878618577151
-18.708843466549336
-18.708885397433562
-18.708943541069072
-18.709000923264785
-18.70903210674258
-18.709108987610907
-18.709146813039006
-18.709198293556838
-18.70926366894541
-18.70931676261806
-18.709380291454227
-18.709452670308757
-18.70951313796286
-18.70957989277549
-18.70962487002136
-18.709682875706385
-18.70971400418999
-18.709749816777318
-18.709789761210295
-18.709827488301595
-18.709874608362032
-18.709930509303277
-18.70994783017101
-18.70999628106497
-18.710016220035577
-18.71004832635735
-18.71009690041185
-18.710127969125928
-18.710191624497476
-18.71022074125672
-18.71025829431914
-18.710285261297606
-18.710338164130548
-18.710370220285977
-18.710399138520316
-18.710443569246717
-18.71049372760582
-18.710524398066795
-18.71056194405987
-18.710589423073152
-18.710614869788003
-18.71065790200134
-18.710683516566977
-18.71072929657581
-18.710752532811714
-18.710782367893643
-18.71080661459324
-18.710832111873533
-18.710867081314582
-18.71090243754755
-18.710925315588547
-18.710957488494174
-18.710980032735204
-18.711002558271993
-18.71103406461238
-18.711051402785856
-18.711067696336116
-18.711116250350035
-18.71113622422999
-18.711153197975612
-18.711199716099408
