500 iters for seed 72 on ER0.3 which is in the 41.117095947265625 percentile
 Maxcut: 29.0, MedianCut: 19.0
-18.63859146647537
-18.749568350266017
-18.80141108841945
-18.84201541115548
-18.878848649308445
-18.909849099127264
-18.936485716964043
-18.957655338653524
-18.976729360643983
-18.990127270287196
-19.003776392769602
-19.013519680299247
-19.02144059918379
-19.03091072409604
-19.038525374311657
-19.045717239375236
-19.0511772591766
-19.0559564714876
-19.060627382686594
-19.06521369171314
-19.070987914501988
-19.076415090900703
-19.082287996558932
-19.087864535128013
-19.091583302492467
-19.095258084724026
-19.097689807198876
-19.10093303231956
-19.10209969490384
-19.1062147255067
-19.107803936778495
-19.10906862097426
-19.110617841551424
-19.11178594857318
-19.112928570954814
-19.114192661489454
-19.115085635320746
-19.11672499500589
-19.118290613063227
-19.119550359593
-19.120971328512148
-19.122229176714225
-19.123802011905955
-19.12571342000465
-19.127076124903866
-19.128627822481562
-19.130235093917157
-19.131475752987015
-19.133012337652506
-19.134776296163587
-19.135843602662188
-19.137213225178254
-19.138080119605718
-19.139233294241187
-19.140144178035026
-19.1411919736882
-19.142252646365442
-19.144084988409972
-19.145170186403163
-19.14644707518518
-19.147501297408752
-19.148778482152956
-19.149887790281248
-19.15101622327119
-19.151815338047932
-19.153593139261783
-19.154365271258385
-19.155326305344154
-19.156632573456744
-19.15722755127113
-19.158600729980602
-19.159180274556803
-19.16014958896573
-19.16121300593048
-19.16209149094315
-19.162783340009586
-19.163531741929145
-19.164068821726186
-19.164615109730143
-19.165311903724508
-19.16580091693069
-19.166516611465937
-19.166882720513435
-19.16733886656961
-19.167672361856276
-19.168066337583078
-19.168649175934977
-19.169176988634234
-19.169569753054265
-19.17009604556239
-19.170536465770628
-19.171104668376994
-19.17175627584575
-19.172130451709954
-19.172455302493432
-19.1730086500804
-19.173327842886003
-19.17367727038788
-19.17414011183836
-19.17442971808931
-19.174816351139576
-19.175266265740365
-19.17560669681999
-19.175935203830107
-19.176381814224797
-19.176838707844826
-19.17707412357874
-19.17788363995239
-19.1782627069721
-19.178964375517552
-19.179609110486737
-19.1803655350844
-19.180906273057772
-19.18145877027427
-19.18200305228725
-19.18264103441812
-19.183353992608048
-19.18394706242151
-19.184721235779623
-19.18541909686635
-19.185992646096746
-19.18658308042349
-19.187411610420074
-19.18813953360175
-19.188652784444358
-19.189395062847346
-19.189815309044587
-19.190425603445753
-19.191161505955428
-19.19159271872615
-19.19240923723524
-19.193089596668386
-19.193489589917075
-19.19386070459336
-19.19428839478228
-19.19467927538409
-19.19500185719734
-19.195287326079058
-19.195581429785783
-19.195869962165695
-19.19615602525705
-19.196347964338113
-19.19657466278727
-19.196839617335748
-19.197074203915292
-19.19740019931085
-19.197620451374867
-19.197844144774535
-19.198194063594688
-19.19844783187693
-19.198791918799344
-19.199079778744093
-19.199340817911033
-19.199598058430627
-19.199902141407858
-19.200084509361304
-19.200279436031018
-19.20043187950145
-19.200588547033554
-19.20080977335525
-19.20089840621074
-19.20117800671565
-19.20125953420142
-19.201406561623507
-19.201604993336975
-19.20179097027217
-19.2019479169199
-19.202105528558167
-19.20225252159689
-19.202426687113
-19.202598017307906
-19.202700199007996
-19.202824620950953
-19.202985882463377
-19.203127521289858
-19.20322537104361
-19.20330946954634
-19.20344114397195
-19.203561219804005
-19.203650504536327
-19.203742554260373
-19.203834701719508
-19.203958825109606
-19.204048004196984
-19.20412966646287
-19.204214276477494
-19.204284628036724
-19.2043597400378
-19.204426780456995
-19.204487909178447
-19.204538743911506
-19.20466944280094
-19.20471301083581
-19.204788541057482
-19.204884262871733
-19.204955803513652
-19.205030851846875
-19.20507491351441
-19.20512950142215
-19.205149098114553
-19.205254629102207
-19.205289093197017
-19.205333933691676
-19.205387507216123
-19.205445888440387
-19.20548767884609
-19.205537464775063
-19.205575331940786
-19.205605136168515
-19.205660559522446
-19.205693221171284
-19.205718995634363
-19.205795284898464
-19.205830478032134
-19.20586985876738
-19.20591854830839
-19.20593861430391
-19.205959536574337
-19.20601359868355
-19.20603225829618
-19.206055188870614
-19.206098179320716
-19.206117780466457
-19.206147333547534
-19.20618407919405
-19.206213137765353
-19.206231787818332
-19.20626290916386
-19.20628375958708
-19.206312415206973
-19.206350201351217
-19.20637674809509
-19.206411274827023
-19.206443210323485
-19.206475738543986
-19.206511892261872
-19.206535985970916
-19.206574963998307
-19.206595114632577
-19.206625218899
-19.206679333836387
-19.20670853490727
-19.20674714465364
-19.206780289448005
-19.206807457768893
-19.206834740889946
-19.206860843053917
-19.206885309515382
-19.206907108757093
-19.206939755458375
-19.206965735392266
-19.20698528577521
-19.207011389690752
-19.20703406627181
-19.20706423211807
-19.207095598129825
-19.20712183480328
-19.207142153274063
-19.207170845102475
-19.207191377178777
-19.207213278190064
-19.207244587086507
-19.207266329615237
-19.20729910458941
-19.207327997754106
-19.207353380595904
-19.20738732269699
-19.207415850733184
-19.20744648931004
-19.207481124644694
-19.20751262079411
-19.207544190916046
-19.207584461349306
-19.20761408537876
-19.207646405861816
-19.207674020469348
-19.207702150932477
-19.207734563566323
-19.2077823714377
-19.207809082661697
-19.20784492205923
-19.207869025422763
-19.2079026175795
-19.207932479576964
-19.20795365182847
-19.20800055382937
-19.208030028023327
-19.208057341949075
-19.208089447474524
-19.208118307977898
-19.208154292511423
-19.208190610678002
-19.208217662358855
-19.20824549535033
-19.208286579453762
-19.20831683333853
-19.20833596244359
-19.208367992929663
-19.20839250687192
-19.208418536194955
-19.208438682672043
-19.208454607118203
-19.208477132151515
-19.208498522815066
-19.208530668998335
-19.208549735735588
-19.20857153197541
-19.208589844873867
-19.208616480772964
-19.208639095438084
-19.208663527700462
-19.208701889636988
-19.208738263515222
-19.208764759754594
-19.20880623578585
-19.208819288711275
-19.208848581294824
-19.208873222777573
-19.208890926581436
-19.208927475452157
-19.20894446572683
-19.20897603436744
-19.208997690377885
-19.209026829083975
-19.209049487553184
-19.209068922661224
-19.209096209802226
-19.20911451138074
-19.209139960520243
-19.20918356212061
-19.209215049339566
-19.20923871880479
-19.209281008222924
-19.20930882615492
-19.209341609521967
-19.209389140365168
-19.20941427398268
-19.209464613923863
-19.20952408759668
-19.209583828042852
-19.209630031327904
-19.209666079874783
-19.20972133991271
-19.209784023557972
-19.209834139225084
-19.209908032797983
-19.209981727847925
-19.21007595423638
-19.210157519359228
-19.210222832807013
-19.210327449866483
-19.21042855933225
-19.210516434676393
-19.21064549548782
-19.21076444969711
-19.210886424881213
-19.21101794958704
-19.211156155381328
-19.211256736229934
-19.21142264879593
-19.211537570143847
-19.211666022165943
-19.211875339204333
-19.211975359601066
-19.212109725615754
-19.212303571523456
-19.21242066818125
-19.212492096313053
-19.212709674432332
-19.212799228865208
-19.212925677880378
-19.213025278493234
-19.213181616650008
-19.213295788735078
-19.213394409998294
-19.213587416414526
-19.213676824023672
-19.213837704487034
-19.21396787392952
-19.214132362193325
-19.214275870026185
-19.214398534788533
-19.21454264952743
-19.21464248904915
-19.214718590449145
-19.21486369025685
-19.214946422569568
-19.215053124940802
-19.215180784777502
-19.215261377851753
-19.215326931364388
-19.215439700064653
-19.21550064506067
-19.21560299008222
-19.21570036686518
-19.215774281858806
-19.215881131524746
-19.215964589212643
-19.216039692441477
-19.21617944175379
-19.216239329545868
-19.21630895107075
-19.216452652693015
-19.216522756487066
-19.216576833626263
-19.216654838512323
-19.216682279186077
-19.216744488112614
-19.216773983773912
-19.216845465460917
-19.21688146348619
-19.21692268609009
-19.21698705592413
-19.217026977359183
-19.217092336132247
-19.217144724005788
-19.217207383308484
-19.217245713455974
-19.21729784245578
-19.217345776108317
-19.217385842034115
-19.217449343713938
-19.217515090627522
-19.217546511391586
-19.217589870672597
-19.217625900666647
-19.217665760882774
-19.217699221670934
-19.21772411925339
-19.217760598829567
-19.217780951812554
-19.217823451711933
-19.217843886294
-19.21786560316124
-19.21790615103824
-19.217930860071263
-19.217973995201692
-19.218003469202753
-19.218032808355794
-19.218061459346163
-19.218103183165425
-19.21814469381662
-19.218166919227357
-19.21820219663213
-19.218233522670104
-19.21825696788683
-19.21830129742758
-19.218321670428708
-19.218346988676018
-19.21838130078232
-19.218396640147684
-19.218427679138834
-19.218459190024046
-19.218473214550386
-19.218490065583755
-19.218512972593615
-19.218542194388377
-19.2185653294536
-19.21858552965095
-19.218608088282554
-19.21862509829836
-19.218641684536667
-19.218661950852066
-19.218681343600363
-19.21870783070569
-19.218734515712647
-19.21876105389682
-19.21877801735631
-19.218813422176623
-19.218837191578338
-19.218864014297544
-19.218900312080535
-19.218928309933457
-19.218957162284553
-19.21898964655119
-19.219011355897614
-19.219038799091557
-19.219069070326604
-19.219092516182847
-19.21912246168918
-19.219144107267624
-19.219168855704574
-19.21920527607799
-19.219224649443042
-19.219246223090455
-19.219293017269287
-19.21931384587635
-19.219338549743217
-19.219380383259278
-19.21940824785537
-19.21943036347659
-19.21947994813386
-19.219500503041296
-19.21952757241388
-19.219544119840062
-19.21956896454102
-19.219590957781392
-19.219606112990352
-19.219643254197727
-19.219662178734282
