500 iters for seed 150 on ER0.3 which is in the 84.20028686523438 percentile
 Maxcut: 30.0, MedianCut: 19.0
-19.00807606163324
-19.03802123041627
-19.12338432680155
-19.21074489788086
-19.236622305691764
-19.318627946563918
-19.337126917889258
-19.384724289918797
-19.407825619518317
-19.425684810740762
-19.447619890989053
-19.4684681400869
-19.48489962056867
-19.498812546128093
-19.511257544575432
-19.520936716526496
-19.528618871464857
-19.536926684574077
-19.54439696752969
-19.552368163030348
-19.560260232453558
-19.56725997802731
-19.573048605435012
-19.577953609176184
-19.58208994093699
-19.585633525034797
-19.5893473644714
-19.5930564963563
-19.596893350143386
-19.600159116087486
-19.60400157203796
-19.606279561794672
-19.60893190627521
-19.611287938620553
-19.614158194375833
-19.616656171589376
-19.619364289038153
-19.621765096698994
-19.624248858685302
-19.626035918219948
-19.627698687118087
-19.62901708254244
-19.63026047612005
-19.631365617033623
-19.632691634537288
-19.633990936594564
-19.635554235614578
-19.63734241510023
-19.638913984398307
-19.64072021203272
-19.64234753391957
-19.643827961350517
-19.64514855579069
-19.646524458741176
-19.647747907598802
-19.648899881243082
-19.64990841799853
-19.650793324255005
-19.65162023827819
-19.65235167360045
-19.6531099080635
-19.653828216701026
-19.654533051605323
-19.655271671949237
-19.656031842314498
-19.656761530419725
-19.657612006161155
-19.658637690940253
-19.65966442204652
-19.66063058870667
-19.661600512289127
-19.662411709160313
-19.66310929477744
-19.66386154033277
-19.664628430370307
-19.665538050157846
-19.666411302954238
-19.667329886995745
-19.668064722070042
-19.66886724018219
-19.6696053376308
-19.670352396125832
-19.671054110720878
-19.671931851213387
-19.672392416893096
-19.672970889832754
-19.673414388285664
-19.674006880861143
-19.674369471382565
-19.674734344300678
-19.675016510677278
-19.675398922242852
-19.67573795463762
-19.676019481739687
-19.676285299580222
-19.67651374826097
-19.676775901172817
-19.676972690176264
-19.67715204867897
-19.677413860294255
-19.677560100651476
-19.677677493717884
-19.677887584849096
-19.678006776552508
-19.678136995166756
-19.678369612028902
-19.67849563514901
-19.678587790637266
-19.678840718918316
-19.679001434020435
-19.679215430298253
-19.67953916651983
-19.67975055013401
-19.67995515718588
-19.680235833947776
-19.680484877257097
-19.68082634429654
-19.681159229647843
-19.681541618798818
-19.68192261405423
-19.682274571960814
-19.68266107351641
-19.682941707341236
-19.683218408055367
-19.683549556643733
-19.683836172653095
-19.68411028958891
-19.684359468185125
-19.6846154481074
-19.68486231307087
-19.685123964453805
-19.68534006222134
-19.68557928735099
-19.685881269856672
-19.686187610309553
-19.686405056166755
-19.68672801945698
-19.686893896980067
-19.687257295303002
-19.68746011173569
-19.6877055153087
-19.68812690386801
-19.688417401704356
-19.688757103602725
-19.689103214900506
-19.68943519737679
-19.689829216649848
-19.69023974935154
-19.690626174983436
-19.690946900175998
-19.691325215775887
-19.691731459906542
-19.69208053148417
-19.692357762836345
-19.692708986438635
-19.69298101214867
-19.69331519485157
-19.693743628552813
-19.693993634284684
-19.694201073221016
-19.694503291260627
-19.69469415323475
-19.694969253305203
-19.69521918388516
-19.695479971236878
-19.695691314378713
-19.69598083702703
-19.69620740855803
-19.696421432077397
-19.696698267264043
-19.696916471576998
-19.69710611481721
-19.697515470770078
-19.697673037600765
-19.69793955574901
-19.698255351202853
-19.69861561883554
-19.69893431363317
-19.699315503798807
-19.69961295524999
-19.699960788861567
-19.700503927995193
-19.700840744293828
-19.70123407160868
-19.701759340399725
-19.70207223553971
-19.702375434767262
-19.7028599861507
-19.703107298785994
-19.703473563662776
-19.703735113294755
-19.703921369387917
-19.704136053606188
-19.704296278906472
-19.70448049670352
-19.704632197778224
-19.704750646558352
-19.7048770119252
-19.705002967360933
-19.70511782050054
-19.705236894354883
-19.705388134953036
-19.705517134396267
-19.70562727220834
-19.70576185210651
-19.705863274667564
-19.705977652689946
-19.706149051193805
-19.70627127153792
-19.70644408481595
-19.706554807951434
-19.706674584338156
-19.70678105295997
-19.706918439548843
-19.707047191068852
-19.707235334334683
-19.707355564364043
-19.707486043446135
-19.707667414745842
-19.70780272233864
-19.70796893677469
-19.708110978213647
-19.708221888965465
-19.708380113577164
-19.70849169675353
-19.70863093355676
-19.708774901077664
-19.708937175665852
-19.709124458862007
-19.709294786603323
-19.70950251281513
-19.709693017040568
-19.709862555222454
-19.710012834983374
-19.710202045278052
-19.71037178235341
-19.71051111470026
-19.71067165555709
-19.71077150492972
-19.710886307496295
-19.711048354166877
-19.711132411427606
-19.71122626770756
-19.711348229417368
-19.711435604152623
-19.711510175893707
-19.71167557925293
-19.711730667182092
-19.71182560075203
-19.711872316049202
-19.711971274611038
-19.712030086491495
-19.712091514126485
-19.712214127573795
-19.712277720862645
-19.712383698182343
-19.71245888517489
-19.712553528870224
-19.712609536738956
-19.712692281571897
-19.712760383160845
-19.712823155101475
-19.712879763890214
-19.71298461037416
-19.713037061611843
-19.713096233853953
-19.713175257792756
-19.713264405007894
-19.713329030501026
-19.713428550611912
-19.713476304255966
-19.713549489543176
-19.71362924408321
-19.713682724499968
-19.71379370482206
-19.71387828462857
-19.71394940650803
-19.71401578318116
-19.71408378937008
-19.714139967166858
-19.714224028580922
-19.71426563591277
-19.71432243736312
-19.714359998118685
-19.71440121239518
-19.71444700580339
-19.71447760016273
-19.714528128858746
-19.714571475789498
-19.714609134211962
-19.714645176734088
-19.71467885960113
-19.71471584771586
-19.714742294209355
-19.714765367392694
-19.714795502721525
-19.714822832766906
-19.714850129295474
-19.714881275747096
-19.71489908538105
-19.71493203296518
-19.714948095994476
-19.714969788594825
-19.714999005655578
-19.715029953352193
-19.71505135417907
-19.715077626926224
-19.71509917804085
-19.715119378559788
-19.71514775147495
-19.715168964714522
-19.715183654509744
-19.715222834868907
-19.715235941914024
-19.71525629763676
-19.71528372240976
-19.715301406033724
-19.715346650721585
-19.71537637500668
-19.715414756718282
-19.715447826189845
-19.71548020779602
-19.7155160526215
-19.71555453284641
-19.715583660154984
-19.715606681088765
-19.715649009401666
-19.715679903919952
-19.715717064023732
-19.71575730341837
-19.715789545491425
-19.71582138468463
-19.715862769028725
-19.715898106155816
-19.715931216860586
-19.715961530800797
-19.715986604494116
-19.71602061159947
-19.716027571066874
-19.71607851382759
-19.716093013266388
-19.716114293450495
-19.71614107135517
-19.716170893542767
-19.7161962393846
-19.71623225763825
-19.716257841441788
-19.716287739444404
-19.71633134636066
-19.716354557087108
-19.71637428868005
-19.71642265803889
-19.716425869528756
-19.716449822663954
-19.716460981835947
-19.716481532084494
-19.71650327308356
-19.71651167075777
-19.71653799262291
-19.71654945769489
-19.71656566655855
-19.71658420458285
-19.716608561328293
-19.71662379573889
-19.716643398513636
-19.716658518351444
-19.716678773686994
-19.716700857829142
-19.71671526928384
-19.716745949960234
-19.716754411275055
-19.716781876618157
-19.716792240237254
-19.716811179354938
-19.716826060225323
-19.716851947733833
-19.71686876270449
-19.71688720470783
-19.71691981499332
-19.716930305988683
-19.716980862533006
-19.716998269139232
-19.717026672805865
-19.717064628127943
-19.717105204968213
-19.717134516844407
-19.71717052514613
-19.717198141133224
-19.71723321213881
-19.71726576854936
-19.71730498385979
-19.717326416043306
-19.717369937683547
-19.717397733539826
-19.717435872724426
-19.717470637125302
-19.717500084820916
-19.717553523134555
-19.717591873583956
-19.71763979506541
-19.71768026359962
-19.717722503694233
-19.717766624760728
-19.71781597636108
-19.717876647403564
-19.717916506198787
-19.717975550776412
-19.718049323744637
-19.718116132330344
-19.718171527388993
-19.718258049075825
-19.71832879106269
-19.718396747425402
-19.718480990398216
-19.718555636370198
-19.718637222285132
-19.718738816064224
-19.71883160072061
-19.718888818247343
-19.719005807939574
-19.719053016568388
-19.719094657495216
-19.71917688828799
-19.71922497610964
-19.71928522606718
-19.719372244593664
-19.719425173670174
-19.719488150018293
-19.719585024880235
-19.7196197760438
-19.719673186834193
-19.719716057487002
-19.719760167707573
-19.71983371403833
-19.71986888290497
-19.719930615006792
-19.719975763373366
-19.720021898060196
-19.720059197262145
-19.72008455295312
-19.720124221295844
-19.720158784634503
-19.72019704723479
-19.720240243435423
-19.720273055146347
-19.720309572315458
-19.720353290256938
-19.720385980952702
-19.720420421823256
-19.720465106401544
-19.720500905865443
-19.72054825126377
-19.72060632472707
-19.72065151840027
-19.720697832681363
-19.720735412752767
-19.720781222086714
-19.72081711076086
-19.72085738213317
-19.720905728630186
-19.720937212148492
-19.720989882461392
-19.721038923478
-19.72108454752162
-19.72112365730626
-19.7211626471552
-19.721213123023823
-19.72125948762657
-19.721305421756977
-19.721346535251662
-19.721398312311727
-19.721442752811384
-19.72148029664125
-19.721522830048258
-19.721553966541315
-19.721580600888394
-19.72162610053892
-19.72165401806771
-19.721683841931977
-19.721731532577742
-19.721753761783216
-19.72178665688133
-19.72180470376823
-19.721862141147838
-19.721878114129183
-19.72191566188643
-19.721931347153102
-19.721963650621184
-19.721982473701097
-19.722002203746506
-19.72203561605261
-19.722053425606564
-19.722087204910547
-19.72211207524812
-19.722138689336948
-19.72215738049913
-19.722178291964074
-19.72221100770853
-19.72223338279254
-19.72225911737422
