500 iters for seed 71 on ER0.3 which is in the 88.35067749023438 percentile
 Maxcut: 29.0, MedianCut: 19.0
-18.51424772053548
-18.51695962470668
-18.56805928114148
-18.64107910019709
-18.70716668347017
-18.768480340456932
-18.806388519011755
-18.844617472821476
-18.87316933203578
-18.894504582941156
-18.919747541461753
-18.94025432792109
-18.955865401407273
-18.96841017734205
-18.97846855232504
-18.989539765845485
-19.00104194034637
-19.012027292991608
-19.020801252000147
-19.029471375846345
-19.040276510265024
-19.047029027374588
-19.05382922591039
-19.05836299446797
-19.062356538449247
-19.06664612105728
-19.070652745216318
-19.073003565050136
-19.077152398236
-19.081638807718655
-19.084550194901087
-19.09212802233436
-19.096634613692085
-19.100806292732337
-19.10565444891841
-19.110323398502867
-19.11420361808838
-19.116547966857475
-19.118811965051506
-19.120670938013618
-19.12253216269243
-19.124578135088882
-19.126528192151024
-19.1282963859234
-19.13032095634463
-19.131921199139548
-19.1337278543874
-19.13552552965938
-19.1370091585438
-19.13827244743389
-19.139985406034278
-19.140785576970437
-19.141621819803458
-19.142480431535972
-19.143301518553876
-19.14448331643363
-19.146255325407207
-19.147335356391356
-19.14889701073487
-19.15002504801742
-19.15110225616429
-19.15226789433347
-19.15329361398136
-19.154265098871697
-19.154896298068238
-19.155743036767806
-19.15617057707531
-19.156718249725255
-19.157423518612394
-19.157993026837328
-19.158796083760482
-19.159285172068376
-19.15972222779878
-19.16071315798931
-19.161218163857225
-19.1621418108302
-19.16308076905872
-19.163893721576684
-19.164051931932747
-19.16508325884869
-19.165538701281733
-19.166078457541374
-19.166856209530767
-19.16733270315641
-19.16814975988045
-19.168650303606146
-19.16911977135608
-19.16960572940468
-19.170305284296937
-19.170860383638715
-19.171291680472585
-19.171854325583972
-19.17222031014632
-19.172624156454233
-19.172929359840538
-19.173314567408887
-19.17382204840681
-19.174282588297192
-19.17463253084709
-19.175015029614404
-19.175280711830986
-19.17550358533991
-19.175898821811387
-19.17609735018555
-19.176314616699567
-19.17662956492225
-19.176775342269966
-19.17691746300309
-19.177184498740118
-19.177371869124084
-19.177704078317575
-19.17794429282469
-19.17816882149285
-19.17854111134576
-19.178729794800777
-19.178961542106272
-19.17921349398176
-19.179438512400434
-19.179750352822595
-19.180019451850796
-19.1802900417931
-19.18063083335857
-19.18097807223908
-19.181266779902128
-19.18172451415382
-19.182044470797788
-19.18239023785649
-19.182772247170462
-19.18298570044324
-19.183269277053032
-19.18361246951513
-19.183795239598215
-19.183982348537263
-19.184126730789956
-19.184283345522495
-19.18454129158873
-19.184666994220592
-19.184847946215733
-19.184992023317314
-19.18515445288064
-19.185287252138508
-19.185418325043987
-19.185556745021408
-19.18567295010378
-19.185802892162243
-19.185960600423112
-19.18604076377359
-19.186169823729905
-19.186265329729395
-19.18636358200804
-19.186448917620034
-19.186521527416332
-19.186692664941436
-19.18676297860016
-19.18685842606701
-19.18695268961831
-19.187038104871533
-19.18712154150298
-19.18720583450628
-19.18726144147394
-19.187332988598207
-19.187454501256532
-19.187529184217773
-19.187624959285486
-19.187765809741766
-19.187853562768193
-19.188070896381202
-19.188179046747052
-19.188266789195776
-19.188383092772884
-19.188490941646982
-19.188613454003026
-19.188764974102273
-19.18885506707339
-19.18895186923557
-19.189100626756428
-19.189295489232464
-19.189455144313193
-19.1895680666816
-19.189745573930434
-19.18988100154399
-19.190022589450557
-19.190149499246917
-19.190236095056058
-19.19035081718541
-19.19044503304449
-19.190528396862366
-19.190613813969925
-19.19070658570897
-19.190798343273595
-19.190877261410698
-19.190953342657313
-19.191044237072177
-19.191159941620697
-19.191256594668708
-19.191381519692513
-19.19147076538039
-19.191576721459853
-19.191654373332874
-19.191817101728386
-19.191913775135667
-19.192013268107637
-19.19220766038079
-19.192344060203197
-19.192560035695
-19.192742556706335
-19.192929669093456
-19.193079299496244
-19.1932236389257
-19.19342413578206
-19.19353822707282
-19.193652727585004
-19.193886529405287
-19.19401654963318
-19.194131677856323
-19.194328353377433
-19.194420921124774
-19.194531532227916
-19.194663438515676
-19.19474331631944
-19.194820544974668
-19.194918757281652
-19.194979694510916
-19.19504971568947
-19.195114741662344
-19.195171535362263
-19.195241384371737
-19.195297413141184
-19.195372979644667
-19.195443603753777
-19.195517507343297
-19.19555923077645
-19.19562933490206
-19.195655714646918
-19.1957234169336
-19.195759549638172
-19.1958006446359
-19.19582414497807
-19.195894341366298
-19.195930988841965
-19.195968314244297
-19.19603263039962
-19.196074634928813
-19.19613890203029
-19.196177025224543
-19.196227549162366
-19.196272912845576
-19.19632017044824
-19.196379030323932
-19.196419044620455
-19.196453198375583
-19.196491776892884
-19.1965242262599
-19.19655560603644
-19.19661421175337
-19.19663599815801
-19.196669854433278
-19.19672477041631
-19.19675931050625
-19.19680529502695
-19.196843356530433
-19.196886333402144
-19.196930339865098
-19.196967576820853
-19.197014222961386
-19.19703541457755
-19.197075631636878
-19.19710753268977
-19.19713872930247
-19.19719474800685
-19.197229292365602
-19.1972757051019
-19.19731426684973
-19.197362143695276
-19.197375005785755
-19.197426025071618
-19.197448051867433
-19.19747516192524
-19.19751275952818
-19.197538324798245
-19.19756746718005
-19.197583794208253
-19.197609142763252
-19.19762823980873
-19.197665229074303
-19.19767895487002
-19.197701897431728
-19.197734226272683
-19.197747686248494
-19.197782087444203
-19.197795462126415
-19.197815584061743
-19.19782509584644
-19.197859123788703
-19.19787398362486
-19.1978890230884
-19.197913019877085
-19.197969016047985
-19.197986317999735
-19.198031129981032
-19.19804551686312
-19.198065235671166
-19.198076685517844
-19.198106011874373
-19.198120477273278
-19.198135542936704
-19.19814737416808
-19.198171684428953
-19.198189287999504
-19.198202180641392
-19.198226463740703
-19.198244401826596
-19.19827701989153
-19.198297237656988
-19.19832397633355
-19.19834394208944
-19.19836287741171
-19.198396324262752
-19.19841494374665
-19.198439605560814
-19.198454252870356
-19.198485362793946
-19.19849854864989
-19.198528507739038
-19.19856186862815
-19.19858280458842
-19.198607938430886
-19.198625322102785
-19.19865060557624
-19.198679784094143
-19.19872303647206
-19.198760959799166
-19.198792366997534
-19.198822420697184
-19.198870243746732
-19.198917811874644
-19.198958152856452
-19.19902124681674
-19.199071368262324
-19.199140788182753
-19.199228086600105
-19.19930798127369
-19.199403190719025
-19.19948873104724
-19.199583974494253
-19.199658440982933
-19.19973223723384
-19.199874580114415
-19.19998665869479
-19.200083841011015
-19.200258685271493
-19.20035987784507
-19.200580035831727
-19.200826611035357
-19.200972899042696
-19.201148988193502
-19.20130360747569
-19.20148726011123
-19.20162389363152
-19.20174036572995
-19.201896446733663
-19.202061047772794
-19.20221092192765
-19.20238858140133
-19.202560488846114
-19.202792434320287
-19.203104369933676
-19.203267122766967
-19.203459563244877
-19.20365559357309
-19.20383182766748
-19.204044119171748
-19.204295142730498
-19.204428271669705
-19.204540062227565
-19.204755853270225
-19.204890163259392
-19.20513205962631
-19.20521631976665
-19.205325781933194
-19.20543084081335
-19.20554101385372
-19.205631038368026
-19.205740540488335
-19.205826446065583
-19.205932045522978
-19.205996416807594
-19.206089783016928
-19.206171487038795
-19.206249942246767
-19.206344698227653
-19.20643572572719
-19.206513466268614
-19.20656847259675
-19.206627191139155
-19.206670143499075
-19.20672875776532
-19.206767975690163
-19.206813013455825
-19.20684319483121
-19.206903143689516
-19.20693066011006
-19.206966889743658
-19.207013995245553
-19.20706993599338
-19.20710224336286
-19.207153680215637
-19.20719069869495
-19.20724113987484
-19.20728751951376
-19.20731691374191
-19.20737949274155
-19.20741558780293
-19.207447383481817
-19.207475515572877
-19.2075060630441
-19.207545844190133
-19.20759523511079
-19.20762653285076
-19.207701871943932
-19.207728760223493
-19.207779714449206
-19.207823499164704
-19.20786277954931
-19.207909346341076
-19.20794633249144
-19.20798050341097
-19.207996170925266
-19.208043089011074
-19.208067670362063
-19.20808867147525
-19.208124014938505
-19.20814180319147
-19.208172865983247
-19.208191386450636
-19.20822380450785
-19.208252600725856
-19.20828891898586
-19.208322840677027
-19.20835821555039
-19.208385989992887
-19.208422568439037
-19.208458957839
-19.208485935904417
-19.208508048305504
-19.2085393405102
-19.20856669649971
-19.208598464183996
-19.20862806485316
-19.208663349160947
-19.208692958224695
-19.2087309107547
-19.20875740276088
-19.20878741425603
-19.208808989025666
-19.208846773673812
-19.208868744285102
-19.208888396744292
-19.208901030605123
-19.20891719703689
-19.208943563498586
-19.208963537329236
-19.208987525687924
-19.209015597908845
-19.20905501676164
-19.20908314224652
-19.20910599385827
-19.209149844569296
-19.209181176240314
-19.209217290825613
-19.209278792913004
-19.209308659752544
-19.209341923219988
-19.209378310534365
-19.20941875173959
-19.209481864820503
-19.20951488138193
-19.209550430444043
-19.209637047805288
-19.209688242151845
-19.20975948982413
-19.20982588061021
-19.209893327364266
-19.209967327340713
-19.210038057016572
-19.210108796181103
-19.21016224955439
-19.210214055026995
-19.210305802685145
-19.210407670225642
-19.2104795937984
-19.210585168853118
-19.210704736611593
-19.210818879017033
-19.210947568934888
-19.211030382900667
-19.211106482663123
-19.2112111371487
-19.211231989824164
-19.211287317908784
