500 iters for seed 55 on ER0.3 which is in the 75.75149536132812 percentile
 Maxcut: 30.0, MedianCut: 18.0
-18.145735267301944
-18.239206165572156
-18.289278996778954
-18.325163370511703
-18.35449631856765
-18.37648742614721
-18.403683539290064
-18.424976210369387
-18.443305568796703
-18.466485844365213
-18.4794654597128
-18.495666237726184
-18.50855731752887
-18.525704470890254
-18.53778383911164
-18.546737423775507
-18.555892226549176
-18.563545898053476
-18.569483647838123
-18.575631467876626
-18.580254895262065
-18.584951272609327
-18.589316755694938
-18.59367926089136
-18.597274185865484
-18.60158454970614
-18.604352688323058
-18.60809741784829
-18.61112640108565
-18.61411987992077
-18.61762614279531
-18.61979399262756
-18.62233393233801
-18.624601607412373
-18.62632005883232
-18.628620952615424
-18.63035395163744
-18.63303700416112
-18.63448806872067
-18.636480886513095
-18.637827055643818
-18.640356890378847
-18.641641699351847
-18.64295518595085
-18.64427795896418
-18.645586819896216
-18.64652273792297
-18.647472136250478
-18.64826655234476
-18.649104380066625
-18.64997361209697
-18.650803070213286
-18.65149222336951
-18.6525926461529
-18.653015622830612
-18.653633121959807
-18.65410458534369
-18.65478411474657
-18.655282924375086
-18.655800682456032
-18.65619443707004
-18.656870114285145
-18.65724827689829
-18.657644954019787
-18.658284830558728
-18.658477753564593
-18.65911662405769
-18.659364067612145
-18.65979258141363
-18.660088844781342
-18.660613729308295
-18.660877396231243
-18.661154148888862
-18.661521860867154
-18.661836524417307
-18.662072647678798
-18.66231069629619
-18.662517893105207
-18.662795783869726
-18.66304016237531
-18.66325750445053
-18.663451193322203
-18.663736017969796
-18.66401414973575
-18.664217785662238
-18.664531529170713
-18.66471941803166
-18.664963247964423
-18.66526165357094
-18.665519701482992
-18.66584809123436
-18.666407341125918
-18.666769759099296
-18.66728805244129
-18.667918672565875
-18.66875469935099
-18.66961466230858
-18.670419613806978
-18.671460753017016
-18.672496665886786
-18.67328833349109
-18.673966916076935
-18.67479647347914
-18.675413688954876
-18.67598642857436
-18.676483355968617
-18.677152141855842
-18.677665172882797
-18.678095498321714
-18.678484905949635
-18.678836178079738
-18.67917398719537
-18.679474363370776
-18.679806976062018
-18.68014591453957
-18.680471321013012
-18.680730779669446
-18.68100437474306
-18.681257464836754
-18.681570260517056
-18.681748511005946
-18.681974788746565
-18.682222953208548
-18.682531845953275
-18.68272435325385
-18.682991307071003
-18.68322777711093
-18.683541535344506
-18.683867696751236
-18.684097526952726
-18.68436464777013
-18.684622974007443
-18.684815014364396
-18.685018425653766
-18.685245801992302
-18.685472060485328
-18.685669626143824
-18.685864990796816
-18.68607540648881
-18.686346888580285
-18.686496563066626
-18.686682784497364
-18.68685586708446
-18.687099571733125
-18.68730533149565
-18.687475892330028
-18.687722980889063
-18.6879880816218
-18.68814845624402
-18.688405938951504
-18.688490729888354
-18.688711183459464
-18.688849222208155
-18.688976569831933
-18.689174546335448
-18.689271063872958
-18.68946922643304
-18.68956793372118
-18.689714712023278
-18.689864315339666
-18.690067738787818
-18.690175061128443
-18.690312431677086
-18.690447750435414
-18.69062131692821
-18.690796181347974
-18.69101130958546
-18.69118692737439
-18.69135138000839
-18.69162086414898
-18.69177201630771
-18.691901315046312
-18.692169637970064
-18.692253356848738
-18.692427765336706
-18.692556938794382
-18.69269510924221
-18.692860842033227
-18.692977540901644
-18.693169624658474
-18.693291300995167
-18.693435612676595
-18.693567283980624
-18.69371570291215
-18.693930900227098
-18.694087448687135
-18.6942912340091
-18.694497945416796
-18.69470690229044
-18.694874349369023
-18.695171964903462
-18.69527303329263
-18.695543843253695
-18.695694982830855
-18.695885227807143
-18.696172945728474
-18.696474432308392
-18.69675813576698
-18.69706768521985
-18.697347002573576
-18.697584580702923
-18.697902412531224
-18.698061549921576
-18.698315069989736
-18.698527741892384
-18.69870949930527
-18.699088885496167
-18.699282627537137
-18.69953845718377
-18.699733783119637
-18.69995616752514
-18.700205228137868
-18.700474739133035
-18.700702978679644
-18.700900083998995
-18.70110453427549
-18.70134224716241
-18.701543433743748
-18.701733056760578
-18.702004849409498
-18.702191986250547
-18.70245545521435
-18.7028526975445
-18.70315125247199
-18.703445143741714
-18.703925247349193
-18.704279480867406
-18.704797814260072
-18.705268083544556
-18.705737977879515
-18.70608796748647
-18.706449097208107
-18.70685837763599
-18.707227647238433
-18.707527544143307
-18.70781384214267
-18.70812587636162
-18.708399259590912
-18.708658657967376
-18.708916641269095
-18.709196085135567
-18.709459154503808
-18.709691822800004
-18.709969629941902
-18.710197605457438
-18.71039294817499
-18.710617774006042
-18.71082841205326
-18.71115765137846
-18.711424014198492
-18.71166225467783
-18.711955830624188
-18.712144901699133
-18.71237420152231
-18.712588762159275
-18.71274805749422
-18.713001925132417
-18.713301129717863
-18.71347949386353
-18.71376271371394
-18.713921528870713
-18.71411329389536
-18.71431707158715
-18.71445712927092
-18.71468822281429
-18.71493842432675
-18.715045883382423
-18.715232189127928
-18.71533961398761
-18.715463715880823
-18.715584717406198
-18.715679940218767
-18.715754819226742
-18.715972084631282
-18.71604916880705
-18.716178433902062
-18.716345696772024
-18.71650430805399
-18.71663304641887
-18.71674599603857
-18.716839053760587
-18.716974827442748
-18.717095756947824
-18.717209486552363
-18.717305625924297
-18.717420136559948
-18.717514818296028
-18.717577307293585
-18.717677877912795
-18.71773802219414
-18.717802240183232
-18.717891245878338
-18.717951945858136
-18.718056291906866
-18.718186621645412
-18.71824605977846
-18.718354367777206
-18.71841097024845
-18.71849830689775
-18.71857606192362
-18.718632915519457
-18.71874991255543
-18.71880998412506
-18.718870267290633
-18.7189294844594
-18.718987314892956
-18.719053306471142
-18.7191207755639
-18.719186001947055
-18.71926275395932
-18.71935103850283
-18.7194588877073
-18.71956567194476
-18.719664231562618
-18.719786841104717
-18.71990507594257
-18.72000959529648
-18.720137842602135
-18.72026858140203
-18.72038625608037
-18.720546257490646
-18.720658319451278
-18.72075671497896
-18.72090851998521
-18.720986737057792
-18.721065271657352
-18.721189982423823
-18.721256450167484
-18.72131448139047
-18.721378438810255
-18.721442542325747
-18.72152827131866
-18.721576640527427
-18.721669741311384
-18.721735360676742
-18.72182003006084
-18.72185948852042
-18.72193413094256
-18.721982810777682
-18.722022840977033
-18.722099410959892
-18.722145669724604
-18.722217968776512
-18.72226967755059
-18.722326496447117
-18.722371449064077
-18.72240858795457
-18.722458636581578
-18.722493724128164
-18.722560759440675
-18.72261467600483
-18.72267385365955
-18.722745705961465
-18.72280990133433
-18.722900333670214
-18.723004397241866
-18.723099924297458
-18.723174980102407
-18.723281583989458
-18.723344389668682
-18.723413345421918
-18.723503062447215
-18.723570511896686
-18.723620465058016
-18.723773660075228
-18.723819989718294
-18.723909614067693
-18.72395810697327
-18.724059553605485
-18.724127865845766
-18.724191728676324
-18.72431429050408
-18.724379228389257
-18.724496482457276
-18.724574054199206
-18.72465361250906
-18.724721674619687
-18.72479787283369
-18.724861243929304
-18.724925642184164
-18.72500902158011
-18.725069714669306
-18.725134970531897
-18.725220008758253
-18.725268140190757
-18.725315484967197
-18.725392229069843
-18.725431068880052
-18.725476307750565
-18.725549617910154
-18.7255856590541
-18.725619586211476
-18.725669955763017
-18.725696764409072
-18.725741416721593
-18.725764397127694
-18.725795783533478
-18.725815403500185
-18.725839728786838
-18.725871228450853
-18.72590504352602
-18.725927833054268
-18.725956999527888
-18.72597580437304
-18.725992989272182
-18.72602768531651
-18.72604539132341
-18.726068589206246
-18.726096622562906
-18.72613387133319
-18.726147228402244
-18.726179803083816
-18.726188868171256
-18.72621999739547
-18.726237299566478
-18.726259402839332
-18.726293052423088
-18.726316989224287
-18.726358330454655
-18.72637975585671
-18.726399402643562
-18.72641683705486
-18.72643492799891
-18.726460502058558
-18.726479292996327
-18.726496214142998
-18.72653338699927
-18.72655607188106
-18.726590430310463
-18.726612222920288
-18.726635496177803
-18.72665920267933
-18.726684426941784
-18.726713009084715
-18.726736697125965
-18.726764428750137
-18.726795365241834
-18.726833561057255
-18.726867663975522
-18.72690590737311
-18.726940886750594
-18.726976543855272
-18.727009602451343
-18.727039512232256
-18.72706509249253
-18.72708849833908
-18.727109989687087
-18.727135033789853
-18.72715982224372
-18.727182467213314
-18.72720472300049
-18.72722897731893
-18.727254403151335
-18.727273813299632
-18.727290810149416
-18.72731098493519
-18.727328989142894
-18.72734759546679
-18.727366614363437
-18.72738434417655
-18.727403990090068
-18.72741934754571
-18.727436532449047
-18.727450388106476
-18.727467067796557
-18.727488702683978
-18.72750617409787
-18.727518602707356
-18.72754161917163
-18.727547736981098
-18.72756270929832
-18.727575813810134
-18.727588868458515
-18.727606382467286
-18.727619874461436
-18.727634554630814
-18.727645582413466
-18.727658053118777
-18.727670890177837
-18.72768058126617
-18.727693149629413
-18.727700915986617
-18.727709211006715
-18.72772194573714
-18.727729115389177
-18.727741495142574
-18.727750246153107
-18.727757192663557
-18.727766628181502
-18.727774248375713
-18.727783391486117
-18.727792387635326
-18.72780026495689
-18.72781199508777
-18.72782523894991
-18.727837872934256
-18.7278469183922
-18.727859713789023
-18.727866701697216
-18.7278769027265
