500 iters for seed 32 on ER0.3 which is in the 41.512298583984375 percentile
 Maxcut: 29.0, MedianCut: 19.0
-18.50135939515747
-18.519344688064844
-18.542070268673076
-18.58435079679311
-18.71400017831624
-18.76891411724992
-18.814910553982426
-18.828192310375613
-18.843103318523227
-18.879148526003963
-18.8877382106036
-18.918629657136357
-18.936809307463868
-18.954246987903833
-18.968720940922978
-18.982278526598172
-18.993997955051682
-19.004650262348584
-19.01421553476701
-19.02396130754214
-19.03321909916831
-19.041014275733637
-19.049010823996355
-19.058026496838405
-19.065679896208678
-19.072677081663173
-19.077570691535872
-19.08109171627613
-19.086024045001462
-19.08952302832361
-19.09292910392709
-19.096815703126616
-19.100177309580403
-19.10384294835542
-19.106392440426724
-19.1088737359239
-19.111655170344427
-19.11437734912025
-19.116830781784152
-19.11936822556779
-19.121739343973104
-19.12388572275158
-19.126622931670745
-19.128621174256807
-19.130759626630372
-19.132479842774867
-19.133675874616387
-19.135104538760473
-19.136589959622732
-19.137669417781733
-19.13914293288823
-19.140622039398746
-19.14178991386532
-19.142892227929032
-19.14436868325356
-19.1460760710627
-19.14771793500669
-19.14899723988974
-19.15039283426824
-19.151602446417407
-19.1527836233872
-19.154354424005838
-19.155464022234156
-19.156664736657405
-19.157784654944937
-19.15865469629399
-19.159359549152843
-19.1603007880347
-19.1608849361267
-19.161297238061472
-19.162122061163103
-19.162712377710328
-19.163485471793596
-19.164238543725926
-19.16504777015855
-19.165931565045454
-19.166762589466995
-19.167780803173862
-19.168683268414707
-19.169743696240083
-19.170504813492343
-19.171658967803552
-19.172300732752166
-19.173131841561467
-19.173790547815777
-19.174670579694926
-19.175234339937056
-19.17574304226076
-19.17620178259136
-19.17681868231309
-19.1773785910953
-19.177910960195756
-19.178511062018764
-19.179130343450076
-19.17956224677672
-19.18022254235104
-19.180606089721046
-19.18104765523425
-19.181692341873628
-19.18215180636541
-19.182563552370652
-19.182995493064887
-19.183370122552184
-19.18385584043016
-19.184278192575306
-19.18466437605359
-19.185020962248068
-19.18532771441827
-19.18569576577764
-19.185925595259924
-19.186200416982405
-19.186471447693958
-19.18684717948907
-19.187052978777213
-19.187366263608297
-19.187727332797888
-19.18806924063816
-19.18833088238786
-19.18855700020259
-19.188769808388898
-19.189045326573318
-19.189254772974074
-19.189434047242628
-19.189594161469547
-19.1897672583598
-19.18995403409148
-19.190116345591175
-19.190295793001486
-19.1905191968498
-19.190695944218135
-19.190915119250093
-19.19107808096852
-19.19122913749922
-19.191366062563738
-19.191550464864086
-19.191746918514028
-19.191913837577395
-19.19206704252992
-19.192180382698716
-19.19234698290694
-19.192566156183755
-19.19276001246923
-19.19290900453908
-19.193118977072118
-19.19327687848054
-19.19346262393335
-19.193743824960492
-19.19393393692215
-19.19423246506998
-19.194443182145044
-19.19461695284246
-19.19476811683605
-19.19491076924295
-19.19504796361395
-19.19520471567881
-19.195330263368113
-19.195437884101715
-19.19558988221233
-19.195688563181832
-19.19580254565839
-19.19590854579156
-19.196008508781198
-19.196117170307854
-19.196239589702877
-19.196341272845025
-19.196435088094308
-19.196553612394716
-19.196648537875618
-19.196757077148163
-19.19684828555271
-19.196943141785137
-19.197004396845834
-19.197128681607637
-19.19720769185687
-19.197290682745
-19.19741928064925
-19.197492874439014
-19.197559064790006
-19.19761854310108
-19.19769512396985
-19.197770278803006
-19.197839408626226
-19.197901082432914
-19.197949543294335
-19.198026399646565
-19.19809450025431
-19.19814101046915
-19.198207770809944
-19.198245906882264
-19.198321619798307
-19.198383298735873
-19.198438294809733
-19.19854358792709
-19.198606257823165
-19.198695896564086
-19.198771086727206
-19.19887319008967
-19.198964114891083
-19.19905820751201
-19.19914816029065
-19.199229303705632
-19.199325431210745
-19.199432992852582
-19.199505154563717
-19.19958823137373
-19.19965897953211
-19.199774508065328
-19.199837840253483
-19.199909374331973
-19.199939194604987
-19.200052747071503
-19.200104346386915
-19.200160542497446
-19.20024077025733
-19.200294335206856
-19.200382465947264
-19.20043919756572
-19.200503692410415
-19.20054765788465
-19.200586474490297
-19.200627474077827
-19.200657495634246
-19.20069422806315
-19.200742027910067
-19.200762903641944
-19.200806133938237
-19.2008413711303
-19.200888693271764
-19.200925588431165
-19.20096271068671
-19.200994349269024
-19.20103228703674
-19.201072464919477
-19.201104980107544
-19.20117565727082
-19.201196911191627
-19.201256540999804
-19.201280461509164
-19.201325115874383
-19.201376155053744
-19.201429061591366
-19.201475075110388
-19.201514338448305
-19.20156200634932
-19.20160452635376
-19.201644414890033
-19.201672924867275
-19.2017044357865
-19.201763473578545
-19.201796333015576
-19.20182689632854
-19.20189054999001
-19.201932712107407
-19.201983908484095
-19.202066125988623
-19.20209981455757
-19.202151947790583
-19.20218191815404
-19.20224263874713
-19.202286152583305
-19.202324514593528
-19.202395566478746
-19.202433828009745
-19.20248787759884
-19.202536299363356
-19.202591437529552
-19.202644752324098
-19.20269001686099
-19.202750170002385
-19.202786672078275
-19.20283064613794
-19.20289088859679
-19.20292373790309
-19.202961363940492
-19.203027139155026
-19.203069908638604
-19.203127223025348
-19.203198821539736
-19.20323814942809
-19.203289693860732
-19.20333821691335
-19.203397233449813
-19.203460060224987
-19.203499346231546
-19.203566472689214
-19.20363242195027
-19.20366687297838
-19.20371435064291
-19.203739628181427
-19.203770046671547
-19.20380049199353
-19.203819772225174
-19.203842752930363
-19.203883113674223
-19.203898016916956
-19.203922464054752
-19.20392955788417
-19.203961807992457
-19.20397952244978
-19.20399703315676
-19.204024947319695
-19.204053238025974
-19.204097328792404
-19.204114996046524
-19.20414283040501
-19.204162388314366
-19.204193890049265
-19.20422189737808
-19.204248615509066
-19.204275585810535
-19.204309527057383
-19.20432892144204
-19.204352259383334
-19.20437812984224
-19.20440796554925
-19.204439568332106
-19.204459343020616
-19.204482247370045
-19.204504313227304
-19.2045243863746
-19.204543041152313
-19.204568667945594
-19.20458256887512
-19.204599318787395
-19.204620468140412
-19.204637228385494
-19.204666426380548
-19.20469693624021
-19.204717139982087
-19.20474970517625
-19.204773053106447
-19.204801022810063
-19.20485235643895
-19.20487623390745
-19.204906578479793
-19.204954685228383
-19.20499766660066
-19.20501738224173
-19.205076505216745
-19.20508866562197
-19.205126471290903
-19.205147989749804
-19.20518136509395
-19.20521887700962
-19.205256542456414
-19.20528689876954
-19.205322909660328
-19.20535329797007
-19.20540192073586
-19.205440784485972
-19.205483540229547
-19.20551821773815
-19.20556357131483
-19.205614698387727
-19.20565711451973
-19.205695326802733
-19.205726370092503
-19.205767375981047
-19.205828507633044
-19.20588390593894
-19.205920008206363
-19.205975464042233
-19.206005556186675
-19.206051038370028
-19.20611240867358
-19.206156266475762
-19.206226342941914
-19.206316429623673
-19.206364515730478
-19.206444848274383
-19.206517508021324
-19.20659111673602
-19.206689539614818
-19.206749899138877
-19.206865244761758
-19.20696408090844
-19.207116813068428
-19.207212126347304
-19.207323474838926
-19.20742875931148
-19.207541651635694
-19.207649874850475
-19.20774030086835
-19.207838265855614
-19.207940115842696
-19.208044130759657
-19.208141341145218
-19.20824184236191
-19.20834596165672
-19.20843997605934
-19.208525460651057
-19.208618355832378
-19.20872996395462
-19.208825962495702
-19.208912358968476
-19.209032636591523
-19.209110123587656
-19.20919322016377
-19.209320384571686
-19.209390486334737
-19.209501530178795
-19.20959208282226
-19.209646142919993
-19.209746493292283
-19.20980747275133
-19.209893431192263
-19.209968514047016
-19.21004044425813
-19.210095378526848
-19.210209746201663
-19.210264995519417
-19.210337087087776
-19.21046127685638
-19.210546733368563
-19.210685226995047
-19.210784660005977
-19.210892971386773
-19.210995276973033
-19.21110012700301
-19.211203205498492
-19.211294743288946
-19.211382008351382
-19.211488670322204
-19.211560386134014
-19.211639869480752
-19.21171582648253
-19.211785754713127
-19.211850758392888
-19.211958594068715
-19.212031375644827
-19.21209735495833
-19.212204620969164
-19.21226905513716
-19.21235796155809
-19.212428018289962
-19.21247485681619
-19.212552570853653
-19.212603555769277
-19.212666979274527
-19.212714688431586
-19.212760257964923
-19.212844832956726
-19.21289588833143
-19.212950369150764
-19.212993866573555
-19.213041183742995
-19.213098884356494
-19.213153010600422
-19.21320194862512
-19.213245293464
-19.213283887795903
-19.213338288097844
-19.21337222039671
-19.2134221678857
-19.213440911652945
-19.213511060042368
-19.213540066292367
-19.213574646941602
-19.213628090166246
-19.213661957018772
-19.21371941894681
-19.213758090744832
-19.213801050483827
-19.2138384163111
-19.213868178943844
-19.213897040316958
-19.213925733025008
-19.213952596259045
-19.213990662176855
-19.214014691861244
-19.214035122889225
-19.21408527823796
-19.21411017651618
-19.214141565480308
-19.214208085489915
-19.214233184943005
-19.214263898280464
-19.21432496318349
-19.2143526104606
-19.214384068678505
-19.214425139918795
-19.214461687365002
-19.21447895378477
-19.214516332908744
-19.214532817869745
-19.21455472501576
-19.214576318920056
-19.214594643175353
-19.214631621841736
-19.214646668217938
-19.214671413629
-19.214690414033896
-19.21471439963832
-19.21473805776369
-19.214763941527185
-19.214786127175195
-19.21480689679669
-19.214821704528504
-19.214842988602815
-19.214846424959315
