500 iters for seed 13 on ER0.3 which is in the 30.341339111328125 percentile
 Maxcut: 36.0, MedianCut: 26.0
-25.63082119168087
-25.785157465868544
-25.847630171045054
-25.903181145065318
-25.94456127290265
-25.976030118677553
-26.001844212251598
-26.02564754736977
-26.044186630388705
-26.062351648824777
-26.07948439292053
-26.09671857001392
-26.110370764044923
-26.122359721562418
-26.134042733867958
-26.143257330910817
-26.150433692849976
-26.159450586230292
-26.167170350736285
-26.17205891070985
-26.177133778617137
-26.181120956857004
-26.184966028818838
-26.18789182790299
-26.19182968587027
-26.194433521807483
-26.1974335958238
-26.200502313253754
-26.20335986423195
-26.206820693563404
-26.210197623417038
-26.213291660468386
-26.216352759162238
-26.220619831962203
-26.224437858035976
-26.226935500041215
-26.230046538887375
-26.231936992738675
-26.234705882572026
-26.236114451371712
-26.23831917444224
-26.241067312218124
-26.242974408704516
-26.244427329481205
-26.245614933753714
-26.247143777257648
-26.248601345134695
-26.24995135286984
-26.25155141920757
-26.252582758248884
-26.253728869277925
-26.254596771399573
-26.255378010777196
-26.25612556519404
-26.256859248637316
-26.25742294958225
-26.25823470166923
-26.25886766671935
-26.259628461805917
-26.260312310225487
-26.26121309203466
-26.262370288992127
-26.263638136732634
-26.264555012644806
-26.265525746670747
-26.266126367197074
-26.26710573851029
-26.267734687240953
-26.268617522034162
-26.269576987253807
-26.270724931845
-26.271647497045556
-26.272971369319336
-26.273962012212436
-26.27495655198396
-26.276299794472557
-26.276840605229868
-26.277500878732432
-26.278324253087153
-26.278815713267733
-26.27926927585669
-26.2797688472229
-26.28008521914177
-26.28056100925468
-26.281032422167986
-26.281528053939304
-26.281863361830883
-26.282254072626326
-26.28260851147627
-26.28295806711121
-26.28330128494841
-26.28361899421478
-26.28415235130472
-26.284550144765507
-26.284818135470097
-26.285100793444506
-26.285294781285337
-26.285545286538085
-26.285888547281694
-26.2860909844776
-26.286451445900042
-26.28664652969164
-26.28687167703223
-26.28705384896406
-26.28722975624131
-26.287552305895744
-26.287865570149897
-26.288083198729606
-26.288395967937017
-26.28853267024867
-26.28875225646174
-26.289036947445872
-26.289195744237517
-26.28951940790789
-26.28975717630186
-26.28999627233819
-26.290288836962187
-26.290486600236473
-26.290730986923233
-26.291021920443693
-26.291199916030603
-26.29134742112802
-26.29154435450162
-26.291681931132487
-26.291856606115697
-26.292087895484258
-26.29218887897288
-26.29232094167222
-26.29241331348704
-26.29251837352713
-26.292673527852152
-26.29281997514431
-26.292934357274746
-26.29307063536774
-26.29316731588711
-26.29330348313688
-26.293433155848405
-26.29355312345684
-26.293643733347054
-26.293792314028664
-26.29382906293703
-26.293969068873743
-26.29403692485017
-26.29412179223824
-26.294216653544627
-26.294321141009274
-26.294423979284282
-26.294512841552198
-26.294602387063307
-26.294698372264953
-26.294808121157857
-26.29493688718044
-26.29509172596028
-26.295241344574332
-26.295409616023704
-26.295487156274653
-26.295701764537707
-26.295831325494362
-26.29597827289875
-26.296187791963963
-26.296417066838593
-26.296649294079174
-26.2969213362474
-26.297035177747233
-26.297175285081586
-26.297353550338254
-26.297505829820633
-26.297771923119942
-26.29803665577449
-26.29820904423856
-26.29840066471876
-26.29858533382083
-26.29881219104375
-26.299016989477906
-26.29914929259565
-26.29940968195158
-26.299478424646622
-26.299755692515802
-26.299896805611958
-26.300049086976067
-26.300285876688115
-26.300488572741124
-26.300816571245576
-26.301063040963715
-26.30132838633126
-26.301507498676223
-26.301739422793975
-26.30195844980466
-26.302130923780258
-26.302337958846664
-26.302571551702428
-26.30272049254239
-26.302942594271496
-26.303158444159656
-26.303501315887118
-26.303879208148437
-26.304244542459756
-26.304581944800717
-26.304979418141414
-26.305301581252003
-26.305666041641917
-26.30602884636009
-26.306310551535276
-26.30661549522403
-26.306853682486246
-26.307070130430617
-26.307260574444168
-26.307462327821472
-26.307659752856466
-26.30786976993797
-26.3080612852085
-26.30822396276896
-26.30835543664618
-26.30847687635026
-26.30863779118063
-26.308770976423816
-26.3089679663638
-26.30915466855519
-26.309258064562783
-26.30941390457549
-26.30949930663566
-26.30958490385182
-26.309683840099495
-26.309753535055787
-26.309782734929687
-26.309933807565248
-26.3099797726704
-26.31004831428173
-26.310141676770293
-26.3102406912222
-26.310323423603133
-26.310399807697213
-26.310482959244816
-26.310564790898894
-26.310651084505924
-26.310710081688253
-26.31077674576468
-26.310864905715412
-26.310982718576483
-26.311044318985548
-26.311130376583645
-26.311197873463982
-26.311289628480065
-26.311382941416706
-26.311460840271096
-26.311565982975548
-26.311692825608844
-26.311778533859204
-26.311884351472692
-26.311941053458668
-26.312064865397787
-26.312155548882405
-26.312231529563867
-26.312386118534796
-26.312465583555756
-26.31259035891352
-26.312681325980556
-26.31279595494093
-26.312879345129094
-26.31298366731732
-26.31306933610025
-26.313143640727382
-26.31323985976647
-26.31334890698858
-26.313402164510926
-26.313493969975475
-26.313570204796047
-26.313649222054956
-26.31372753335448
-26.313755393509968
-26.313791836489596
-26.31384419552384
-26.31387920313515
-26.313952174946103
-26.313996894585625
-26.314058245009143
-26.314101298267556
-26.31415920680893
-26.314223784895105
-26.314303106213288
-26.314387630444763
-26.314467659810873
-26.31454650355929
-26.31460581524147
-26.31467211204336
-26.31472222596055
-26.31477837170354
-26.31485825614254
-26.31488715676683
-26.314951281399832
-26.31500103248234
-26.31504777024076
-26.31509089514064
-26.315123818374047
-26.315162708338757
-26.315214984377246
-26.31524555594001
-26.315283872565587
-26.315326266317406
-26.315357295175573
-26.315401248756285
-26.31544464223449
-26.315486190300177
-26.31552159290866
-26.31555539093394
-26.31560781750156
-26.315666058748793
-26.315716418193418
-26.31575615282158
-26.315808189817133
-26.31585068898077
-26.315905168703345
-26.315980462646134
-26.31604973594588
-26.31609718118994
-26.316211330701986
-26.316264493619173
-26.31631599858212
-26.316409504860125
-26.316419443238104
-26.316475688743495
-26.316509224087785
-26.31655153002546
-26.316605976078367
-26.31661614048443
-26.316727082042974
-26.316757180063203
-26.316804524825965
-26.316856345758055
-26.316898248796875
-26.316947418635852
-26.31698420195459
-26.31702106310424
-26.317042033697916
-26.31708956579217
-26.317110258889695
-26.317135587873786
-26.317166478181324
-26.317190411661688
-26.317220797334784
-26.31724600896944
-26.317267832430318
-26.31729144699788
-26.317330906362386
-26.31735260729124
-26.317374857596416
-26.317410894286347
-26.31741841264172
-26.317476058066884
-26.317491989283475
-26.31751810250656
-26.31753591928914
-26.317566932099993
-26.31758988460503
-26.3176075212576
-26.317625919075123
-26.31764650708749
-26.31766895983304
-26.317688395314846
-26.317705492219098
-26.317726664998276
-26.317743164215837
-26.317758844616517
-26.3177911018039
-26.317806611545166
-26.317820576612633
-26.317835177334423
-26.317851696203746
-26.317863320151424
-26.317884352395115
-26.317895448925718
-26.317908173926572
-26.31793641567426
-26.317950959377786
-26.31797623296801
-26.317993134718424
-26.31800952676121
-26.318024596362434
-26.31804066223536
-26.31806441319592
-26.31808532094486
-26.3181043087405
-26.318128319537543
-26.31814116541442
-26.31815455245711
-26.318179728461452
-26.318190073983565
-26.318201004235878
-26.31821377881608
-26.318226226198117
-26.318245080803877
-26.318255428548476
-26.318267562432126
-26.31827722435457
-26.31829298991292
-26.31830861749983
-26.318323527458524
-26.318341092620557
-26.318354483891582
-26.318379650280406
-26.318396816241087
-26.318412111711364
-26.318430656689173
-26.318444572304177
-26.318461457771242
-26.318483203125474
-26.318500178601173
-26.31851837937561
-26.31854599739126
-26.31855778312712
-26.318575694366324
-26.318595876816403
-26.318621102637504
-26.31864410299778
-26.318672601703327
-26.31870219151471
-26.31873647961663
-26.31877505965439
-26.318807006685674
-26.31884179631007
-26.318878179765658
-26.318923507302426
-26.31896866966511
-26.319004465978722
-26.319047516650777
-26.319131655362213
-26.319158942871496
-26.31922090370941
-26.31925887452705
-26.319310893307694
-26.319376629059896
-26.319442172615492
-26.31948705672451
-26.31953219832444
-26.319572149952513
-26.319630029588723
-26.319656178768565
-26.319695226396
-26.319719625529487
-26.31975972349211
-26.319810019938082
-26.319865289136338
-26.31991136010519
-26.319957274766736
-26.31999168051214
-26.32002850629633
-26.320075942895475
-26.320110506188048
-26.32014559944663
-26.320173131017693
-26.32020767447925
-26.32023888518872
-26.320267687384348
-26.320304142420284
-26.320331564700655
-26.32035676806201
-26.320398784399252
-26.32041748876009
-26.320439303636846
-26.32046381691199
-26.320476604621827
-26.320495610831504
-26.320516041605636
-26.320524047898356
-26.320537446738403
-26.32054530724282
-26.320558834407635
-26.32057407259637
-26.320583469438485
-26.320608429053205
-26.320617935600687
-26.320633486268456
-26.320646325165733
-26.32066027318178
-26.32067006510899
-26.320685316223837
-26.320697607494196
-26.32070936964933
-26.32071979609484
-26.320732171067235
-26.320740822926716
-26.3207499548485
-26.320756733550056
-26.320766598222026
-26.320773025389535
-26.32078228339931
-26.320795534284304
-26.320810473262448
-26.320821599079615
-26.320835456402037
-26.320842627331576
-26.320851551047465
-26.320860394213483
-26.32086668528875
-26.32087190485843
-26.320885269254457
-26.320890039654607
-26.320896141689932
-26.320902318875174
-26.3209102732762
