500 iters for seed 193 on ER0.3 which is in the 72.99423217773438 percentile
 Maxcut: 30.0, MedianCut: 20.0
-20.1386762857415
-20.22881941257901
-20.278508743303533
-20.32484545536985
-20.361444824047673
-20.394994663759473
-20.424683462738336
-20.449101024027254
-20.464254835990374
-20.477587452677575
-20.49046814920371
-20.5021847861343
-20.51271918352305
-20.521863403662653
-20.53058348532381
-20.537888398566515
-20.54824275681883
-20.557645897954217
-20.566149455131903
-20.576613979180216
-20.58599387589406
-20.592144872702725
-20.59671453005969
-20.601276902814657
-20.60562966627843
-20.608820387516452
-20.61276222837792
-20.615811774085692
-20.61934301616671
-20.621631919964265
-20.623557140736356
-20.62645836935967
-20.628905762640045
-20.631171937787755
-20.633581816797836
-20.636169523031747
-20.638732370985274
-20.64072952026306
-20.642202767660635
-20.643662939840468
-20.644855429405272
-20.645824904992047
-20.646517047305846
-20.647425919730026
-20.64856765477341
-20.64950143020381
-20.650956661160315
-20.651912934484578
-20.653158180667326
-20.654197568846463
-20.656319113854476
-20.65796899311777
-20.65953194782636
-20.660938011886863
-20.663100313208194
-20.66537984099865
-20.666769286221577
-20.669705374520984
-20.67197042212789
-20.673719377101683
-20.67577962367272
-20.6769766824258
-20.678870951667427
-20.679805994785838
-20.680947181300603
-20.6816377415554
-20.6825894886178
-20.68316485141327
-20.683910406360738
-20.684636697031777
-20.685413525636868
-20.68626959511056
-20.686955076408005
-20.687540108474053
-20.688447465921882
-20.68898686323791
-20.689463245956873
-20.690284975221854
-20.6907800653657
-20.691200797441006
-20.691773314968792
-20.69216029198066
-20.692369736071488
-20.692947873577708
-20.69332694335932
-20.694106232491492
-20.694519289138366
-20.69493733794479
-20.69535820809396
-20.695725141363837
-20.696089405090458
-20.696608651615634
-20.696871276509707
-20.697224660807393
-20.697469484392666
-20.697761246372597
-20.69799724521934
-20.698272539988217
-20.698552671049256
-20.698960274216347
-20.699207635747804
-20.699465899411415
-20.700006015213724
-20.700309053127906
-20.700851634810416
-20.70130073547996
-20.701674310954843
-20.701964682515094
-20.702209079926295
-20.70254333245167
-20.702841822957325
-20.70322540282762
-20.703773044304274
-20.704045554571753
-20.70443939079574
-20.704727176538242
-20.7050755203112
-20.705420765673228
-20.705670135236097
-20.7058757612981
-20.706172272638895
-20.70630284873615
-20.706509564117514
-20.706731875716812
-20.706997428172976
-20.707156523677174
-20.70733476217576
-20.70761201198338
-20.70780939703444
-20.708070713382753
-20.70823397628692
-20.708455240431636
-20.708699243295133
-20.708963751345927
-20.709184897252484
-20.709331954344282
-20.70952435575072
-20.709787154417977
-20.70998272615749
-20.71044831443678
-20.710731057889735
-20.71120142812962
-20.71163974146775
-20.712070894956064
-20.712470184596345
-20.71286386848456
-20.71327349599274
-20.713455348560245
-20.713833175781154
-20.714030168110423
-20.714310897689796
-20.71467374119784
-20.715015541133535
-20.7152452947496
-20.71543742755861
-20.71570914694841
-20.715871464867405
-20.716075414479057
-20.7164138093496
-20.7165417670881
-20.71678349395212
-20.716940240153736
-20.717134229839257
-20.717436413267293
-20.7176419778142
-20.71783227264639
-20.71801662276423
-20.718228671754623
-20.718522402964965
-20.718782797636777
-20.719020327581283
-20.719244065333545
-20.7194846227383
-20.71973640483041
-20.71995147341993
-20.720144274090167
-20.720331354062438
-20.72038502793122
-20.720542346879476
-20.720600364042486
-20.72068803636016
-20.720831791824043
-20.720911303486524
-20.721078400061824
-20.72115775456821
-20.72124713553639
-20.72138851828948
-20.721473087515395
-20.72161025007782
-20.72170434350969
-20.721776423339122
-20.721873448915773
-20.721939317888854
-20.722013293441773
-20.722106973312222
-20.722166605656867
-20.722259864810773
-20.72232990374336
-20.72242524827306
-20.722508654092596
-20.722603725932892
-20.72267195836963
-20.722747654480713
-20.722814646216293
-20.722877929072734
-20.722943713648277
-20.723003657449716
-20.723048682468786
-20.723142785440487
-20.72323235395889
-20.723285082276593
-20.723371168084444
-20.723437092939456
-20.723510746962372
-20.723580142478074
-20.723661070937567
-20.723739112103004
-20.72380610755644
-20.723869925182143
-20.723948393851128
-20.723998121347933
-20.724078792102727
-20.72411721113827
-20.72417811676745
-20.72424377675774
-20.724329774094866
-20.724414631523945
-20.724493901136867
-20.724562026096187
-20.724640003271457
-20.72471695948836
-20.72478901069386
-20.724842055840732
-20.724911043735215
-20.72497743646156
-20.725024607421698
-20.725131102938143
-20.72517306704576
-20.725268206142417
-20.72534598687536
-20.725422260694017
-20.72557237184654
-20.72570545833088
-20.725964023818204
-20.726120769308604
-20.726292304363398
-20.72643462234239
-20.726600858485735
-20.726717750554265
-20.7268760487031
-20.727106186278597
-20.727335635455677
-20.72755960207974
-20.727801408247995
-20.72803887980197
-20.728220509518792
-20.72841982690784
-20.72863563147632
-20.72876388735222
-20.72900434270872
-20.729155366751804
-20.729374710418263
-20.729594676555124
-20.729772677269818
-20.729934027378626
-20.73007046646066
-20.730232542057593
-20.7304402805931
-20.730557175440016
-20.73072143033701
-20.730859141728644
-20.731012886906946
-20.73116218434385
-20.731257553563328
-20.73138253248346
-20.7314939285334
-20.731618017368696
-20.731749233751607
-20.731875957960188
-20.73202366390881
-20.73211700306517
-20.732212176045824
-20.732339737529763
-20.732410310518027
-20.732495825477457
-20.732605172715083
-20.732624154373696
-20.732687702617486
-20.73273041074578
-20.732783195927205
-20.732854183873272
-20.732958083427153
-20.73306309806719
-20.733115083302337
-20.733214556326146
-20.733285791038444
-20.733367390795667
-20.733439071506567
-20.733482557935645
-20.73356173962186
-20.733631289511344
-20.733683106105524
-20.73371667423974
-20.733758114565894
-20.733797736138346
-20.733858125132972
-20.733894593474613
-20.73393246996546
-20.73397108988341
-20.734016316546807
-20.734093167788732
-20.73412056550275
-20.734183847516682
-20.7342120359249
-20.734250459784203
-20.734281969716974
-20.734321233505298
-20.734344747995614
-20.73436848017412
-20.73442290374976
-20.73445313548189
-20.73448734644259
-20.734517666574472
-20.73455190185075
-20.73459478516812
-20.734640631331338
-20.7346835607597
-20.734731234909866
-20.73474670814757
-20.73481055792486
-20.734835059230047
-20.734866205692256
-20.734914921951393
-20.73496755932232
-20.735009030942866
-20.735043203095646
-20.735088138170156
-20.7351197207424
-20.735149363742487
-20.735180548834933
-20.73520349628405
-20.735236955181044
-20.735259410864835
-20.735279694671874
-20.735295614742764
-20.735316671111345
-20.735323387820053
-20.735349982872904
-20.735359480549405
-20.735371973628286
-20.735392485361885
-20.735415760581827
-20.735446715261794
-20.735459880280107
-20.7354763786968
-20.735489620801534
-20.735505823121535
-20.73552060972599
-20.735529839818305
-20.735541209540802
-20.735559875336982
-20.73557477112219
-20.73558456742036
-20.735607326954472
-20.735623739028846
-20.735643643855724
-20.735667035471646
-20.735686862597408
-20.735706533758023
-20.735723282588687
-20.735742951512044
-20.735760985143326
-20.735775265899125
-20.735806117584914
-20.735818178176146
-20.73582979295451
-20.73586324020708
-20.73588013062241
-20.735901349454526
-20.735926605066577
-20.73594528831994
-20.73596405942259
-20.735990123464145
-20.736006916333842
-20.73602471430986
-20.736040959013472
-20.736056338633237
-20.736077487118152
-20.73609087897009
-20.73611444135764
-20.736137593104058
-20.736149844685702
-20.736179932375265
-20.73620417552729
-20.736234411494753
-20.73627029332774
-20.736302174959288
-20.73632810721129
-20.736352156046667
-20.73637465166
-20.736403366548473
-20.736413413565636
-20.736452374327392
-20.736466341450992
-20.736487813452225
-20.73651897115723
-20.736535194435213
-20.73656753747069
-20.73659152861016
-20.736616005038552
-20.736633453875445
-20.73664764938976
-20.736668785129797
-20.736687912845223
-20.73671500272728
-20.73674966355921
-20.73676800803522
-20.736798006207977
-20.7368174301285
-20.73684624821876
-20.736873659296446
-20.736894238915408
-20.736913901941477
-20.736946086301096
-20.73697292479487
-20.73700720259081
-20.737024231491134
-20.737066618013067
-20.73708740270122
-20.73711143750016
-20.73714790977122
-20.73715698365081
-20.73720844353199
-20.737223258628052
-20.73724905895441
-20.737262154002288
-20.737284038638602
-20.737306711328934
-20.737331517080804
-20.737356929776304
-20.73738556288108
-20.73740838344647
-20.73743548477816
-20.73745737197239
-20.737477226366327
-20.737503121385828
-20.737517825119255
-20.737536635963885
-20.73756261728839
-20.737576864679095
-20.737606691695916
-20.737647456214518
-20.737670692364773
-20.737705723667712
-20.737732603431624
-20.737767814413786
-20.737814108962368
-20.737866480797393
-20.737899263723413
-20.73795354307634
-20.73797562541276
-20.73801020944252
-20.7380619788865
-20.738102759328417
-20.738154971936424
-20.73822016298312
-20.7382607517717
-20.738316609719675
-20.738351939604886
-20.738403769861577
-20.738482246120775
-20.73851148425104
-20.738573450760043
-20.738601449846108
-20.738636616514878
-20.738679413476277
-20.738723839577
-20.7387751456488
-20.73881537277007
-20.73885459363276
-20.73892043080673
-20.738969397765445
-20.739013013690418
-20.739089379456274
-20.739137111085007
-20.73917592540048
-20.739276262979633
-20.739321588808643
-20.739373805088462
-20.739444533940354
-20.739493933050188
-20.739559811841122
-20.73962195573141
-20.739664802915208
-20.739716425216223
-20.73972493478096
-20.73980314725018
-20.73982444095322
-20.73986179997472
-20.739914920410875
