500 iters for seed 165 on ER0.3 which is in the 48.558807373046875 percentile
 Maxcut: 33.0, MedianCut: 21.0
-20.998119224480522
-21.03076075048601
-21.190363875562515
-21.271034060003835
-21.295807519851767
-21.356584122640275
-21.412181008906515
-21.442734506851682
-21.47040853563682
-21.497241966288925
-21.517448746157335
-21.5353391646541
-21.552187065947333
-21.56574910202957
-21.57525527083074
-21.58656066203831
-21.59560484770503
-21.60244752420211
-21.60842004691032
-21.614552423399413
-21.617789554168088
-21.621966679967123
-21.625917911823286
-21.630170404619225
-21.63445124759645
-21.638085492678176
-21.641672041854534
-21.646052689676058
-21.649770852273797
-21.65294407136948
-21.65559529279207
-21.657717010181504
-21.65959022229477
-21.661448574408222
-21.663051491241877
-21.664358518391584
-21.665801973572975
-21.66747465876876
-21.669147804420025
-21.67136281104942
-21.67345758825533
-21.67618837690539
-21.678723307516936
-21.68096416065278
-21.683377322487797
-21.68590605383362
-21.68784661960165
-21.689447990306363
-21.691644847268048
-21.69366526261585
-21.6954879695451
-21.697472830102107
-21.699395878186866
-21.70140667423848
-21.703054345977517
-21.70439477731246
-21.705865579480893
-21.707137704111776
-21.708062413060393
-21.708858761391905
-21.709551621228023
-21.71027064913646
-21.7109958233342
-21.71170257388552
-21.712429628590407
-21.713080357674727
-21.713769915160224
-21.714390394497315
-21.715065852611314
-21.715831066168835
-21.716354595881274
-21.716852202239114
-21.717674720364297
-21.718177695881366
-21.718842825587398
-21.719645965941336
-21.720222861301608
-21.72057724725929
-21.72106435206957
-21.721448513186072
-21.721839512590893
-21.722167444075975
-21.722530440284434
-21.722923975826887
-21.723406941850804
-21.7238209489742
-21.724203879861637
-21.724631801155557
-21.72513754023583
-21.72568005860728
-21.726159877725358
-21.726751455290113
-21.727192042046997
-21.72770343391944
-21.728287772066103
-21.728675544145414
-21.72909842515254
-21.72950075738327
-21.72982915006237
-21.730040113731597
-21.730462752155223
-21.730556124991622
-21.73081141812962
-21.730955925647958
-21.731145194367784
-21.731412090950997
-21.731584990813055
-21.731882851391234
-21.732092885513637
-21.73236046732301
-21.732541854284243
-21.73276423755437
-21.733049699338213
-21.733274546029392
-21.733427063361805
-21.733857861945967
-21.73402972699735
-21.734282390371042
-21.734656319401733
-21.73498549815285
-21.735372918041694
-21.735749613255912
-21.73610771007384
-21.73653691003757
-21.736988862975977
-21.737380913672343
-21.737792928174475
-21.738399727766254
-21.73915265603503
-21.739837778621517
-21.740542905541147
-21.741193720315334
-21.74191482687337
-21.742683570955354
-21.743228565362255
-21.74402703647668
-21.74468710881441
-21.745151638295454
-21.745778173761856
-21.74630673925177
-21.74672054928141
-21.747107828722655
-21.747521968077244
-21.747881480726342
-21.748214472384625
-21.748499181268382
-21.748762767098807
-21.749087217415223
-21.749380970684875
-21.749618008900786
-21.749909953095102
-21.750106268442
-21.75038069565113
-21.750558307899322
-21.750746603986812
-21.751125601783855
-21.751329443819458
-21.751587623078983
-21.75182031671153
-21.752060935991132
-21.75236242485534
-21.752676255415558
-21.753027852576416
-21.75327559611759
-21.753515824360967
-21.753854730579377
-21.754109888322848
-21.75429847939854
-21.754748553311163
-21.75494460221641
-21.755300746189025
-21.75562821626241
-21.755935830559537
-21.756084180325068
-21.756576278925465
-21.756797024147264
-21.757042522133624
-21.757403379655397
-21.757673367911188
-21.758026642332045
-21.758287802593493
-21.75861112266535
-21.75889463243813
-21.75912868696761
-21.759420579769177
-21.759640908180174
-21.75988977715953
-21.76014737671663
-21.760355314373516
-21.760467371004413
-21.76067841681939
-21.7607762206699
-21.76091247459491
-21.761067362676794
-21.761167549143643
-21.76135057550946
-21.761505746797653
-21.761605827803436
-21.761707740995845
-21.761795071905826
-21.761867861141628
-21.761946430307425
-21.761985112660675
-21.76204887410511
-21.76209486666763
-21.76216781043742
-21.76220591506894
-21.76224638274659
-21.76230275487216
-21.762370272757245
-21.762433705805638
-21.762496427363843
-21.762548600900253
-21.762599874365275
-21.76267107737224
-21.762716548392657
-21.76280490470289
-21.762858596031215
-21.762906419646125
-21.762958214585865
-21.76300230497332
-21.763047913325686
-21.763110165207447
-21.76314325141221
-21.76319521957909
-21.763236777020257
-21.76329617570356
-21.76334806012593
-21.763389869556825
-21.763464714350842
-21.76351616748941
-21.76357254118124
-21.76361838742018
-21.763664104713047
-21.763679755376177
-21.76377000489351
-21.763796724126028
-21.763833418811082
-21.763893654343256
-21.763907960376496
-21.764026960649247
-21.76406408616111
-21.76410894338025
-21.764158731769143
-21.7641948172474
-21.76424348209687
-21.764279036815605
-21.764320988225933
-21.76433048208125
-21.764382243338027
-21.76440788313264
-21.76443618109355
-21.764478855972627
-21.764492673508855
-21.764578680598248
-21.764603149606256
-21.764630892178193
-21.764664832895203
-21.764691316326484
-21.76472730383313
-21.76474925803629
-21.764780121590295
-21.764802962379576
-21.764826114189873
-21.764855831726344
-21.764873651342278
-21.76490899625977
-21.76493657546297
-21.76496618486798
-21.764988185024478
-21.76500712518434
-21.76502634112078
-21.765043679049167
-21.7650628248866
-21.765081165607047
-21.76510304815976
-21.765124261596625
-21.765145517867904
-21.76516907408571
-21.765192063544525
-21.765219874278994
-21.765238326447896
-21.76526143757793
-21.765272779500222
-21.7653081160121
-21.76532331208347
-21.765338985113242
-21.765363898321482
-21.765370448263173
-21.76540483877773
-21.765415285791626
-21.76543352283235
-21.76545049906786
-21.765472467063482
-21.765485187121797
-21.765499343414255
-21.76551471867799
-21.765530960911395
-21.765541702914266
-21.765553654344277
-21.765563435806833
-21.76557220538098
-21.76558407804513
-21.765588350545524
-21.7655988787858
-21.765606184967403
-21.7656130655546
-21.76562532481621
-21.765634182265998
-21.765648793843276
-21.765659024899442
-21.765674308388114
-21.765689803790565
-21.765704366469024
-21.765720396053347
-21.76573408173877
-21.765743068948282
-21.765767207362693
-21.765769893370035
-21.76578494661654
-21.765794630149
-21.76580789780305
-21.76582469734174
-21.765834109110443
-21.765849996698858
-21.765861573118176
-21.765877967765864
-21.765892445644436
-21.76590616309754
-21.765934415520842
-21.765943639868127
-21.76596170143074
-21.765980325064085
-21.76599575799964
-21.76602584345485
-21.76603839863496
-21.766061864213036
-21.766079623006274
-21.766102393491757
-21.76612086340827
-21.766134169989954
-21.766151741232722
-21.766163170922216
-21.7661777812865
-21.766192414969385
-21.76620933891345
-21.76621847120749
-21.766240378305408
-21.76624819832767
-21.766257848985205
-21.766274086287645
-21.76628353160912
-21.766295891481615
-21.766310193945273
-21.766321704465014
-21.76633368605974
-21.76635470844885
-21.766369785324077
-21.76638607025428
-21.766404497927695
-21.766430608737164
-21.76645008775514
-21.766467975262834
-21.766499663543005
-21.76651716508539
-21.766541500816654
-21.76655707361502
-21.76657384716818
-21.766592302276393
-21.766616661082015
-21.766634347664386
-21.766652872392307
-21.76667600747747
-21.766697637683812
-21.766724849764092
-21.76675152917108
-21.766787431505563
-21.76681266238147
-21.766842507904503
-21.766881986089682
-21.766906305051243
-21.766943991285267
-21.766977401156385
-21.767009678718907
-21.76703835068245
-21.76707307654436
-21.767111567027584
-21.76714077936791
-21.76716753241096
-21.76719457871686
-21.767228877518534
-21.767254067546965
-21.76727778833407
-21.767304789412485
-21.767336500460285
-21.76736730054905
-21.76739421705276
-21.767426532856668
-21.767455503441813
-21.76749419685097
-21.76753706108088
-21.767575187433977
-21.76761213885844
-21.767651995446524
-21.76768770824009
-21.767729739074504
-21.767767233889646
-21.767795395491728
-21.767821337748565
-21.76785038057603
-21.767880314652313
-21.76790667632539
-21.76792063374073
-21.76795029552071
-21.76796008708295
-21.76798634940795
-21.768004805460315
-21.768019077192246
-21.768040840644176
-21.768056037228927
-21.76807142823769
-21.7680844592855
-21.768103490454592
-21.768120561929955
-21.76813760518502
-21.76815695216751
-21.768171841185552
-21.768185798857353
-21.76820012503345
-21.768208056030108
-21.768218987250567
-21.76822701190264
-21.768241999493537
-21.768249312260664
-21.768257836718217
-21.768270789709312
-21.76828115566562
-21.76829332266817
-21.76830046417385
-21.76830800498031
-21.768316530719453
-21.76832496927439
-21.768331879334134
-21.76833902024614
-21.768354834027953
-21.768362190307002
-21.768370444989124
-21.768377733463765
-21.76838489502255
-21.768393511201527
-21.768403876416784
-21.768412028331014
-21.768420419707297
-21.768427921101974
-21.768438093127184
-21.76844620751537
-21.76845169187659
-21.76846405036232
-21.76846579549031
-21.768477077736907
-21.768483889515927
-21.768492178981575
-21.76850246173184
-21.76850917939472
-21.768522708159626
-21.76853398123647
-21.768544276801272
-21.768553138414468
-21.768559467673505
-21.768571921112756
-21.76857586069512
-21.768584158615898
-21.76858878754598
-21.76859438252736
-21.76860446518544
-21.76860741252277
-21.768620793558796
-21.768626458152454
-21.76863566704914
-21.768647932665484
-21.768661437094682
-21.768670840143038
-21.768681750186865
-21.76868853511747
-21.76869826441013
-21.768707841449686
-21.768715443565256
-21.768721102678505
-21.768731468177684
-21.768734572099632
-21.768743227283352
-21.76874971647244
-21.768756416434925
-21.76876643353382
-21.768771446953007
-21.768781475800143
-21.76878922684037
-21.768799690965864
-21.768805854486384
-21.768813977836267
