500 iters for seed 81 on ER0.3 which is in the 77.54745483398438 percentile
 Maxcut: 32.0, MedianCut: 22.0
-21.510443406400057
-21.51561764989873
-21.62082339914065
-21.663284486394566
-21.71586344818659
-21.792061691872906
-21.82240137659495
-21.87809908661344
-21.915403044605114
-21.943935794775534
-21.960942470201093
-21.983636256261576
-21.999000576956682
-22.013780641023246
-22.027457493936062
-22.042185710657527
-22.056014250500652
-22.06732455877364
-22.0777218300602
-22.08596412971023
-22.093194557535096
-22.098848291169944
-22.103982898155657
-22.108234763671014
-22.111898323011964
-22.11533329112431
-22.11885704087343
-22.121789797929406
-22.12562009740337
-22.13010352893106
-22.1331634833162
-22.13694278817899
-22.13992809908476
-22.142151924768722
-22.144210229141294
-22.146247003360777
-22.14759854781131
-22.14924762681681
-22.151706579983205
-22.154388719928455
-22.15629626209279
-22.15794342331737
-22.1599347013344
-22.16163749426897
-22.163919744213423
-22.165934133843393
-22.167772749429766
-22.169963542822693
-22.17079829171777
-22.17369552899343
-22.175073030265118
-22.17651170800425
-22.177896516034362
-22.179490060361363
-22.18072226450063
-22.18199511822599
-22.182900107030612
-22.18406137250652
-22.18494860870726
-22.185905655865355
-22.187443952875228
-22.188005836768614
-22.18918505055254
-22.18977296899304
-22.190611462421995
-22.19141190285128
-22.192361805129067
-22.193044084912252
-22.193738741463704
-22.194237884956955
-22.195166357572525
-22.195727101527353
-22.196206464021905
-22.197084787885164
-22.197541204503075
-22.198249519852055
-22.198833945534012
-22.19942112618589
-22.199918185541975
-22.200432008974154
-22.20095275355108
-22.20137472957346
-22.201927940831975
-22.2024267485809
-22.20285122768618
-22.20332906487833
-22.203797547700823
-22.204324617946977
-22.204688812816254
-22.2050365623452
-22.20537304647488
-22.2057795765691
-22.20597091484534
-22.20625340646261
-22.20656554354459
-22.206927998918673
-22.207340976981502
-22.207585859570575
-22.207844092683956
-22.20814210671187
-22.208408710348117
-22.20880019908808
-22.209127369333487
-22.209373483208932
-22.20966408597686
-22.209890030416975
-22.210177649944306
-22.210538405407505
-22.21075496285794
-22.210971527809132
-22.211407346990534
-22.211601707754212
-22.211834021799906
-22.21216495892414
-22.21238171067847
-22.212698113856195
-22.213148035945075
-22.213389720890955
-22.213758157588412
-22.214089151231907
-22.214474408592935
-22.214937045775013
-22.215311532507073
-22.215866068712064
-22.216400336171695
-22.21703242434344
-22.21767189020571
-22.21846885560741
-22.219145072240295
-22.21974886193388
-22.22038513641094
-22.22096788806882
-22.221511350220844
-22.22195017476871
-22.222349891139174
-22.222881150270844
-22.223372158198817
-22.223790626029675
-22.22421713806815
-22.22457783149091
-22.225025856973343
-22.22547014916909
-22.225897257274756
-22.226357397446485
-22.22682303520271
-22.227210755274985
-22.227529096775676
-22.228047779084168
-22.228317904657114
-22.228760407815116
-22.229015878638982
-22.229317624632202
-22.229513086755357
-22.22990497175749
-22.230099942250696
-22.23034424047655
-22.230628197874132
-22.23092821163725
-22.231113801186883
-22.23136755547482
-22.23159670493888
-22.231872752082303
-22.23217675504635
-22.232408462617023
-22.2326285741441
-22.232978209204845
-22.233235149300537
-22.2335095422509
-22.233877250872112
-22.234161489635333
-22.234539281602586
-22.234964963663142
-22.235223876464026
-22.235664898635164
-22.236098691354634
-22.236603001678336
-22.236958374107413
-22.23740685709097
-22.237767067320068
-22.238172820865326
-22.23863653528722
-22.23895695606236
-22.239348023844563
-22.23992414323302
-22.24038694599717
-22.240867660573734
-22.24135668977206
-22.24169950443426
-22.242143880709428
-22.242674640318487
-22.24307060808594
-22.243442139509646
-22.243919637543854
-22.244265352352645
-22.244677689313175
-22.2450957360605
-22.245458128784694
-22.245793905387554
-22.24625405492336
-22.24659694642294
-22.246900229000687
-22.24725056259586
-22.247505011513315
-22.247923815766722
-22.24820659014117
-22.248508827637952
-22.248761121613565
-22.24901169026915
-22.24925385463824
-22.249580466049217
-22.24975929698035
-22.249979699884157
-22.25008648934523
-22.250325296113186
-22.250457543047578
-22.250574465109825
-22.25078096160398
-22.250895755350907
-22.251083187022534
-22.251210781724005
-22.251338200338342
-22.251463420108124
-22.251573502249826
-22.251701530957767
-22.251837246951915
-22.251950251944535
-22.252055381266572
-22.252177333866484
-22.252262465532795
-22.252378590522017
-22.25246675212584
-22.252550856741294
-22.252633158118446
-22.252711982235198
-22.252794499237705
-22.252865082963734
-22.25295578118177
-22.253025535657805
-22.25309105327538
-22.253163742527672
-22.25322999820669
-22.25327933026851
-22.253399744696964
-22.253440540392525
-22.253511751636204
-22.253598470773102
-22.25368309585805
-22.253754732490172
-22.253820170236175
-22.25386770858913
-22.25393539205684
-22.25398648595614
-22.25403546345844
-22.25409935403397
-22.254153053749818
-22.254204572145003
-22.254252541458087
-22.254305114984362
-22.254347393683396
-22.25441169069008
-22.2544437817041
-22.254485746990262
-22.254504300885003
-22.254572735841897
-22.254601845222453
-22.254634522794127
-22.254683333135418
-22.25471640830407
-22.25476681206641
-22.254801857703377
-22.254847604864075
-22.25488036620224
-22.25492348303461
-22.25494924598609
-22.25498324880185
-22.255019909718605
-22.25505932808287
-22.255084732489625
-22.255122654734404
-22.255150540090558
-22.255177037177912
-22.255218471202348
-22.25524229974894
-22.255262830209173
-22.255307941476623
-22.255324961243637
-22.25534595937973
-22.25537096260382
-22.25539494327056
-22.255435313336147
-22.255469665500485
-22.25552903564774
-22.255562762649113
-22.255601720047842
-22.255635124050883
-22.255669169217587
-22.25571631789561
-22.25574527403225
-22.25577505258216
-22.255816669472004
-22.2558440483281
-22.255884340998897
-22.25591589583836
-22.255944786833847
-22.255967363074625
-22.255989561991793
-22.256011700566013
-22.256040120712186
-22.256074650180626
-22.256108662900527
-22.256139309568965
-22.25616264705673
-22.25620021547602
-22.25623578069034
-22.256270329927364
-22.2563059082645
-22.256355050140954
-22.256410140377746
-22.256458698881865
-22.256497789633297
-22.256524981109482
-22.256551008259763
-22.25658395273538
-22.256612032964657
-22.25663892750987
-22.256675038988067
-22.256700377278282
-22.2567357200151
-22.256767573641703
-22.25680168363649
-22.256817255632935
-22.25685162132445
-22.25686315158888
-22.25689564482596
-22.25691418710168
-22.256931285680103
-22.256954094211263
-22.25696851891937
-22.25699244498952
-22.257001592698398
-22.257017021661113
-22.257022147253895
-22.25704353615851
-22.25705595041345
-22.257069968971358
-22.25708874098415
-22.25710529890528
-22.257122279234302
-22.257132948172472
-22.257144999936585
-22.257155257857743
-22.257180811748363
-22.257187589140965
-22.257196540051726
-22.25720703684088
-22.257219958856513
-22.257230106212454
-22.257237907989495
-22.257245984127415
-22.257252601495946
-22.25726041831764
-22.257266785018594
-22.25727499472322
-22.257279734983467
-22.257284542575793
-22.25729171335288
-22.257299981049407
-22.257305950519914
-22.25731165407068
-22.257316342740822
-22.257322945892643
-22.257329053392947
-22.257336199299864
-22.257339079429002
-22.257344728849425
-22.257347282298745
-22.25735184149896
-22.25735545394099
-22.257358395235435
-22.257364183575564
-22.257367113216134
-22.25737185977958
-22.257375258023078
-22.25737899792466
-22.25738209595088
-22.257385239739694
-22.257389973870165
-22.25739336603542
-22.257399277010364
-22.257401798353605
-22.25740782906639
-22.25741066267172
-22.257414099051708
-22.25741889764932
-22.257422748822254
-22.257425564607075
-22.257427774168853
-22.25743042341019
-22.257434029342978
-22.257437586235014
-22.257439649601142
-22.257442432055715
-22.25744569584866
-22.257448791389944
-22.257450865451524
-22.25745248789996
-22.257454355208097
-22.2574565184109
-22.25745835405685
-22.257459885880333
-22.25746214761822
-22.25746444721465
-22.257466553675684
-22.257468289457254
-22.257470988061865
-22.25747335585067
-22.257475788933665
-22.257478386874432
-22.257481289712395
-22.257484391709074
-22.25748735823945
-22.257489967527146
-22.257492450459452
-22.257495026513684
-22.257497780070693
-22.257500463436628
-22.257502519086202
-22.257505386765374
-22.257507530064885
-22.25750952537626
-22.257512500651075
-22.257514245417664
-22.257517202901987
-22.257517928392083
-22.25752023081045
-22.257521136534066
-22.257522499069072
-22.257524318374628
-22.257525371524192
-22.25752702298329
-22.25752789019653
-22.257529280458343
-22.257530061138368
-22.257532541836518
-22.25753350143661
-22.25753464369004
-22.257536440565815
-22.257538033128643
-22.257539928768303
-22.257540918727813
-22.257542361397483
-22.25754318705443
-22.257545242205087
-22.257546024840423
-22.257546907857048
-22.257548311172133
-22.25754956511018
-22.25755054503389
-22.257551669450297
-22.257552742332734
-22.257554394942243
-22.257555992309417
-22.25755758926963
-22.2575590991678
-22.25756088745909
-22.257562773854307
-22.257564858396297
-22.25756645296299
-22.257568303872304
-22.257569680864915
-22.257571540658194
-22.257572948638604
-22.257574329913744
-22.257575185608996
-22.257577681275507
-22.257578347034094
-22.257580566847626
-22.257581868143188
-22.25758355763823
-22.257586289107266
-22.25758717901281
-22.257592155243863
-22.25759366579168
-22.257595585911552
-22.25759817841639
-22.257601575225543
-22.257605095761757
-22.257607555973348
-22.257609979985112
-22.25761321568444
-22.25761699064172
-22.257621353405188
-22.257625057245626
-22.257627357308973
-22.257632629399613
-22.257634660334187
-22.257637090353377
-22.25763978947964
-22.257641467455265
-22.257644122796847
