500 iters for seed 98 on ER0.3 which is in the 19.632720947265625 percentile
 Maxcut: 32.0, MedianCut: 21.0
-20.693825140861247
-20.80370924692983
-20.859040138843334
-20.89633474100501
-20.92840841696885
-20.950135770867153
-20.97086017778043
-20.986987952776744
-21.00702290858241
-21.022438120546617
-21.034651172973412
-21.046081129128737
-21.058283635592836
-21.067332096260586
-21.075349171666748
-21.084252721031003
-21.091790465534636
-21.099423398791316
-21.104417501029847
-21.109203415084572
-21.112957084461637
-21.118139391798906
-21.12223331284398
-21.126710120827234
-21.13075295021215
-21.134288931105026
-21.137671795321335
-21.1415158956251
-21.145832838214503
-21.149407402684645
-21.152874357437103
-21.156440823895906
-21.15993067746109
-21.1631776287577
-21.166316501206783
-21.168783476740014
-21.1706472427215
-21.172410488319326
-21.173866107238613
-21.175392316104933
-21.17660468528906
-21.1780886115129
-21.179278647781093
-21.18083582165866
-21.181738421074176
-21.182996514869586
-21.18429354894557
-21.185873040572293
-21.186756597611776
-21.187799972993115
-21.18896752163872
-21.190329992815997
-21.191853334652425
-21.19321846352331
-21.194699960559436
-21.196399869113108
-21.197639082636353
-21.198880040523004
-21.199835839709046
-21.200969907877095
-21.20196791590394
-21.20302454456812
-21.2038700285063
-21.204669049899607
-21.2054793188092
-21.20626790527162
-21.206803440142224
-21.207309133790393
-21.207843562485266
-21.208317513279695
-21.208674963757343
-21.20920824903553
-21.20961016574852
-21.210158043384496
-21.21059918012011
-21.21099680492134
-21.2116811048923
-21.21202723625001
-21.212532370028566
-21.21282219503967
-21.213205255427972
-21.213606732274553
-21.214142063586774
-21.214473415739064
-21.214883907237176
-21.215213340037565
-21.21561420381543
-21.21599045610877
-21.216239533453127
-21.216581060395455
-21.216927577440586
-21.21724813436746
-21.217519101877684
-21.217841226725902
-21.21817025509792
-21.21847655999715
-21.21874588796789
-21.218914568316347
-21.219409416859136
-21.219575300325175
-21.21983677984663
-21.220192414749466
-21.220590265988726
-21.22094380858269
-21.22138715260707
-21.221653382275534
-21.221947321945393
-21.22242516246107
-21.22268265195118
-21.22317595915046
-21.223457418066356
-21.224259100485646
-21.224634939647245
-21.225033636898914
-21.22540753787628
-21.22590908990688
-21.2261670743626
-21.226587304321722
-21.2268808313023
-21.22723277652021
-21.2274252040021
-21.227703705987448
-21.227896833583188
-21.22826757499082
-21.22842888274269
-21.228639040153194
-21.22890177725067
-21.229172412085603
-21.2293782582027
-21.22963742609467
-21.229800206315563
-21.22998080977999
-21.23025261770601
-21.230395770441497
-21.23058230224346
-21.230831350260093
-21.231140385691326
-21.231258326205037
-21.23158584407667
-21.23168830639911
-21.232014579877898
-21.232221676585663
-21.232470512943213
-21.232852619394386
-21.233107887908837
-21.23343999642084
-21.23368624621544
-21.233957786543378
-21.23423437246705
-21.2345074978207
-21.234786607648534
-21.234983927593234
-21.235224326516814
-21.235485715774573
-21.23572109448787
-21.235900083991176
-21.236153685947567
-21.23630025799467
-21.236506449895657
-21.236664002760296
-21.236814723222114
-21.236879071011742
-21.23712159722299
-21.237213355175207
-21.237330279329775
-21.237509209882255
-21.237541953588625
-21.23780029213186
-21.237865552979986
-21.23796876739953
-21.238011996056578
-21.238130121945364
-21.238205283441346
-21.238285551403976
-21.23841557778191
-21.23852893705634
-21.238633707172742
-21.23871129094603
-21.238795790508917
-21.238922411442577
-21.2390292266047
-21.239115594715265
-21.239205484314706
-21.239309030355827
-21.2394166782744
-21.239479992309047
-21.239556609082673
-21.23964132865916
-21.23976099365273
-21.239830632329923
-21.239901017073443
-21.240007510193138
-21.240109666453044
-21.240199015280087
-21.24027823146156
-21.240348571063173
-21.240437532788558
-21.24050507967981
-21.240561427620015
-21.24061674727639
-21.24067907543156
-21.24073363194535
-21.240787980253025
-21.240844757862508
-21.24089801058741
-21.24094680358519
-21.240997858685493
-21.241051542990995
-21.241121670536547
-21.241163521979047
-21.24121322810297
-21.241262869155605
-21.2413046539303
-21.241338424190452
-21.241411011910156
-21.241437941274786
-21.241477263849532
-21.241531568601136
-21.241581938240998
-21.241619808581753
-21.24167070227674
-21.241712421802234
-21.241775012926997
-21.24183237237449
-21.24188634456229
-21.241930216628866
-21.241988663536524
-21.242050257457304
-21.24209924564764
-21.24215520838046
-21.24219904864956
-21.242239428950395
-21.24229918213576
-21.242340164836143
-21.24240760728371
-21.242446615463084
-21.24247998924985
-21.242519235670486
-21.242546788120702
-21.242580338453042
-21.242610028950466
-21.242640785680724
-21.242674840727567
-21.242699866135705
-21.24273927183423
-21.24275783187715
-21.24278564719208
-21.242802149146268
-21.242831597632502
-21.242850861237358
-21.24287015075553
-21.242895663399814
-21.242923071511207
-21.24293973126619
-21.242965084720385
-21.242981117089407
-21.24300050889234
-21.24302287178321
-21.24303516531067
-21.24305308235155
-21.24306830457166
-21.243078079779973
-21.243092632855458
-21.243099670224037
-21.243118788608786
-21.24312821545097
-21.243137539964994
-21.243153858216086
-21.243163899364962
-21.243180887500845
-21.24319208649419
-21.24320519486559
-21.243215946962852
-21.243224281412942
-21.24323515324906
-21.243242612869363
-21.243249908943866
-21.24326042332785
-21.243267509725058
-21.243284469204735
-21.243296763360117
-21.24331041499912
-21.243324189005214
-21.243332740005563
-21.243345616630506
-21.243356953893304
-21.243368907227236
-21.243379692701126
-21.243389920380803
-21.243399080226613
-21.24340617511138
-21.243416049071286
-21.24342570800384
-21.243434843025113
-21.24344534565262
-21.243453358621966
-21.24346032788401
-21.24346883889954
-21.2434748074378
-21.243480149928175
-21.243489877586683
-21.24349358030162
-21.24349877535324
-21.243507734989237
-21.24351237624364
-21.243517083635012
-21.2435264970853
-21.24352996762287
-21.243536141741902
-21.243543871809976
-21.243552894228877
-21.24355959121968
-21.243566337115535
-21.243572221625296
-21.243579104282233
-21.243586020334764
-21.243592183662777
-21.243597728539353
-21.243605439549185
-21.243611854143023
-21.243617015906402
-21.243625898138948
-21.243630274328986
-21.243635911318414
-21.243645619048145
-21.243650487131546
-21.243657715732624
-21.243663919663117
-21.243668800653108
-21.243676423988248
-21.24368053151579
-21.243687314157167
-21.243691085269063
-21.243695912531237
-21.243703170699703
-21.243710762169844
-21.24371620500139
-21.243722247785644
-21.243727809648565
-21.24373353725914
-21.24374488806644
-21.243748363778458
-21.243753472789273
-21.24376032404089
-21.243764568890512
-21.243774551052677
-21.24377624522443
-21.243786662805338
-21.24378918318807
-21.243794083614524
-21.243798759726726
-21.24380419196141
-21.243808128809924
-21.243811661561256
-21.2438173897089
-21.24382307581131
-21.243827688848405
-21.243833611059003
-21.243837995851035
-21.24384385048278
-21.24384882421021
-21.24385582565658
-21.24385897086238
-21.243865613778205
-21.243869202954087
-21.243875803645363
-21.24388036863958
-21.243884802503715
-21.243891269347404
-21.243897740022327
-21.243902745403517
-21.243907663686812
-21.243911829810898
-21.243918758414186
-21.243925675807002
-21.243932476723966
-21.24393686962211
-21.243942321809584
-21.243947607566326
-21.243953035821132
-21.243963144282034
-21.243970831410216
-21.243977439792644
-21.243994625938146
-21.24400260272443
-21.244011006891363
-21.244023079633465
-21.244030726531403
-21.24404959178444
-21.244052205320887
-21.24407148771616
-21.244076857292697
-21.24408733109652
-21.244099394217237
-21.24411270137316
-21.244123530199793
-21.24413484915835
-21.244144481226012
-21.244154699072283
-21.244167567827525
-21.24417814186301
-21.244188605543204
-21.244202982677432
-21.244208413543717
-21.244215242285094
-21.244222584680788
-21.24422880952593
-21.2442421957955
-21.24424890113838
-21.244260978706308
-21.244270186127512
-21.244279420929583
-21.244287943739913
-21.244298035397403
-21.24431032889541
-21.244320509208467
-21.244329533668896
-21.24434171795353
-21.244352714795774
-21.24436584763107
-21.24437525454647
-21.244383154403238
-21.244392515435536
-21.24440176186853
-21.244410768937854
-21.24441741555127
-21.24442531819887
-21.244431719790814
-21.24443994906672
-21.244445541410617
-21.244452123376945
-21.24445696794686
-21.244464261107225
-21.244470145219246
-21.24447680322202
-21.244483805158538
-21.244491183307396
-21.24449791662797
-21.244504624740557
-21.24451038246069
-21.24451714679791
-21.24452303773819
-21.24452768093284
-21.24453660846766
-21.244541632492798
-21.244547498387497
-21.244560529151446
-21.244566002579116
-21.244574454102867
-21.244578593700517
-21.24458530799297
-21.24458883753381
-21.244594594731787
-21.244601963013082
-21.24460848751916
-21.24461428189824
-21.24461945873403
-21.24462414218366
-21.244627130513692
-21.244636161418267
-21.244639272867023
-21.24464424275148
-21.244652315490395
-21.244657534278463
-21.24466526851664
-21.244670885078186
-21.244677614718928
-21.24468346490324
-21.24469035911943
-21.244697797287763
-21.24470395857056
-21.244710154860442
-21.24471851866161
-21.244723971713753
-21.244729781498012
-21.244741228739194
-21.24474314845713
-21.24474378163961
-21.24474974475871
-21.244755315320017
-21.24476336424008
-21.244769183989497
-21.244776403695894
-21.244782253807887
-21.24478776087187
-21.244794321410136
-21.244802621576902
-21.244810378977665
-21.24481871252012
-21.244827539064143
-21.24483744227264
-21.244843772406785
-21.244855883785483
-21.24486470645009
-21.24487449808022
-21.244891283917035
-21.244897328788618
-21.244920550059668
-21.244929016833836
-21.24494307032243
