500 iters for seed 94 on ER0.3 which is in the 53.473663330078125 percentile
 Maxcut: 29.0, MedianCut: 20.0
-19.50581922788198
-19.576290253313292
-19.71634902675929
-19.769009306768794
-19.815437435546965
-19.866576023850328
-19.905962409879447
-19.938144149971794
-19.96249688457231
-19.985266871659274
-20.002526304353893
-20.014397547431763
-20.025215064892848
-20.033718866786664
-20.04057861416558
-20.04864132861425
-20.05542396903783
-20.06035650490027
-20.065423699411276
-20.069669111768977
-20.07350407915004
-20.076941685032825
-20.080661508516236
-20.08354571383999
-20.08642986939178
-20.089446429415105
-20.092187792807955
-20.09593886287708
-20.09990649992333
-20.1034499714691
-20.107320311510293
-20.110269057941533
-20.112796875342855
-20.114114755861806
-20.11781101430057
-20.11973070630068
-20.121645565542305
-20.123971386524396
-20.126209753267315
-20.12836309811748
-20.131318541496476
-20.13322923255055
-20.1352962863852
-20.13771476444217
-20.139160724731237
-20.141133372947106
-20.14242996248237
-20.144268268629208
-20.14534782242638
-20.146560308426213
-20.1476485699998
-20.14898874966517
-20.149685091590133
-20.150546780538516
-20.151266992641485
-20.15231744034916
-20.152958748280554
-20.153768441439617
-20.154286628087352
-20.1553411787358
-20.15585092678579
-20.15644887211542
-20.157229749521697
-20.15740109390984
-20.15814032133253
-20.158388662977227
-20.158851877308877
-20.159362665864087
-20.159955246454274
-20.160559473237235
-20.161077067133274
-20.16164793319635
-20.162229705883853
-20.162773433977875
-20.163286081440905
-20.16395317424433
-20.164541709712367
-20.165136138517717
-20.16565561586291
-20.16628787875552
-20.166912593747753
-20.167501091389273
-20.168097094131365
-20.1686576505124
-20.16923107244174
-20.169756150510608
-20.170257464394545
-20.170780190929428
-20.171247529886344
-20.171775205917267
-20.172236600792495
-20.172598606411707
-20.172896835782616
-20.173347974865536
-20.173857309363125
-20.174382123170588
-20.174941722562636
-20.175546825815676
-20.176282983805987
-20.176984844800856
-20.177689495367687
-20.17826364832848
-20.17884025746421
-20.17929711060563
-20.179842847524576
-20.18026936314699
-20.180666303993323
-20.18100928453632
-20.181330348715665
-20.181694821283614
-20.182010558180327
-20.182239237662415
-20.182570844999525
-20.18282222167055
-20.183066425889443
-20.18334353118044
-20.183598345520842
-20.183847713091428
-20.18421304163884
-20.184406688707906
-20.184697435659945
-20.18497886965214
-20.185327242841662
-20.185580501868444
-20.185827333516684
-20.186197457924433
-20.186414541599806
-20.186771714579223
-20.186971844124326
-20.187223004804185
-20.187457903145454
-20.18787419547818
-20.188123072564743
-20.188373838011696
-20.18867537948681
-20.18901745188537
-20.189286089422417
-20.1895900607424
-20.189828545484197
-20.19010721589817
-20.1904436181156
-20.19069366232064
-20.190904580881572
-20.191303515930386
-20.191538047301886
-20.191790213049586
-20.192154839687365
-20.192375091817002
-20.19266024849341
-20.1930355376843
-20.19326701313668
-20.193522991392825
-20.193788356922866
-20.194055813627685
-20.194317148023902
-20.194674543984835
-20.19492678978566
-20.195201340331717
-20.195582706428105
-20.19584374868087
-20.19615722288529
-20.19648802266296
-20.196762623983123
-20.19704422160272
-20.197503831146708
-20.19777381492644
-20.19802472172158
-20.198341862308315
-20.198526299796015
-20.198804428201733
-20.199014885154178
-20.199187431970273
-20.199355254421775
-20.19949402145647
-20.199638231785705
-20.199776583414646
-20.199887086928186
-20.200001033329052
-20.200120463891402
-20.20022059138698
-20.200337086831812
-20.200459577172246
-20.200560772769887
-20.200645946871525
-20.200773670483617
-20.200852564664803
-20.200947473623295
-20.201062301779686
-20.201168448230902
-20.20119323250314
-20.201389572789314
-20.20143410798169
-20.20152068360041
-20.201569860752173
-20.2016629237136
-20.201719313911894
-20.20177860710863
-20.20188738743554
-20.20194421190594
-20.20205255914781
-20.202131443461077
-20.202218424053708
-20.202291771182885
-20.202365101255968
-20.20247925788816
-20.202538939917382
-20.202595498116793
-20.202712236104006
-20.2027816671148
-20.202894995831482
-20.20299487347152
-20.203066358540518
-20.20316104977731
-20.203254938851195
-20.2033442758626
-20.203406373827615
-20.203458088504874
-20.20353340449754
-20.203618296327363
-20.203687076109183
-20.203737548282096
-20.20378747738046
-20.20384588670135
-20.203899033447698
-20.20395939231046
-20.204009887856472
-20.204064916537313
-20.204138229401917
-20.20419326703504
-20.204263728032164
-20.20432243688274
-20.20437227923802
-20.204470146555572
-20.20456766497803
-20.204631961710092
-20.20471349799756
-20.20477393065232
-20.204838475271803
-20.20490291827845
-20.204938193489177
-20.204995255387214
-20.20502171283374
-20.205102381798902
-20.205132836953506
-20.205173793830525
-20.20523020611056
-20.205252934128417
-20.2053326384126
-20.205361412896124
-20.205407148342356
-20.205462140531804
-20.205523559497507
-20.20556172093834
-20.205610645295437
-20.20564940909676
-20.20569643282072
-20.205774263555206
-20.205808795164618
-20.205840512981624
-20.2059075743362
-20.205949433838015
-20.206014389608782
-20.206059255383984
-20.206108488482222
-20.206149945783835
-20.206195815059452
-20.206242112282766
-20.206284146855054
-20.206342983686003
-20.2063914446443
-20.20645520613838
-20.206539744607927
-20.20661476098158
-20.206674753328272
-20.206818324970495
-20.20688352624805
-20.20696920201433
-20.207047843984007
-20.207134597693912
-20.20720031974198
-20.20733813996908
-20.207402546259196
-20.20750871588608
-20.20764901015078
-20.207800271713623
-20.20791187374546
-20.208032926950196
-20.208144467155286
-20.208297555900025
-20.20839938107505
-20.208500527780934
-20.208575417661248
-20.208688883805664
-20.208765385156024
-20.20888996993198
-20.20896786267555
-20.209040428906548
-20.20914852792969
-20.209233750730373
-20.209294880744416
-20.209358732096007
-20.209418410983776
-20.209501249570348
-20.209580715910555
-20.20964016696775
-20.209697660733703
-20.209759354023173
-20.209826876485426
-20.209883380729593
-20.2099546976933
-20.209993966807875
-20.210046327648644
-20.210092661480875
-20.21015727816653
-20.210213260520685
-20.21025621149803
-20.210282508070723
-20.21035853569456
-20.210395403275292
-20.210437540965383
-20.21050709597858
-20.210544745524615
-20.21061180735486
-20.210662327133132
-20.210724827009503
-20.21077547690247
-20.21081371657375
-20.210874525280126
-20.210914949065902
-20.210960530969004
-20.211040482417186
-20.21106375950161
-20.211112528558182
-20.21115796271259
-20.211195491074406
-20.211255757136495
-20.21135028348654
-20.21144971479373
-20.211500814838697
-20.211553793699256
-20.21159968948974
-20.211657194158335
-20.211718783787656
-20.21176315890139
-20.211791241100318
-20.211879843806937
-20.211918113675214
-20.21195323042887
-20.212026214936497
-20.21205541956938
-20.21209338499569
-20.212144632644616
-20.212184672566693
-20.21226502060655
-20.21233345756719
-20.21238288889791
-20.21243461144556
-20.212482362550496
-20.212548639900245
-20.212595199836624
-20.212633773999364
-20.21267406999111
-20.212720747872428
-20.2127728210233
-20.212818815850543
-20.212865269208248
-20.212914228263298
-20.21296923059742
-20.213015454055054
-20.21305321894951
-20.213112895360034
-20.21315797973917
-20.213203054199138
-20.213298797664283
-20.213344761167576
-20.213397069202244
-20.213456887031995
-20.21351011325468
-20.213562252519264
-20.213669233058177
-20.213705352068956
-20.21376837596451
-20.21377834987746
-20.213859797547144
-20.213888343638597
-20.21392806334434
-20.21397974479277
-20.21403887683102
-20.214089116606644
-20.214154390149297
-20.214203659958574
-20.214273683587244
-20.21433369628393
-20.214400929988816
-20.2144724626312
-20.214580002302775
-20.21467933477216
-20.21477684483082
-20.214889006654303
-20.21498184500398
-20.215105451932384
-20.21524567577093
-20.215326444041445
-20.215458212084904
-20.21555389031968
-20.215691561786347
-20.215794651598806
-20.21588322079373
-20.21605734215882
-20.21610555609481
-20.216371243651704
-20.21647202847946
-20.21663028047752
-20.216729486446226
-20.21688064676731
-20.216985543739217
-20.217096126708803
-20.21718892920806
-20.217307152262233
-20.217411877196778
-20.217509457033437
-20.217608041758666
-20.217711161425363
-20.217772240202414
-20.217852867578124
-20.21791668345105
-20.217985240368996
-20.21805901381915
-20.218113825959257
-20.2182274777706
-20.218312640737572
-20.218379999989633
-20.21844881854806
-20.218508306575725
-20.218590566577944
-20.218666224887457
-20.21872944928803
-20.218805358505573
-20.21886645382627
-20.218950864219995
-20.219017538477676
-20.219070211433323
-20.21920504158548
-20.21926723057463
-20.2193656072499
-20.219454777683907
-20.219560276348638
-20.219649499180832
-20.219726152066734
-20.219805973055255
-20.21986862977634
-20.21994546808469
-20.22002070892309
-20.220062297159032
-20.220138159318537
-20.22020285145732
-20.220283486369638
-20.220350948959407
-20.22040081614623
-20.220465595073602
-20.22052925673363
-20.220577178096587
-20.220635061918742
-20.22068160362217
-20.220731864120097
-20.22078592431054
-20.2208194225025
-20.22085632317159
-20.2208982720994
-20.22093298355439
-20.22095734244024
-20.221006303637928
-20.22102838546713
-20.22104982008227
-20.2210840071318
-20.221101731914203
-20.221123837842143
-20.22115781951317
-20.221176733039922
-20.221220033940206
-20.2212476714789
-20.221277375277467
-20.221300974685416
-20.221321604273925
-20.221353411327662
-20.221389073829073
-20.221407679177403
-20.22143318271605
-20.22144706806741
-20.221464142537766
-20.2214775509586
-20.221484741980746
-20.221509140179414
-20.221521917077492
-20.221537453383927
-20.22155329278791
-20.2215652188428
-20.22157846680029
-20.22159536748387
-20.22160692342449
