500 iters for seed 56 on ER0.3 which is in the 24.105072021484375 percentile
 Maxcut: 28.0, MedianCut: 18.0
-17.99631523231878
-18.001740511996488
-18.015557049071017
-18.151430846961702
-18.189756944409194
-18.238220584320636
-18.28396879348115
-18.338083472390142
-18.359274592712104
-18.392392730289483
-18.41103951142328
-18.426801170188146
-18.438996302566544
-18.45464781392027
-18.467575413746932
-18.47939362518273
-18.489910988713742
-18.500938465691988
-18.511722039569793
-18.520374070327147
-18.526888404268004
-18.53191669918178
-18.536379917397902
-18.54075223017945
-18.54567349419261
-18.550918517520813
-18.55592717965738
-18.56059407427985
-18.564930413726046
-18.568215525886373
-18.572275233735773
-18.575508304363606
-18.579020847667604
-18.581667058190476
-18.584052916674267
-18.586116387296457
-18.588464444997317
-18.590765807745427
-18.593188744774864
-18.595944201660387
-18.597126537079273
-18.59962758141837
-18.60145118548993
-18.602881101539992
-18.60458461802718
-18.606492852755547
-18.607776103314688
-18.609121598614905
-18.610530213105502
-18.61212565614636
-18.613893490478215
-18.61578291687598
-18.617648706935938
-18.61965597125072
-18.621649824463397
-18.62325084549518
-18.62467617866104
-18.62630994533464
-18.62739598346857
-18.62850078378325
-18.62981473754869
-18.631010697301576
-18.63275241158347
-18.63465611826342
-18.636689643969987
-18.63822455882552
-18.639722287776976
-18.641129477118124
-18.642186757383044
-18.643426505670632
-18.644718852795563
-18.6457684277591
-18.64670743626016
-18.647424077649127
-18.64814763438664
-18.64883085598378
-18.649508135410954
-18.650165707602362
-18.65085299078361
-18.651560760157253
-18.652259166812605
-18.653031534480313
-18.653717569201625
-18.654303283032235
-18.65499398972587
-18.655484746261102
-18.656035856676052
-18.656566137452884
-18.656922833889336
-18.6572355061711
-18.65776536580262
-18.658088187546372
-18.658346293750977
-18.658830343620757
-18.659137553550593
-18.659579573496607
-18.659953976313986
-18.66035125058984
-18.660698221114313
-18.66106110966838
-18.66137762149723
-18.66171470391492
-18.66196419825442
-18.662206255480164
-18.66248300959544
-18.662699080268663
-18.663014493010216
-18.663265751333718
-18.66350116534833
-18.663766881035613
-18.663987519490405
-18.664183448598305
-18.664407774691426
-18.66457150665343
-18.664772574813533
-18.66492625452285
-18.66506983023007
-18.665243574702973
-18.66537302429745
-18.66554048990882
-18.665671385596436
-18.665809482753133
-18.666000048308497
-18.666184602862298
-18.666307666905844
-18.666474898358906
-18.666574933167812
-18.66668127962869
-18.66685763885362
-18.66695432760079
-18.667055619137784
-18.667215110885348
-18.66730928818953
-18.667462583925783
-18.667587598514604
-18.66767059654955
-18.667830856023937
-18.667966824437855
-18.668133463033136
-18.668307964448392
-18.668435367706774
-18.668590740066193
-18.668743808976362
-18.66890128308944
-18.66904456169205
-18.669205966540193
-18.66936123112927
-18.669509919757196
-18.669662251309294
-18.66980309335634
-18.669937593030106
-18.670058155032734
-18.670214786067497
-18.670317796002994
-18.670425022321968
-18.67057740725183
-18.670663671653514
-18.670790275841
-18.670879221809805
-18.670969849844155
-18.67104690439478
-18.67111806364428
-18.671189437774135
-18.671234525421998
-18.67131109472646
-18.671368853360644
-18.67144194187827
-18.671522934480503
-18.671582091067112
-18.6716357006552
-18.671753968657974
-18.67179431046432
-18.671853263341905
-18.671920175958718
-18.67198991205694
-18.672035349979886
-18.672088166501897
-18.67213061844989
-18.672180037575
-18.672226814587777
-18.672284975331394
-18.672311784820913
-18.672364420413416
-18.67241153497718
-18.672475816189795
-18.672542234552974
-18.672594464366306
-18.672651800501413
-18.672716058637597
-18.67276641699634
-18.672820455893493
-18.67285110462498
-18.67289850988557
-18.672934410246597
-18.672990690230723
-18.67303418655433
-18.673072782254117
-18.673138989843512
-18.673192830787517
-18.673280985369907
-18.67333736942358
-18.67339999095118
-18.673482059569018
-18.67358596320036
-18.6736571579794
-18.673741750007558
-18.673833632877667
-18.673944492082025
-18.674035617487963
-18.674124779080543
-18.674212017044592
-18.674306821746285
-18.674407014977188
-18.67448622711497
-18.67459426167707
-18.67465882181807
-18.6747342419943
-18.674850676378828
-18.674951222023417
-18.675044148931676
-18.675133273529596
-18.67522337308064
-18.675362997791876
-18.675511293109064
-18.67560930407992
-18.675731534762175
-18.675848826270062
-18.67596950713576
-18.67610864743308
-18.67619157510331
-18.676294534391456
-18.676450760888763
-18.676568614088264
-18.676699879787904
-18.676901530871305
-18.677028429457096
-18.67719585543046
-18.67736647546799
-18.677505288300445
-18.677705838575967
-18.677858872571015
-18.678077373310842
-18.678289109724258
-18.67849799141291
-18.67888190081827
-18.679157783400523
-18.679518734723086
-18.679946467062976
-18.680227188154326
-18.68062350725417
-18.68107501342537
-18.681401174519166
-18.68176152733635
-18.682122571616887
-18.68235790832223
-18.682636080432065
-18.68299350533017
-18.683277033026027
-18.683458287261303
-18.683714158822703
-18.68389749481366
-18.684096864764307
-18.684327293722298
-18.68449640478527
-18.684621595423984
-18.684889987203107
-18.684997380629117
-18.68515251980893
-18.68533216393216
-18.68546166526399
-18.685723503887132
-18.685915615866207
-18.68610670154475
-18.68626904314584
-18.68645726556006
-18.686641626399418
-18.68692716462683
-18.687071017333544
-18.687284328080707
-18.687465611844473
-18.68766757294268
-18.687803565884835
-18.68794679920242
-18.688091263830703
-18.68824273748671
-18.68844899614133
-18.688574519274404
-18.688718248892176
-18.688890628115512
-18.689000380899344
-18.68911700710937
-18.689286777111285
-18.689426046181744
-18.68953408973789
-18.68975100340623
-18.68981986764926
-18.689944999442968
-18.690061142178138
-18.690161711609377
-18.69035043309713
-18.69046327393237
-18.690581532108435
-18.690675342645342
-18.69077834205046
-18.690904047906145
-18.691039483126755
-18.69107120496641
-18.691180591178583
-18.69124593185696
-18.691341307117188
-18.69147962331639
-18.691572284361207
-18.691672238102203
-18.69178285639977
-18.69185601636807
-18.69193942905799
-18.692038320994804
-18.692111784549642
-18.69222239723046
-18.692300903391196
-18.692375001846635
-18.692446389450794
-18.69251276708264
-18.69259087854804
-18.69267067590696
-18.69275146216025
-18.692837297628444
-18.69294171420809
-18.69303591020143
-18.69311480922503
-18.693224418715424
-18.693294153547086
-18.693355555063818
-18.69346892838921
-18.693518285214186
-18.6935875295115
-18.69366865926869
-18.693723126113465
-18.69380633656086
-18.693880537822047
-18.693964634397958
-18.694016043840506
-18.694089547659374
-18.694171037857153
-18.694230509388216
-18.694243110169054
-18.694380185336286
-18.6944196470845
-18.694476058941838
-18.6945551534031
-18.694610540528593
-18.694699288184275
-18.69474424415556
-18.694800439215292
-18.694853234857742
-18.6949247577609
-18.69499526557494
-18.695066739175722
-18.695135334797527
-18.695208834038368
-18.695283643440206
-18.695352985293237
-18.695426963015493
-18.6954925301911
-18.695585712392578
-18.69567558852654
-18.695770988656186
-18.695868030796227
-18.695955797281485
-18.696045451613394
-18.696109849617365
-18.696184462082545
-18.69621659715386
-18.69631978880942
-18.696364230563304
-18.696416193773498
-18.696459458491
-18.6965259537475
-18.69657539292653
-18.6966162578325
-18.696691213165444
-18.696731335635405
-18.69678702895895
-18.69683788872122
-18.696893689249237
-18.696954516409512
-18.697014286804894
-18.69708054894368
-18.697158951835988
-18.697243543630982
-18.697314785778687
-18.697377913811458
-18.697424678492077
-18.697475380966456
-18.697542313055987
-18.697585071917814
-18.697665251262592
-18.697726037538814
-18.697819994989946
-18.69787418633733
-18.697920707168922
-18.697984986331274
-18.698062063094174
-18.698116973426664
-18.69818611220792
-18.69823800869149
-18.69830454769316
-18.698396453874224
-18.698456736263182
-18.698605718392376
-18.69871328833027
-18.698814935330887
-18.698898019749297
-18.698984876690375
-18.699095765421337
-18.699221542999133
-18.699293815521187
-18.699404605296014
-18.699467357682103
-18.699599711297537
-18.699673854801834
-18.69974890234328
-18.699851726412412
-18.699955932205967
-18.700020773650138
-18.700115793913128
-18.700182086816238
-18.700268163952654
-18.700382461016225
-18.700445476427667
-18.70052048717
-18.7006564891146
-18.700735478681892
-18.700791535839446
-18.700924253342606
-18.700974992239118
-18.70105913591659
-18.70110054737618
-18.70119846524401
-18.701242462684455
-18.701287941008705
-18.7013477272138
-18.701413844124087
-18.7014609887292
-18.701520810421176
-18.701555728665085
-18.701596263983795
-18.701644853237003
-18.70167480646159
-18.70175760235625
-18.70180398469808
-18.701843136811053
-18.701888736510508
-18.701929472379405
-18.701981616184824
-18.702036134885727
-18.702077553368827
-18.702120060527484
-18.702187405937643
-18.70226242986831
-18.702295276424575
-18.702347790161944
-18.70238289184387
-18.702431782964986
-18.702474549147226
-18.702504969781838
-18.70255983166531
-18.702616367048446
-18.70265047677189
-18.702701030021412
-18.702742489200773
-18.702788306230456
-18.702870171085763
-18.70290595184812
-18.70294112942436
-18.70303318446925
-18.703051438793207
-18.70310332746091
-18.703137698471323
-18.70317997678626
-18.70323133402505
-18.70327100580936
-18.70331900024097
-18.703351568725342
-18.703390423289363
-18.703422974010405
-18.703456345373727
-18.70348917786866
-18.703514200369522
-18.703574834740188
-18.703605838654497
-18.70363836284612
-18.703671978910172
-18.703700888787118
-18.70374196235312
-18.703782135068632
-18.703821877737226
-18.703853942409378
-18.70388792634506
-18.703924196689858
