500 iters for seed 125 on ER0.3 which is in the 4.016876220703125 percentile
 Maxcut: 26.0, MedianCut: 18.0
-17.676634325334742
-17.764312421461153
-17.810570234953495
-17.854818662973248
-17.892420587018528
-17.9188072668151
-17.944191716243353
-17.96084886188168
-17.97359494312994
-17.98344740521695
-17.99093546288464
-17.998550367093085
-18.008009352480855
-18.016047348898677
-18.025253282021676
-18.032589285062564
-18.03730131858629
-18.04296365893841
-18.049575389404872
-18.0528923034052
-18.0560623724024
-18.06000131563622
-18.06271338764465
-18.065392715731104
-18.069216722700318
-18.071696936868285
-18.074630205756847
-18.077895469845195
-18.079969046755313
-18.082774115231146
-18.085410490190828
-18.08798182566517
-18.09033594551762
-18.093412174455143
-18.09619017961269
-18.100211811144653
-18.10393511818026
-18.106763717738957
-18.10972129347237
-18.112561328677202
-18.11532039653719
-18.11858256471276
-18.121788051645826
-18.124470085931314
-18.12731008234855
-18.13025993541983
-18.133081753494604
-18.135698843205525
-18.13767682090203
-18.140746379695194
-18.143226306962635
-18.144725322406472
-18.14673821675271
-18.147828989154306
-18.149318086367703
-18.150220537178598
-18.151116500578333
-18.152426666413525
-18.153416864055878
-18.15423576347281
-18.15515130718672
-18.155880123314226
-18.156714953719785
-18.157369986239228
-18.15789731554242
-18.158587852072557
-18.159004866230624
-18.159593924385295
-18.15997738024112
-18.16041153578073
-18.160982612177822
-18.161595652789032
-18.16198072093114
-18.16255614647006
-18.162912655695514
-18.163446921771683
-18.163897224075832
-18.16417493841642
-18.164743512029595
-18.164983391938204
-18.165372527555775
-18.165755955724798
-18.166153623692605
-18.1665493302028
-18.166939583712715
-18.167482718326248
-18.16792287946159
-18.168421789738208
-18.1688630933681
-18.169190291126018
-18.169462271883734
-18.169911611270027
-18.170043381657717
-18.17022828836841
-18.170395649335653
-18.17054443475977
-18.170808590506123
-18.170948573912746
-18.17112206105601
-18.171265435450415
-18.17142120348738
-18.171597224246987
-18.17177958095503
-18.172003987085073
-18.172141473839023
-18.17225873567452
-18.172483405299488
-18.172611175912827
-18.17283644871592
-18.173034338893935
-18.173268660976035
-18.173413081063188
-18.173564052746475
-18.17380788384483
-18.17406764211725
-18.174327058662453
-18.174624267116833
-18.174912375934966
-18.17522673568466
-18.1755385845546
-18.175805285983046
-18.17618543763003
-18.17652228697587
-18.176861068008215
-18.177164431102675
-18.17744455070736
-18.17768276735609
-18.177879692286346
-18.178136376439127
-18.178315746823408
-18.178538455479554
-18.178643633409738
-18.17879532432923
-18.178874811044675
-18.179060109057346
-18.17916722112614
-18.179298344882053
-18.179494334703666
-18.179642894290502
-18.179823052005993
-18.17993636587171
-18.180055169883513
-18.180240757478558
-18.180430743203658
-18.18053779408938
-18.18068418503969
-18.180743417609598
-18.180835457814805
-18.18092500110925
-18.18099376832757
-18.18112861329801
-18.18125156673083
-18.18135143408704
-18.181467691626114
-18.18157733173218
-18.18173110938616
-18.181827420541
-18.18190288050504
-18.181996648262803
-18.182077870678537
-18.18216883406438
-18.182261633049897
-18.18233750156282
-18.182454333098196
-18.182568784215253
-18.18269225419276
-18.18279881888249
-18.182919183388655
-18.183051972293935
-18.183180243261567
-18.183292856598285
-18.18340614746566
-18.18352975736901
-18.183616717783657
-18.183701066852866
-18.183819776905167
-18.18390885491337
-18.183968912572382
-18.184101965049752
-18.1841701667809
-18.18426130173734
-18.18439814042264
-18.184472170234205
-18.184583640719893
-18.184702344406276
-18.184778198535763
-18.184899020455248
-18.18492726195535
-18.185092542679513
-18.18515708683738
-18.185253475162348
-18.185396688773462
-18.185452377236928
-18.185659284473992
-18.1857479268716
-18.185895768548555
-18.186056935465093
-18.186229078713215
-18.18633142953704
-18.186462158035667
-18.18656634221002
-18.186710834384428
-18.186863849269677
-18.187002312947357
-18.18712895419663
-18.187228390311876
-18.18730898478006
-18.187392666674437
-18.187470185570454
-18.187530080378828
-18.18759349228467
-18.187646423715652
-18.187694014673802
-18.187750184568003
-18.187787887128522
-18.187827687803654
-18.187893366430632
-18.18793000629512
-18.187962614571525
-18.188017719570933
-18.188046752668864
-18.188092230777432
-18.18812995149222
-18.188152658142826
-18.18818951590719
-18.18821422097289
-18.18824318736739
-18.18826828181903
-18.18828971110655
-18.18831602135061
-18.188352328011867
-18.18836819837734
-18.18839302007367
-18.188407499917023
-18.188431654111874
-18.188451345006655
-18.188467883484382
-18.188500178236282
-18.188517524551887
-18.188540743020695
-18.188561617762506
-18.18858876482298
-18.188618667096613
-18.188649481171836
-18.18868905797876
-18.18872032813216
-18.188772611483003
-18.188814333086533
-18.188869331952134
-18.188900594851358
-18.188938125647766
-18.18897017538734
-18.189017954311666
-18.18905442616634
-18.189088046454586
-18.189147535043595
-18.1891986959615
-18.18923987312516
-18.189294898403578
-18.1893412925818
-18.189412632683382
-18.189509809088833
-18.18957185525593
-18.189659017812623
-18.189732947734548
-18.189818699105643
-18.189884257435082
-18.18999301962019
-18.19005263747047
-18.190119839514857
-18.190230399672288
-18.190302713839625
-18.190384732633106
-18.19045570015189
-18.19052478036448
-18.19062854703152
-18.190706632318687
-18.19078261414144
-18.19084454202644
-18.190931059469992
-18.19100784057666
-18.191110178507166
-18.191164952472114
-18.191234541182382
-18.191299955842176
-18.191397375618685
-18.191452628655476
-18.191509193619364
-18.191574121300857
-18.191644981806913
-18.19170028386496
-18.191770290463953
-18.191824885673675
-18.191886588700783
-18.191961076496504
-18.19201990080292
-18.192067731444318
-18.192159762422015
-18.192171045597473
-18.192241842044854
-18.192283317452674
-18.19233841958279
-18.192406108703604
-18.19245970498044
-18.1925533285576
-18.192615592198813
-18.192670311018993
-18.19271301698365
-18.19275210053785
-18.192802118512294
-18.192832735002607
-18.192857527121358
-18.192901809385916
-18.192929704765675
-18.192967454796225
-18.192995207803747
-18.19302682089285
-18.193046481859003
-18.19307047799483
-18.193078982101625
-18.19311517430199
-18.193129527285137
-18.193148046747268
-18.193169935907328
-18.19319462917817
-18.193211865321768
-18.19323112603275
-18.193246816277025
-18.193264096849838
-18.193288138261796
-18.193301725761714
-18.19331324131589
-18.193333612787736
-18.193348011840815
-18.193351478185225
-18.19338227887568
-18.193391742776775
-18.19340748619871
-18.193428843197033
-18.193443083669965
-18.193460162937242
-18.193471902073732
-18.193486165893514
-18.193501065563883
-18.193516198363863
-18.193527156402983
-18.193538008724786
-18.193551457338597
-18.19356174013273
-18.19357314485686
-18.19358294453002
-18.19359475677947
-18.193604716288846
-18.19361614009449
-18.193627262237325
-18.19363746671282
-18.193645079026062
-18.19365757132742
-18.19365899401943
-18.193673002300674
-18.193679326232864
-18.19368672058583
-18.19369466839823
-18.193699449352053
-18.193707618085497
-18.193712840632795
-18.193718750816338
-18.19372373987109
-18.193728374430663
-18.193737680458735
-18.193743177587113
-18.193748149356452
-18.19375415063645
-18.193758353575685
-18.19376380378424
-18.193770722000142
-18.193773733546763
-18.193778215800286
-18.19378597867953
-18.1937923556357
-18.19379812857666
-18.19380434668942
-18.193809919867572
-18.193817959219157
-18.193824935464548
-18.19383177336404
-18.193836625603197
-18.193841857770245
-18.193847514298668
-18.193851957051766
-18.193855996479474
-18.193861665421352
-18.193865543377488
-18.193870138950416
-18.19387542662272
-18.193879231712078
-18.193883960274995
-18.193890635183923
-18.193895286593623
-18.19390070005232
-18.19390335343438
-18.19390823480057
-18.193911696985555
-18.193914984070627
-18.193921044747032
-18.193924112250627
-18.193929507632273
-18.193933858819175
-18.19393840872757
-18.19394107211298
-18.193944785654356
-18.19394776195896
-18.193950145739436
-18.19395435003837
-18.193957099031522
-18.193960211867914
-18.193963820364242
-18.19396636478966
-18.193968167349944
-18.193973270331718
-18.193975180007037
-18.193977716435946
-18.193980951268042
-18.193983657574716
-18.193987233947404
-18.193990307224674
-18.193993251743457
-18.19399722699533
-18.194001527521394
-18.19400570490709
-18.194008478483298
-18.19401141967347
-18.194015817698865
-18.194018694283187
-18.194021808585468
-18.194026412484767
-18.194028702066845
-18.19403186892017
-18.19403452240826
-18.19403893962808
-18.194042578781755
-18.194045407441465
-18.19404926940012
-18.194053356139275
-18.19405585124976
-18.194058539159773
-18.194061076927582
-18.194063273551166
-18.19406649134408
-18.194069345479942
-18.194073057897988
-18.194076350269413
-18.194079675038168
-18.194083100375497
-18.194086427786672
-18.19408937250925
-18.194091405519742
-18.19409293869316
-18.194095608125714
-18.194097144388174
-18.194099107832926
-18.194102245819114
-18.194103660319914
-18.1941052206581
-18.194108022612674
-18.194109755403097
-18.19411104304342
-18.19411427363796
-18.194115481416958
-18.194117415829552
-18.19411936790826
-18.194121821697706
-18.19412318670002
-18.194124657122334
-18.19412608088177
-18.194127894417537
-18.19413017592854
-18.19413158580324
-18.194133479645107
-18.194135912873623
-18.194137926128008
-18.19414004326204
-18.194141673330144
-18.194143856504617
-18.194145453130897
-18.194147312336362
-18.194148997328085
-18.19415044924544
-18.194152461128468
-18.194154713397403
-18.19415641491618
-18.1941588054903
-18.194160271431173
-18.194162888830355
-18.19416501122832
-18.19416704829656
-18.194169143958312
-18.194172232284906
-18.194174055833358
-18.194175890974538
