500 iters for seed 121 on ER0.3 which is in the 68.31436157226562 percentile
 Maxcut: 27.0, MedianCut: 18.0
-17.515001607404074
-17.52099892739541
-17.620132372040256
-17.67402222307058
-17.747120590443497
-17.806238080656406
-17.824050123498864
-17.873855798064255
-17.894896131312358
-17.917495986206518
-17.933427638529807
-17.9493112758992
-17.963577534545223
-17.97498162626888
-17.985657355314146
-17.995038584357257
-18.004134004597734
-18.01105632038424
-18.018865692664754
-18.0255754180026
-18.031711793405165
-18.03776761062816
-18.045310400889015
-18.054275939436074
-18.06056589702479
-18.066236369966408
-18.070315978124484
-18.07389456886904
-18.077858997107434
-18.083213558898905
-18.08728305792346
-18.090789445474073
-18.094221212617075
-18.097267360219107
-18.099931981331082
-18.102638124072982
-18.10460869470421
-18.10642588827185
-18.10785417849533
-18.1092216864194
-18.110611197908973
-18.11169551414935
-18.112826085865446
-18.113841552780002
-18.114991702397234
-18.115560894031745
-18.116872950087604
-18.11764154919773
-18.118670342095335
-18.119583956500584
-18.121045402177234
-18.122001288953484
-18.123255502209403
-18.123761383216713
-18.12501410570559
-18.125751109133223
-18.126418926502566
-18.12743106343475
-18.128008772289885
-18.1287407741232
-18.12930945811412
-18.129792531430198
-18.13037883975836
-18.131107174243326
-18.131559391695916
-18.13192581740741
-18.13238821625497
-18.13272194469764
-18.133157567954818
-18.133542936230864
-18.13397278852001
-18.134502229925143
-18.13517571605636
-18.135918046057355
-18.13673360586957
-18.137451903416164
-18.13822776471499
-18.139339747309414
-18.140140475838322
-18.141070757130805
-18.142490302238073
-18.143414179728126
-18.144152686037923
-18.14520278477866
-18.146419653572266
-18.147195709692713
-18.148245322273745
-18.149054533954516
-18.150065651767125
-18.150813447566808
-18.15165592118921
-18.15238166068923
-18.153643115836974
-18.1544010882427
-18.15524341907186
-18.155663950476853
-18.15675472544399
-18.1572773770656
-18.157790832759105
-18.158355361768404
-18.158905311114523
-18.15928629205177
-18.159687993946942
-18.1600158229833
-18.160421044368572
-18.16077884146859
-18.161107189971382
-18.16139403495722
-18.16169867652136
-18.161994081216015
-18.16233141880349
-18.16266872268269
-18.163033238906152
-18.163522024375983
-18.163943202818004
-18.164327454246106
-18.164936480598456
-18.165329717688603
-18.1657739959031
-18.16640951405728
-18.166728295630218
-18.16705922845218
-18.167537130146986
-18.167832129842832
-18.168228547097186
-18.168562075205223
-18.168839647282702
-18.16914776660856
-18.169486859546094
-18.1698826906073
-18.1701161183104
-18.17053780324155
-18.17072503397076
-18.17116055996077
-18.171473390972704
-18.17178930504073
-18.17235059404331
-18.172663171938627
-18.173075600457203
-18.173446401992646
-18.173755228339747
-18.174047154979135
-18.174341139304346
-18.17457274062015
-18.17482230505392
-18.17498978283935
-18.17539324023206
-18.175562647289386
-18.17581329490258
-18.17608616665805
-18.176368118990517
-18.176560070235602
-18.176781497063654
-18.17696482071296
-18.17717970563509
-18.17745947834915
-18.177674873364843
-18.17781725949201
-18.178174360558167
-18.178305762908295
-18.17841529363607
-18.178658143503124
-18.17875836756286
-18.178893830301853
-18.17906569653698
-18.179169499831062
-18.179371647245258
-18.179527873241536
-18.179634453530433
-18.179773244640483
-18.17992418888875
-18.18006560104772
-18.180197572114423
-18.180309323899504
-18.180436366935346
-18.180551965614345
-18.180741951443498
-18.180835718827005
-18.180951231932173
-18.18107047282504
-18.181214624296786
-18.18131746804297
-18.18141817787198
-18.18150457399117
-18.181621580493402
-18.1817164530241
-18.181806397531282
-18.181882539903775
-18.18201807059154
-18.182086128059176
-18.182161739968727
-18.18224819847356
-18.182347941332857
-18.182423080222353
-18.182535614266488
-18.18259460412484
-18.18268653018644
-18.182779097148444
-18.182840981028576
-18.18296309119555
-18.18299555381011
-18.183107938759576
-18.183151804577218
-18.183235155152666
-18.183332972261198
-18.183452394533177
-18.183553106799152
-18.183655318364032
-18.183740955128407
-18.18382445359281
-18.183930253286032
-18.18399469864012
-18.184053125674524
-18.184162220849053
-18.184215888865374
-18.18426776955813
-18.18434168305341
-18.184392330943478
-18.18442862859935
-18.184531878641145
-18.184567158306077
-18.184617594573968
-18.184689102258403
-18.18473513006841
-18.184800500325707
-18.184845358280786
-18.18491398072879
-18.184956221855302
-18.185020546019388
-18.18506572008052
-18.185102355143304
-18.185159088961093
-18.185224669800494
-18.185269702151917
-18.185345321421394
-18.185399663799583
-18.18546816563376
-18.18557438051211
-18.1856352634282
-18.185716916186905
-18.185861030164737
-18.18591771409413
-18.186033745741593
-18.18610796922038
-18.18620942654797
-18.186310943909348
-18.186392096874002
-18.186478409023213
-18.18657003100541
-18.186652107334936
-18.1867320033288
-18.186801039785454
-18.186897486877243
-18.1869526976602
-18.187070491428347
-18.187125389237412
-18.187182539953493
-18.187251727319772
-18.18733427099718
-18.187401513317244
-18.187479554923897
-18.187547635475568
-18.187603989761175
-18.18769899907085
-18.18774343518689
-18.187815109379304
-18.187868388051697
-18.18790896382283
-18.18798293541864
-18.18803302039005
-18.188082286967393
-18.188118323321447
-18.18817016653425
-18.188228454330734
-18.188300711021956
-18.18835083529111
-18.18841201044404
-18.188483979688698
-18.18857343705387
-18.188633342976388
-18.18869872910864
-18.18875376556326
-18.18883136287686
-18.188893398604122
-18.188951600476145
-18.188994290417114
-18.189078912922376
-18.189128118487414
-18.18918269036942
-18.189278352361626
-18.1893052340906
-18.189413885716895
-18.18944652318691
-18.18950629681868
-18.189567095603493
-18.189646338225884
-18.189704412158147
-18.18976246333127
-18.189805452995298
-18.189871632946893
-18.18992088799155
-18.1899647356058
-18.19005345626711
-18.190098465010063
-18.190161997323813
-18.19020857356522
-18.190269317813907
-18.190310835985624
-18.19036579273233
-18.190411637032422
-18.190453484377485
-18.19052487708558
-18.190598122698542
-18.19063432991416
-18.190681165489643
-18.190715568918726
-18.1907534667587
-18.19081959166145
-18.190843388001404
-18.190875252695843
-18.19092584526232
-18.190957608766862
-18.19101928179835
-18.191078107338384
-18.191115421578033
-18.191155917345426
-18.191200630882673
-18.19126299375066
-18.191323351184913
-18.19137888258854
-18.191433032869863
-18.191495297949466
-18.191551750938853
-18.19160227898937
-18.19167661684694
-18.191743850166723
-18.191801268063003
-18.191903147665016
-18.191962151445914
-18.192035936038007
-18.192137985388804
-18.192191603312917
-18.192253779749134
-18.19237654441294
-18.19241648575747
-18.192510066799475
-18.192573779811138
-18.192637119539935
-18.192694977380103
-18.19274243835938
-18.192802114350194
-18.192860851581184
-18.192919017631993
-18.192973002072563
-18.19303813718041
-18.19309548173339
-18.19315010739148
-18.193213965499154
-18.193261575369412
-18.19331654881974
-18.19340964722215
-18.19348515721837
-18.193582462428814
-18.193705791554542
-18.1937951303614
-18.19386931976228
-18.193985380008684
-18.194062014134058
-18.194165203209657
-18.19427538490165
-18.194377581775477
-18.19445116292319
-18.19458657373613
-18.19465130201484
-18.194750797990913
-18.194819283853114
-18.194894423041028
-18.195027379042664
-18.19511099868117
-18.195212457381174
-18.195301461298882
-18.195411173737874
-18.195521809451147
-18.195663140723866
-18.19577857262091
-18.195875064557328
-18.195969123328727
-18.196099807066144
-18.19617718374041
-18.196265303905076
-18.19634534934465
-18.196448344690285
-18.19650787998366
-18.19657517828367
-18.196639922034617
-18.19672250982505
-18.196787375446142
-18.19685573029919
-18.19691438563043
-18.196984625882845
-18.197039661383105
-18.197089458705836
-18.197109490883758
-18.197180337439523
-18.197206731056518
-18.19724837511986
-18.197310150025285
-18.197357787980266
-18.197413503472013
-18.197451593545857
-18.19749587519609
-18.197565589567343
-18.197644567314292
-18.197692020957305
-18.197763598055968
-18.197805196073073
-18.197864028889562
-18.197960842587182
-18.19801565091108
-18.198112421925508
-18.19824453013656
-18.198296253062374
-18.19838171587095
-18.19844082755405
-18.198524248814532
-18.198593349887936
-18.198641514265205
-18.198712402413953
-18.19879335589111
-18.198850171160373
-18.198916793073057
-18.19897157741792
-18.199037913693402
-18.199104066171586
-18.199163138420182
-18.199225025779832
-18.199306708278243
-18.19935972420499
-18.19942393158996
-18.199492115315888
-18.199598476041785
-18.199667123947677
-18.199744132910347
-18.199848968435795
-18.199974348356843
-18.20007471976998
-18.200195389000655
-18.200289551432093
-18.20036919569213
-18.200531065331052
-18.200576157032433
-18.200659958082472
-18.200730891071863
-18.200799687538893
-18.200896535498188
-18.200946146921456
-18.201028480346647
-18.201086988429008
-18.20116745825311
-18.201234492207806
-18.201283594432937
-18.201349983774758
-18.201395461155393
-18.20145598079974
-18.201499561346033
-18.20156315879788
-18.201586758570382
-18.201626708494402
-18.201641323900603
-18.201687401496372
-18.20171303859771
-18.20174024203785
-18.20178584621708
-18.201809428430735
-18.201854736261748
-18.201886579657504
-18.201925402837418
-18.20195060207279
-18.20198062269439
-18.202017491096985
-18.20204082454005
-18.20204967458354
-18.20209676168871
-18.202110659240812
-18.20213633710882
-18.20216458241967
-18.2021941736582
-18.202218374191798
-18.202244623692543
-18.20226211219167
-18.20228557284935
-18.202310896727006
-18.20232870230653
-18.20234051612038
-18.202365988504944
-18.20237810259713
-18.202391266715274
-18.202416678452742
-18.20243131249639
-18.202440540681394
