500 iters for seed 52 on ER0.3 which is in the 82.48367309570312 percentile
 Maxcut: 25.0, MedianCut: 15.0
-14.524912355875207
-14.53349785610425
-14.624047133610382
-14.713430782799351
-14.799110345677116
-14.875627996690998
-14.935095653804108
-14.97804619116187
-15.010213074069885
-15.027994023560579
-15.0514225255223
-15.070435217980801
-15.089167392021096
-15.106185019750306
-15.12695608529081
-15.146907612393422
-15.162404008101287
-15.17895362679815
-15.187746343326111
-15.196361880799513
-15.207178783562613
-15.213567230691455
-15.221142099330216
-15.2290782007176
-15.235277145131462
-15.241974831003567
-15.246394363252453
-15.251137995296808
-15.255153408747091
-15.261298069519446
-15.265061850298373
-15.269074687740932
-15.272548756762799
-15.276698749613795
-15.279531226113345
-15.281970659614238
-15.284140271142817
-15.286272823032371
-15.288325471071744
-15.290647338095376
-15.293146664323679
-15.29654941358397
-15.300010926408683
-15.303778285944777
-15.307222204430138
-15.309252886983783
-15.312695975044244
-15.314917811045849
-15.316607367312848
-15.318608337297608
-15.320920099158577
-15.322035416902372
-15.323942880639725
-15.32524281446678
-15.32698233135319
-15.328240734439063
-15.32983543182459
-15.33107443809815
-15.333075086141593
-15.334119703723362
-15.335472156726372
-15.336714470282667
-15.338077863705744
-15.33911069104104
-15.340166243486328
-15.341088268312477
-15.342129114398679
-15.343098629480261
-15.344009732870152
-15.344621873978515
-15.345946098242441
-15.346524219384381
-15.347356768197324
-15.34859019984458
-15.34929952787964
-15.350292240302508
-15.351068299835982
-15.351784723166995
-15.352558643196543
-15.353362163829045
-15.354072459811793
-15.35474704200978
-15.355503138015939
-15.356292392888381
-15.356996531549878
-15.357611400028187
-15.358285824662046
-15.359111767228903
-15.35963926250553
-15.360208417992588
-15.361019801174928
-15.3617268777373
-15.36236696576364
-15.363200804823492
-15.36387514988328
-15.364605129893386
-15.365321354213059
-15.365835879606893
-15.366516199972068
-15.367141703561693
-15.367865879995898
-15.36844617545637
-15.369468461883308
-15.37007145501762
-15.371106813477342
-15.37182832807568
-15.372524940666992
-15.373273935102809
-15.374236000580671
-15.374726645279013
-15.375342080515617
-15.375855767373563
-15.376507947177744
-15.377000347385636
-15.377544346538144
-15.378120487939418
-15.378818392589045
-15.379332494304203
-15.379957257018784
-15.380396723548426
-15.380973980484592
-15.381430613379926
-15.381854154098239
-15.382359417412411
-15.383157178759332
-15.38355277922175
-15.384038784495377
-15.384655183837793
-15.38530107020844
-15.38581589225553
-15.386349525240954
-15.386744402136967
-15.387251381665838
-15.387662700489466
-15.388032310007203
-15.388346383185915
-15.38879700511006
-15.38912039164265
-15.389393928960406
-15.38969479757305
-15.389934260739643
-15.390234569546907
-15.390565963143189
-15.390769329026176
-15.39107960656864
-15.391222095262115
-15.391548830239067
-15.391716098374502
-15.39189963932745
-15.392209813223488
-15.392397910198001
-15.392727829343816
-15.392955005198804
-15.393184393083434
-15.393394957335515
-15.393607350090116
-15.393911709521378
-15.39415500706099
-15.394407573958649
-15.394726230558122
-15.394952824011613
-15.395248194400839
-15.395502535757444
-15.39566420510465
-15.39590634856524
-15.396049423579113
-15.39628071002134
-15.396445226494071
-15.396597628728733
-15.396903726073827
-15.397057231844556
-15.397306501078491
-15.39749327115046
-15.39768588200079
-15.397796297548805
-15.397946920736436
-15.3980521837689
-15.398146318178906
-15.39825789630168
-15.398399693255797
-15.39846811976221
-15.398574099857516
-15.398631294590711
-15.398734136934372
-15.398807267143408
-15.398859797970237
-15.398965845588048
-15.39901044176196
-15.399092900032642
-15.399159184134543
-15.399245292227075
-15.399316294444795
-15.399373244660573
-15.399447014299605
-15.399507368365398
-15.39959896055512
-15.399644321776767
-15.399743246050196
-15.39980275111229
-15.399880767928458
-15.399970726592112
-15.400072072840475
-15.400143731935794
-15.400241436092985
-15.400301517984335
-15.400373862625571
-15.400460440220252
-15.400505980889548
-15.400544319612559
-15.40066052113168
-15.400690793483335
-15.400745657081016
-15.40081176411959
-15.400887473328037
-15.400944519887215
-15.401024267307857
-15.401084303687004
-15.401153003679967
-15.401243739405079
-15.401306479660853
-15.401343577329092
-15.401448592847657
-15.401462843068607
-15.40153459650254
-15.401573803609953
-15.401617006522809
-15.401667647727788
-15.401709314730319
-15.401780695558616
-15.401822038899066
-15.401871170007883
-15.4019088224256
-15.401946000127417
-15.402009673470523
-15.402042285031799
-15.402088099857222
-15.402131232160876
-15.402177590854418
-15.402202136482877
-15.402256896250409
-15.40228302970929
-15.40233277953384
-15.40237240353211
-15.40240749577049
-15.402472163735037
-15.402502806453263
-15.402565548471028
-15.402606835494062
-15.402660847789221
-15.40269333154225
-15.402731251036762
-15.402776834652597
-15.402813576895046
-15.402862749443392
-15.402934946821205
-15.402971047522296
-15.403024866425786
-15.40303578577571
-15.403103053594304
-15.403139082990284
-15.403176604996366
-15.403231386027532
-15.40327413054865
-15.403342258079165
-15.40337904085953
-15.403419713979485
-15.403457010573533
-15.403488058565474
-15.403539491199666
-15.403579302547241
-15.403634646718707
-15.403706584597979
-15.403766933548305
-15.403783667613975
-15.403891316801364
-15.40392615705469
-15.40397256720101
-15.4040304494346
-15.404099453736144
-15.404156052638468
-15.404211494357295
-15.404258311072152
-15.404294399102941
-15.40435227849542
-15.404379602952991
-15.404416434452878
-15.404453319973463
-15.404482528409744
-15.40453762916641
-15.404596749353194
-15.404633160175088
-15.404673410774736
-15.404707710630266
-15.404748707319216
-15.404798878847178
-15.404832195466213
-15.404867348954063
-15.404918156837404
-15.404964149808688
-15.40498596076317
-15.405035595763113
-15.405051328614045
-15.40508760806383
-15.405111200584997
-15.4051349405806
-15.40517668764761
-15.405198087123177
-15.405232929710092
-15.40525965934636
-15.405291393758668
-15.405320448453228
-15.405347014023356
-15.405381855107544
-15.40540872318847
-15.405438534300016
-15.40546916228528
-15.40549497521027
-15.405520310864294
-15.40556097490921
-15.405576779472767
-15.405599051998268
-15.405626703043984
-15.405641784068987
-15.405670133072096
-15.405682806035326
-15.405700998301224
-15.405726387834935
-15.405755292245477
-15.405778830640518
-15.405803698354141
-15.405828633483983
-15.405854160878496
-15.405882338683938
-15.40590750883597
-15.405939455964567
-15.405962711182449
-15.40599532415709
-15.406016344040435
-15.406040010993276
-15.406058511567268
-15.40608997435955
-15.406106679437173
-15.406124343253204
-15.406143699853654
-15.406167724862396
-15.406188772480869
-15.406209366411375
-15.406230253620658
-15.406251121410651
-15.406287511915057
-15.40630999777474
-15.406336756393813
-15.406388283782604
-15.406409594453972
-15.40643330056709
-15.406489208982002
-15.406515078539394
-15.406556219551305
-15.40659010676469
-15.406609745218358
-15.40664208576154
-15.406669186968102
-15.406699481372037
-15.406727601143254
-15.40675141968759
-15.40677673536475
-15.406808067717137
-15.406834632033016
-15.406859461490505
-15.406885578502179
-15.406912495848355
-15.40694416366982
-15.406976519097753
-15.407014625860988
-15.407050730194939
-15.407081864523942
-15.407119066443823
-15.407142322164303
-15.407163999193884
-15.407194939593676
-15.407214699005243
-15.40725508418208
-15.407270629968309
-15.407302652419784
-15.407321468780614
-15.407339960222954
-15.40737007087517
-15.407387528747059
-15.407410802421582
-15.407429948669105
-15.407451315346654
-15.407476174270716
-15.407503767780739
-15.407536394459862
-15.407563886322418
-15.407589972346553
-15.407642963520354
-15.407669475585992
-15.407699299541779
-15.407729558957454
-15.407758325373734
-15.407805648570536
-15.407839370837042
-15.407888594638061
-15.407920330922115
-15.407955967891814
-15.40796946949131
-15.408034232943224
-15.40805394768229
-15.40808827595573
-15.408135732857959
-15.408167398211436
-15.408202369804956
-15.408229161238964
-15.408262345698864
-15.408287048598535
-15.408311555609952
-15.40833458088633
-15.408351914327778
-15.408371439143554
-15.408406022606194
-15.408422134023109
-15.4084472285906
-15.408482663309696
-15.408513545862837
-15.408542817966799
-15.408571778922237
-15.40859992014692
-15.408645817439844
-15.408688166998711
-15.408733127284798
-15.408770914404045
-15.408810134113082
-15.408851067269623
-15.408882680536953
-15.408908412571398
-15.40895204800202
-15.40898186484841
-15.409005083779288
-15.409055724625397
-15.409082984855289
-15.409114168659931
-15.409171892432454
-15.409206179374792
-15.409251275069204
-15.409353921209808
-15.409412928069433
-15.409459398481408
-15.409565846534983
-15.409633103766415
-15.409668273917084
-15.40978866592662
-15.409849638303776
-15.409937598907371
-15.410047312136955
-15.410146486056902
-15.410217599387956
-15.410280609526183
-15.410334849619955
-15.410422397067874
-15.410503584709309
-15.41057973616051
-15.410640442046693
-15.410722573512098
-15.410796597493444
-15.41086206176244
-15.41094123461694
-15.411005703128192
-15.41108330894575
-15.411178663587226
-15.411240389717403
-15.411292453144874
-15.41139353926356
-15.411443222074725
-15.411487981010389
-15.411569586974483
-15.411619048245093
-15.411697415767907
-15.411793677731026
-15.411840109506468
-15.411902067337099
-15.411945445830021
-15.411994515428594
-15.41204938012519
-15.412081314105116
-15.41211757899991
-15.412197478941488
-15.412223811564408
-15.41228643715365
-15.412340192164214
-15.412404236842775
-15.412444891390283
-15.412507986038582
-15.412556661593134
-15.41262419011
-15.412692751738618
-15.412741075026588
-15.41278313608146
-15.412862007682303
-15.412902321112297
