500 iters for seed 29 on ER0.3 which is in the 56.778717041015625 percentile
 Maxcut: 23.0, MedianCut: 15.0
-14.53160249177693
-14.541755533963448
-14.59448728507586
-14.663695789312069
-14.703161846805218
-14.753605070979631
-14.792340499643393
-14.81333793321279
-14.822365288472716
-14.86171708839375
-14.878411888143194
-14.894750810450581
-14.908188865983915
-14.920281443365878
-14.92989035438832
-14.939543111857637
-14.947205238354472
-14.954388886268287
-14.961363627532856
-14.968299367436668
-14.974608117610602
-14.98077540578213
-14.987248727592071
-14.994290809038151
-15.001930644159504
-15.007378244767645
-15.01260435363749
-15.016819766865638
-15.020511644594624
-15.024015847779305
-15.027104283993008
-15.0292965294229
-15.032807453920608
-15.034538713650852
-15.037080193330205
-15.03897110350051
-15.041533249941835
-15.04365145405139
-15.046132933350972
-15.047315123834396
-15.05042601492422
-15.05196321736849
-15.053694406509582
-15.055133179578245
-15.057133761196754
-15.058076745309187
-15.059478634396006
-15.060232932510974
-15.061272999428294
-15.062172065270191
-15.063114400926288
-15.064326096262956
-15.065563189250723
-15.066270489541898
-15.067388176970228
-15.06849951579171
-15.06969731330524
-15.070697148323173
-15.071489068728939
-15.072303690645334
-15.073479269897662
-15.074412805121643
-15.075143510335764
-15.076224357760616
-15.076945331983628
-15.077860986072999
-15.079251822349429
-15.080226021071915
-15.081251279950665
-15.082812685918421
-15.083461593133904
-15.084355009070633
-15.085315983645986
-15.086175784629344
-15.08704021778621
-15.087759147261721
-15.088481731969672
-15.089386692296278
-15.090189294302762
-15.091056051245186
-15.091892106062696
-15.092566130897396
-15.093250190022166
-15.093960326188679
-15.09462362702849
-15.09540022365338
-15.096106790310015
-15.096740011154676
-15.097331452409879
-15.097833317793357
-15.098191970681098
-15.098546932426851
-15.098956118972112
-15.099404234028794
-15.099756274474936
-15.100069962086009
-15.100429516589763
-15.100756746611074
-15.101020788263007
-15.101307530620062
-15.101576657078262
-15.101932770819698
-15.102278557456462
-15.102646683894337
-15.10293636898205
-15.10321163260377
-15.103486480594288
-15.103695600029013
-15.103897915638024
-15.104173297644726
-15.104413660997336
-15.104706716361518
-15.104968082203511
-15.10516416618691
-15.105318120336324
-15.105589753848198
-15.105735562080925
-15.105901214494647
-15.10609370138574
-15.106237080453143
-15.106469136786126
-15.10672301656616
-15.106872425322983
-15.10710819962023
-15.107278851743166
-15.107433877581638
-15.107660675816842
-15.107794275697563
-15.10799496608659
-15.108174776950039
-15.108407415233346
-15.108567120034735
-15.108762769134385
-15.108927033164038
-15.109255681951502
-15.109418081562758
-15.109634643532385
-15.109922467938258
-15.110195095772902
-15.110455294838538
-15.110694792031643
-15.110918163099853
-15.111201139942521
-15.111507850773041
-15.111689440291832
-15.111975903664021
-15.11207798208105
-15.112567676307407
-15.11280033689739
-15.113120980802428
-15.11364321067026
-15.113866266590389
-15.114576966290738
-15.114905402818613
-15.115414902646195
-15.115677956433386
-15.116414607071498
-15.116635484721174
-15.117017367727993
-15.117391121816475
-15.117833067107973
-15.118124683340955
-15.118423173161998
-15.118689498664935
-15.11891561974504
-15.119220289617846
-15.119444499048509
-15.119685485954559
-15.119935676667758
-15.12015190317009
-15.120241909489897
-15.120616317677836
-15.120740693917048
-15.120932490139236
-15.1211403878197
-15.121372760599748
-15.121539345592689
-15.121703949642491
-15.121856746705674
-15.122010917549469
-15.12223668611548
-15.122347755694642
-15.122496570801301
-15.122669021865889
-15.122813981342132
-15.123100727919
-15.123235479775833
-15.12348771145334
-15.123612621196267
-15.123780568431046
-15.123927185598282
-15.124155807415299
-15.124294468121096
-15.124422050348183
-15.124532177085987
-15.124708087563526
-15.124787393611985
-15.12489253572139
-15.12496347808901
-15.125103572220013
-15.125222154888673
-15.12526765549275
-15.125394438366309
-15.12552355228372
-15.12562262704299
-15.125814896429441
-15.125894953651619
-15.126035519609026
-15.126125971559306
-15.126277107979313
-15.126364824217827
-15.126461887563341
-15.126618132492574
-15.12676058618571
-15.126866468412747
-15.126990869929799
-15.12708817487617
-15.127217345462151
-15.12735641339286
-15.127442196180127
-15.12753906338206
-15.127623097478256
-15.127717970400727
-15.127777650802228
-15.12789503697078
-15.127959099996449
-15.128039873677563
-15.12810892042465
-15.12822081830564
-15.128303022141743
-15.128362447213172
-15.128470240819619
-15.128486219598663
-15.128649946626158
-15.128700233157751
-15.128776599968411
-15.128897192207887
-15.12909742335496
-15.129169896703246
-15.129357391155228
-15.129430475264366
-15.129535109989714
-15.129615694530749
-15.129741349722812
-15.129845839943238
-15.129938437505347
-15.130039023722297
-15.130185200451393
-15.13027626908762
-15.130412756130797
-15.130508828768606
-15.130653776092155
-15.13087746398184
-15.130938075577342
-15.131133469582778
-15.13119382547212
-15.131281434746068
-15.131369613933076
-15.131479673206035
-15.131570995572972
-15.131655811171237
-15.13172078876531
-15.131864743072626
-15.131937281452373
-15.132013020998617
-15.132061219063656
-15.132146257749248
-15.132202839273267
-15.132248787565242
-15.132339201608946
-15.132387202558432
-15.132458773078518
-15.132517199154032
-15.132580751886348
-15.132628590905384
-15.132669550806805
-15.132725119506329
-15.132764924928392
-15.132810497551672
-15.13288416745161
-15.13290874778171
-15.132947868124365
-15.132981041071798
-15.13301889114587
-15.133055209482919
-15.133081438556042
-15.13314294236634
-15.133155675460086
-15.133214626751005
-15.133238724497824
-15.133281606409357
-15.133323519132613
-15.13337690473055
-15.133410346056515
-15.1334510880172
-15.133478819111058
-15.133518040288218
-15.133552921831384
-15.133575221144833
-15.133606944227415
-15.13364642258811
-15.13367719169986
-15.13371629926096
-15.133752028595733
-15.133806959543175
-15.133851342081464
-15.133890336568347
-15.133922957468553
-15.133985823525673
-15.134019466725738
-15.134054214750494
-15.134110908879792
-15.134155567851792
-15.134219020429162
-15.134263986651902
-15.13431940085569
-15.134374549104308
-15.134425504040504
-15.1344764091914
-15.134514322300472
-15.134546493333701
-15.13459824705485
-15.134611850454696
-15.13465937206924
-15.134687020423002
-15.134716411420522
-15.134756239772852
-15.134805238316897
-15.134868089106833
-15.134891274871654
-15.134920206501896
-15.134942857475298
-15.134974668759943
-15.13502071635101
-15.135041029938218
-15.13507702211548
-15.135109106606231
-15.135130029756475
-15.13516711927084
-15.135194886793368
-15.135237256625379
-15.135277680623078
-15.135312979955819
-15.135349841867322
-15.135389951971135
-15.135434788582192
-15.135470368972234
-15.135507089833894
-15.135529137040953
-15.135576984533824
-15.135625704272266
-15.135658198005611
-15.13573487949359
-15.135766688896982
-15.135810888317224
-15.135845058965556
-15.135886402157926
-15.135936224375051
-15.13597434387442
-15.136030598472502
-15.136083694171914
-15.136137366031313
-15.136179469301496
-15.136221701482667
-15.13627540289039
-15.13634244098658
-15.136388168323048
-15.136453971463736
-15.136538224439946
-15.136633501560505
-15.136696807049752
-15.136777055497033
-15.136831769836595
-15.136888982036727
-15.136997026602758
-15.137050173354899
-15.137162719164612
-15.13722778946216
-15.137317295343536
-15.137378484500188
-15.137440850998804
-15.137553534020048
-15.137612052375022
-15.137730488402529
-15.137791381870787
-15.137857316388983
-15.137932450046556
-15.138030196048275
-15.138082976845862
-15.138147687604238
-15.138214006162487
-15.138298759448885
-15.138399563266029
-15.138479533435644
-15.138579680115928
-15.138677905028144
-15.138772821317879
-15.138854935287789
-15.138943401746998
-15.139028555872294
-15.139105080595503
-15.139166232939198
-15.13923558685006
-15.139287680260855
-15.139345291049434
-15.139387151149599
-15.139483086643496
-15.139538654716322
-15.139585718329947
-15.139672044489522
-15.13975047843213
-15.139849875292473
-15.13989228696257
-15.13995963464407
-15.140005729222986
-15.140071808585578
-15.1401449837591
-15.140190838360555
-15.140242579115855
-15.140350597009657
-15.140396378968294
-15.140461693349618
-15.140525493532323
-15.140621251905955
-15.140686642849959
-15.140740331305043
-15.140828528877536
-15.140873402174307
-15.140967954951265
-15.141011511446298
-15.141068472372499
-15.14110791219607
-15.141197178450078
-15.141247593344968
-15.141297587267902
-15.141380114337577
-15.14142689341745
-15.141516977017421
-15.141581884463465
-15.141654101778549
-15.141702213681175
-15.141767795497636
-15.141824407545153
-15.141864393483772
-15.141928301806466
-15.141977972266803
-15.142019845143203
-15.142060764015895
-15.142096089262477
-15.14214834222121
-15.142192958889028
-15.142238202742602
-15.142279593295823
-15.142337074993327
-15.142393608198558
-15.142433203356202
-15.142499600263607
-15.142540328859386
-15.142583167170834
-15.14263720416948
-15.142663749234998
-15.142707856775974
-15.142737983729699
-15.142775860093842
-15.142799397732228
-15.142830446481764
-15.142873067907445
-15.142907467840676
-15.142933956136687
-15.14296744575084
-15.142994478217894
-15.143031642953497
-15.1430611318434
-15.143087277060914
-15.143113983658575
-15.143141807529373
-15.1431653222926
-15.14318588711086
-15.143204921280706
-15.143233566192043
-15.143260673207656
-15.14328434535578
-15.143304833009685
-15.143329464166543
-15.143351119640558
-15.143369630595597
-15.143389287972125
-15.143410310405763
-15.143428110888031
-15.14343983438361
-15.143457501103427
-15.143466463770642
-15.143478675132155
-15.143489313213058
-15.143498063137432
-15.143516235984809
-15.14352345781967
-15.143534882992123
-15.14354116512641
-15.14355168597178
