500 iters for seed 91 on ER0.3 which is in the 79.99038696289062 percentile
 Maxcut: 27.0, MedianCut: 18.0
-17.645951974602944
-17.743813902011528
-17.79083902671034
-17.842328088176217
-17.88387717651095
-17.91175658090382
-17.941352384101876
-17.964245356421074
-17.982568133456674
-17.99735032228668
-18.009665175586527
-18.023008708644355
-18.032939310505228
-18.04300964397509
-18.049896905557937
-18.05786650211183
-18.06260618817993
-18.067107041144613
-18.071560027800295
-18.075070750771197
-18.0791236696237
-18.0830845740332
-18.08676177710843
-18.090478383600367
-18.094464394205424
-18.097638517895373
-18.101073993062055
-18.103090380128098
-18.106595606815198
-18.108833451802177
-18.111334161790072
-18.113774503964528
-18.116511640697983
-18.118762495713067
-18.120543293138105
-18.12268624788172
-18.12398645058114
-18.12572395493616
-18.127304571909796
-18.12860673465066
-18.130441463475194
-18.13220020105294
-18.1337528746284
-18.135149074238548
-18.13648076765506
-18.13776765538456
-18.138814956869155
-18.13982514687404
-18.140975251274053
-18.14203369875201
-18.142885676995064
-18.143701428289592
-18.14470436655484
-18.145455033558928
-18.146135469264284
-18.146838562719037
-18.147416579089167
-18.148091527042563
-18.14872694475293
-18.14947435878309
-18.150044279199793
-18.150559119854957
-18.1511071673912
-18.15144640580032
-18.151758298238263
-18.15219812337341
-18.152447180854548
-18.15271447832138
-18.153240990378457
-18.153501154644683
-18.153728695954534
-18.154096588126503
-18.154342657031485
-18.15471202567982
-18.15503559811539
-18.15536813691164
-18.155618980966
-18.155897471070986
-18.15621117069462
-18.156531037713982
-18.15686382380256
-18.157191755517353
-18.157529560743743
-18.157831211941815
-18.1581614797947
-18.158456556875702
-18.158761517021382
-18.159054300462675
-18.159319948262123
-18.159605358953606
-18.1598573513921
-18.160185654871178
-18.160491688287543
-18.160810481380384
-18.16103304665933
-18.16142505486148
-18.161735019615122
-18.1620950587237
-18.16251798302924
-18.162793317105635
-18.16293933953377
-18.16346208546344
-18.163621660544297
-18.16398407546157
-18.16413248494345
-18.164522532700584
-18.164725413559893
-18.165011899529407
-18.165441762186443
-18.165787364603055
-18.166289205127075
-18.166668823595494
-18.1669904805485
-18.16728436312018
-18.16757406688861
-18.167882629615104
-18.16810408716183
-18.16831343708685
-18.168571259178783
-18.16875469144172
-18.168923553403317
-18.169150237461544
-18.169329063692384
-18.169616145523456
-18.16985722630597
-18.17005872807126
-18.170278495093278
-18.17046637382301
-18.170656232119363
-18.170889459645196
-18.171023657590144
-18.17117712182826
-18.171420882941717
-18.17156709448905
-18.17179710323791
-18.17201729377009
-18.172250851391116
-18.172448387816516
-18.17266367941782
-18.17289451375833
-18.173132919768182
-18.173346669446303
-18.173546109748674
-18.173809493618222
-18.17406488421966
-18.174361593964317
-18.17466281588414
-18.174880192019643
-18.175099324999312
-18.175399168126194
-18.175567681937295
-18.175739063423336
-18.176009247280817
-18.176185788515852
-18.176385973113558
-18.176646998539866
-18.176782039836915
-18.17699846571042
-18.177064216816788
-18.177349911103523
-18.177443087743967
-18.17756016763688
-18.17769009038231
-18.17782676977845
-18.17792010852
-18.178034758304666
-18.178110634023433
-18.17817912957359
-18.178315272234613
-18.17837782639217
-18.17845256115137
-18.17859272281556
-18.17865308786617
-18.178737775416653
-18.178811700165802
-18.178928211347657
-18.178978713530263
-18.179095711655602
-18.179124375556956
-18.179258700240783
-18.179324039019484
-18.179401848374212
-18.179508665048203
-18.17958038214484
-18.179702488805827
-18.179782036408117
-18.179879361855885
-18.17995946714776
-18.18003389827484
-18.180139442855964
-18.18019742050846
-18.18028405048066
-18.18034499069509
-18.18047343723237
-18.180537221191333
-18.18065281360222
-18.180767347639758
-18.180913677242216
-18.181025694866477
-18.181160080041472
-18.18127901286449
-18.181430282152135
-18.181588946374504
-18.18171243464758
-18.181881973361566
-18.18206237663805
-18.182203865949685
-18.182359753971106
-18.182494769591944
-18.182617174106017
-18.182747032039238
-18.182827988212814
-18.182902648877537
-18.183042885706975
-18.183127820339987
-18.18323090766932
-18.183418739752305
-18.183505843990602
-18.183639670969708
-18.183734919277093
-18.18391704222006
-18.18405049513099
-18.18418158152481
-18.184403743456578
-18.184553094200396
-18.184834325439855
-18.185020763016745
-18.185215151714875
-18.185452237350237
-18.18574951879617
-18.185889706865865
-18.186070427820635
-18.18621598042441
-18.186416808628422
-18.186612999529135
-18.186786212896532
-18.187089695177615
-18.18730093889705
-18.187585996218715
-18.187822087642793
-18.188039335688114
-18.18831438414751
-18.188698473876382
-18.188961749754384
-18.18924261120015
-18.18953827971048
-18.189944161455976
-18.190260396925048
-18.19055149576294
-18.190852532118615
-18.191219077935138
-18.19147388028754
-18.191700664366078
-18.191967886320803
-18.192222005993948
-18.19238716957762
-18.19263405212398
-18.192805140508103
-18.192985176864962
-18.1931924169269
-18.193314539172466
-18.19354311457122
-18.1937007250098
-18.193827053987466
-18.193962688451016
-18.194064165670493
-18.194197126177656
-18.194311900192595
-18.19440756059237
-18.194536914414826
-18.194619682682994
-18.194712310712138
-18.194806662097722
-18.194879256984592
-18.194939675203226
-18.19504166877516
-18.195075899022925
-18.195131780910934
-18.19515126706056
-18.19522487257621
-18.195257089330212
-18.195293575147126
-18.19534668357009
-18.195380660584426
-18.195428079775482
-18.195467900622443
-18.195522620282507
-18.19555769299077
-18.19562651435607
-18.195670821001702
-18.195723008892696
-18.195796717967195
-18.195843381815298
-18.195915592754375
-18.195957538778277
-18.196012944056065
-18.196089052219797
-18.196187521578402
-18.19625624436043
-18.196351411497282
-18.19646189180954
-18.19656437012333
-18.196707161918138
-18.196791264012738
-18.19689190998635
-18.197007520783018
-18.197159656424738
-18.197265986767363
-18.19736121370606
-18.19752794520572
-18.197633304593875
-18.19776401109444
-18.197846230694573
-18.197950334189077
-18.19802842544862
-18.198167188234514
-18.198237082581393
-18.198335881326983
-18.19847823753213
-18.198612061292543
-18.19873133314939
-18.19884684492288
-18.198960281357824
-18.199116648070156
-18.19922892179143
-18.19930930828704
-18.19942607257347
-18.199533202963817
-18.199645136488996
-18.19973616183812
-18.199843145751558
-18.199933174000975
-18.200048749326267
-18.200142061608094
-18.200243908860443
-18.20031328928586
-18.200425370640463
-18.20046220741393
-18.200603200468315
-18.200677602607456
-18.200769502061586
-18.200908826159512
-18.201010189357405
-18.201179400351883
-18.201299056646512
-18.201450126054297
-18.20150738406724
-18.20165522824882
-18.20175153640934
-18.201859650522827
-18.202047101189994
-18.20213985726484
-18.202269045753876
-18.20237479501134
-18.20250859304361
-18.202584212008006
-18.202722290115222
-18.2027910094492
-18.202873387207354
-18.20299097386472
-18.203061676790792
-18.203203750997442
-18.20327941277658
-18.20336719859416
-18.20352997880753
-18.203631030377576
-18.203732335442457
-18.20381784142112
-18.203918359067327
-18.20404300063366
-18.20416791342521
-18.20428566788177
-18.204379628225272
-18.20449700081936
-18.204591557931582
-18.204669511288557
-18.20471820051104
-18.204794556639385
-18.20484542012951
-18.20491332654504
-18.204979885409482
-18.20504202326473
-18.205130340052026
-18.205222394073164
-18.20527337145393
-18.20534183916901
-18.205387623001513
-18.20544157305046
-18.205527321586985
-18.205572338503547
-18.205655974459873
-18.20569297430346
-18.205741815070663
-18.205788453609134
-18.205834648800735
-18.205916515966912
-18.205968452733096
-18.20604147913305
-18.20610547197562
-18.20616663254298
-18.206230717244885
-18.20629407614493
-18.206369338954037
-18.20642191407098
-18.20649532125347
-18.20656233632795
-18.206621911655382
-18.20667145636648
-18.206736461548594
-18.206787111259384
-18.206840563149147
-18.206871780938016
-18.206909974305347
-18.206937194541194
-18.206971949397932
-18.207001512512498
-18.20702561470658
-18.207041675541106
-18.207082237353063
-18.207099067251136
-18.207126447723205
-18.20717001580841
-18.20719735338769
-18.207237721931662
-18.207262866079226
-18.207297761858122
-18.207334615051128
-18.20738176741121
-18.207403555510975
-18.207430924037126
-18.207461123112214
-18.207499387218316
-18.207532011673226
-18.20756113721761
-18.207580620155
-18.20761108292826
-18.207636532051787
-18.20766348317591
-18.207686667918132
-18.207703695768735
-18.207718552097187
-18.20773332992401
-18.207750704034027
-18.207763084178595
-18.20777721936919
-18.20778836283419
-18.2078004797608
-18.20781275873688
-18.207832821905697
-18.2078430347744
-18.20785443195401
-18.2078708381352
-18.207888677703746
-18.207900618936698
-18.20792005423589
-18.20793025956288
-18.207941307931588
-18.20795600991186
-18.207965775731726
-18.207968927850114
-18.207992730346362
-18.207998133021775
-18.208009388375178
-18.20801627230549
-18.208027889291422
-18.20803547370477
-18.20804223869188
-18.20805354363709
-18.20806030192164
-18.208066652783224
-18.208072333814087
-18.208078903106053
-18.208084734641336
-18.20809114368803
-18.208096715912152
-18.208102005374077
-18.208110541283993
-18.2081187112923
-18.20812331913999
-18.20813063056546
-18.208135905345888
-18.208141500132175
-18.208150421244724
-18.208153836019967
-18.208157955272398
-18.208164858735923
-18.20816790977679
-18.20817117120523
-18.2081783906174
-18.208181237975122
-18.208186599735885
-18.208190887996125
-18.208193870920965
-18.20819908670448
-18.208203060611424
-18.208207270889567
-18.20821059483909
-18.208212995679638
-18.208217966009332
-18.208222038926163
