500 iters for seed 152 on ER0.3 which is in the 3.000640869140625 percentile
 Maxcut: 25.0, MedianCut: 16.0
-16.173711204300503
-16.325079747385516
-16.370978388809696
-16.438936409134612
-16.49997899317263
-16.540335274318675
-16.57652486971942
-16.600612742566046
-16.621400678414
-16.63749520933271
-16.652692586930446
-16.66877695156604
-16.68129811382676
-16.69132318553637
-16.700467531977516
-16.709579446878173
-16.719871083691245
-16.729415693423398
-16.737184065647554
-16.74477535027865
-16.750224793453913
-16.755308074846653
-16.760088025032722
-16.76540405812602
-16.769984147645474
-16.77374980122913
-16.777698113461064
-16.7811773943818
-16.784900265866696
-16.787565486787532
-16.790685923249683
-16.792495471368632
-16.796314158743474
-16.798161998498813
-16.800736210394085
-16.802825388980366
-16.806145597379654
-16.80824811957036
-16.810710728875296
-16.812095390503845
-16.81436372896033
-16.815607265116647
-16.816915000991944
-16.818451282481636
-16.82026578022977
-16.821561393684767
-16.82275494355794
-16.82433778636606
-16.825843647970835
-16.827430600038163
-16.82858369899199
-16.829920397041622
-16.830947878213514
-16.83225089128661
-16.83320952264131
-16.834359619317397
-16.834924483229027
-16.836861212545845
-16.8376977526903
-16.838786110882964
-16.840173049901914
-16.8411340913488
-16.84310649135715
-16.844376361661936
-16.84581730264702
-16.84753689368531
-16.849552222760288
-16.851576561573566
-16.853338384878548
-16.854949629314365
-16.856420320994626
-16.85798034960945
-16.859199857258123
-16.860287976674428
-16.861431477564388
-16.86257434519065
-16.863599744166898
-16.86477491052832
-16.86577725295414
-16.866605671297982
-16.867626161107804
-16.8683577735544
-16.869029322271405
-16.869964836633045
-16.870577902200644
-16.871326839443853
-16.872329033492605
-16.87319807111139
-16.873686825841425
-16.874644550442294
-16.875292413611064
-16.876066216772315
-16.876857604000982
-16.877447870011817
-16.878156835893137
-16.879095235986437
-16.879640199983587
-16.880330407824736
-16.880676923711118
-16.881381847196998
-16.88173792732083
-16.882132504991816
-16.882604037500382
-16.883131297386047
-16.883512885536902
-16.884061048644657
-16.884395873557498
-16.884773114699623
-16.885372603278675
-16.885738988038813
-16.886316492078848
-16.886687110674266
-16.887050212839032
-16.88738949429197
-16.88772505858323
-16.88803918473337
-16.88838940698155
-16.888619071028028
-16.888910989258996
-16.889160178113514
-16.889457140802353
-16.889671527332155
-16.889847954379917
-16.890006826030053
-16.890265840328897
-16.890392577081272
-16.890555274691728
-16.890811019130332
-16.890942863513196
-16.89110147428552
-16.89121316762716
-16.891328326104315
-16.891444630246106
-16.891542849709175
-16.891655317427723
-16.891734968465045
-16.89180874102046
-16.891931784614883
-16.891990605956043
-16.892065792100095
-16.89218961673022
-16.892251580321794
-16.89243689566617
-16.892495875387308
-16.892629784164527
-16.892691189919486
-16.892771895505575
-16.8928342075015
-16.892928602288208
-16.892990838439484
-16.893071613963222
-16.893192856028183
-16.89326780606126
-16.89335330739238
-16.89343917760047
-16.893526236236585
-16.893620609306037
-16.89374060257193
-16.89383294067611
-16.89391889109802
-16.894067366833287
-16.894248454956173
-16.894407511811863
-16.89462437803217
-16.894812582873946
-16.895036951922776
-16.895427572155373
-16.895718097258595
-16.895943150685135
-16.896410411444524
-16.896591330435047
-16.896846131219384
-16.897152676555407
-16.89741878555506
-16.89786510907647
-16.898119847324153
-16.898431149395297
-16.898683369604036
-16.898935890390817
-16.89920278057365
-16.899492008050508
-16.899743645845057
-16.89997536727955
-16.900121094565478
-16.900434787336856
-16.900565815316533
-16.900732555274196
-16.90093520731439
-16.90113879306132
-16.90127604031707
-16.90146699615621
-16.901574178346852
-16.901690290297438
-16.901856185742204
-16.90194600646514
-16.90213883684616
-16.902304082076927
-16.90238745869965
-16.902489461946814
-16.902604752356357
-16.902723023288925
-16.90282833636967
-16.902912704131314
-16.903019966042393
-16.903110258775683
-16.90324203958418
-16.903333282207285
-16.90341263845278
-16.903596469018733
-16.903693620303034
-16.90384554182889
-16.90398803701252
-16.904179417520456
-16.904356547287943
-16.904595782935196
-16.90486218452879
-16.905041284921104
-16.905431229603956
-16.905740920124522
-16.90606238903465
-16.906462257379268
-16.90683312839859
-16.90735603624922
-16.907827271697055
-16.908400846564135
-16.908910256632474
-16.909494537460645
-16.90988436197788
-16.91067661988476
-16.911211695252458
-16.911850423303576
-16.912097777163527
-16.912843614351903
-16.91315203946421
-16.913556268909343
-16.913958979803766
-16.914513550315153
-16.91490608304905
-16.91532153340524
-16.915678270825154
-16.916151433450228
-16.916535745167753
-16.91693418462889
-16.917284791405564
-16.917636081401596
-16.918000048942023
-16.91828033791811
-16.918550887306353
-16.918820827103154
-16.919050220524266
-16.919121161707043
-16.91962204951219
-16.919761557913514
-16.91998681069571
-16.920261053774848
-16.920598052782573
-16.920861077806997
-16.921108157859365
-16.921359320733085
-16.921571171080657
-16.921796469928477
-16.922055380161424
-16.922248537327835
-16.92241583578482
-16.92263497383084
-16.92277606265761
-16.92294412776322
-16.923204946217474
-16.923361729972857
-16.923556406173347
-16.923800210689166
-16.923974412742215
-16.924103004882866
-16.924370638064914
-16.924497639926244
-16.924626955817455
-16.924842470325363
-16.924987995661734
-16.925160984923266
-16.925412413556476
-16.92550979528605
-16.92567023668672
-16.925748991625266
-16.92591445849336
-16.92601587896349
-16.926112316682328
-16.92621714060671
-16.926357874428348
-16.926442482747007
-16.926532480639423
-16.926605125656295
-16.926707063407036
-16.926783714007822
-16.926861911413916
-16.92695589961824
-16.927087473243258
-16.927177114016885
-16.927277637399342
-16.927405379674447
-16.927519387337078
-16.927626948024162
-16.927708278960505
-16.927806120573
-16.927906929813982
-16.9280425548204
-16.928117010008457
-16.928219982673298
-16.928366160942097
-16.92852642975648
-16.928642359633507
-16.92879601919021
-16.92892484645116
-16.92905598630021
-16.929228649349426
-16.929327822519028
-16.929400380124285
-16.929581470668715
-16.929661413749695
-16.929771325866106
-16.92982925972492
-16.929970988208645
-16.930021683846824
-16.930127207796303
-16.930173964403778
-16.930288574554744
-16.930366955351253
-16.930454364583415
-16.930589045167444
-16.93065640548041
-16.9307854924754
-16.93087355275825
-16.93095688130781
-16.931033680190566
-16.93111917241534
-16.931265058814432
-16.931362597079165
-16.93144740709485
-16.931584634732534
-16.931664703797768
-16.93177436756582
-16.931924894483043
-16.93204952948757
-16.932120993184995
-16.93224535887893
-16.93230301161164
-16.93237463892162
-16.932449540150074
-16.932506996270885
-16.932592470740907
-16.932688522876102
-16.93274293243133
-16.93283831420249
-16.932923580163067
-16.933028801690416
-16.933117538824387
-16.933204694717297
-16.933283011043592
-16.933366332710122
-16.933428461692856
-16.933485663375105
-16.93354013156179
-16.933592065444657
-16.933620400849655
-16.933684957685635
-16.933724873452654
-16.93377650488937
-16.933858353054163
-16.93390939328875
-16.933979229807015
-16.93403290887219
-16.93409851350974
-16.934163442984705
-16.9342219639582
-16.934269622907426
-16.93430893111582
-16.934358376182104
-16.93439441883901
-16.93442648397036
-16.934460490613773
-16.934489024314054
-16.934524565684512
-16.934558352366366
-16.934591397963544
-16.93462207879959
-16.934654666661718
-16.934680972587927
-16.934709702305415
-16.934739472624074
-16.93477104531968
-16.93481442688649
-16.93486481337107
-16.934901842035394
-16.934946593748236
-16.934977625663052
-16.935013545328008
-16.935061462215245
-16.935091199601054
-16.935126859651124
-16.9351711361287
-16.93521123935787
-16.935229770084785
-16.93526700183651
-16.93528192730554
-16.935311572964125
-16.935339220452708
-16.935363259893943
-16.935409788970784
-16.935431471203373
-16.93548018936081
-16.935500746749035
-16.935532628266365
-16.93556311718208
-16.935609210433885
-16.93563730010375
-16.935667852459808
-16.935712435774906
-16.935734722235868
-16.935779520332744
-16.935802291003757
-16.93583800433859
-16.93590230641393
-16.935931800178864
-16.935986414777688
-16.936030874283016
-16.936076674358915
-16.93611888109448
-16.93616029254916
-16.936230495706866
-16.93627205232319
-16.936316624538954
-16.936384750085637
-16.936429638177756
-16.93646074297852
-16.93652843746504
-16.93656934692207
-16.93663461256245
-16.936684796553077
-16.936740268226238
-16.936782125453163
-16.936830433261687
-16.93689310210221
-16.936951478631467
-16.93701281223942
-16.937061168353424
-16.93711576454394
-16.93718156123979
-16.937242900804186
-16.93729688082734
-16.937381840126996
-16.937427544051967
-16.937488595151724
-16.93756949957503
-16.937618932936562
-16.937693402051323
-16.93775526428204
-16.937816205433204
-16.937902727412943
-16.937981897997425
-16.938080980649513
-16.938148197198423
-16.938223419227633
-16.93835615356631
-16.938486215131526
-16.938592053374766
-16.93872411061315
-16.938817318826967
-16.938941699612514
-16.939069931168152
-16.939213978939698
-16.939299903054383
-16.93948348020384
-16.939503634023573
-16.9396715960195
-16.939745905966582
-16.939845080185112
-16.93995184686369
-16.94001949318136
-16.940134902112572
-16.94021740335089
-16.940313282311806
-16.940384501135913
-16.94045157511802
-16.940534378801225
-16.940572200785056
-16.940621836886727
-16.940677457751335
-16.940731074373417
-16.940757132979794
-16.940815690421992
-16.940848188737924
-16.940889272319936
-16.940924138354106
-16.94095786670353
-16.94098229480098
-16.941042483402136
-16.941063247488874
-16.941090066819818
-16.941123994003863
-16.941161051859638
-16.941191191724833
