500 iters for seed 169 on ER0.3 which is in the 48.584747314453125 percentile
 Maxcut: 31.0, MedianCut: 20.0
-20.171462070266315
-20.28217249725899
-20.337323904018408
-20.384153749545764
-20.41758780931799
-20.446970899493973
-20.47021054469884
-20.486433196957638
-20.500229140361814
-20.513644491210485
-20.523296031659637
-20.531606936849904
-20.54074026449866
-20.550198250369306
-20.56038354299639
-20.570010391090253
-20.579644999420182
-20.588415929842796
-20.59565437731088
-20.60233568460523
-20.605462825489166
-20.61030849670535
-20.614844858042336
-20.617811616593833
-20.621993594166007
-20.6243798540649
-20.62697882046832
-20.628590843520204
-20.630004250993856
-20.63188509618208
-20.633800971828165
-20.63515121530093
-20.63747007743926
-20.638608220542917
-20.641485524971408
-20.643963194361042
-20.646606166167537
-20.649741073979783
-20.652158075277747
-20.654733385226166
-20.655959808028964
-20.657891919740095
-20.65995602648664
-20.66127693948373
-20.662957008137713
-20.664251009707684
-20.665394873053447
-20.666709381332126
-20.66796005660304
-20.66925322380785
-20.670364104943573
-20.67129999954053
-20.672484179370542
-20.673538554026013
-20.67469597695937
-20.675690084825547
-20.676828609364247
-20.67791798713752
-20.678956824318416
-20.680083349973
-20.681119712353436
-20.682005332969663
-20.682783836495176
-20.683720247738115
-20.684354293717604
-20.684929533439593
-20.685566721475855
-20.68613671406549
-20.68678722230445
-20.68736372249987
-20.68798331854979
-20.688584701914273
-20.689210052204846
-20.689822131237015
-20.69048057910112
-20.69119453997093
-20.691936447513143
-20.692565018655124
-20.69310216964132
-20.693620349837854
-20.694287844328763
-20.694844614238132
-20.69553256036473
-20.69623078240767
-20.696874874976537
-20.6974486038464
-20.698010920329857
-20.698586571567873
-20.699139895646155
-20.69962500907023
-20.70019205915953
-20.700571046796924
-20.70093953507931
-20.701406223621678
-20.70168433828067
-20.70201835951728
-20.70244876414548
-20.702749280375656
-20.703069998368807
-20.70364935339801
-20.70393169406745
-20.70426509751188
-20.704660245874862
-20.704880875011273
-20.705070296956094
-20.70539097700158
-20.70556157575923
-20.705712437525143
-20.70597640299519
-20.70611965301107
-20.706333101531627
-20.70646034159772
-20.706679217762588
-20.706826315234515
-20.70703671731663
-20.70733471067679
-20.70751387460787
-20.70778950311808
-20.70794470206229
-20.708135820731727
-20.708389930583188
-20.70869444125554
-20.708879551992677
-20.7091609829339
-20.709346583290937
-20.709650172598852
-20.710063338735814
-20.710314926472183
-20.71062867308544
-20.71120499567656
-20.71151248926946
-20.7119101133666
-20.712456925705375
-20.71293192178453
-20.71350387510551
-20.714033170230387
-20.71450958051648
-20.714987201358415
-20.71541478905783
-20.715693631684
-20.715971019461396
-20.716320800579762
-20.716615596875485
-20.716868929847116
-20.71709260776943
-20.71731624688568
-20.717514802617245
-20.717620800785447
-20.717822545325486
-20.717881863180178
-20.718097067327573
-20.718178190996596
-20.7182746804799
-20.718425498062636
-20.71853907407762
-20.718723899054797
-20.718872427640264
-20.719040663121522
-20.719196746982206
-20.719329006251485
-20.71947638139668
-20.71958078924051
-20.71971369843536
-20.71980628191341
-20.719919199321176
-20.7199947656999
-20.72007591007657
-20.720184834128887
-20.720297439194542
-20.72036716720043
-20.72046900069056
-20.72052438362686
-20.720596105435117
-20.72068545594658
-20.720740047870784
-20.720781445063942
-20.72092013624703
-20.72096712842009
-20.721036259766638
-20.721128397847274
-20.72121381400455
-20.72128136803662
-20.721350017073863
-20.721419104008312
-20.72148918306223
-20.721582967653845
-20.72164024542142
-20.721720657315977
-20.721856439605823
-20.72195054381309
-20.72206539190884
-20.722143657832632
-20.72222212100339
-20.722327460732966
-20.7224494664555
-20.72252288516273
-20.72259835196999
-20.72263200864498
-20.72274870606834
-20.72279682340661
-20.722847755934165
-20.722929053809786
-20.722976021827304
-20.72305606833664
-20.72310415743881
-20.723154623887336
-20.72320158070166
-20.72323256730522
-20.723273387092693
-20.72330869382171
-20.723351155481673
-20.723395543225905
-20.72343567240092
-20.723457084613724
-20.723519887236588
-20.72354718312108
-20.72357625449167
-20.723621978406005
-20.72365539421447
-20.72369760308141
-20.723729643917608
-20.723767772030918
-20.72381233401662
-20.723859378173632
-20.723912935885675
-20.723948319643583
-20.723975352003645
-20.72403346820596
-20.724049843517108
-20.7240910170822
-20.724123008749025
-20.72415711922735
-20.724208014250088
-20.72425833443787
-20.72436046956712
-20.724402947034147
-20.724458123257413
-20.724523261443537
-20.724617784986822
-20.72473009317255
-20.724825826957414
-20.724912167772448
-20.725018300879317
-20.725111665844754
-20.725222777822708
-20.725325277544954
-20.72544968476922
-20.725558028887345
-20.725674426382298
-20.725797890585568
-20.72591330667474
-20.726033412161716
-20.726162146067644
-20.72629087956583
-20.72641427063249
-20.72652434916593
-20.72663301203426
-20.726712522662687
-20.726788935630953
-20.726866399525473
-20.72693715219462
-20.72702938664065
-20.727146364571837
-20.72720783661401
-20.727304534412397
-20.72738156191243
-20.727465557017005
-20.72755177946622
-20.727623097128234
-20.727711450840776
-20.727822771152287
-20.72788018166522
-20.727985497180143
-20.72803925797639
-20.728130203428197
-20.728193469027293
-20.72825534039082
-20.72837419344008
-20.728464595451918
-20.728555764784442
-20.728630191859658
-20.728705067814797
-20.728818277075302
-20.728911668401388
-20.728992377817317
-20.729068806910128
-20.729163252294462
-20.729234301111557
-20.72928516954114
-20.729344986894688
-20.729401672400293
-20.729467674087623
-20.72952547974218
-20.729582361112975
-20.729649740713576
-20.729711125151105
-20.729767607448053
-20.72982033316214
-20.72988895828092
-20.72993263389774
-20.72997393952043
-20.7300296872193
-20.73007821197548
-20.73013240128078
-20.730192266842227
-20.730237805547073
-20.730294896000416
-20.730328586910353
-20.730393942782957
-20.730432232543784
-20.730475203833926
-20.730541494393297
-20.73059687235239
-20.73064291915963
-20.730688456420463
-20.730724550711557
-20.730761570178423
-20.730803628784837
-20.73081980283758
-20.73085101747939
-20.730877366981403
-20.730906558080697
-20.73092842157626
-20.730950327833163
-20.730981678552677
-20.73101672556649
-20.731051260851814
-20.731086538134818
-20.731127186785933
-20.731166360763673
-20.731204905639867
-20.731235134332945
-20.731282809267796
-20.73131664107982
-20.73134839774873
-20.731385105711308
-20.731417993655306
-20.731468435261434
-20.731522184672276
-20.731555036022257
-20.73160090141821
-20.73163515080214
-20.73168395285861
-20.731726696142765
-20.731759119702488
-20.7318127167821
-20.73186849786854
-20.73192013628942
-20.731991660721278
-20.732010250054547
-20.732088877110478
-20.7321203715682
-20.732159361865925
-20.732219543499497
-20.73226269063052
-20.732325471504286
-20.73236819275499
-20.732414508038715
-20.73245500303274
-20.732493853559653
-20.732540561109584
-20.73256781276325
-20.73259325742983
-20.73263570734061
-20.73265780708943
-20.732678594170782
-20.732718889757383
-20.73274052077734
-20.732763070197905
-20.732807504558153
-20.732826168420836
-20.732850961444505
-20.732859570066065
-20.732918705670855
-20.732929845802023
-20.732967372700724
-20.732976924444806
-20.733014369971137
-20.733034477210744
-20.73306128609009
-20.73309893091281
-20.733162322786068
-20.73318494963329
-20.733229732377076
-20.7332434636166
-20.73326479156021
-20.733292065659377
-20.73332003186036
-20.73334042046393
-20.73336180906067
-20.73338400758576
-20.733409177222438
-20.733435627819617
-20.733455403498002
-20.733476131667587
-20.733497620258078
-20.73352168290964
-20.73353327983928
-20.73355248648608
-20.73356802163815
-20.733593684208127
-20.73361101757128
-20.733625586847573
-20.733645899342378
-20.73366957987399
-20.733686367357052
-20.733702239423508
-20.733715949409937
-20.73372909750922
-20.73374854095133
-20.733760296804004
-20.733777936473956
-20.733792610862004
-20.73380488723214
-20.733820984551013
-20.733839604323624
-20.73384973439741
-20.73386067718958
-20.733869796179103
-20.733878215705058
-20.733892001698422
-20.73389893465633
-20.733906620364714
-20.733922040919293
-20.733926607363678
-20.73393379851188
-20.733943028341546
-20.733950351345207
-20.733961736050134
-20.733968610192008
-20.73398075029398
-20.73398723991848
-20.73399453148583
-20.734000762682665
-20.734006818059555
-20.734016368769296
-20.734023981564754
-20.73403216218685
-20.73404136240291
-20.734048108025064
-20.73405388228258
-20.734064960663936
-20.73407159534974
-20.734079316222843
-20.734094237141093
-20.734100500082512
-20.734107776885807
-20.734119556426094
-20.734126187659992
-20.73413663856413
-20.734148286929997
-20.734161024503926
-20.73416637361649
-20.734179872966497
-20.734182339788983
-20.73419431443916
-20.73419898303859
-20.73420595362224
-20.734215779267583
-20.734222110181115
-20.734228583723645
-20.734233461543315
-20.734238218015427
-20.73424408865414
-20.73424983569399
-20.73425514521787
-20.73425999907287
-20.734268432465093
-20.734274810351064
-20.734280934092332
-20.73428810925646
-20.734293915306658
-20.73430047449438
-20.734312246921967
-20.734318241492716
-20.73432836348106
-20.734339264952517
-20.734353647099475
-20.734366877226414
-20.734378255533514
-20.734388858420512
-20.734402170146996
-20.734414962353284
-20.734428911962542
-20.734444826678235
-20.73446457302656
-20.73448540777659
-20.734500627022786
-20.734526166844056
-20.73454347589142
-20.73457120710101
-20.73459944669286
-20.734623230905182
-20.734662882535332
-20.734701772039557
-20.734730550944477
-20.73476512035943
-20.734796274218773
-20.734849251844444
-20.734889587422977
