500 iters for seed 146 on ER0.3 which is in the 3.266143798828125 percentile
 Maxcut: 26.0, MedianCut: 16.0
-15.646236108949216
-15.728262198027972
-15.776054215595499
-15.818287158445834
-15.85564812702238
-15.879298295474053
-15.903030985238791
-15.925116038848518
-15.941481375066376
-15.955539946196357
-15.965673685168717
-15.975407558677588
-15.983053996339969
-15.989736530724027
-15.998440366698297
-16.005316844586183
-16.010285327753095
-16.01611871541751
-16.020616178670025
-16.025081746155948
-16.028519936000997
-16.030919051331743
-16.033342802691113
-16.0358867166351
-16.03827356170624
-16.040752515856216
-16.04242418151435
-16.044235015583634
-16.045671272777923
-16.047838627065204
-16.050376130205965
-16.05342767386405
-16.056138702293236
-16.05910721954985
-16.061138409629773
-16.06344454880889
-16.065552929489343
-16.067347842145736
-16.069728673440636
-16.071808559924637
-16.073232453832425
-16.074778652589664
-16.076707027219612
-16.078409851670763
-16.079868174351834
-16.081914013489136
-16.08283786538741
-16.084108004652485
-16.085230731557704
-16.08628135476926
-16.087665430848553
-16.088874810767656
-16.09028532428858
-16.091423098346375
-16.092311979580693
-16.093145169594155
-16.094489258898818
-16.0955190271639
-16.09663937157387
-16.097976163950477
-16.099019774797007
-16.100343532240373
-16.101594963364583
-16.102615223770144
-16.103513801649353
-16.10435896817436
-16.10513659182608
-16.106050791661048
-16.106559645820784
-16.10720410609207
-16.107789161784247
-16.10831683414179
-16.109540885755194
-16.11026143977022
-16.11121883226963
-16.11231435036469
-16.113109255076015
-16.11392033976639
-16.11458510546086
-16.115144664287474
-16.115618122458322
-16.11621697785886
-16.116858284901774
-16.117407491289985
-16.118028269738563
-16.11868389421893
-16.119385656302885
-16.12008166279766
-16.120633784697983
-16.121230817271407
-16.12173969067731
-16.12213992736082
-16.12258451357279
-16.12314318164013
-16.12361882141665
-16.1240253887596
-16.124568214417053
-16.12503418121538
-16.125392634775537
-16.126038579122753
-16.126378295509465
-16.126779906426247
-16.127267971089424
-16.127612351362522
-16.12812831032859
-16.128520772910825
-16.128922416790267
-16.129240836280946
-16.129618190525314
-16.13009419789408
-16.130484860573237
-16.130806565775075
-16.131281913007626
-16.131609797908823
-16.132036879232572
-16.132400924130582
-16.13276258846694
-16.133332670706768
-16.133611505855697
-16.134030207523523
-16.13427773209663
-16.1345644738283
-16.13481617397604
-16.135145276000056
-16.13536636763877
-16.135603848762372
-16.135938839363664
-16.13627508051335
-16.136458609951184
-16.136748634640806
-16.136916103134638
-16.13713356394633
-16.13737744271646
-16.137564279267167
-16.137918546203785
-16.138218151593925
-16.138450520442056
-16.13864329803998
-16.138845316287195
-16.139116760741896
-16.13940154299194
-16.139656875049187
-16.139894528949423
-16.14010722216948
-16.140377146683953
-16.140552429277772
-16.140704119053186
-16.140866273473396
-16.141016756687918
-16.14108131097484
-16.141371366796214
-16.14145330964918
-16.14158424276325
-16.141705884232348
-16.14183642129984
-16.141958943992474
-16.142079153780514
-16.142244832915072
-16.142381229047434
-16.14248533220404
-16.142596521094788
-16.142676405690274
-16.14277611441159
-16.142911469651658
-16.14297635129202
-16.14304670425185
-16.143188805784835
-16.143254431121626
-16.143364843197837
-16.143504551846117
-16.143592638362716
-16.143717513145948
-16.143775603964706
-16.143883635493772
-16.143958517628885
-16.14404609568892
-16.144121563786967
-16.14419512185025
-16.144269376823313
-16.144337474589957
-16.144421583787274
-16.144472441162673
-16.144569348619967
-16.14468628137071
-16.144804548563684
-16.14489407273718
-16.14500672767832
-16.14509455189806
-16.145213975817533
-16.145303153549385
-16.1453711199426
-16.145450963995412
-16.145526351993585
-16.14560016484193
-16.145686483633447
-16.145757645924522
-16.145866320115797
-16.145948014175044
-16.14604183801494
-16.146151778272678
-16.146223741563094
-16.146293368148914
-16.146380072261394
-16.14645025362328
-16.146537845681976
-16.146612386570148
-16.14666882178257
-16.146776037200166
-16.1468263559875
-16.146934072034647
-16.146990515216675
-16.147055782826826
-16.14712564931101
-16.147208578364395
-16.14728609057057
-16.14737823798916
-16.147410748290692
-16.147532639052855
-16.147586610964975
-16.147656425860035
-16.147763585368793
-16.147829564357707
-16.14792676623411
-16.147994475293775
-16.14807594903352
-16.148159550059376
-16.148239108763555
-16.148314908937785
-16.14838169858131
-16.148422958319
-16.14853162599448
-16.148567160296672
-16.14861205035026
-16.148701724848966
-16.148764728781856
-16.148843608506862
-16.148908515290387
-16.148963305893556
-16.148995133828116
-16.149044156164894
-16.14905739831983
-16.149125680996434
-16.149154173607428
-16.1491882433309
-16.14923990915665
-16.1492814389165
-16.149345134033297
-16.149379520685848
-16.149416761330063
-16.149446670118138
-16.14947918772956
-16.149510135635257
-16.149532937012427
-16.1495657349071
-16.149592190289486
-16.149624340236446
-16.149643762748873
-16.14966930864173
-16.149684149440972
-16.14971988778271
-16.149734513861294
-16.14975045815467
-16.149773436489834
-16.149789157098365
-16.149808537512364
-16.149821831710142
-16.14983814987876
-16.14985520297798
-16.149871219421215
-16.149888998235006
-16.149905975213528
-16.149924189027463
-16.149946996967792
-16.149967753088706
-16.14998621197238
-16.150021352224197
-16.15004104860421
-16.150066242247885
-16.15011397843677
-16.15014753175473
-16.150188874639095
-16.150234464355382
-16.150278296291752
-16.150323708282116
-16.150369970750337
-16.15042325485463
-16.150460666524964
-16.150513108848408
-16.150558610898162
-16.15060410843604
-16.150645998137296
-16.150697100037537
-16.15071750516429
-16.150781957563908
-16.150807282777212
-16.150843552990022
-16.150878038496526
-16.15091762857693
-16.150948401069236
-16.15097815874621
-16.151009339010812
-16.15104280366897
-16.151106565357555
-16.151153332004757
-16.151188014606426
-16.15126683345235
-16.151288941159766
-16.15133388120808
-16.15138647152777
-16.15142962561055
-16.15150568883991
-16.15156145533702
-16.151661334947416
-16.15172135122345
-16.15177837083891
-16.151829137895255
-16.151895256178697
-16.15196570212677
-16.15201931905489
-16.152106644235605
-16.152163905860395
-16.152259665542275
-16.152353813424334
-16.15243343653361
-16.152515273578498
-16.152621198450106
-16.152695835593406
-16.152781140494845
-16.152855739509633
-16.15294245727624
-16.153015896094757
-16.15310305625705
-16.153179052455503
-16.15324298723325
-16.153323358258266
-16.153398864094246
-16.153476077375732
-16.153525063208132
-16.153585821858
-16.153644002920604
-16.153707697097794
-16.15376870240448
-16.153814601141455
-16.1538646781431
-16.15390715014459
-16.15394881925636
-16.1539926554833
-16.154050505295746
-16.15409329786005
-16.154133832353658
-16.154186216865245
-16.15422688199255
-16.154273310067772
-16.154312144035753
-16.154349723879854
-16.15439347587237
-16.154432479874206
-16.154479783671984
-16.154518076030172
-16.154559903716933
-16.154612978227362
-16.15465058561236
-16.154685067255016
-16.154765892587363
-16.15481672493731
-16.15484635628335
-16.154888173538918
-16.154933843788797
-16.154965011353294
-16.15502108071215
-16.155049326314078
-16.155087487520607
-16.155115391490085
-16.155161527030035
-16.1551995945077
-16.155233760114932
-16.155264153322925
-16.155306665455786
-16.15533583560939
-16.155367594399966
-16.15541986009233
-16.15545781907347
-16.15548893859281
-16.15551526594628
-16.15554613539723
-16.155569444310355
-16.155625619869813
-16.155649331219898
-16.15568218735666
-16.15572405107668
-16.155744339904654
-16.15578289899771
-16.155799183634173
-16.155828132873076
-16.155862605020303
-16.15590796787957
-16.155938103894073
-16.15597063935345
-16.155994721617365
-16.15603572313891
-16.15606271519016
-16.15608468627875
-16.1561260195358
-16.156175233668662
-16.156227353763065
-16.156257020719103
-16.156283670012314
-16.15631153961542
-16.156353692381753
-16.15641478549568
-16.15646901528264
-16.156495355893597
-16.1565473724474
-16.15655835528305
-16.15659999161257
-16.15662053548784
-16.15664951199338
-16.15668467845526
-16.156717106326003
-16.156780318396727
-16.156807046239955
-16.156841768207812
-16.15685906762331
-16.156888175965957
-16.15690843028653
-16.15692423267357
-16.15695832641637
-16.156976329331883
-16.15699491078903
-16.157013012164914
-16.157033595568368
-16.157054496206566
-16.15707334384438
-16.15709476541355
-16.15711176162806
-16.157136273120408
-16.15715036423578
-16.15716710066724
-16.15718588216056
-16.157203973146963
-16.157222710355658
-16.157235968655943
-16.15725496119528
-16.15726926975114
-16.157287098987013
-16.157299171345624
-16.15731066386387
-16.15732486292442
-16.157338259155335
-16.15735271104067
-16.157366413571467
-16.15738339728604
-16.15740067004934
-16.157414845765224
-16.157427642889072
-16.157447060901067
-16.15746535702443
-16.157484507363904
-16.157502588029878
-16.157520719163806
-16.1575385901205
-16.1575518035949
-16.157568360675466
-16.157588469398387
-16.15761003416411
-16.157628496100678
-16.1576476713082
-16.157674968449655
-16.157689034424013
-16.15771085598314
-16.15772804765946
-16.157748832309114
-16.157783204376916
-16.157799406149266
-16.15782912571875
-16.157852563841463
-16.157876688785077
-16.15789890595942
-16.157920280076677
-16.157953883338088
-16.157978721631427
-16.158009053890176
-16.15802594919479
-16.158058812715446
-16.158073556374383
-16.158098636548907
-16.158119578965714
-16.158146191971703
-16.158170450208594
-16.15819122860948
-16.158204065820073
-16.158240929539723
-16.15825685267127
-16.15827642614903
-16.158305645810138
-16.158318650835593
-16.158366414636312
-16.158383439694404
-16.158410545260125
-16.15843526366693
