500 iters for seed 65 on ER0.3 which is in the 78.58352661132812 percentile
 Maxcut: 34.0, MedianCut: 22.0
-21.63437205172541
-21.76359689287449
-21.820511072501276
-21.869237060911278
-21.90901041759274
-21.93706844049365
-21.965163872489203
-21.987625772068363
-22.007343472481992
-22.018540575432993
-22.029103232002825
-22.03778278051984
-22.048053653954412
-22.054762283557515
-22.06314495855775
-22.07065492152297
-22.07958545105549
-22.086755678451553
-22.09131646087607
-22.098258825662846
-22.104581163983664
-22.10914629275491
-22.115898049646752
-22.121365678622908
-22.12619539729508
-22.131744440607335
-22.13603498749664
-22.140418309307613
-22.14337175170651
-22.145443053799852
-22.14936711164042
-22.152782666898556
-22.155649703156598
-22.15974442485797
-22.16317069485943
-22.166862572621554
-22.169848115491
-22.172548446066855
-22.175797307613063
-22.178735422714528
-22.18115720829502
-22.183800208855775
-22.185704058327524
-22.187462152572213
-22.189182648485332
-22.190676376305685
-22.192280209863032
-22.193693931130934
-22.19486899481695
-22.195921689801473
-22.197374079016374
-22.198542598101106
-22.199677819259925
-22.200579020629434
-22.201277668499227
-22.2019966417215
-22.202525936540514
-22.20303172996288
-22.203604300934387
-22.20411185189575
-22.20451389199211
-22.204846714472573
-22.205296838534885
-22.205718391068718
-22.20606590319364
-22.206544297139356
-22.20696033071802
-22.207453615408216
-22.20799339399821
-22.208424022003886
-22.20892395844346
-22.210058411814444
-22.210623262870342
-22.21125746462014
-22.21210457449528
-22.212698375407438
-22.2133533862601
-22.214060795715554
-22.214727515523208
-22.21566935401283
-22.21659019088169
-22.217457882495022
-22.218253163793015
-22.219087897516943
-22.219751028014304
-22.22021080866851
-22.220703132753368
-22.221187253923787
-22.221626743746576
-22.222034908184263
-22.222347452543104
-22.222752262566587
-22.22324259380868
-22.22362373031308
-22.223923319718935
-22.224494366671347
-22.224912183524538
-22.225370123509357
-22.226125916109496
-22.226530233230264
-22.22705260623883
-22.227686453939544
-22.228203157920234
-22.228536341510726
-22.229400551425478
-22.2294756633374
-22.230102055579597
-22.230348902427853
-22.230739205965655
-22.23114388209891
-22.231580482500938
-22.23193375290169
-22.23234215637389
-22.232728418305623
-22.233131574777993
-22.233496759253786
-22.23379846805126
-22.23411140504193
-22.23442927867514
-22.23469016768481
-22.23493353879521
-22.235252065354352
-22.235488359895676
-22.235739787545754
-22.2361430290807
-22.236361773333652
-22.236615811274827
-22.23696941491571
-22.237178240168543
-22.23746430446289
-22.2377946812529
-22.238113909219148
-22.2383250937604
-22.238620009662863
-22.23885039450119
-22.239026074855207
-22.239290344549243
-22.23946209399046
-22.23968801211623
-22.239891975411947
-22.240062643969033
-22.240184857793228
-22.24041428230018
-22.240550760094123
-22.240687665865277
-22.240868110182078
-22.24101472438499
-22.24121089477313
-22.24149923777094
-22.241660954173796
-22.24189600651241
-22.242027685445677
-22.242284485167033
-22.242495286960363
-22.24268876377388
-22.243082211404925
-22.243266427514094
-22.24362763495798
-22.243958659244974
-22.244396473554016
-22.244739919013217
-22.245035046989006
-22.245343248051
-22.245546508882427
-22.24580439268351
-22.246047901079397
-22.246247883726113
-22.246410352598282
-22.24661390042761
-22.24676084278127
-22.246883504554294
-22.247065274386973
-22.247183542093893
-22.247339627631725
-22.247514440973326
-22.247669929000594
-22.247801737340644
-22.247970872302105
-22.248113315237738
-22.24818989006175
-22.248352748174696
-22.2484447778754
-22.24855832924382
-22.24875884509328
-22.248890444127003
-22.24899935007318
-22.24928921085189
-22.249386112364913
-22.249574349913516
-22.249754261005744
-22.249976465479435
-22.25012636276984
-22.25029117194368
-22.25041164222749
-22.250591909552504
-22.250723278279516
-22.250838493594603
-22.251003599842388
-22.25117889910465
-22.251304128277162
-22.25151614520335
-22.25161031472545
-22.251791912993166
-22.25198426437888
-22.25212021148065
-22.252441706045175
-22.252648447438137
-22.252906403127348
-22.25315152137887
-22.253320823250483
-22.25350132909686
-22.253704440061938
-22.253861637281133
-22.25404725710589
-22.254255522472132
-22.2544204645859
-22.25458193833113
-22.25474684265775
-22.254897089741462
-22.255101026686773
-22.25523783781039
-22.255393806128122
-22.255584936365345
-22.255717712726252
-22.25580162619008
-22.25596400304052
-22.256087160482938
-22.256243738826697
-22.256394277419634
-22.256544609744225
-22.256697818301227
-22.25683858177323
-22.256960272739786
-22.257102260103547
-22.25723229579511
-22.257433023841983
-22.257570824989127
-22.257723604688472
-22.25785621904793
-22.258018789707926
-22.258191108910395
-22.258430288822478
-22.25857782924421
-22.258767036818575
-22.258891289874118
-22.259085328857434
-22.259226392582082
-22.259339442669415
-22.259518271503385
-22.259631554833238
-22.25975246074915
-22.259841308683974
-22.25994026951213
-22.26003555772658
-22.260165324159296
-22.26025878528382
-22.26035493832852
-22.260452604578703
-22.260555291339855
-22.260668933053992
-22.260737526646988
-22.260818795021244
-22.260912984091945
-22.260981946533388
-22.26106431459153
-22.26115927862026
-22.261244284799027
-22.26130245804141
-22.2614319741628
-22.26151147510417
-22.26160589746371
-22.261753800711997
-22.261834307872654
-22.26199130380357
-22.262067193519023
-22.26218362648157
-22.262396501540476
-22.262487675189313
-22.26265662202824
-22.26279681985298
-22.26295002941424
-22.26308482667049
-22.263222744964256
-22.263380549864326
-22.26351185234912
-22.26359774523903
-22.2637478977847
-22.263825752148417
-22.26397026472197
-22.264091142338096
-22.264169546493058
-22.26431999263284
-22.264415880897563
-22.26451852075214
-22.264593792525787
-22.26467073395094
-22.264751487229095
-22.264851022211413
-22.26491905198286
-22.265006108926798
-22.26509106344861
-22.265187657579837
-22.265267960303632
-22.26536094689805
-22.265436820239955
-22.265537692769392
-22.265636677711832
-22.265727442349306
-22.265799189697173
-22.265917307123104
-22.26597692418356
-22.266042544458315
-22.266148431285096
-22.266210369996937
-22.26630595423459
-22.266384249551347
-22.266467727972678
-22.266524759150165
-22.26660976907261
-22.266649871436933
-22.266712649865426
-22.266754719508615
-22.266796293076823
-22.266868806615665
-22.266898842389534
-22.266941322683344
-22.26697574301157
-22.267015719971702
-22.267058706773234
-22.267104345444924
-22.267162218855436
-22.26721569603052
-22.267257538284923
-22.267339640137955
-22.26737206170313
-22.267416673132
-22.26745173067212
-22.267490332276367
-22.267538859592086
-22.267602619712505
-22.26765711222282
-22.267722290082208
-22.26775037376663
-22.26782294182115
-22.267870297239657
-22.267916107334454
-22.26798869263291
-22.26804530405551
-22.268112298675028
-22.268156508607056
-22.268209054260847
-22.268251463527864
-22.268312612480614
-22.268355097649756
-22.268400597554447
-22.26843391221598
-22.26847321396414
-22.268515391352906
-22.268542779007696
-22.26858566369437
-22.26863869792369
-22.268674024711068
-22.268720702157843
-22.268761464020358
-22.26882295283921
-22.268869581756153
-22.26891328232856
-22.268944918293556
-22.269012859951406
-22.269052156533874
-22.269091490062152
-22.269155351486205
-22.26919885509677
-22.2692485495835
-22.269287476285815
-22.269337837345343
-22.269371269987417
-22.26941665311678
-22.26944612689839
-22.269471635051673
-22.26952579860702
-22.26954841926013
-22.26957789402402
-22.269605175822566
-22.269639090824153
-22.269680161527965
-22.269731504815667
-22.269774996660164
-22.26981604718738
-22.269850933244342
-22.269892316353545
-22.269927293773378
-22.269954483773688
-22.26999880683574
-22.27004192503949
-22.270064604595344
-22.270097694496233
-22.270126746201313
-22.27015853379025
-22.270202107265888
-22.2702213322521
-22.27024337735538
-22.27028666843882
-22.270312054046045
-22.270330085462394
-22.2703662226414
-22.270391591611236
-22.270416600829922
-22.270454276417833
-22.27047681250024
-22.27050484663702
-22.270543752436726
-22.270586186548357
-22.27061407506406
-22.27065297417191
-22.27067775711044
-22.2707006259893
-22.270735906845527
-22.270757785187133
-22.27079845532932
-22.2708310697977
-22.270851064581827
-22.27088400294912
-22.270909549698636
-22.270939329566264
-22.27097524064917
-22.270993113205474
-22.271012721770393
-22.27104808954691
-22.271062259996906
-22.271082673240027
-22.271107446390744
-22.271122368176357
-22.27115326163881
-22.27117036075169
-22.27118617762575
-22.271200409533588
-22.271214090787357
-22.27123031787877
-22.271247622583243
-22.27126207038547
-22.271276362241185
-22.27129526031848
-22.271313937656892
-22.271332795089883
-22.271355542269177
-22.27137413453682
-22.271396268512504
-22.271417080332927
-22.271437599840603
-22.271448451798225
-22.27147242797181
-22.27148302120488
-22.271496562287915
-22.271506139639513
-22.2715195150222
-22.271531760486276
-22.271541338667706
-22.27155224059324
-22.27156729695808
-22.271582425352232
-22.271585256121956
-22.271611435269104
-22.271620684610163
-22.27163594204655
-22.271654364396255
-22.27167782390975
-22.271697018788185
-22.271717091228176
-22.271732642280455
-22.271752976633675
-22.271763373387877
-22.271782893325607
-22.271790980265504
-22.271806889292847
-22.27182556689168
-22.271837849874885
-22.27185145509678
-22.2718612632847
-22.271873776629235
-22.271890796570244
-22.27190852747446
-22.27192673885265
-22.2719396516301
-22.27195067672435
-22.27197266325277
-22.271983428296814
-22.271992867363068
-22.27201182923514
-22.272024695424108
-22.27202872635655
-22.27206021855423
-22.272068980999663
-22.27208190767307
-22.272092394353123
-22.2721079148902
-22.272125158168777
-22.272139356386365
-22.272156684558617
-22.272178195142214
