500 iters for seed 171 on ER0.3 which is in the 58.367156982421875 percentile
 Maxcut: 35.0, MedianCut: 24.0
-24.125365068707943
-24.28269692050897
-24.312686485116625
-24.39304232388811
-24.42884282579437
-24.46163891299536
-24.48381617215647
-24.507159256264398
-24.52352768989296
-24.53850062316085
-24.55268498487643
-24.566513115378708
-24.579326856051487
-24.588050886493228
-24.597330257264296
-24.605115916557878
-24.610561703614856
-24.616263335954212
-24.621372563813765
-24.625188366677982
-24.629489278964144
-24.633862984612904
-24.63878275996541
-24.6448040017709
-24.649462224439883
-24.65376461950539
-24.657300408964065
-24.66022848406746
-24.663466151785308
-24.666134151600943
-24.669517068418585
-24.67186907282397
-24.674010146024653
-24.675894174812907
-24.678404577242603
-24.680651329467285
-24.684069210356924
-24.685685139011788
-24.689082815837253
-24.690816635725987
-24.692515471185427
-24.69431662926457
-24.695973762164055
-24.697243339608377
-24.69880827615509
-24.70056197429438
-24.702349095170646
-24.704232014601168
-24.705694664306634
-24.707287340635926
-24.708668637388037
-24.709947369988843
-24.711372051630974
-24.71287375783116
-24.714304631108217
-24.715635545506093
-24.717030135932358
-24.71842256155935
-24.719615729064586
-24.720724179599348
-24.721790296762435
-24.723002257635926
-24.723896555821707
-24.72477715811665
-24.725584159682086
-24.726269695569012
-24.72692108187701
-24.727545780597637
-24.728159328428728
-24.72886781044537
-24.729604734527577
-24.730251592755096
-24.730927564053044
-24.73173482197978
-24.73260753642718
-24.733425819804776
-24.734243692786702
-24.73502275063671
-24.73572278132827
-24.736438736777163
-24.737201257108666
-24.737983280814355
-24.738793801237602
-24.73966315834305
-24.740689128834443
-24.741463154322776
-24.74225297529115
-24.743039010629282
-24.74384311703963
-24.74510005683883
-24.746346120190726
-24.747497131099045
-24.748400160836216
-24.749128924423065
-24.749966251664862
-24.750711686037477
-24.751312032033965
-24.75213744450059
-24.752772559961013
-24.753376528036018
-24.75402423691097
-24.754651199807615
-24.755358841158912
-24.755958599108034
-24.756593462307492
-24.757178751850088
-24.75792070919372
-24.758551816686833
-24.759174885673243
-24.759740891867132
-24.76023021925735
-24.760575477389274
-24.760948771916645
-24.76119398617876
-24.76147826224393
-24.76176608879492
-24.761987012827117
-24.762273146177215
-24.762494031937532
-24.762666454261073
-24.762891538481306
-24.763058587961865
-24.763280233532072
-24.76348431097057
-24.76366756726876
-24.764084242634073
-24.7642939690022
-24.764615817229743
-24.764920149501958
-24.765199541724517
-24.765486806401107
-24.76574490866544
-24.76599191085899
-24.766155419166537
-24.766324111573116
-24.76659692166718
-24.766765518652615
-24.76692313368453
-24.76722194194579
-24.767410227183202
-24.767572433291935
-24.767903228931836
-24.76806584893024
-24.76828395572554
-24.768719065630275
-24.769000975907254
-24.769290110655348
-24.769875214236347
-24.770185236172917
-24.77059862003557
-24.771043011063
-24.771464535204707
-24.771945821598383
-24.772683880362145
-24.773215365495865
-24.773766875135443
-24.774082931865628
-24.77471839270601
-24.775120642041003
-24.775451190714357
-24.775985251264686
-24.77627830126925
-24.776652687144757
-24.77696341293847
-24.777202439369955
-24.777525082214428
-24.77788478443008
-24.778051487793025
-24.778317646065368
-24.77844483452968
-24.778697977103917
-24.77884335008887
-24.77897763243353
-24.77920988565037
-24.779357165533618
-24.77960123573426
-24.779729291351334
-24.779866010075146
-24.780107448199875
-24.78024692090925
-24.780424391254943
-24.78053187396122
-24.780674142773442
-24.780908069673902
-24.781143024200013
-24.781288609987403
-24.781470326268007
-24.781601420912537
-24.781768609723713
-24.782024685088132
-24.78214706991901
-24.78225439244442
-24.78247209450755
-24.782608945743473
-24.78269628351676
-24.782966116376148
-24.783069860791546
-24.783266280396184
-24.78341159603619
-24.783670461597282
-24.78381957871284
-24.783977943001553
-24.78420371327069
-24.784465105758713
-24.784697809708884
-24.784959602605063
-24.785178566917132
-24.785374034774613
-24.785732990228965
-24.785866763830292
-24.7860670702861
-24.786258071974302
-24.786418022851635
-24.786683751113443
-24.786793867684715
-24.78697270634139
-24.787096008259418
-24.787227499062258
-24.78734040912915
-24.787446509763576
-24.78758711769177
-24.787672040168662
-24.78777209019935
-24.78786813897169
-24.78794863243671
-24.78811376809571
-24.78818766153731
-24.788270279358393
-24.788340102165577
-24.7884169671743
-24.788515236772245
-24.78860931041959
-24.788710790872198
-24.788802647265545
-24.78887987990947
-24.788968412086245
-24.789038812904423
-24.789116291193857
-24.789188496574447
-24.789283657506623
-24.789353725419094
-24.789434454419595
-24.789463456117687
-24.78962672861458
-24.78968818782171
-24.789763667246305
-24.78987157200752
-24.789896930465726
-24.7900622233232
-24.79010630636058
-24.79019280750718
-24.79025264179794
-24.790352677284623
-24.790412853493404
-24.79047531637827
-24.790576028179096
-24.790644517579473
-24.790777581933977
-24.79087516182145
-24.790960231551768
-24.791031359719955
-24.79110086958645
-24.791215107447613
-24.791293693198572
-24.79137082529581
-24.791474033211042
-24.79155267035232
-24.791679689004653
-24.79178475372257
-24.791903236055152
-24.792002782209718
-24.792097172443416
-24.79220272970377
-24.792289817829545
-24.792359384159155
-24.79243694676423
-24.792523672765434
-24.792611537012576
-24.792698541481595
-24.792788211361245
-24.79290573088711
-24.79302077768136
-24.793133193103426
-24.793251780149124
-24.793395281646156
-24.793535245250478
-24.79366237127031
-24.793776709768345
-24.79391228422318
-24.794051579393507
-24.794203050607308
-24.794326643096362
-24.794496113179058
-24.794622377477964
-24.7947467575744
-24.794833590591278
-24.79502012556791
-24.795104185914322
-24.795194099901067
-24.795301169546526
-24.795418031883763
-24.79549449459357
-24.7955904705796
-24.795652629892256
-24.79577040318999
-24.795867691967718
-24.79594732998372
-24.79607698019673
-24.79614620633025
-24.796267900689617
-24.796359071906593
-24.796459522624584
-24.796548484407044
-24.796645551646392
-24.79673709455146
-24.796826859988105
-24.796897945978717
-24.796989672972376
-24.79706577560293
-24.797153481116805
-24.797276178661075
-24.797338607412485
-24.797408261392786
-24.79755413594164
-24.797625595773383
-24.79776749277627
-24.797837789475384
-24.79792609541604
-24.798001967997475
-24.798068824817285
-24.798191657506493
-24.798265483694074
-24.798360921917485
-24.798447509947273
-24.79853235007164
-24.798631677509945
-24.79873479774927
-24.798829196870837
-24.798911967652376
-24.799014602202902
-24.799130452438472
-24.799230836775678
-24.7993090482046
-24.799393595355475
-24.799485562892983
-24.799584598169904
-24.79968316522506
-24.799775576769044
-24.799862707602212
-24.799929401551843
-24.80000191564925
-24.800067817598872
-24.800126466875938
-24.80020890913268
-24.800267116529074
-24.80033572379174
-24.80043863785899
-24.80047528164797
-24.800521485590846
-24.800574268438833
-24.800619029026873
-24.800667327812725
-24.800741090738626
-24.80077654490377
-24.800817406648825
-24.800828741213245
-24.800881490496046
-24.800906255664145
-24.800930114814133
-24.800964717944897
-24.800999988557646
-24.801050720009087
-24.801070566807734
-24.80110517567769
-24.801118999456737
-24.801155482434
-24.801181652419483
-24.801209445997454
-24.80125276405381
-24.801258400469877
-24.801302799548495
-24.80131330365444
-24.801334308297612
-24.801356427610564
-24.801381693623433
-24.801405859783472
-24.801425373531053
-24.801437054019544
-24.801466599820504
-24.801478668341062
-24.80149494456716
-24.8015231114051
-24.80154203745157
-24.801567808280993
-24.80158749297134
-24.80160730211717
-24.80163005758517
-24.801649207511932
-24.80166946826793
-24.801688385886756
-24.801711692099566
-24.801737813492508
-24.80175855183335
-24.801779692276316
-24.801802246414134
-24.801830826651567
-24.801856667667476
-24.801883539311127
-24.80191689696925
-24.80193757536138
-24.80196496004639
-24.801987187575072
-24.802029261623865
-24.802053078206676
-24.80207301551203
-24.802106807142003
-24.802129178100056
-24.80215370199207
-24.80217279831297
-24.802195191395818
-24.802207607499007
-24.802227939726553
-24.802240679389875
-24.80225325372109
-24.802276139621316
-24.802288974403275
-24.80230734178102
-24.802325457348196
-24.802339140576258
-24.802355617780147
-24.80237367206381
-24.80239445832865
-24.80241133552143
-24.802424968502578
-24.80244605320702
-24.802458450917396
-24.802469661198394
-24.80249426526614
-24.802503046779613
-24.802513891954675
-24.802535071900937
-24.80254667822202
-24.802566626568385
-24.802590415885028
-24.802604495016972
-24.802621486146176
-24.802638028569056
-24.80265666652935
-24.802676208763096
-24.802688307648566
-24.80271362842268
-24.80273179335504
-24.802746831435467
-24.80276674593107
-24.80278425056535
-24.80279997852719
-24.802822398432635
-24.802832115091224
-24.80284733066105
-24.802865554706614
-24.80288539972738
-24.802901729015637
-24.802917362247864
-24.802933373059297
-24.802955961364997
-24.80297467939407
-24.80299155079045
-24.80300592742691
-24.80301897576371
-24.803037121601424
-24.803050281708412
-24.80305877362383
-24.80307717940355
-24.803087989528596
-24.803103795474797
-24.803114754798123
-24.80312534315944
-24.803135779652933
-24.803146654543532
-24.80316021101093
-24.803171201136294
-24.803183357516005
-24.803197319780892
-24.80320830643017
-24.803220286521608
-24.803227114005406
-24.803236001537584
-24.803245711357395
-24.803255928528515
-24.803261446978986
-24.80326821886209
-24.803272851434585
-24.80327693349246
-24.803283907303662
-24.80328863889816
-24.80329757262492
-24.80330022305759
-24.803311522072505
-24.80331645819523
-24.803321983121727
