500 iters for seed 175 on ER0.3 which is in the 54.184722900390625 percentile
 Maxcut: 30.0, MedianCut: 20.0
-19.51087659546641
-19.514634873838727
-19.573830474308192
-19.64453469099341
-19.675803205298628
-19.77603544862266
-19.806128092218145
-19.847131838820406
-19.87444634218533
-19.920140329598272
-19.947315038810117
-19.966772469719622
-19.992562697024923
-20.01201301990426
-20.027564539690502
-20.03853326646546
-20.049393475917757
-20.05781195223065
-20.066293734958094
-20.071436154688833
-20.0782365171954
-20.082744945423038
-20.086630152591702
-20.09220290886469
-20.095743678575225
-20.101070273793813
-20.10480607500464
-20.10983605805056
-20.113654084700194
-20.118978163329086
-20.12322479544788
-20.126634129548375
-20.129962217979816
-20.133805626449977
-20.136319311181868
-20.1395179334049
-20.140956065112135
-20.144210365267643
-20.146068237730493
-20.14831810739748
-20.150611970462748
-20.15290371890682
-20.154449146046588
-20.156063429570256
-20.157470138742852
-20.158771157152056
-20.15969821403049
-20.161232781303152
-20.16211565356155
-20.163332429734716
-20.16413586940108
-20.16507882485377
-20.165663507678257
-20.166858909773726
-20.167374951234766
-20.168009106432464
-20.168416742997742
-20.16930264218822
-20.169671562385957
-20.170112000664155
-20.170728798124493
-20.1712372270473
-20.17178969017629
-20.17230521353609
-20.172742209998148
-20.173065415387228
-20.17376431681626
-20.174012708046362
-20.174404277437752
-20.17446885629651
-20.17502180366894
-20.175217397652105
-20.175464597181275
-20.175807875821775
-20.176037472812588
-20.17640784577574
-20.17664154145565
-20.176946092924258
-20.177171730459968
-20.177467105226874
-20.177825907058068
-20.17807765242522
-20.178157016890168
-20.178688288394895
-20.178846101707272
-20.179096999022846
-20.179384428156183
-20.179727205261134
-20.18000753872025
-20.180305439421126
-20.180520155135838
-20.180701413416326
-20.180952565776153
-20.181041039697483
-20.181231676338115
-20.181362670546623
-20.18147612821947
-20.18169087401276
-20.181957389571885
-20.182264221733664
-20.18248727302356
-20.182797476150597
-20.183040649460104
-20.18336353779948
-20.183852685345634
-20.18407851656525
-20.184407562826017
-20.18473746978277
-20.184878342520502
-20.185233063042368
-20.185368059647118
-20.18571807471376
-20.18588147764878
-20.186118123106592
-20.186432034223387
-20.186764590820186
-20.187036600249286
-20.187446107205936
-20.187604449444493
-20.187893666442
-20.188150752073227
-20.18834934104577
-20.188755321830836
-20.188845257756135
-20.189322409419606
-20.189485207282342
-20.189760942083563
-20.18990465745814
-20.19024364299812
-20.190411295007348
-20.1906329058908
-20.190948377641988
-20.191001400322964
-20.191337317990456
-20.191424222081352
-20.19159921232808
-20.191722307379116
-20.19194504918826
-20.192087472555414
-20.192222626606103
-20.19246600266343
-20.192537559331953
-20.192953372776227
-20.193096578705582
-20.19327835103573
-20.193487925833068
-20.193778537491948
-20.19408555598548
-20.19446827722099
-20.194795454866686
-20.195257488722884
-20.195664592438625
-20.196024843376087
-20.196300883944804
-20.196709854773598
-20.1969622066217
-20.197311152906543
-20.197533127683776
-20.19775780060483
-20.19791424520324
-20.198221930514645
-20.198386176784393
-20.198552840985386
-20.198806554586067
-20.19905243307951
-20.19926136458283
-20.19946193026965
-20.19962014767091
-20.199762559285503
-20.19998734610472
-20.200073230670313
-20.200226883640926
-20.20033377376275
-20.2005320211145
-20.200637581675775
-20.200755760200508
-20.20093999739886
-20.20104893926387
-20.201204959222167
-20.20130260151259
-20.201409896567693
-20.20152179846972
-20.20165110560446
-20.201772605236624
-20.201863815092494
-20.20203943680825
-20.202141299530858
-20.202249959893685
-20.202433460029297
-20.202568677503386
-20.20270585771898
-20.20279585723252
-20.202900682362948
-20.202991726149747
-20.203104707748384
-20.203170869818194
-20.20324596006622
-20.20331522136385
-20.20343574320508
-20.203497538562587
-20.203566021262812
-20.203696627394425
-20.203775106954463
-20.203919204123853
-20.204016835783904
-20.2041197864307
-20.204206562624904
-20.20427236776154
-20.204370241294455
-20.204426096468953
-20.204485233455024
-20.204564573405882
-20.20460272212602
-20.204668297653043
-20.204718312148415
-20.204796459172698
-20.20483615591066
-20.204890634736245
-20.204971427452676
-20.20498577987589
-20.205102861985708
-20.20514247952711
-20.205216622665606
-20.20527338654276
-20.205366457304994
-20.205436625936635
-20.205498702758018
-20.2056056990023
-20.20566515438547
-20.205798660978946
-20.205874605360485
-20.20598205248757
-20.20610713252796
-20.206298964664267
-20.206434285056346
-20.20655462002568
-20.206722260896193
-20.20677325522437
-20.207032368968296
-20.20711985454713
-20.207245500892363
-20.207308252833233
-20.207482162554754
-20.207565071198644
-20.207646427967433
-20.20777183197856
-20.20784813920425
-20.20798390407343
-20.208073205538035
-20.208168079355982
-20.208236889169697
-20.208305040134054
-20.208399897929247
-20.208457128948545
-20.208490407618395
-20.208629963621657
-20.208669383455465
-20.208746044340312
-20.20884186618892
-20.208953572138846
-20.20903989018567
-20.209143299737562
-20.20920962511169
-20.209298217459498
-20.20944957102281
-20.20955197643473
-20.209623409455528
-20.209770738918543
-20.20982503216442
-20.20991179037818
-20.210006641542158
-20.210074070534958
-20.210126532888097
-20.210232897392633
-20.21027659926726
-20.210330188224685
-20.21040866550269
-20.210426659830038
-20.210537668743317
-20.210573902249774
-20.210644196237215
-20.210677005844612
-20.210743904073535
-20.21077694302819
-20.210811563693056
-20.21088116257907
-20.210914261319086
-20.210977259432845
-20.21102763910815
-20.211085629061202
-20.21113324409112
-20.211177586016674
-20.211225057105025
-20.21126262460655
-20.211300349301524
-20.21134690978588
-20.211391198423794
-20.21142569534897
-20.21147810085569
-20.21150024480015
-20.211529405810207
-20.21157172911491
-20.21159994621173
-20.21163168050419
-20.21166492805082
-20.21169866749019
-20.211732280137063
-20.2117607516653
-20.211792807121647
-20.2118216226101
-20.211845707772394
-20.211888181230375
-20.211909034933697
-20.211933464043604
-20.211980860660475
-20.212004890104662
-20.212052724464005
-20.21208608416356
-20.212129625462364
-20.212172678387144
-20.212211313096606
-20.21222841921658
-20.212284672027426
-20.212304849214522
-20.212336385491678
-20.212365902701592
-20.212406442170504
-20.212438409097217
-20.212471948422618
-20.212492316415524
-20.21254315106415
-20.212578637357904
-20.21260976838872
-20.212665413744958
-20.212711500555013
-20.212786726281536
-20.21284236216922
-20.212906362218565
-20.21296333387835
-20.213017931361534
-20.21307193077773
-20.21311941797303
-20.21316048567801
-20.213220972706498
-20.213262991355826
-20.213311813745122
-20.21338594067023
-20.21344910258032
-20.213554233085606
-20.213645218582172
-20.213731476133542
-20.213837763412155
-20.213932523158146
-20.214046223582045
-20.214176343521686
-20.214256438875303
-20.21436758075351
-20.214479232012113
-20.214574930451747
-20.21468087679139
-20.214820360911943
-20.21492182262121
-20.215060285226194
-20.215202130497463
-20.21537333251596
-20.21551187792185
-20.215629504692263
-20.215746319564914
-20.215875765235293
-20.215982196077228
-20.216087572932327
-20.216177665905395
-20.216293585834595
-20.216372328215517
-20.216525336604256
-20.216604459159694
-20.216689361839727
-20.2167789978434
-20.2168883868488
-20.21695598974185
-20.2170157872904
-20.217067979034766
-20.217142499697786
-20.217204257421987
-20.21725960626788
-20.21732964679672
-20.217431113781767
-20.217494724108032
-20.217564370865855
-20.21764123193897
-20.217728667042067
-20.217789434691092
-20.217864393536196
-20.217925120674618
-20.217982960020258
-20.218076191201533
-20.218116286348742
-20.218152194383308
-20.218231913895202
-20.21827618167805
-20.218357892530225
-20.21842338257272
-20.21846197757506
-20.218530335750653
-20.218565709732463
-20.21861687265703
-20.218659746183324
-20.21869797230668
-20.218783032446655
-20.218818103551097
-20.218881372616774
-20.21893371173744
-20.218991445955194
-20.219049485711835
-20.219105058444768
-20.219179503152738
-20.219236026285866
-20.219291973338734
-20.219381870621906
-20.219452653308135
-20.21951365958897
-20.219613876951744
-20.219657421632064
-20.21971160015802
-20.219760005842872
-20.219818918465695
-20.219912090788537
-20.219965477806056
-20.22003678932612
-20.220097294833323
-20.220185020400088
-20.220264999468608
-20.220365114555683
-20.220451942957283
-20.220506925324255
-20.2205694130654
-20.220644636156337
-20.22070520472135
-20.22077969535861
-20.220882727110027
-20.22097400559837
-20.221036036442435
-20.221113375496365
-20.221163448500594
-20.221225373493642
-20.22129651834031
-20.221344225307654
-20.221382450451564
-20.221458264933126
-20.221510573409365
-20.22154014551955
-20.221619750488866
-20.221663066645924
-20.22171595243615
-20.22178641533257
-20.221833275059815
-20.221880375786924
-20.22192633358686
-20.221982817624866
-20.22202570559906
-20.222078778409674
-20.2221356132515
-20.222178343388872
-20.222205729040304
-20.22228196163672
-20.222288997355037
-20.222354141083873
-20.222386660636204
-20.222428996298234
-20.22248140854812
-20.222516424755185
-20.222578316049216
-20.222614226463563
-20.222648557327638
-20.22267538444904
-20.22270541492005
-20.222748333199362
-20.222773288070705
-20.222798129829876
-20.222836671426602
-20.22286267084677
-20.22289564449835
-20.222932369672808
-20.222961973079336
-20.222991149483537
-20.22302373127241
-20.223055155482754
-20.22309032129638
-20.223123588906574
-20.223160205929922
-20.223193882930797
-20.223224797842544
-20.223274490056543
-20.223301293941816
-20.223341781582004
-20.223380223723407
-20.22341906168102
-20.2234445069411
-20.223485007387943
-20.223526024844862
