500 iters for seed 46 on ER0.3 which is in the 20.082855224609375 percentile
 Maxcut: 32.0, MedianCut: 23.0
-22.62660577918862
-22.77330318401799
-22.818983392887638
-22.876217869390373
-22.913217857408025
-22.939542226720512
-22.967274053638334
-22.9963637153616
-23.017743238736735
-23.032280326598958
-23.04502115789936
-23.055407837606992
-23.06777772431205
-23.077933772802613
-23.085462445082452
-23.09173357259228
-23.09808344090118
-23.10373319434192
-23.10922287333107
-23.11355567323539
-23.117969448858563
-23.122810275213148
-23.127392146890198
-23.13153260209547
-23.135908350073052
-23.140872410166114
-23.146985594833424
-23.15310487985934
-23.157881274550864
-23.16202969194443
-23.166091336511787
-23.16992242511128
-23.173713314354618
-23.17709912853158
-23.18013299342005
-23.183091273400695
-23.18582026349762
-23.18815922572468
-23.190636231454807
-23.19306699172649
-23.195591221932514
-23.197758464616683
-23.19954936052598
-23.200715328443636
-23.202064575424743
-23.203120982033347
-23.20389890618216
-23.204690175946435
-23.20547539743722
-23.206206066478874
-23.20704939325941
-23.207784058155262
-23.208488887755507
-23.209333671538445
-23.209899692457462
-23.210484288324317
-23.21133969615365
-23.211827130935927
-23.212550901361418
-23.213232722474526
-23.213985895741494
-23.21472355938193
-23.21557180610487
-23.216483662361995
-23.217386280939134
-23.21837363944086
-23.219181079133897
-23.22014994882832
-23.22106037153832
-23.22193562108945
-23.222819213806922
-23.223930030560034
-23.224608281734483
-23.225384304981933
-23.226135717518307
-23.226646421778657
-23.227343732098763
-23.228020468685486
-23.228722150301543
-23.229384238812365
-23.229993704511998
-23.230600470858796
-23.23119365763921
-23.23176592587585
-23.232158944676968
-23.232670574158174
-23.233218299980685
-23.233777184824564
-23.234432107298854
-23.23500673117846
-23.2357593428726
-23.23639833617206
-23.23702412445811
-23.23778094501104
-23.23850931687341
-23.23911727568092
-23.239574993425947
-23.240017290131064
-23.24057482301923
-23.24098670540323
-23.241306628387914
-23.241537477677383
-23.241861031187746
-23.24211709959677
-23.24238727013368
-23.24270993216847
-23.242953883317867
-23.243281126148755
-23.243536960910784
-23.243727060198466
-23.243980594028475
-23.2441973870921
-23.2444279272654
-23.244637940665275
-23.244824392400723
-23.245056080204346
-23.245306204385194
-23.245481684408293
-23.245709034435883
-23.245902532783767
-23.24612920282451
-23.246369271717008
-23.24653254708878
-23.24673620636181
-23.246983871056695
-23.24710056245985
-23.247313742454317
-23.247395283340346
-23.2475955451123
-23.247695520562992
-23.247793491050693
-23.247948925704463
-23.248023252985874
-23.24816289397012
-23.24825290106828
-23.248346869244884
-23.24842682966894
-23.248494327023977
-23.248596151329934
-23.248669811082763
-23.248744678410148
-23.24890476823521
-23.24899376535074
-23.249060311387193
-23.249179344020828
-23.249256921209295
-23.24936843968861
-23.249409090605674
-23.249487273075957
-23.249534108361452
-23.24959735273302
-23.249658400536568
-23.249732680316075
-23.249782475317367
-23.249836630378994
-23.249872498942995
-23.249916709182532
-23.24995895774386
-23.249988741157186
-23.250050142173677
-23.250088518166738
-23.25013304665418
-23.250171369106415
-23.250208117497927
-23.250267417877847
-23.250320024859814
-23.250348558398603
-23.250383372408887
-23.25041519230125
-23.250470602286967
-23.2505239730722
-23.250571816866575
-23.250620334960104
-23.25066857954866
-23.250721901217325
-23.250781008665307
-23.250840224656464
-23.250874317472665
-23.250934465867886
-23.250959735842837
-23.251020200496306
-23.251064454608574
-23.251098919798967
-23.25114872196688
-23.251181310032656
-23.251233864318255
-23.25125837549796
-23.251294066498115
-23.25135941587571
-23.251402843227996
-23.251477562730155
-23.251527971637444
-23.251580505369663
-23.251696678857513
-23.251763642997723
-23.251860333686274
-23.25194819564469
-23.25203888457043
-23.252148205362936
-23.252270820781696
-23.252373893722975
-23.252478580722432
-23.25256561781044
-23.25274531944491
-23.252799428861522
-23.252974443223497
-23.253111031485826
-23.25324378320788
-23.253428653480228
-23.253520115085628
-23.25368078450431
-23.253782773912253
-23.253909650128097
-23.253986906424018
-23.254063940544267
-23.254155026922195
-23.254220977602316
-23.254319323251345
-23.25440592834862
-23.25448904890894
-23.254589779929454
-23.254688639239685
-23.254805771901502
-23.25488021873515
-23.254970054015303
-23.25500472913579
-23.255158019274088
-23.25522295080955
-23.255295841053908
-23.25541275908532
-23.25551107519781
-23.25562815304696
-23.25570978932317
-23.25581425643334
-23.25592814665278
-23.256027274153855
-23.256121970139592
-23.256196207607424
-23.25627277621814
-23.256388495878273
-23.256473912834778
-23.256533690931587
-23.256632433056524
-23.256678592188397
-23.256732161094618
-23.256824127338778
-23.256868260038907
-23.256903364172224
-23.256999439816585
-23.257027313261005
-23.25710873511427
-23.257165484698795
-23.25723628713922
-23.257309921762744
-23.257383140845306
-23.257466083393243
-23.257550028610062
-23.257641186505875
-23.25773050175625
-23.257796759999135
-23.257909078564694
-23.257934674152537
-23.258037194200973
-23.25809596303079
-23.258176701864173
-23.258302328202838
-23.258387162251857
-23.25852530287023
-23.25862514324467
-23.258732632429655
-23.258842121856738
-23.258985515697614
-23.259124297693965
-23.25925038527843
-23.259343763124107
-23.259461005128202
-23.259537707058513
-23.25960471053687
-23.25972817354076
-23.259783744925645
-23.259848275518234
-23.25997391877679
-23.260011666487994
-23.2600639068621
-23.260144271451438
-23.26020545549855
-23.260308381577037
-23.260364875339448
-23.260466236317363
-23.260533361974524
-23.260608762101246
-23.260673895112113
-23.2607433899619
-23.260816483849332
-23.260874806089284
-23.26091948610975
-23.26099015719177
-23.261024057916977
-23.261063130866386
-23.261120276097653
-23.2611470457094
-23.261180177997506
-23.26121896235367
-23.261244571512798
-23.26129745987302
-23.261315695540908
-23.261364139207423
-23.261388348100592
-23.261428784767315
-23.26148154844942
-23.261518586712754
-23.2615762860212
-23.261615916251166
-23.261647685971514
-23.261713276789393
-23.261752141701276
-23.261798852216984
-23.261825293485106
-23.261859859341527
-23.261897585437527
-23.2619553592221
-23.261990466728715
-23.26202795056676
-23.262083650356622
-23.262120398689298
-23.262161510061674
-23.262194771356892
-23.262228247013528
-23.262247800724392
-23.26230692115338
-23.262336784052238
-23.26237256375058
-23.26242567599596
-23.262490634491485
-23.262555056905168
-23.26262707449152
-23.262691921248333
-23.26277670391736
-23.2628690549235
-23.262926902255863
-23.262999209444704
-23.26307488397798
-23.263173893376113
-23.26324761872678
-23.263327175751815
-23.263427869977924
-23.263552657556357
-23.263649075228926
-23.263755171614626
-23.263853977872422
-23.263941255320738
-23.26407691882473
-23.264126510423576
-23.264213458987637
-23.26430157137632
-23.264372015908208
-23.26451336686405
-23.264590312574644
-23.264709615069094
-23.264794518824502
-23.2649100972731
-23.265028248843237
-23.265147674522296
-23.265288381495218
-23.26539223488082
-23.2654753576075
-23.265597874475898
-23.265668896097623
-23.265720939773182
-23.26581081405744
-23.26585498101385
-23.265929338242415
-23.26599111338085
-23.26605765848925
-23.266106023929904
-23.266167486618233
-23.266224670979618
-23.266274043202987
-23.26633229047428
-23.266371033255986
-23.26641867089457
-23.26647083868025
-23.26652786394658
-23.266553984504387
-23.266605536384052
-23.26661939097287
-23.2666569185083
-23.26668065549758
-23.26671167069542
-23.26675608485148
-23.266794114159847
-23.26686009032531
-23.26690764401882
-23.266949300274987
-23.266985358150365
-23.26702801325221
-23.267076818616985
-23.267124413325856
-23.26716455973136
-23.2672164466982
-23.26726155865062
-23.267298823700376
-23.267351629255987
-23.26738191551818
-23.267423853512074
-23.267456188749993
-23.26749821909209
-23.267517274701746
-23.267554253000228
-23.267577660160228
-23.267603801029953
-23.267634821556967
-23.26765683555043
-23.26768249281543
-23.26772501288412
-23.267743816409407
-23.267767912847624
-23.26779275734167
-23.267821846780645
-23.26784486814977
-23.267870262611765
-23.26789078184926
-23.26790831524146
-23.26793168876591
-23.267944460099447
-23.267961436959766
-23.267974368490496
-23.267996332861546
-23.268003681526267
-23.268027049407134
-23.26803579853158
-23.268060533532644
-23.268080354495286
-23.268101702117747
-23.268131159628954
-23.26814672016618
-23.268172961391247
-23.268192143110163
-23.268216095585196
-23.26822505519974
-23.268248757504267
-23.268260780402706
-23.26827276955855
-23.268292481258495
-23.268303013357414
-23.268317969100522
-23.268329184085115
-23.268345022453126
-23.26836078582402
-23.268379308678792
-23.268396474747135
-23.26840921821116
-23.26842618119705
-23.268444687002095
-23.268463602601784
-23.26847896023363
-23.268503312728534
-23.268523475437537
-23.26853980667267
-23.268563352737473
-23.2685787002271
-23.268599885726537
-23.268627342961015
-23.268658092944783
-23.26867716642398
-23.26870391473064
-23.26872422388889
-23.268740244993104
-23.268769062781804
-23.268788834202
-23.268814937085345
-23.268840819646282
-23.268857475906252
-23.268883544490226
-23.268906052503585
-23.268933872551738
-23.26896399781715
-23.268989218672317
-23.269021825129766
-23.26906815312761
-23.26908951444795
-23.269128162311933
-23.26916173696793
-23.269203468623566
-23.2692459264141
-23.269287999706137
-23.269341990973714
-23.26940504081233
-23.269465993070575
-23.26951122886558
-23.269573395650134
-23.269622420174468
-23.26966596120102
-23.269718869368756
-23.26976175274229
-23.26980111840003
-23.2698288389365
-23.269858965593265
-23.26989470026718
-23.269947734357853
