500 iters for seed 63 on ER0.3 which is in the 70.28427124023438 percentile
 Maxcut: 25.0, MedianCut: 16.0
-15.643211067621861
-15.725894771956352
-15.769847276282372
-15.806512633082814
-15.839967916139921
-15.859617081160096
-15.885752260151863
-15.908646028343679
-15.929622599586825
-15.94329159490799
-15.955288413110594
-15.964539615699337
-15.97437972956632
-15.984587245734735
-15.993006329431315
-16.000366932887175
-16.00691357426629
-16.012040916387274
-16.016787772000896
-16.021815055450972
-16.026061435113604
-16.03035965933721
-16.0340761987406
-16.036638243509472
-16.040239003859398
-16.043971381823148
-16.047092903522028
-16.049976517580145
-16.053243697906034
-16.05554723866883
-16.058340695338703
-16.061500888708355
-16.064217321086417
-16.067029925693493
-16.069627350399628
-16.07162135351336
-16.07337849157185
-16.075590208947666
-16.07788411468509
-16.07952501782144
-16.080972855493947
-16.0829399161613
-16.084405754321132
-16.086048857843476
-16.087826931449456
-16.089161149090238
-16.09067689896542
-16.09264306577797
-16.094317485268135
-16.095732404116262
-16.09758108118003
-16.098777145501295
-16.10006802650002
-16.101478806567393
-16.102236868836723
-16.10328064400524
-16.10458186274741
-16.10538885377938
-16.106109272553134
-16.107031136426002
-16.10776678635115
-16.108621185950213
-16.109319490769778
-16.109968986936458
-16.110696475362225
-16.111183562968385
-16.11204795515455
-16.112604820387954
-16.113401181640405
-16.11440444866323
-16.115321750120515
-16.11607772753475
-16.117041929072833
-16.11782517005929
-16.118597140551433
-16.119392467072604
-16.119952449335297
-16.12056615412345
-16.121105190945997
-16.121536261864488
-16.121867253133743
-16.122475359600163
-16.122781367065475
-16.12309948235987
-16.123438889335443
-16.123734733633185
-16.12405525628199
-16.124519886157806
-16.124769003877212
-16.125109237375707
-16.12556077730915
-16.12602035981012
-16.12638207681958
-16.126820147383675
-16.127089199315474
-16.127403561512857
-16.127916816160276
-16.128182275525333
-16.128409569763498
-16.1289876911563
-16.129257751442456
-16.129620538181943
-16.130061090654124
-16.13043109922513
-16.13066517653114
-16.13106441228607
-16.131317721534565
-16.131533772124957
-16.13182135599999
-16.13204494000528
-16.13225345488643
-16.132409125271487
-16.132521728168072
-16.1326967110202
-16.13277796534348
-16.132997050501515
-16.133082862376384
-16.133203682780874
-16.13336652670398
-16.13344797448842
-16.13362452574699
-16.133713479306937
-16.133854868129
-16.1340312490583
-16.13425558341906
-16.134419430892514
-16.13461394059568
-16.13478923243636
-16.135010915361022
-16.1354461187021
-16.135722382527472
-16.13601011623655
-16.136611118922485
-16.136904119014456
-16.137216149368903
-16.13773134358635
-16.13798123407561
-16.138307960362837
-16.138671224187306
-16.1388604780408
-16.139134280224376
-16.13933062612064
-16.139566587451874
-16.139761673257347
-16.13995650318358
-16.140274275539152
-16.140494341078572
-16.140729117421074
-16.140935836820816
-16.14111711945462
-16.141336127979447
-16.141708259107897
-16.14190115289325
-16.142167583525456
-16.142558850150706
-16.14306194518078
-16.14355880368398
-16.14410322613643
-16.14442889774792
-16.144720382694526
-16.14532696285897
-16.145670152303982
-16.146075664152583
-16.14649199638088
-16.14676247853392
-16.147134103756603
-16.14741520641516
-16.147807235454824
-16.148040544009802
-16.148338700417188
-16.14855383105735
-16.148797352677395
-16.148974394488313
-16.14911590526403
-16.14927228341596
-16.14944802559132
-16.149604165455496
-16.14977149296986
-16.149913533022776
-16.150155223940313
-16.150286464253398
-16.15043885199121
-16.15071553030604
-16.15087219843859
-16.15106930949238
-16.151228118260327
-16.151402100100157
-16.151541366420993
-16.151685089286477
-16.151790126163288
-16.151881522368406
-16.152014508441297
-16.15213138862974
-16.1522487388486
-16.152356976184937
-16.152482139229754
-16.15260939363838
-16.152733165674036
-16.152830525612003
-16.152948732851634
-16.15306267019008
-16.153172815879067
-16.153306228523746
-16.153460003693922
-16.153598430618317
-16.153702575108795
-16.153890595829722
-16.153992611423824
-16.154130608856217
-16.154231937865543
-16.154362224573568
-16.15449444187998
-16.15468996491403
-16.154810943164424
-16.154982690743534
-16.155084783871533
-16.155266188004695
-16.155394683462607
-16.155511221766027
-16.15572533557352
-16.155813159219242
-16.155965300385603
-16.156071470953577
-16.15620810971813
-16.156303314552986
-16.15640608156926
-16.156524829514478
-16.156616540575556
-16.156718706971535
-16.156886375309753
-16.156965879802357
-16.15710222483731
-16.157221701717052
-16.157372006112578
-16.157464735294962
-16.157563633641026
-16.157644412279446
-16.157756437978254
-16.157847961458486
-16.157915406146532
-16.15805803866852
-16.158130348587544
-16.158219194166655
-16.158292259626716
-16.158375627757735
-16.15845938094904
-16.158537270462737
-16.15861091576869
-16.15866530651099
-16.158738055345005
-16.158831246050863
-16.15889834652372
-16.15894992389927
-16.15902157454005
-16.159085720526537
-16.15916990945667
-16.15923008502572
-16.15928863518284
-16.15934952192194
-16.15940985064995
-16.159472374197286
-16.159518032134347
-16.159572468148674
-16.15962057673665
-16.15967795891317
-16.15972248907891
-16.15977428397048
-16.15985609116398
-16.15993992365945
-16.159996202433113
-16.160081332452258
-16.16013784571411
-16.160199245856116
-16.160290468032404
-16.160338982339972
-16.160380186877397
-16.160496013832987
-16.16054725731027
-16.16059209894843
-16.160703681122467
-16.16075090587658
-16.160808636308257
-16.160941235996955
-16.1609948055436
-16.16106446656974
-16.161171200478417
-16.16122667458172
-16.161310515407617
-16.16136410009066
-16.161431783165686
-16.161485624278157
-16.161536327967916
-16.161632249366402
-16.161681795173276
-16.16177087291483
-16.161821527646968
-16.161882494952128
-16.161942460053925
-16.162031808256682
-16.162078811776823
-16.16213348237339
-16.162191659020387
-16.162260731435328
-16.16230937327946
-16.162350693205948
-16.162405468529215
-16.162473599225255
-16.162522083533077
-16.162567966604286
-16.16261351158007
-16.162666695078485
-16.162675873881113
-16.162747487596747
-16.16277134226954
-16.162809307444437
-16.162857938681526
-16.16288937731222
-16.16294616004501
-16.162981459160758
-16.163012074830192
-16.16303857782497
-16.163066061850913
-16.16311533356256
-16.163142906324055
-16.163167012355615
-16.16320793464996
-16.163235122853592
-16.163279880513485
-16.16330853643299
-16.1633460428013
-16.16337296768595
-16.163403302968856
-16.163445916736386
-16.163490926273763
-16.163520100803286
-16.163554246540258
-16.16358025312651
-16.163605773082597
-16.163650859939246
-16.163668878720394
-16.163698468687766
-16.16373087844085
-16.163752492059793
-16.163793968446562
-16.16380554625858
-16.163842353074415
-16.16385546928878
-16.163882345530702
-16.163905428997975
-16.163937780954882
-16.163962546680036
-16.16398570305025
-16.164022888778238
-16.164062054582146
-16.164091017939576
-16.164129262895344
-16.164152573108097
-16.164180906837096
-16.164211270897912
-16.164233071771978
-16.16425070025662
-16.16429890036468
-16.164318709648533
-16.164344536267286
-16.164354167603932
-16.164392293278006
-16.164413351492858
-16.16443179378748
-16.164460431808557
-16.164483735467645
-16.16452127937429
-16.164543092758574
-16.164569442815626
-16.164582262618598
-16.16460406772059
-16.164624473413635
-16.164641416471056
-16.16467584007929
-16.164686063253008
-16.164709370313684
-16.16472868511261
-16.164753354423365
-16.164770661907568
-16.16478320161466
-16.164806769339528
-16.16482369241963
-16.164843804749854
-16.164873853878202
-16.16488864046313
-16.164909824408422
-16.164929587954926
-16.16495049508913
-16.16497917978595
-16.164998036148383
-16.16502387704625
-16.165035815361662
-16.16505179442263
-16.16507685094132
-16.165100270016723
-16.165113670692392
-16.165136376606366
-16.16515351942215
-16.165178894315705
-16.16520318429319
-16.165222671276638
-16.165240910512455
-16.165254859692425
-16.16528407754877
-16.165299775092432
-16.165318970954836
-16.165345723953827
-16.165379475248393
-16.165415155999877
-16.165448877786073
-16.165481298975024
-16.16553433757274
-16.165581472814814
-16.165626610952334
-16.165693490964323
-16.165750822108723
-16.165813572496567
-16.16587154367319
-16.165926004655663
-16.16597647408237
-16.16609409434089
-16.166156005164993
-16.166241517224634
-16.166346614157007
-16.1664549763612
-16.166521574106696
-16.166601608194874
-16.16666837934259
-16.16674958654835
-16.166865890223793
-16.166947941102023
-16.167038741330078
-16.1671503250913
-16.16721942612937
-16.16729629969432
-16.16737224686059
-16.16743576451915
-16.167512763027446
-16.16760432518704
-16.167657488033655
-16.16773674801502
-16.16777371363181
-16.167860864626192
-16.16791858056793
-16.167969689097944
-16.16805796758174
-16.16810361669477
-16.168187888862544
-16.168242371348878
-16.168284266278043
-16.168321965344603
-16.1683726366334
-16.1684136651589
-16.16850020779404
-16.168554943948095
-16.168612119829692
-16.168677108029406
-16.16873067577646
-16.168788264899035
-16.16883917414936
-16.168888320639255
-16.168937005851348
-16.168994988110917
-16.169050401006007
-16.169083546680927
-16.169116579153858
-16.169165306540265
-16.16921992258911
-16.169262282104757
-16.169306073237816
-16.169359076498356
-16.16941842935755
-16.16947453884413
-16.169525612771544
-16.16957820212914
-16.169637242575128
-16.16968165023918
-16.169718359755947
-16.169767594443613
-16.169807841948113
-16.169843766780616
-16.16988080058761
-16.169911818706503
-16.16995390873151
-16.16997261933207
-16.170038211133434
-16.17006347801766
-16.170094255172657
-16.170133058121024
-16.170157552430783
-16.170185400588256
-16.170204477399203
-16.170225716299548
-16.170248159359303
-16.17026766410647
-16.17029298818606
