500 iters for seed 9 on ER0.3 which is in the 22.953033447265625 percentile
 Maxcut: 27.0, MedianCut: 19.0
-19.018776740746773
-19.12079940195701
-19.183641282272887
-19.25375553316505
-19.313224256614408
-19.352125539747142
-19.376991117014086
-19.40753935019473
-19.426211202751723
-19.44459174230934
-19.463684113641225
-19.478163564253116
-19.491383852224928
-19.501723604589934
-19.511657106297225
-19.51968910499509
-19.527863820687067
-19.53598720422585
-19.541692967209414
-19.54709103111087
-19.55408097525001
-19.55867263685945
-19.563397447812914
-19.567799704430968
-19.57231379156959
-19.57602291268308
-19.580282395403028
-19.583723486749545
-19.58689148383843
-19.58939497444024
-19.591526927213614
-19.593681032995445
-19.59546960388358
-19.59789995784235
-19.599188948565853
-19.60112097899659
-19.602826398277635
-19.60427081168685
-19.606606477756674
-19.610004541513824
-19.61358172653712
-19.61613314182731
-19.61905516404457
-19.621301489753616
-19.623196324269337
-19.624849637267666
-19.626465977879473
-19.628058715206883
-19.629136732355605
-19.63039373087449
-19.631919961465606
-19.633300772801345
-19.634382816848063
-19.635579873519074
-19.636439113711603
-19.63736960533425
-19.63829951680964
-19.63897800641709
-19.639942328723418
-19.64061712446064
-19.641218411382937
-19.641877776521056
-19.642582603386835
-19.643326410784113
-19.643963317559503
-19.644491892443032
-19.645009566454718
-19.64554548443448
-19.646037416471344
-19.646623483793096
-19.647109165138463
-19.64752837969879
-19.648269433748055
-19.648371427470998
-19.649020297730672
-19.649401279852345
-19.649856346738286
-19.650412451335985
-19.651189791406026
-19.652023294362515
-19.65273688313507
-19.65359619618347
-19.654446148604283
-19.655432248011568
-19.6563967193565
-19.6571669001084
-19.65795611527434
-19.658804995466966
-19.659516232135537
-19.66009456621818
-19.660733724503963
-19.661291396667785
-19.661682456958655
-19.662260170096026
-19.662901437646298
-19.663454102718614
-19.66398136124942
-19.664628539745934
-19.66520535895927
-19.66572237994857
-19.666274403322504
-19.6666696979138
-19.667084988371634
-19.66736530102033
-19.66755470465239
-19.667760592308426
-19.668019506341313
-19.668224222652476
-19.66838908111285
-19.66870825481161
-19.668856757489042
-19.669045552170253
-19.66924675639558
-19.669418921375993
-19.669752255786165
-19.669853976617627
-19.67014916496735
-19.670266125566304
-19.670454832687263
-19.670619693917345
-19.6708607339994
-19.671019033203713
-19.671184986789807
-19.671429885123143
-19.67150613319123
-19.671741319191614
-19.671826058821555
-19.671988869788112
-19.67212586927633
-19.672312692377048
-19.67244331864215
-19.672581215183925
-19.672724984265173
-19.67287492633002
-19.672970524501327
-19.673066384230854
-19.673190987119774
-19.67333446331949
-19.673453982244485
-19.67355160560458
-19.67370443287326
-19.673774957199242
-19.67389676862648
-19.673990257524363
-19.674081885529233
-19.67424358167532
-19.674362259662242
-19.674498198927648
-19.674593707793786
-19.674703052032893
-19.67482823759863
-19.675008004658793
-19.675117288731766
-19.675251472528767
-19.675455007222542
-19.67567661354671
-19.67586634894188
-19.676087672771985
-19.676220383432735
-19.676351095977903
-19.676524480538202
-19.676605930681834
-19.67669951962444
-19.676974455018026
-19.677076377632133
-19.67722383429234
-19.677455503824735
-19.677590631442
-19.67770235267319
-19.677944507902552
-19.678036510718822
-19.678188689432567
-19.678375558564074
-19.678537073392878
-19.678668718798875
-19.67877816725003
-19.67890778707902
-19.67904785247666
-19.67925428517043
-19.679363513801743
-19.67950810419816
-19.679628930367812
-19.67982169363612
-19.679987372590276
-19.680120662015852
-19.6803472704483
-19.680558060420147
-19.680689380250953
-19.68084298237673
-19.68098063772273
-19.681137450029585
-19.6814040999423
-19.681489457979133
-19.68163700770308
-19.681757207619995
-19.681864003276615
-19.68199723843347
-19.6821600132699
-19.68228410251426
-19.68239967091273
-19.68251215679787
-19.682650997445656
-19.682768111278477
-19.682872814679868
-19.6830153256832
-19.68315529881891
-19.683237471618895
-19.683329839074133
-19.683412411102733
-19.68351530161344
-19.68363059174912
-19.683742435746126
-19.68382683640026
-19.68396818662746
-19.68404803532011
-19.684139994655418
-19.684241603810026
-19.68432563294977
-19.684517684433377
-19.68459489564605
-19.684741436349363
-19.68485606927235
-19.684960570817022
-19.68504946455857
-19.68514326412974
-19.685228484174882
-19.685304013822037
-19.685368715762657
-19.68544755241612
-19.68552131639094
-19.685603965564205
-19.685673657102214
-19.68574278910399
-19.685823305524924
-19.685925163661317
-19.685977556539285
-19.686118149377396
-19.68619486895789
-19.686284201682724
-19.686370458410774
-19.686474501690245
-19.686544625355715
-19.686628338440652
-19.686707507663435
-19.68679198680259
-19.686921296917532
-19.687009043302936
-19.687122659476174
-19.687301298360325
-19.687420511892515
-19.687508180239746
-19.687656965963143
-19.687753049566222
-19.687867292280064
-19.688020221335222
-19.688104464907525
-19.688199114179184
-19.688430057249747
-19.688563930134002
-19.688781560104925
-19.68900031840404
-19.689134680826122
-19.689334460833877
-19.689500473968263
-19.689668909491427
-19.689889682297046
-19.690049056261284
-19.69033023466555
-19.69045859424854
-19.690766579103265
-19.69089451087319
-19.69105777166614
-19.69119626459347
-19.69139896537996
-19.69154681883154
-19.691677487659526
-19.69174241762311
-19.691936867114705
-19.692013559026993
-19.692103216443442
-19.69224400674038
-19.692330528438486
-19.69246861674044
-19.692565300424548
-19.69269287881069
-19.692818818403584
-19.69294160956705
-19.693108295384263
-19.693246054594567
-19.6933582299528
-19.693595695783717
-19.693698976717293
-19.6938006663774
-19.69393837879355
-19.694032899101213
-19.694168050449772
-19.694326719198877
-19.69439007632966
-19.694496872498153
-19.694531471874456
-19.694653534881212
-19.694726060878576
-19.69478633043451
-19.694878932626075
-19.6948932669973
-19.695065343870073
-19.695120159390683
-19.69522204516429
-19.695351629531192
-19.695426659178743
-19.69556814225487
-19.695640389351567
-19.695743969711597
-19.695913550732318
-19.696029392003197
-19.69614281325858
-19.69622831866695
-19.696314006045885
-19.69638384990192
-19.69651587930104
-19.696583845336484
-19.696658900744154
-19.696820246071635
-19.696916169326293
-19.69705721665318
-19.697167132808545
-19.697298894157356
-19.697389760004786
-19.69750157509273
-19.69760606416023
-19.697706435144177
-19.69788220677323
-19.698085327661687
-19.69820474339225
-19.69837100157303
-19.698510320140365
-19.698659749547446
-19.698764094016816
-19.698851246344404
-19.698978836644155
-19.699099569301758
-19.69924235097574
-19.699356307221393
-19.699479752597284
-19.699530586583563
-19.699732677139764
-19.699801104027905
-19.69990203347723
-19.700023106134225
-19.700158100827608
-19.700248242596572
-19.700364889967723
-19.700449055094502
-19.70055367307847
-19.700676921231405
-19.700755798555605
-19.70083737553475
-19.700951004980144
-19.701000466046807
-19.701064767249882
-19.70113158789112
-19.70121436423212
-19.701261323764328
-19.70132371698848
-19.701390300206306
-19.701472363259423
-19.701563804131453
-19.701629991098226
-19.701704415503695
-19.70181559409449
-19.70189071327414
-19.70198783622634
-19.70207116767243
-19.702160080663692
-19.7022248260266
-19.70233954474776
-19.702420007953712
-19.702497257549943
-19.70261462220483
-19.702645337595122
-19.702766510320235
-19.702806270601894
-19.702865691437683
-19.702928696679706
-19.703004162676965
-19.703072671927963
-19.703143154027256
-19.7032013382704
-19.70329252626
-19.70335988499177
-19.70342125026072
-19.703515970241675
-19.703620815510888
-19.70370415321313
-19.70382569449048
-19.703863990164635
-19.703944781012925
-19.704012422954936
-19.704070190464286
-19.704179544924695
-19.704234591967513
-19.704350836319108
-19.704438126775393
-19.704534784189917
-19.704608601234717
-19.7046767600483
-19.704774106499606
-19.70484254452182
-19.70493582549766
-19.705048391063208
-19.7051398440043
-19.705212804556673
-19.705307506890023
-19.705386472222138
-19.70544030481888
-19.705526342946605
-19.705571738949175
-19.705622818804073
-19.705697763285702
-19.705735417399467
-19.705800570061587
-19.705873908596786
-19.70595141303
-19.705997667628427
-19.7060667067758
-19.70608656878021
-19.70615278237367
-19.70618953192926
-19.706231228532403
-19.706295484955078
-19.70634032142364
-19.706397819395406
-19.706432128122664
-19.70647540788637
-19.70651943269499
-19.706574383615536
-19.70660550847559
-19.706640450035984
-19.706681312232988
-19.706742766709382
-19.70678247548602
-19.706822223759275
-19.70689164884421
-19.70693197792277
-19.707004602226327
-19.707032864996847
-19.707073783545656
-19.707131471587875
-19.707180863150228
-19.70721191421642
-19.707246917435
-19.707276179264163
-19.707316977771704
-19.707346826014934
-19.707377088394228
-19.707407593878607
-19.70745029146354
-19.707475667607397
-19.70752067837747
-19.707545086915072
-19.70757626148604
-19.707619248283315
-19.70766058937759
-19.707687555028986
-19.707721616918725
-19.707742143347456
-19.707768941158598
-19.70780525647822
-19.707822840183013
-19.707850522635198
-19.70787307343325
-19.707902168441485
-19.707923215543694
-19.707944137965477
-19.707965786681985
-19.70799097833298
-19.708006941959873
-19.708027832595395
-19.708043084577486
-19.70806550536211
-19.70808624110432
-19.708098303372562
-19.70812773467797
-19.708145737935297
-19.708162460317073
-19.70817724437491
-19.708190072345207
-19.70820628483579
-19.708224136318243
-19.708240666516726
-19.708256763466558
-19.708274316600036
-19.708290014989508
-19.70830533201285
-19.70831752680407
-19.708336857677825
-19.708347213624585
-19.708361428485603
-19.708380252444368
-19.708391627539093
