500 iters for seed 196 on ER0.3 which is in the 73.07052612304688 percentile
 Maxcut: 31.0, MedianCut: 20.0
-20.006167214650063
-20.107409778658344
-20.184909223351447
-20.228944776309106
-20.30212525069608
-20.356674107810797
-20.39096631903162
-20.41761930639072
-20.44005611853064
-20.458769976570487
-20.48078341993549
-20.496764890431542
-20.514991732170177
-20.529174176138664
-20.539169043895004
-20.549681403369757
-20.560051758614993
-20.570332172821722
-20.580186763635037
-20.588049707480373
-20.594606316224738
-20.60059688665483
-20.60716978271286
-20.612302876485742
-20.616969746985742
-20.621368971779532
-20.62580979796948
-20.62907158012968
-20.631843805078862
-20.634711175703078
-20.63705581989167
-20.638918458113224
-20.640741306701166
-20.642828758833968
-20.644712180144673
-20.646826540997345
-20.649169486072925
-20.65143449095123
-20.654133669247507
-20.65682044646587
-20.658788780286056
-20.66068708238167
-20.662141046963157
-20.663173236505482
-20.66385082293494
-20.66488809841085
-20.66555502896161
-20.666089497236776
-20.6669477873344
-20.66746618448343
-20.66806136513534
-20.668471424970328
-20.668830888203093
-20.669200076037626
-20.669731120249345
-20.670016850568658
-20.670393253118927
-20.67097510132478
-20.671484717739084
-20.672066156174733
-20.67266032903747
-20.67328160753369
-20.674110062403063
-20.674862452501802
-20.67561867395263
-20.67629088534375
-20.677084589937213
-20.678049636309698
-20.678866835209327
-20.67970422485726
-20.680797475379357
-20.681560220141805
-20.68226352760202
-20.683024415682276
-20.683530069698385
-20.684128477468878
-20.684822813160103
-20.685341503541537
-20.685797169969398
-20.686314262623362
-20.68672462941253
-20.687106487141243
-20.68741017570745
-20.687658625423268
-20.687903279711026
-20.68816323803887
-20.68838840151018
-20.688640152815886
-20.688908438519917
-20.68915561061073
-20.689373484048353
-20.68955687247718
-20.68976588818137
-20.689948079668312
-20.690108393824698
-20.690240609526686
-20.690413197184228
-20.690577728995645
-20.690754150384553
-20.691016686566716
-20.69116246599757
-20.691328323729046
-20.691546018364452
-20.69170611883168
-20.69191379077703
-20.692179716996396
-20.69231799965811
-20.692545243601334
-20.69263256508825
-20.692867593443463
-20.692965547709996
-20.693082039963272
-20.693285763127815
-20.693337222901622
-20.693700463113707
-20.693837442946432
-20.69402021389363
-20.694235449162203
-20.694358292349506
-20.69454979472013
-20.694640938231686
-20.694774141245265
-20.69486810164725
-20.695081012277335
-20.695211454119963
-20.69533683236819
-20.69558236306679
-20.695704769249996
-20.696115768179794
-20.696308650874435
-20.696559267558527
-20.696921822840096
-20.69716543022253
-20.6975709248083
-20.69793139124263
-20.698224221674774
-20.698553099870097
-20.699059641537676
-20.69935179654821
-20.699648459881153
-20.700041011323318
-20.700318550540523
-20.70067599417516
-20.70095603202967
-20.701178400788894
-20.701403841572038
-20.70178077923518
-20.701950098794516
-20.702200160571635
-20.702381741636188
-20.702617753114755
-20.702802053108723
-20.702927202689555
-20.703137003547933
-20.703311544605775
-20.70345189748795
-20.70362779557207
-20.703762009374298
-20.703959474541428
-20.704146087896703
-20.704350002743208
-20.70452819804206
-20.704721275078214
-20.704922215548166
-20.705056905285062
-20.70526076747923
-20.705416310157513
-20.70560384829545
-20.70582474349452
-20.705967427774844
-20.706072844502803
-20.7064023906036
-20.706508190698074
-20.70669560422555
-20.706970326762303
-20.70706220584485
-20.707343756570076
-20.707460202961677
-20.70764306868303
-20.70782463082681
-20.708086754951395
-20.708293262415168
-20.708496081074372
-20.70881493415881
-20.709067853469485
-20.70941044695862
-20.709626965103602
-20.70987113732908
-20.71017384816902
-20.71045611023559
-20.710627878507182
-20.710855842611675
-20.71108799304319
-20.711299975388126
-20.711485093208005
-20.711681084071635
-20.71192542113627
-20.712158866228577
-20.71229184060008
-20.71248449985533
-20.712630706852625
-20.712750920199632
-20.712926647551846
-20.713051040042085
-20.713233253467237
-20.71346400322453
-20.71367708625912
-20.713813204836804
-20.71405011467707
-20.714150371644166
-20.71430146691576
-20.71445770406688
-20.714586618352644
-20.714818037351996
-20.715016810363604
-20.715171304146743
-20.715351349048003
-20.715507647691837
-20.71573831794295
-20.715955304616386
-20.716157553900995
-20.716293945543462
-20.716538669305145
-20.71674275761137
-20.716929013024906
-20.717138990905262
-20.71728766751609
-20.71751863632461
-20.717736204901737
-20.718017170015933
-20.71823586224816
-20.718517205019346
-20.71874873092505
-20.718982541091233
-20.71922211396065
-20.71942306735088
-20.719659240809676
-20.719920030634768
-20.720068185663308
-20.720243618511322
-20.720386168617864
-20.720576745599693
-20.720725290690016
-20.720896514341934
-20.721065824596582
-20.721342120162948
-20.72149633492181
-20.721711340451364
-20.722004006667078
-20.72231320724271
-20.722579510921914
-20.722900533878033
-20.723093644520176
-20.723347988254336
-20.723767634713006
-20.723969253933916
-20.724282477199672
-20.724455723975993
-20.724913114276994
-20.725068504648515
-20.725343896940068
-20.72565247201496
-20.725978775824757
-20.726201609427324
-20.726516025210326
-20.72677942174706
-20.72713585982745
-20.72745562669379
-20.727830776222255
-20.72805882423695
-20.728550528629647
-20.729002036877226
-20.729405603259224
-20.72977269343812
-20.730176071793544
-20.730415848500577
-20.73072569267502
-20.73108335395356
-20.7312808883155
-20.731604140599103
-20.73196742505039
-20.73217186852057
-20.732522078779347
-20.732743517763822
-20.73307548772143
-20.733338361330468
-20.73354046401394
-20.733899688246616
-20.734104438877257
-20.73430124752934
-20.73452838538249
-20.73469191333394
-20.734894014608148
-20.735143159387537
-20.73529631521112
-20.735485988918143
-20.73571121557289
-20.735879604236345
-20.736057139084252
-20.736231573139154
-20.73641697461653
-20.736615831062423
-20.736786284361287
-20.736960351322484
-20.737105406422067
-20.737344079857063
-20.737513935185422
-20.73769960158444
-20.737874002719224
-20.738034755302806
-20.738234258333772
-20.738404945383834
-20.738530974973127
-20.738656915564082
-20.738776056029632
-20.738880814753355
-20.739009218948336
-20.73909973126228
-20.739209638332493
-20.739346248239382
-20.73943880150317
-20.739529569969157
-20.739674861365955
-20.73974386808776
-20.739821157896905
-20.739941177104857
-20.740024295188366
-20.74015731272073
-20.740304639775164
-20.74037396433605
-20.74046337046657
-20.740527544732103
-20.740599563788106
-20.740681768550225
-20.74072796914335
-20.740809452499914
-20.74085475660034
-20.740906510261347
-20.74095321738524
-20.740997826338326
-20.741058210997114
-20.741125542243918
-20.74116658922935
-20.741229318888607
-20.741265516393234
-20.741315340343228
-20.741380416337403
-20.74142666000515
-20.7415182672439
-20.741593427320634
-20.741643699063125
-20.741707366464844
-20.741758667572366
-20.741829364821815
-20.741917305496017
-20.741977234889216
-20.74204021383479
-20.742120826494897
-20.7421847795429
-20.742258476403965
-20.74232825169797
-20.742385828081606
-20.742443203990295
-20.742497288974377
-20.74254369320282
-20.74259798736959
-20.74264346267796
-20.742716113396632
-20.74277854665925
-20.742835387521176
-20.742883475792336
-20.742943963026867
-20.743003025992174
-20.743060123658033
-20.74310540204827
-20.743149659863406
-20.743201192673418
-20.743254164276983
-20.743306491224583
-20.743353044500928
-20.743402975827735
-20.743447123017944
-20.743487960431562
-20.74354897400467
-20.743584823053553
-20.74362250104642
-20.743663998651027
-20.743703347791104
-20.743771676253132
-20.743836076546145
-20.743872384887435
-20.743921326845243
-20.743956720954365
-20.744002731311014
-20.744070085100176
-20.74411313352883
-20.744141126971936
-20.74421257655907
-20.744245674763576
-20.744284726311378
-20.74434432274441
-20.74437646749485
-20.744427482064125
-20.74447346956776
-20.744501845670666
-20.74454243422036
-20.744566684862544
-20.744597083256316
-20.744628587738532
-20.744650179990572
-20.744658604007782
-20.744705699468366
-20.74471720968509
-20.7447397755719
-20.74476314965899
-20.74478623025678
-20.744800404019564
-20.744820671403097
-20.744832733059837
-20.744845327657195
-20.744861674817887
-20.74487001298322
-20.744884514836812
-20.744891316048687
-20.744906627361946
-20.744914444952872
-20.744924353234104
-20.744936489372627
-20.744948601146056
-20.744957425285413
-20.744968900203702
-20.744975712961757
-20.744983928845198
-20.744995951914294
-20.745002537631116
-20.74501486262225
-20.74502179954322
-20.745036036280993
-20.745043425674908
-20.745051799662747
-20.74506322802634
-20.745077114639912
-20.745088133422897
-20.745102539509443
-20.745111983720243
-20.745122326169614
-20.74513389088753
-20.745139418190703
-20.745151057773686
-20.745160680862774
-20.745167712723173
-20.745176323306758
-20.74518353788286
-20.745190558931746
-20.74519983394447
-20.745206091962856
-20.74521304486128
-20.74522067409084
-20.745227614112423
-20.74523156029833
-20.745240341969918
-20.745244245950612
-20.74524837180433
-20.745257174390783
-20.745263162018553
-20.74527062077856
-20.745281755309236
-20.74528923730294
-20.74529566226769
-20.745306134636404
-20.74531281162667
-20.745322384447995
-20.74532923028984
-20.74533588122405
-20.745342873172756
-20.745349487930177
-20.745356965604714
-20.74536467234254
-20.745371906576334
-20.74538066311198
-20.7453891209236
-20.745397660059172
-20.745404801206405
-20.745412529470176
-20.745421435851632
-20.74543100079881
-20.745440436411478
-20.745450289435965
-20.74545700044331
-20.74546599423454
-20.74548275519099
-20.74548825103032
-20.745500336217546
-20.745508958294057
-20.74552002794222
-20.745534524027118
-20.745548984144556
-20.74555908431614
-20.74556993317339
-20.745581091254298
