500 iters for seed 127 on ER0.3 which is in the 83.19778442382812 percentile
 Maxcut: 30.0, MedianCut: 20.0
-20.037400854105634
-20.159480524030393
-20.2186924431291
-20.288843603711058
-20.337916205981884
-20.370912204168146
-20.404500464030654
-20.43082860735797
-20.452521995514452
-20.470031608743703
-20.484648587328046
-20.500868237525737
-20.513228896054166
-20.525943850199653
-20.534019903263392
-20.542947534631217
-20.551003098720855
-20.557163340400763
-20.563817009334276
-20.57071119771504
-20.576837475923725
-20.58441082034041
-20.592203260743318
-20.599830072277957
-20.607286422675248
-20.61265932443961
-20.617533554577943
-20.621366889183303
-20.62526361625249
-20.628247851354278
-20.63099803966716
-20.633730058165032
-20.635963319518144
-20.638273605367004
-20.640554174201764
-20.64292932288863
-20.645494017036704
-20.647663005931737
-20.649934611059372
-20.65204949353412
-20.653603714990844
-20.655108329903932
-20.65701689061787
-20.658193773473865
-20.65918967463942
-20.66098615977194
-20.661995586541064
-20.663065595780683
-20.66424116637362
-20.665099818295914
-20.666069642366967
-20.66693664327034
-20.667866056962527
-20.66871891062042
-20.669501857896442
-20.67022261248729
-20.67093885395632
-20.671934474688
-20.672978118340694
-20.673934984288174
-20.674778036418225
-20.67575533595896
-20.676660781476286
-20.677673119547457
-20.678592557152342
-20.679752994009693
-20.68057088196868
-20.681689839706294
-20.682345956823962
-20.683128509537447
-20.683925552790896
-20.684786764358815
-20.68534751366041
-20.68604793828508
-20.686788704498
-20.68744413463883
-20.688093257104683
-20.688534132953077
-20.68898228444725
-20.68970518575676
-20.690181677745493
-20.690707044681226
-20.691497702070713
-20.692022674792362
-20.69239067295425
-20.693516153632032
-20.693842861545164
-20.694407876892196
-20.695063965774708
-20.69572689621203
-20.696323175614673
-20.696786835144437
-20.697238697378186
-20.697720151320944
-20.698150744982634
-20.698625242190147
-20.699057908750888
-20.69941367768147
-20.699766970213034
-20.700199296968336
-20.700603203062876
-20.700953672959304
-20.70134813365282
-20.701706361123566
-20.702120481801682
-20.702453276258993
-20.702766025396844
-20.703154903181794
-20.703700545028497
-20.704009609117676
-20.704396864636923
-20.704774617176895
-20.70516487368371
-20.705658048360025
-20.705974517903424
-20.706325976886532
-20.70680076358868
-20.707103424575443
-20.707353877832674
-20.707876403720626
-20.708132768459816
-20.708431764857682
-20.708872695468415
-20.70904008170514
-20.70929867871502
-20.70957563548738
-20.709787904060928
-20.710225550607717
-20.710506012782794
-20.710939172335088
-20.711323388812175
-20.711692201280684
-20.71202115539157
-20.712367029762838
-20.712722239593376
-20.71308412245266
-20.71350461166858
-20.71387635501584
-20.71423311270949
-20.71454493219797
-20.714877057078404
-20.71519757446604
-20.715464999038034
-20.715853397667377
-20.716079260852524
-20.716368648838802
-20.716737718483493
-20.716970497433326
-20.717217908717362
-20.71770580878207
-20.71787020542242
-20.7182046276727
-20.71838644794813
-20.718748624421323
-20.718960797759802
-20.71919192152163
-20.71945679515922
-20.71977678449878
-20.719987945024418
-20.72026351935814
-20.720440472982034
-20.72068749104496
-20.720847485323254
-20.72100125902695
-20.72113746309021
-20.721328642463856
-20.721445432972303
-20.7215878267037
-20.721717258133033
-20.721886962861973
-20.721996297466525
-20.722089784266814
-20.722175625712076
-20.722252504894065
-20.722341535585947
-20.72239713427433
-20.722487694590413
-20.722596362823243
-20.72269954730912
-20.722780024914655
-20.722856368351383
-20.722942306723862
-20.723052990691464
-20.723120237520185
-20.723180138540965
-20.723244277719672
-20.72329933978206
-20.72335558760445
-20.72345719043885
-20.723502364072154
-20.72355596811287
-20.723609028798727
-20.723654081317076
-20.72372348603899
-20.723791523334334
-20.72382827603734
-20.723890615592843
-20.72393646246143
-20.723994757525357
-20.724071026589776
-20.724107550817635
-20.724154631297683
-20.72422852649943
-20.724287037736232
-20.724325530555525
-20.724410232648275
-20.72446612247374
-20.72452590626365
-20.7246147988795
-20.724666096299547
-20.724729292588446
-20.724805436233332
-20.724885627687677
-20.72493827781348
-20.725046130615002
-20.725113257237034
-20.72520085373509
-20.725301795129
-20.725384047347312
-20.725464698137976
-20.725618307744057
-20.72572731901097
-20.725863397118943
-20.725986858923495
-20.7262097142979
-20.726397063998622
-20.72656447731762
-20.726833008773507
-20.726945306801106
-20.727249636743878
-20.727369120315778
-20.727550961941688
-20.727723428516637
-20.727898554024883
-20.727992414268996
-20.72816514243145
-20.72822113852184
-20.72847034222061
-20.72857433628943
-20.72871557762058
-20.728921595886483
-20.729137064502694
-20.729318924241777
-20.729552736309852
-20.72971074158086
-20.7299010069995
-20.73002032558003
-20.73012171779118
-20.730248568170094
-20.73035928474099
-20.730505793043847
-20.73058659536462
-20.73068230447171
-20.730800663574932
-20.730934247670856
-20.731027695850614
-20.731152425287444
-20.731285507838912
-20.731483182498046
-20.731722950683476
-20.732018982549334
-20.732237314811005
-20.732564532408592
-20.732867427627323
-20.733159316504914
-20.73338916403995
-20.73356420857883
-20.733818833368698
-20.734047514784407
-20.734284458393837
-20.734471602745206
-20.734661061450776
-20.73483826360858
-20.7350173242484
-20.735205527757316
-20.73537154297046
-20.735560179938595
-20.73570256687274
-20.7358668389419
-20.736018264075867
-20.736132854641383
-20.736236722131558
-20.73641743026479
-20.736483812625973
-20.736613777442244
-20.736699916069426
-20.736805452466566
-20.736955645059428
-20.737028066344276
-20.737164896413386
-20.73722516292576
-20.737305867322505
-20.737391667589662
-20.73751185039066
-20.73758349931885
-20.737658409451967
-20.737760726815665
-20.737831992807404
-20.73792258554257
-20.73799557941763
-20.73806487548134
-20.73814250837659
-20.73821647602733
-20.738277933851123
-20.738334541907854
-20.738404166843083
-20.73847098134793
-20.738514227918678
-20.73858601046577
-20.738628129603068
-20.73867396029567
-20.738750203909063
-20.738788144565795
-20.738837928463823
-20.738873418412577
-20.738914417745715
-20.73895646613782
-20.739000099950186
-20.73904551354725
-20.73908509854386
-20.739123240513553
-20.739174770352868
-20.739205338609786
-20.7392377493487
-20.739269343982265
-20.739292495708654
-20.739349712834116
-20.739377416144592
-20.739422559368037
-20.739463818314483
-20.739509735497638
-20.739554706590063
-20.739604486129796
-20.739647943170823
-20.739696055438618
-20.739738006009254
-20.739779136696676
-20.73982888902935
-20.739875357980875
-20.73991034254254
-20.739942286653136
-20.739986034862383
-20.740022838521362
-20.740056203176195
-20.74009743537859
-20.74013422930265
-20.740186494027377
-20.74024310858902
-20.740276849938493
-20.740324274310247
-20.740343126158354
-20.74039801126407
-20.740428229018942
-20.740459491430144
-20.740512664243354
-20.7405414909219
-20.74059984863812
-20.740653344958876
-20.740717539868278
-20.74074971897509
-20.740802871715715
-20.740846150110606
-20.740889534965195
-20.74095278317704
-20.741013177516844
-20.741057072925763
-20.741114370046642
-20.741147673779707
-20.741190226983253
-20.741249554055525
-20.741277090354398
-20.74131258472536
-20.741380057564015
-20.74141110182736
-20.741444298207487
-20.741477404417108
-20.741516846923254
-20.74157323696953
-20.741587739961854
-20.741646889185876
-20.741668042984017
-20.741702528212013
-20.74174028074104
-20.741785497251563
-20.741820410925044
-20.74185036178207
-20.741883126363803
-20.741918579190134
-20.74197103025202
-20.74199327763376
-20.742018848334247
-20.742053413150845
-20.74207630771729
-20.742124231646738
-20.7421446794994
-20.742181046742534
-20.742197673540048
-20.742225611857
-20.74226903006749
-20.742307764510365
-20.74233568838958
-20.742365009123585
-20.742387042814574
-20.742424974855183
-20.742441160587717
-20.742470992133555
-20.742492101644174
-20.742516840819967
-20.742549471582848
-20.7425687579832
-20.74259946900414
-20.74261873270844
-20.742643974029285
-20.742683169047737
-20.742719479389876
-20.742745081379816
-20.742777232754925
-20.74280647147023
-20.742858356277264
-20.74289044312848
-20.742914202982213
-20.742936561757837
-20.742959870634635
-20.742987529071343
-20.743008865490367
-20.743027043125466
-20.743042786994252
-20.7430587831907
-20.74308339894866
-20.743101823230944
-20.74311545714128
-20.74315129244686
-20.743159329566403
-20.743183339781673
-20.7432010871322
-20.74321660473143
-20.743240829128673
-20.743253597581447
-20.743274570267076
-20.743289289725922
-20.743309905981857
-20.743327373648626
-20.743342686200258
-20.74336613489212
-20.743381406169327
-20.74340042282515
-20.743428378159322
-20.743440393078135
-20.743457964613782
-20.743469924759214
-20.743488703723052
-20.743513727392468
-20.74353702032115
-20.74355372359631
-20.74357011222751
-20.74358074921578
-20.74359637847233
-20.743622308005193
-20.743637478596884
-20.743650386897613
-20.743667245276573
-20.743679814434003
-20.743697757478856
-20.743712961682604
-20.74373100833362
-20.743747942428477
-20.743769560827705
-20.74378689939535
-20.74380235063201
-20.743814568496944
-20.743829989740615
-20.74384601050972
-20.74385896401429
-20.743875233411035
-20.743892610990905
-20.743909330285348
-20.743923478305014
-20.743938735714547
-20.743956689642683
-20.74397176370367
-20.743985127610234
-20.743997017230647
-20.744014195457112
-20.744027661870348
-20.74404111749596
-20.74405099193607
-20.74406416933505
-20.744079049482984
-20.744092839727838
-20.74410437100624
-20.7441124492749
-20.74412176715125
-20.744129788008273
-20.744139503057564
-20.74414449183961
-20.744152440225417
-20.744160728610996
-20.744170962879537
-20.744180260742908
-20.744189736529556
