500 iters for seed 129 on ER0.3 which is in the 85.54306030273438 percentile
 Maxcut: 35.0, MedianCut: 25.0
-24.516560406871402
-24.647527665845303
-24.706501392575067
-24.790446197255093
-24.831589877682376
-24.886453971185105
-24.934938607402277
-24.972753749026246
-25.003478515468572
-25.02193774137034
-25.040587091932572
-25.054503763347476
-25.066400961053226
-25.077542623317477
-25.08868779256245
-25.1015115167331
-25.11300014059184
-25.125617589519592
-25.133927701281944
-25.140436766996693
-25.14705944243871
-25.152319121808077
-25.158058675469285
-25.161972512025493
-25.164911783039354
-25.169135121413866
-25.17206192981383
-25.174905198737427
-25.177315437279596
-25.180167688513162
-25.18290763860417
-25.18609285786176
-25.18880296190731
-25.19141313918384
-25.194216297572837
-25.197033110607823
-25.199103450073043
-25.201696064838927
-25.204003975977024
-25.205914443801213
-25.208249839036483
-25.210027421979422
-25.211727973078165
-25.21357619432888
-25.21503012744769
-25.216530303764323
-25.218311475153637
-25.22011134247608
-25.22203862493882
-25.22425551657204
-25.226025452311994
-25.228554976942966
-25.230833014294728
-25.232355903269685
-25.234074195232445
-25.235410948042926
-25.236704709776017
-25.238077409682607
-25.239073992097353
-25.239937423532297
-25.240742847284178
-25.24133107130544
-25.242143112718978
-25.24272969881186
-25.243444986831847
-25.243883061496252
-25.24435540272563
-25.24466399651329
-25.245272799930923
-25.245610325763167
-25.246010794976726
-25.246688274016535
-25.247032321498196
-25.24753073788639
-25.247930752631955
-25.248348478414538
-25.248793746741402
-25.249234777931626
-25.249638275049534
-25.24995229942134
-25.250224765294455
-25.2507391182069
-25.251136275143793
-25.25147965991279
-25.252234341137996
-25.252594766994992
-25.253062461218697
-25.25383903600695
-25.254164637626427
-25.254583922350196
-25.255179321973728
-25.255602197303475
-25.256294426969347
-25.256714264156898
-25.257387011360812
-25.257855149574176
-25.258515998551545
-25.259297234904047
-25.26009098458698
-25.260775959951324
-25.261408942681687
-25.261743518266226
-25.26255541796915
-25.262902187747894
-25.2632740028468
-25.263678423678023
-25.264028455271372
-25.264237629953985
-25.264498964596207
-25.26474189172193
-25.26500150147472
-25.265326293209434
-25.2655412393566
-25.265776798738102
-25.266111717103733
-25.26630945661504
-25.26656339703041
-25.266815673272454
-25.267060800143536
-25.26728303908719
-25.267548253088762
-25.26779579488941
-25.267987254483806
-25.26825273285148
-25.268415437495943
-25.268701488464405
-25.268892729540706
-25.269051486569687
-25.269334998431475
-25.269467619840025
-25.26963307250771
-25.269772295474063
-25.26993670832625
-25.27008929541162
-25.270264166831684
-25.270445145826912
-25.27057320334825
-25.270866209375527
-25.271022866792684
-25.271216419582125
-25.271428202570597
-25.271571351665088
-25.271767364596098
-25.271954558500656
-25.272151423075837
-25.27233359982169
-25.272482473629562
-25.27268225785838
-25.27285440980924
-25.273050532212423
-25.2733934797483
-25.273470825124953
-25.27378194711091
-25.273887071110902
-25.274070150406473
-25.27422679911734
-25.27442657448554
-25.27457320229282
-25.274730925710408
-25.274899064911686
-25.27508752363618
-25.275273822157043
-25.27540994573723
-25.27556417724805
-25.27573462931542
-25.27581064777722
-25.27595831804927
-25.276059032920852
-25.276190762056043
-25.276335915709993
-25.276447801257273
-25.276591220019156
-25.2767730119412
-25.27687011649183
-25.277000049566986
-25.27705751108246
-25.277210648215547
-25.277294414779647
-25.277372920704504
-25.27751465319358
-25.277675583759475
-25.277926251613245
-25.278065139119164
-25.27821098845299
-25.278352826037143
-25.278533539224163
-25.27869857774891
-25.27881518350199
-25.278950299125192
-25.279095534032777
-25.279169691803517
-25.279308149499734
-25.27936582231142
-25.279470368486635
-25.279600635084048
-25.279673524672027
-25.279842706904176
-25.279915853601583
-25.28002098992154
-25.280124064582388
-25.280239165655853
-25.280336385717806
-25.280396649682363
-25.2805024800016
-25.280623665358007
-25.28069873277493
-25.280830604141766
-25.280881135432075
-25.280999309347663
-25.281070504501752
-25.281121438925084
-25.281211648792663
-25.281254111852817
-25.281333991369184
-25.281391032263762
-25.281472495526263
-25.28152827574756
-25.281594315843478
-25.28167116823381
-25.281728532888433
-25.281861253146328
-25.281911392382884
-25.28201419889124
-25.282057836056243
-25.28212704547336
-25.28224171913206
-25.28230249675792
-25.282394469507324
-25.282470012702024
-25.282551609316634
-25.28264474541262
-25.282742283710338
-25.282817107312432
-25.28287560954049
-25.282934408874954
-25.28304894353421
-25.2830929645334
-25.283169994595067
-25.28322339056607
-25.283287724037123
-25.2833892428614
-25.283461789635062
-25.283549781512445
-25.283602926586788
-25.283669989378506
-25.28372260389573
-25.283833928209866
-25.28388230729504
-25.283928844127452
-25.28399668864812
-25.284040645497555
-25.28411324351662
-25.28414970483993
-25.2841987250178
-25.284245686501173
-25.28432425646536
-25.284368640814613
-25.28440987702677
-25.284466685544714
-25.284527045843404
-25.284575276145144
-25.284636851072975
-25.28467661756855
-25.284731709644827
-25.284786287733603
-25.2848390981788
-25.284880151608874
-25.28494375287342
-25.285003688125204
-25.285033729966358
-25.285113308765027
-25.285153644484918
-25.28520399343287
-25.28526153712811
-25.285305217768723
-25.2853931253575
-25.285420556477778
-25.285489736193032
-25.285514506279725
-25.2855585886229
-25.285600145296087
-25.28565320444392
-25.285689925679787
-25.28573152749339
-25.285777021820028
-25.285829128135703
-25.28589270284663
-25.285939893436158
-25.28600644352254
-25.28607444824004
-25.286134960671337
-25.28617517892393
-25.28624786158187
-25.286319305590606
-25.286371093286824
-25.286456322514233
-25.286510820186216
-25.286573842923715
-25.286652128823413
-25.28669958806532
-25.286727188591907
-25.286875865520184
-25.28691137191588
-25.286992654503113
-25.287037913885428
-25.287146541056806
-25.287205825544905
-25.287269101286057
-25.287370206783685
-25.287440544896185
-25.28752177401823
-25.287592387566598
-25.287671296537933
-25.287773742456682
-25.28785660898181
-25.287932402658676
-25.288017459311185
-25.288106847977275
-25.28819785753651
-25.288270305977644
-25.28833738369127
-25.28838323437927
-25.288435183758565
-25.288520007509998
-25.288570146280165
-25.2886386115374
-25.288764494844415
-25.288847146984782
-25.288930328422495
-25.289049104439783
-25.28909665344787
-25.289157942175024
-25.289248064624335
-25.2893099668093
-25.28938415261771
-25.289491137472307
-25.28954895968195
-25.289637636135485
-25.289658988995082
-25.289784887191892
-25.28984030889702
-25.28990207727515
-25.289989723636968
-25.290054605968137
-25.290162860180992
-25.290224504759177
-25.290297580699676
-25.29035045586317
-25.290404692302673
-25.290471428256744
-25.290527682752714
-25.29061435702873
-25.290672881781866
-25.29072031203595
-25.290784253120837
-25.290849218932077
-25.2909338306661
-25.29100488710912
-25.291080979488534
-25.291147906986367
-25.291222978393414
-25.2912949711707
-25.291344970202204
-25.29141024682
-25.291462508503535
-25.29151466841585
-25.29157450907793
-25.29161909497253
-25.29169084614289
-25.29177245678403
-25.291812057186803
-25.291871767186652
-25.291918714029144
-25.291964326362645
-25.292027041580408
-25.292054772168235
-25.292081048303768
-25.292144724884228
-25.292184269516614
-25.292283726111616
-25.292344126095195
-25.292409122750048
-25.29249391452032
-25.29255587779401
-25.29267199903206
-25.29271931679219
-25.292805989138902
-25.2928532905727
-25.292927639920844
-25.293022135209057
-25.29312754734602
-25.29320075656959
-25.293294882796566
-25.293370835646993
-25.29346882664826
-25.293536683210956
-25.293614375786632
-25.29367006727037
-25.29377141966677
-25.293840241912076
-25.293935344833184
-25.29401192119771
-25.29409477359308
-25.29414471348302
-25.294227618399056
-25.294269272576134
-25.294334291719323
-25.29438259020101
-25.294438252989476
-25.294496120360133
-25.294552436776858
-25.294608593495823
-25.29465483560531
-25.294730856044836
-25.29476863261482
-25.29481162960986
-25.294861491579354
-25.294892532375485
-25.294939029068626
-25.29499557945773
-25.295021628476096
-25.295070384378764
-25.29509411855559
-25.295141012017012
-25.295165839559857
-25.295187345485825
-25.29522229777423
-25.29524997025384
-25.2952784971014
-25.29530054476078
-25.29532528664096
-25.295371983237953
-25.29538395160416
-25.29542561506363
-25.29544000423155
-25.295461738216257
-25.29549133459261
-25.295519647393924
-25.295538693553087
-25.295556939984827
-25.295575546476393
-25.29561038526675
-25.295639197154166
-25.295662394376798
-25.29569642373889
-25.295721121924238
-25.295746617855137
-25.295786739252108
-25.295811218092318
-25.29585127289147
-25.29588453131186
-25.29590705252216
-25.29594632770818
-25.29595560471849
-25.295994383534133
-25.296011097781292
-25.296027726515675
-25.296053467144887
-25.296064498787977
-25.296111910592085
-25.29612756136002
-25.296146980503618
-25.296171285915417
-25.296177179123504
-25.296210071554846
-25.296218204168696
-25.29623285994664
-25.296253386612133
-25.29627387011019
-25.2962912263392
-25.296312341446814
-25.29632698469119
-25.296347942768353
-25.296376698716642
-25.29639509702862
-25.29640853957868
-25.296437035959308
-25.296454055184668
-25.29647273559854
-25.296510142270513
-25.296524111216954
-25.296540606444296
-25.29657759225922
-25.296591288584303
-25.296608275994522
-25.296625857020132
-25.296648147832787
-25.296680784751096
-25.296700692288294
-25.296772087246723
-25.296801578845383
-25.29683308753511
-25.29686903310725
-25.296917008505403
-25.296957531691238
-25.296995732828755
-25.29702815752896
-25.29706420819256
-25.29710592622538
-25.297134568347026
