500 iters for seed 143 on ER0.3 which is in the 82.00607299804688 percentile
 Maxcut: 34.0, MedianCut: 23.0
-23.006432243659837
-23.111761288239855
-23.216622507432618
-23.242825589188737
-23.323767691596938
-23.381719500631807
-23.422933261939864
-23.458976920285576
-23.494080689241944
-23.51470265831756
-23.532520766104703
-23.551336911660766
-23.564930557556398
-23.577003095690095
-23.58718992435326
-23.597336124059744
-23.60675732538001
-23.61507313599222
-23.6225382127479
-23.628709504742243
-23.635751251716464
-23.640956665008375
-23.645025212427
-23.65088720559692
-23.65419179836299
-23.659343601025736
-23.663941728020536
-23.667373151242806
-23.67124905328088
-23.67521337020343
-23.678343762674455
-23.681518989048573
-23.684672243517706
-23.687655298095354
-23.690292826356135
-23.692683904755036
-23.695048663572756
-23.69718231941586
-23.69884718812422
-23.70050412018112
-23.701929579494415
-23.70315411450264
-23.703912911612306
-23.704800119674392
-23.705882914041428
-23.70690760128271
-23.708011424216195
-23.709142653702052
-23.71031049626023
-23.711285754427138
-23.712098303070935
-23.712928267521864
-23.71373429656756
-23.714498753081948
-23.71538973370344
-23.716470661461415
-23.7174443913769
-23.71847685518165
-23.719620592965335
-23.7204404996365
-23.721370607080726
-23.722340265306762
-23.723114791849593
-23.72398402597127
-23.724812333050792
-23.725428206726377
-23.726142242346253
-23.726825070521876
-23.727458260849843
-23.728149213572674
-23.72886771418257
-23.72972167997231
-23.730552938131634
-23.731308118247508
-23.731981383931483
-23.73284064561774
-23.733507877714693
-23.734182631263298
-23.73488011453688
-23.735497322097086
-23.73607589601015
-23.736605622665294
-23.737013596155172
-23.73748244703454
-23.73785566697183
-23.738350578790968
-23.738644382197908
-23.739088213370945
-23.739640401613876
-23.740174713156645
-23.74059495461924
-23.741140149152496
-23.74171342991385
-23.74254625119864
-23.743206262014144
-23.744073952626323
-23.7445297294322
-23.745292739206096
-23.74561992511577
-23.74629247463973
-23.746612630961444
-23.74708648310889
-23.747530141785692
-23.748091265774253
-23.74844567559098
-23.748799062074312
-23.749188036670862
-23.74965267064675
-23.7500332098357
-23.750444781400986
-23.75075047592552
-23.751108182249407
-23.751325445712922
-23.751555965044098
-23.751826852500294
-23.752176771279796
-23.75236258257719
-23.752618978641923
-23.752908711342087
-23.753235335450274
-23.753493529870152
-23.753755118431155
-23.753961960255285
-23.754197974407646
-23.75446029331805
-23.754631724505348
-23.754772060599215
-23.755004030709014
-23.755128904692096
-23.755283549678175
-23.75547445941254
-23.755599523217015
-23.755790194457777
-23.75602886540636
-23.75615569951171
-23.75635720482331
-23.756442940901728
-23.75663653410232
-23.75675068241036
-23.756869774719362
-23.75705895231362
-23.757159718635606
-23.75730119282617
-23.75742101727789
-23.757569874104504
-23.757697570273706
-23.75785955949029
-23.757993605727382
-23.758124028306653
-23.758301571530982
-23.758474926465556
-23.758600862485938
-23.758766383029755
-23.758880685730574
-23.759020410577037
-23.759157400817173
-23.759251338280368
-23.759364657578267
-23.759483004939938
-23.759680222502745
-23.759760846386
-23.75991485558096
-23.759941759891273
-23.760135588361976
-23.76021635109751
-23.760316557960824
-23.76045989028167
-23.760549084534375
-23.760702377007224
-23.760804200678947
-23.760929155066037
-23.76103164876389
-23.76110964750051
-23.761233946108057
-23.761304020954974
-23.76137766336992
-23.7615148378269
-23.76158297842027
-23.76164767374144
-23.76175285460487
-23.76180068481772
-23.761853132786523
-23.761982774407517
-23.762025382013867
-23.762077107062165
-23.762165272326765
-23.762207802704065
-23.762291347926443
-23.762332589860428
-23.762407599539387
-23.76245357372927
-23.762495942102866
-23.762576356124363
-23.762615587325715
-23.762666555724255
-23.762710187432972
-23.76276325586674
-23.762813335389232
-23.762862787839055
-23.762915586593557
-23.76295123946084
-23.76301173242465
-23.76303837943381
-23.76309534936155
-23.763121493094957
-23.763153715096
-23.763211525217773
-23.763250056308337
-23.763292585202336
-23.763331998430044
-23.76337495294672
-23.76343014750579
-23.76348353281972
-23.763534811921726
-23.763570179723175
-23.763609970996615
-23.763661036639714
-23.763707951411714
-23.763738540468843
-23.763798931221032
-23.76381784021803
-23.76386288164134
-23.76389475184789
-23.763926137002514
-23.763968043082077
-23.76399832680293
-23.764039141064764
-23.764063137034814
-23.764103552771836
-23.764146064666352
-23.764193822115914
-23.764224484606324
-23.764267173885965
-23.7643011802378
-23.76434094640984
-23.76440331797874
-23.76443514503787
-23.76447084033
-23.764525483821153
-23.764564060092056
-23.764579842735174
-23.764662703364543
-23.764687778950538
-23.76472187593037
-23.764758287835775
-23.764800830230712
-23.764832498143328
-23.764866368251194
-23.7648981005626
-23.7649450781929
-23.764983679628752
-23.765015180527744
-23.76504975008334
-23.765086722546783
-23.76512703092471
-23.765167241454193
-23.765208434797078
-23.765262060547194
-23.7653176851607
-23.765379299960482
-23.765430775145294
-23.76548244498045
-23.765567211467587
-23.765620860177542
-23.765680353048136
-23.765774112941457
-23.765836468135113
-23.76595106825434
-23.7660562172745
-23.7661295435281
-23.766241789065102
-23.766322186142865
-23.766400863633777
-23.76648849898236
-23.766549257872505
-23.76664104845867
-23.766704486203956
-23.76675719162178
-23.76682729148617
-23.76687958964187
-23.76693432860046
-23.766978304189625
-23.767019287700556
-23.767065873916565
-23.767111677697436
-23.767157760668724
-23.767198930046163
-23.76724519633573
-23.76728437214226
-23.76731980687999
-23.767365935117493
-23.767410111210545
-23.76744489616281
-23.767485377999776
-23.767517402105796
-23.767553412376778
-23.767589812777917
-23.76762250341298
-23.76764489797362
-23.767687060098854
-23.767693444899894
-23.767733415466182
-23.767754270472814
-23.767779154173233
-23.767811136957807
-23.76783492639766
-23.767860944617386
-23.767879600097068
-23.7679052732881
-23.767926907288853
-23.76794995210104
-23.767976486196453
-23.767997484157696
-23.768017161358486
-23.768050517568057
-23.768063975114163
-23.768085387612047
-23.768119239486047
-23.768126243691135
-23.768166151985437
-23.76817895527324
-23.768200706035202
-23.768221025871412
-23.768246950492248
-23.76826509443177
-23.768283718233885
-23.768302071048655
-23.768326817872865
-23.768346874165374
-23.76836737437852
-23.768380581428175
-23.7684104112402
-23.76842798541589
-23.76844541250835
-23.76847422157538
-23.76849239195066
-23.768514248875896
-23.768529947003458
-23.768553040226067
-23.76857234861909
-23.768598210707562
-23.768621019247586
-23.768639767462798
-23.768679413397486
-23.768690366657726
-23.768727181431384
-23.768740316000066
-23.768759354682366
-23.768780248750176
-23.768806684968723
-23.76882255264476
-23.76883796327325
-23.768852192073147
-23.76886883612186
-23.76888891414491
-23.768900679620256
-23.768915228910842
-23.76893605090808
-23.76894851017719
-23.76896200289899
-23.76898017869815
-23.768995032255997
-23.7690110483115
-23.769035974447856
-23.769050158005193
-23.769067507025312
-23.769085740798324
-23.769106458374917
-23.769120048708263
-23.769136505887943
-23.76915001765439
-23.769162529498328
-23.769186455060492
-23.769194125619542
-23.76920819444774
-23.769225851922837
-23.76923948460547
-23.76926447038775
-23.769279152116926
-23.769294480642635
-23.76930678821517
-23.769322907659305
-23.76934060651457
-23.769357474923858
-23.76937339472561
-23.769388836837976
-23.76941133151889
-23.769431623736516
-23.769453092082014
-23.769467451614677
-23.769487490386034
-23.769509986084575
-23.76953720790131
-23.769561091305953
-23.76958201858387
-23.769604457952404
-23.769628946027694
-23.769661693555282
-23.76968201496195
-23.769703293537574
-23.76973852644072
-23.76976564601288
-23.76978517158568
-23.76983655573615
-23.769863758967954
-23.769897840813265
-23.769953019656523
-23.76998927153536
-23.770062185256787
-23.770130073563955
-23.770194735919812
-23.770270922854248
-23.770337425934645
-23.770411817177507
-23.770516872238762
-23.770575657833103
-23.770645494897302
-23.770736122987216
-23.770788532298692
-23.770877703377085
-23.77098760169755
-23.771073894413092
-23.77114482718534
-23.77130563062228
-23.77138289449601
-23.771481562071195
-23.77157194545259
-23.771642495892266
-23.771763176916156
-23.771888551069004
-23.771990119986064
-23.7720941182295
-23.772193215867777
-23.772357020486584
-23.772488475669167
-23.772603367027866
-23.772754044927943
-23.772892459233038
-23.773076052540592
-23.773254544831698
-23.773429652084317
-23.773632452891007
-23.773817815979868
-23.774001281192863
-23.774192198587734
-23.77432608919207
-23.77453016351668
-23.774706227581316
-23.774832572879447
-23.775011650094093
-23.775129043097714
-23.77531131436773
-23.775476752220833
-23.77560472385655
-23.775837335684237
-23.775955452094706
-23.776142289318578
-23.77624541461118
-23.776361579465913
-23.776522350980166
-23.77670540967976
-23.776832918407543
-23.777007744088653
-23.777083191597747
-23.77720040252533
-23.777322186075242
-23.77739848129665
-23.77756714448029
-23.777658921780922
-23.77774523208716
-23.777837201740454
-23.777942324433134
-23.778069396027558
-23.778189943214386
-23.778327084809128
-23.77843672126065
-23.778593010830228
-23.77873483913853
-23.778909770616995
-23.779015445956425
-23.779171979722506
-23.77924078647061
-23.779428767127683
-23.779521909581696
-23.77963241131061
-23.779787471264253
-23.779865391719284
-23.77994966541471
-23.78001115825931
-23.780088011736346
-23.780134411573904
-23.78022176873473
-23.780277036489682
-23.780331330323683
-23.780425544108788
-23.78048060487501
-23.780554553777602
-23.78061520684586
-23.780680385422595
-23.78073968314266
