500 iters for seed 18 on ER0.3 which is in the 48.319244384765625 percentile
 Maxcut: 31.0, MedianCut: 18.0
-18.129037529468544
-18.227155885774543
-18.273872311176106
-18.320079960008705
-18.358477469167024
-18.38339245841093
-18.40639924712362
-18.424472328908234
-18.444228507346132
-18.459374460194883
-18.47207933445355
-18.48361475334775
-18.49439568209426
-18.501720672602453
-18.511131222117783
-18.520041531869175
-18.52746224104991
-18.53548348938811
-18.542551106997898
-18.548941566487848
-18.554111998673918
-18.558218665958485
-18.564185638203824
-18.569190754836807
-18.57291475296945
-18.57748825230575
-18.580780572384242
-18.58542878281029
-18.58814915662072
-18.590538756658315
-18.593861157863586
-18.595917726461444
-18.598726427736743
-18.600926885866848
-18.602862116869833
-18.605072513915545
-18.607170686952774
-18.608773837649526
-18.61036420878787
-18.61186739490377
-18.613548073807497
-18.61492413935278
-18.616230842450406
-18.617681078011056
-18.619076442548206
-18.620286477878384
-18.621649229250774
-18.622948276622427
-18.624168014878904
-18.625380603841435
-18.626504060200723
-18.62819550518922
-18.629501654744676
-18.630987632767166
-18.63204030674962
-18.63355788521677
-18.634883200655572
-18.636405947297966
-18.637586804173182
-18.63875576917286
-18.63928025233019
-18.641032734854164
-18.641726712143722
-18.642667982787003
-18.643545108916157
-18.64465348034912
-18.645546100554633
-18.64639244289718
-18.647181787001593
-18.64813492721744
-18.64869011291904
-18.6494078300341
-18.64997103099695
-18.650708425364925
-18.651163878676442
-18.651722588362446
-18.652305383222103
-18.652956458192826
-18.65334677303961
-18.653828653364783
-18.65419972416985
-18.6545752438823
-18.655070200891313
-18.65533114990754
-18.65565230701846
-18.656215322726233
-18.656568511783025
-18.65695992789245
-18.657637358289964
-18.65795913951765
-18.658346701318102
-18.658944012674173
-18.659300279862855
-18.659864050382716
-18.660371609374963
-18.660788965040915
-18.661394039307154
-18.66178213020929
-18.662355549014208
-18.662726440196792
-18.663160048066487
-18.66357077854964
-18.66405580813474
-18.664437020488048
-18.66495086003227
-18.66531779569678
-18.665871359590525
-18.66620612829794
-18.666574703950058
-18.66683395669523
-18.66741151660922
-18.66773168930861
-18.668098282143024
-18.668649358148535
-18.669011585967716
-18.66949146271087
-18.669852701631076
-18.670209333370774
-18.67058588581598
-18.671008323000148
-18.67132758249891
-18.671618652300182
-18.671928556527277
-18.672221192088102
-18.672388842427946
-18.672695427341715
-18.672854861148657
-18.67304931249074
-18.673394279776286
-18.67363280633313
-18.67398895144582
-18.674324771486976
-18.67466069305604
-18.675047264329315
-18.675499604023376
-18.675875940110693
-18.67618991944078
-18.676488724173012
-18.676828209207876
-18.67716343068106
-18.677448168245427
-18.677763836722335
-18.678029615134783
-18.67834066570336
-18.678601246068485
-18.678924411161265
-18.679319305092278
-18.679614394886116
-18.67985904388592
-18.680131028309038
-18.680423148182175
-18.68076117138888
-18.68103823001644
-18.68133933920217
-18.68160386834583
-18.681857788474552
-18.68206367998768
-18.682242412460823
-18.682462317952925
-18.682721840829043
-18.682979171378598
-18.683171235930192
-18.683461454561993
-18.683708009539828
-18.683979435564098
-18.68446163285843
-18.68466468511953
-18.684904958279887
-18.68531338416194
-18.6855301442014
-18.685917768136907
-18.6862032948872
-18.68663681612813
-18.68692840678159
-18.687228944753368
-18.68731080706297
-18.687745010922978
-18.68789929042327
-18.688096164947655
-18.688277404427303
-18.688492258837265
-18.688632684581094
-18.688773133468064
-18.688946952753138
-18.689123785060463
-18.68925106063515
-18.689424555743766
-18.689534248608055
-18.689649951431356
-18.689816778371444
-18.68988961740864
-18.68997391201196
-18.69010095782617
-18.69017759520919
-18.69023558813121
-18.690352891639005
-18.69042231219955
-18.6905081102216
-18.690650078184397
-18.690718815087997
-18.690810231739093
-18.690868775494945
-18.690970319998698
-18.69104386490274
-18.69111560277801
-18.69124121296652
-18.691280624076303
-18.691454737823392
-18.69151929820987
-18.691601442548475
-18.69168351366936
-18.691799735294072
-18.691868509591426
-18.691932728061232
-18.692034093296737
-18.692118419081694
-18.692265663651426
-18.692378860478684
-18.692484280286266
-18.69257897478284
-18.69271276415369
-18.692820458805457
-18.69291189305762
-18.693016164502577
-18.693127584634844
-18.693275796201092
-18.693388078728233
-18.693503875036143
-18.693613365466735
-18.693760338694318
-18.69391839624079
-18.694061339323454
-18.694202084253373
-18.694312908128886
-18.69442944440103
-18.69455916218851
-18.694620451299894
-18.694727692349137
-18.694790147189437
-18.694844241820125
-18.694961440885276
-18.695016199808812
-18.695115589537842
-18.695194748791145
-18.695298898569362
-18.695369111990292
-18.695459192813836
-18.695544958593423
-18.695613044776252
-18.69569277389203
-18.695797118364023
-18.695860216557577
-18.6959445379908
-18.695994636284233
-18.696078826443525
-18.696148824859623
-18.696211924707924
-18.69628695967362
-18.696383501242348
-18.69643201469281
-18.696484838671825
-18.696522126510978
-18.6965793525435
-18.696631729331813
-18.6966658143453
-18.696749534667735
-18.69677568652397
-18.69681706099081
-18.696846574843295
-18.6968834194291
-18.696916826943188
-18.696946011679014
-18.696974675732125
-18.69700225493854
-18.69703217903032
-18.697054438850408
-18.697076510595068
-18.69709570416412
-18.697115396973096
-18.69713117845471
-18.697156485764157
-18.697171055869312
-18.697189576723364
-18.69719967988433
-18.69722506912754
-18.697243241917246
-18.69725990643971
-18.697285770024045
-18.697303148098968
-18.69733389341148
-18.697356291174938
-18.697380546685686
-18.697403497963595
-18.697434633214574
-18.697463476607922
-18.6974943442426
-18.697516773713033
-18.69754290720675
-18.697568559475165
-18.697590718172258
-18.697631283423565
-18.697651347117443
-18.697672462887404
-18.697706139808492
-18.697725569430634
-18.697742524945205
-18.697793521930407
-18.69781276787384
-18.697846377363227
-18.697890579291002
-18.697938147552726
-18.697970105737276
-18.698003195063443
-18.69802966133865
-18.698066438257346
-18.6981042976142
-18.69813150019706
-18.698150304267642
-18.698184427389485
-18.698205096062374
-18.69822925571039
-18.698263460555058
-18.6982821228698
-18.69830650227663
-18.69833782490123
-18.6983553493223
-18.698370292368793
-18.69838542871193
-18.698398892661963
-18.698415338131422
-18.69843021307296
-18.698448182198526
-18.69846127673894
-18.698475632324445
-18.698495502897828
-18.698506175881477
-18.698518312671546
-18.698546000287173
-18.69855218209334
-18.69856992502394
-18.698580123091375
-18.698595963247975
-18.69861055646856
-18.698628646474027
-18.698642282960826
-18.698657192379933
-18.698670241498714
-18.698683354318455
-18.69870342078385
-18.698707735715626
-18.69872390032152
-18.6987313726071
-18.698741245768765
-18.69875595310772
-18.69876623181151
-18.69878341822598
-18.69879322255085
-18.69880468539759
-18.698813273075668
-18.69882071242641
-18.69883118263904
-18.698838193240785
-18.698848900045405
-18.698860600907366
-18.698872329206484
-18.69887830804564
-18.698885900246708
-18.698892813688385
-18.69890124558123
-18.698910298984
-18.698916994142138
-18.698925597116144
-18.69893981183663
-18.698945719239006
-18.698956022687398
-18.698963248246493
-18.69897349639583
-18.698982699119128
-18.698990082679472
-18.69900252412168
-18.699015940579752
-18.69902421087966
-18.69903573462424
-18.69904417164098
-18.699053313431868
-18.699066553714488
-18.699075254438227
-18.699087504601845
-18.69910117580256
-18.69911447692457
-18.699122677215662
-18.69913681902878
-18.69914359306684
-18.699154681322838
-18.699163448791662
-18.699172254771945
-18.699190358631867
-18.699202513088338
-18.699223538195586
-18.699239273458666
-18.69925598640893
-18.69927131350505
-18.69928774362126
-18.699308350411577
-18.699325760247582
-18.699344309397965
-18.69936563509521
-18.699390494728224
-18.69941107406926
-18.699436921498418
-18.699458677290977
-18.69949698511868
-18.699523857984758
-18.699574179477423
-18.69960349993916
-18.699638779118082
-18.699665856240287
-18.699723878914558
-18.699758024348906
-18.699794613722933
-18.699848817389643
-18.699906337846294
-18.699949051406534
-18.69998274584547
-18.700012240539728
-18.70005310349604
-18.70009016875166
-18.70012202869459
-18.7001442006322
-18.700179946867834
-18.700209218077042
-18.700236611089043
-18.700278666673885
-18.700301063607007
-18.70032676473681
-18.70036988793732
-18.70038955495914
-18.700413435712193
-18.7004637061586
-18.700484712154438
-18.700508532974048
-18.70053384850918
-18.700556573949306
-18.7005848188848
-18.700620835847882
-18.70064635741707
-18.700680128651197
-18.700709919243373
-18.700742902410475
-18.70080102341368
-18.700833124968934
-18.700872440625655
-18.700928835786307
-18.70096278898598
-18.70099047360084
-18.7010471192908
-18.70108249601182
-18.70113123333712
-18.70117301330593
-18.701199738802952
-18.70123861252548
-18.70126818652281
-18.701309084711273
-18.701337922291422
-18.70135965074258
-18.701398683527554
-18.701422513732282
-18.701457232649734
-18.701481358135858
-18.701508553608594
-18.701536817745072
-18.701576213766643
-18.701593905677495
-18.701621231672526
-18.70163475769198
-18.701666579665165
-18.70169488214407
-18.701716336566815
-18.701760577770514
-18.701783810184974
-18.701831342841217
-18.701863493880015
-18.701896424557304
-18.701923445517288
-18.701961768930794
-18.70200609453669
-18.702055204599752
-18.70210617856683
-18.702148290588887
-18.702190446071754
-18.702233466278187
-18.70227367323016
-18.702316539923004
-18.702356786348712
-18.702401799622407
-18.70244081858753
-18.702495137447013
-18.70254921690288
-18.702590001926453
-18.702621915579318
