500 iters for seed 118 on ER0.3 which is in the 55.031585693359375 percentile
 Maxcut: 29.0, MedianCut: 19.0
-18.479266830538283
-18.53282677354796
-18.555034681474545
-18.652514558210324
-18.6972898201866
-18.74129670231533
-18.78492124146092
-18.829398530048717
-18.87294505603409
-18.90006100158941
-18.928585639310768
-18.94825415488468
-18.966163163656113
-18.98275263831871
-18.997320668743527
-19.01135204622473
-19.02372431601154
-19.034644532378447
-19.043115835167775
-19.050878675672948
-19.057303950358097
-19.06304632869736
-19.067491726993808
-19.07213709780587
-19.075779300186888
-19.08051046888192
-19.083903678505784
-19.08780090854235
-19.09062170979915
-19.094308147794475
-19.096431919131337
-19.098677284558836
-19.102003773715676
-19.105440021876202
-19.108643138022103
-19.11148046421034
-19.114502855760996
-19.116898564751946
-19.1193283184611
-19.120659981936846
-19.122367958321064
-19.124247443872783
-19.125911432918137
-19.127324909957466
-19.12890880840052
-19.13054658967854
-19.13216595345423
-19.13440904113676
-19.1364913332769
-19.138856163636028
-19.14178998877673
-19.143426579057785
-19.14556629774431
-19.147805287323706
-19.14900737506816
-19.150895429628264
-19.152239213699083
-19.15416668705759
-19.15527201669906
-19.15661138217925
-19.158454008621476
-19.16012082325894
-19.161257696604206
-19.162877810645206
-19.16402512220856
-19.165212303865875
-19.165982166610483
-19.166697940999576
-19.167332013299873
-19.167897228614805
-19.16837791189073
-19.168847149705172
-19.169412518075866
-19.170026598723183
-19.170531442837817
-19.17100884350665
-19.171500214132287
-19.171907685378176
-19.17230967217672
-19.172571391359376
-19.17290866404236
-19.173243313286036
-19.173561429125495
-19.17381213808169
-19.17420656883145
-19.174480789739146
-19.174764487725948
-19.175072331248654
-19.175292100755144
-19.17555024470775
-19.175964192498366
-19.17615273818131
-19.176485974985788
-19.176833055908556
-19.177270178948213
-19.17765723231089
-19.177986449168568
-19.1782550622299
-19.178584471363937
-19.17884788657785
-19.179076763371096
-19.17942601075085
-19.17978761808346
-19.179983105171225
-19.180237691806212
-19.180397557125104
-19.180595819408587
-19.180777267854648
-19.180901867426385
-19.18106693095526
-19.181249043422962
-19.181345688776293
-19.181494446887
-19.181588891073968
-19.181727428154794
-19.18184232373223
-19.181938948277896
-19.18211069569665
-19.182204472525317
-19.182320079582908
-19.18239717140554
-19.18250384006152
-19.182617767322352
-19.18279406411207
-19.182903949292637
-19.183020711409135
-19.183167049212134
-19.18332966650149
-19.183454676816087
-19.18363219142375
-19.183770726006543
-19.183898714607608
-19.184162884472943
-19.184280808294677
-19.184436962183053
-19.184715813982656
-19.184834970560537
-19.1849966176257
-19.18524602260741
-19.18531494579166
-19.18546155060193
-19.185537035965382
-19.185702494495146
-19.18578022732096
-19.185863773625464
-19.186001960652366
-19.186094447870857
-19.186251972270913
-19.18636276448617
-19.18646169111726
-19.186554559529053
-19.18670210496769
-19.186807981233237
-19.186938831597352
-19.187066088997064
-19.187190182982857
-19.18727655837483
-19.187442755500392
-19.187532460286114
-19.1876479363856
-19.18782599327521
-19.187970556092765
-19.188098586457237
-19.188216296298414
-19.188331375209255
-19.188503952902813
-19.188641922199245
-19.188779886224744
-19.188938900896513
-19.189120210141127
-19.189323275551423
-19.189506984742316
-19.18966215210066
-19.1898079359879
-19.189954456593195
-19.190134195531336
-19.190274238845266
-19.190444678542903
-19.190627305433033
-19.190781722727053
-19.19104440902914
-19.191382786818693
-19.191601705788006
-19.191914173351524
-19.19221731607457
-19.192586341601604
-19.192942315128196
-19.19322132133727
-19.19351980532653
-19.19380374901607
-19.194076758733477
-19.194334068581302
-19.194616985123144
-19.194891961377913
-19.195165450821882
-19.195477663689704
-19.1957965452756
-19.19615918658195
-19.196533413392736
-19.19690209028297
-19.19724349777559
-19.197535629110106
-19.19792991736928
-19.198303295036343
-19.198699692879885
-19.199091703504397
-19.199416055219224
-19.199625495151334
-19.200188004718665
-19.200336232764293
-19.200600255226888
-19.200791525565684
-19.20107182376684
-19.201336523301944
-19.20154894530343
-19.201830381760388
-19.202182957725775
-19.202391707164715
-19.202739204985615
-19.202898131826952
-19.20328007397421
-19.20352917628982
-19.203786525232132
-19.204186314231407
-19.204263524518723
-19.204699366725404
-19.204827826190098
-19.205048857950956
-19.205223890071785
-19.20546660982332
-19.205623654546912
-19.20574051934994
-19.20597482630295
-19.206067376014666
-19.20621922609265
-19.20635483116058
-19.206513140208763
-19.206672015571254
-19.206797511712402
-19.20696331008092
-19.207058139963635
-19.20717342563369
-19.207282829755684
-19.207378144782126
-19.207470939831104
-19.207628747030743
-19.20769467939881
-19.207799112103835
-19.207929154204894
-19.20806330608513
-19.20816716190698
-19.2083071213608
-19.208414297067026
-19.208559456848715
-19.208708686841906
-19.20882086287954
-19.208911750176917
-19.209072569535596
-19.209177692501946
-19.20926807033344
-19.209399582719172
-19.20953782136512
-19.20970316666226
-19.209924299620315
-19.210053175936253
-19.210263988272782
-19.21042927307862
-19.210638613006715
-19.210898450264487
-19.2111121038675
-19.21141218572153
-19.211719567385824
-19.211990327287563
-19.212287752260963
-19.212522792182973
-19.212780361130193
-19.213068472258623
-19.21327997184044
-19.213535156489797
-19.214052331500852
-19.21424594457227
-19.214599532602147
-19.214919298989738
-19.215240148918753
-19.21542741989719
-19.215638212132646
-19.215836350376208
-19.216062512728627
-19.216316464519092
-19.216496310050765
-19.21668938255741
-19.21686142603061
-19.21703835986123
-19.21718285807399
-19.21729696628061
-19.217453506798147
-19.217580863714737
-19.21772307141462
-19.217870164064234
-19.217978789514987
-19.21809143833067
-19.218247694327076
-19.21838938207693
-19.218471234325193
-19.21869409040379
-19.218764688796234
-19.21893867670739
-19.21905961274091
-19.219188797184543
-19.219395693590975
-19.219579040630006
-19.219752216608224
-19.219901238914375
-19.220050821826327
-19.220273761727405
-19.220467186822578
-19.220699801759007
-19.220892791901562
-19.221120260104353
-19.221423206447277
-19.221684377836866
-19.22198443856279
-19.222226935513316
-19.22253504740857
-19.22268122689462
-19.222910671271652
-19.223012705822537
-19.22323097558977
-19.22335002727867
-19.223481558828396
-19.2236634126101
-19.223834364958893
-19.223944257519523
-19.22412616769129
-19.224221100017548
-19.224350793340992
-19.224493933368905
-19.224574356328016
-19.224654917155963
-19.224788818088754
-19.22483560828566
-19.22492890120286
-19.22500001199065
-19.225109987526242
-19.225196411278226
-19.22526087529845
-19.225371587392246
-19.225470264388917
-19.225550596548466
-19.225645917835287
-19.225722549016226
-19.22584442613983
-19.225942381973084
-19.226026592078423
-19.226128326539293
-19.226225257911512
-19.22632495656695
-19.226452731887584
-19.226549288808357
-19.2266729789793
-19.22677909208572
-19.226881594427713
-19.226941724918195
-19.22702687508092
-19.227063397703862
-19.22713141579197
-19.22717102094785
-19.227220934839472
-19.227298612488408
-19.227338773061625
-19.22739773959457
-19.227444066112945
-19.227494206708585
-19.22753691904919
-19.22758227632887
-19.227637260410987
-19.227672641016216
-19.227718412477426
-19.227755858431646
-19.227786122159106
-19.22783012896002
-19.22786387955964
-19.22790722471366
-19.22794244570666
-19.227977007913267
-19.227995883557732
-19.228050777478884
-19.22807226517906
-19.228100223487722
-19.228139361066063
-19.22817568105078
-19.2282030309791
-19.22823505124547
-19.228268462049503
-19.228322116832494
-19.228364486614304
-19.2284084367676
-19.22846255436754
-19.228506487249888
-19.228555438834963
-19.22860005554603
-19.228641733486022
-19.22868770761545
-19.228734994741693
-19.22878366583562
-19.228818079358334
-19.228867760563862
-19.228907483300475
-19.228934713600598
-19.22897101842833
-19.229011037283684
-19.22905984138083
-19.229093387018178
-19.229128589849992
-19.22916390138631
-19.229204473743046
-19.229241216267962
-19.229271967561782
-19.229303364962576
-19.229334415743452
-19.22937618447144
-19.22940882568284
-19.22943326680189
-19.229471220514995
-19.229495154458697
-19.229525024541886
-19.22956571483182
-19.22959715973704
-19.229616474733415
-19.229660360910167
-19.229687995458235
-19.229721618021117
-19.22975206929894
-19.22977875425886
-19.22980264069523
-19.229831708278507
-19.229871580202424
-19.22989000008477
-19.229923656978393
-19.229948137338187
-19.22998270298836
-19.230016186622528
-19.23004252077108
-19.23009025606112
-19.230139723606186
-19.23016531101722
-19.230200877153834
-19.23022515174392
-19.230253189995913
-19.23029282703481
-19.230314176259704
-19.23035509104128
-19.23038333561304
-19.230410191434494
-19.230451174855865
-19.23048334695936
-19.230520632134606
-19.23055662087023
-19.230588729677592
-19.23062115766647
-19.23065803065718
-19.230695972351494
-19.23073841970073
-19.230778646922253
-19.230813220889942
-19.23084572473738
-19.230889048467468
-19.230911196119354
-19.23093934921073
-19.2309570836257
-19.230975080551815
-19.23100710448096
-19.231026342872774
-19.231045425229624
-19.231062808170734
-19.231081491558392
-19.231105791844463
-19.231133857724295
-19.231157689095237
-19.23118030925491
-19.23120105129269
-19.23122355604542
-19.231248858092247
-19.231268689654122
-19.23129719403984
-19.231322123519096
-19.23134528332649
-19.231366149759292
-19.231392579602836
-19.231418040783716
-19.231437445088105
-19.23145568305534
-19.23147551145726
-19.23149424476838
-19.231510697540315
-19.231525060881047
-19.23154753792227
-19.231559273761306
-19.231573143472477
-19.231595979459847
