500 iters for seed 14 on ER0.3 which is in the 79.10537719726562 percentile
 Maxcut: 31.0, MedianCut: 20.0
-19.5025510069677
-19.51370157829848
-19.52646665458996
-19.59483537775898
-19.668027365803663
-19.669015591418713
-19.76339542850379
-19.795250595604063
-19.82258322796394
-19.87703675725993
-19.910003423171027
-19.94182646951922
-19.971778559349204
-19.991519428002423
-20.009884443453323
-20.022587370875048
-20.035127119070427
-20.046379806173796
-20.052738113050392
-20.060920559185007
-20.068984208755918
-20.074320487610585
-20.079414938532842
-20.084633724277506
-20.088327319248542
-20.092532246945833
-20.096810888222848
-20.10018680685576
-20.10304510372078
-20.10554407251341
-20.108475105342805
-20.1115167766981
-20.114943874511802
-20.11848615546784
-20.120922014344423
-20.123765314348724
-20.125870612862045
-20.128138231841177
-20.130384646682497
-20.132852889247648
-20.135487289791772
-20.13770175472505
-20.140026849668327
-20.142683138857063
-20.144620873664962
-20.14683572580636
-20.148743165971908
-20.150524719415426
-20.15244300015148
-20.15447376418206
-20.15641907936648
-20.158184798917905
-20.159736713677155
-20.16120480584347
-20.162397548271084
-20.163460127586823
-20.164371907854456
-20.165134504703595
-20.165732299021442
-20.166523048504803
-20.16724313503525
-20.16787454788738
-20.169007024952794
-20.169740435736863
-20.17061797930765
-20.171681251517917
-20.172412688703286
-20.1734438924953
-20.17490029833305
-20.176165497372363
-20.17713595839206
-20.178844778278243
-20.179675755294344
-20.18119414139563
-20.182419226297284
-20.183390855542605
-20.184576370181937
-20.185717368459425
-20.186506493261817
-20.187300898410598
-20.188212807473988
-20.18914787929244
-20.190017020649094
-20.191147537915658
-20.19206038785945
-20.193227122224208
-20.194132172933337
-20.19499696404029
-20.195862837065782
-20.196850999005513
-20.197549817987483
-20.198518709476748
-20.199211498548685
-20.200629701147026
-20.201545298545
-20.202658985150165
-20.203393514675334
-20.204491685707104
-20.205110957943646
-20.2057512295368
-20.20617154524939
-20.206800192508144
-20.20706377667413
-20.20738372780271
-20.20781343865219
-20.208141954935805
-20.2083795214445
-20.208653994804102
-20.208882840069478
-20.209154408744766
-20.20934995254446
-20.209543053545318
-20.20971379186905
-20.209934529748253
-20.210134703607554
-20.210315221540263
-20.210483861584514
-20.210705049294745
-20.210848671307904
-20.211084269406825
-20.211272370159236
-20.211476687621648
-20.211826471690586
-20.212166148482343
-20.21245127100282
-20.212834399864068
-20.213139597781293
-20.213586182536044
-20.213896119498962
-20.214382193303365
-20.214640487404143
-20.214916967157308
-20.215345723312787
-20.215558933209525
-20.21605449134637
-20.21647761675039
-20.216851181609165
-20.21720081700418
-20.217814839343323
-20.21813118246419
-20.2184740355157
-20.218870694712525
-20.219285117552246
-20.21957959699503
-20.21983774314131
-20.220142074388615
-20.220492749343343
-20.220795845969214
-20.2210421500166
-20.221264006293538
-20.221491095321788
-20.221658506017814
-20.221781557113612
-20.22188445203105
-20.22202535430141
-20.222170657538193
-20.222323442177416
-20.222440586311308
-20.222558425112886
-20.22268432760306
-20.222799782885783
-20.22294050383654
-20.22306698213284
-20.22324904276042
-20.223399389749634
-20.22354804595127
-20.223661848744968
-20.22379978475284
-20.22392163052117
-20.224013289255787
-20.22413536410356
-20.22424532227796
-20.22436246786669
-20.224585727645746
-20.22475458784133
-20.224901308150994
-20.22516798845087
-20.225319453528382
-20.225510307374627
-20.225742604803326
-20.225844244340422
-20.225968628657505
-20.22618262478071
-20.226288234578703
-20.22639109221194
-20.226540720436482
-20.22664317577749
-20.226761368116414
-20.226901087650152
-20.22700559665993
-20.22714578493025
-20.22723541493537
-20.227441865633367
-20.227564518107968
-20.227696967509356
-20.22794177732846
-20.22805580372105
-20.228272886471597
-20.228417175815185
-20.22854883910359
-20.228666857279965
-20.228761336584128
-20.22889440138224
-20.22899325468069
-20.22912733917046
-20.229295152339684
-20.22942609668443
-20.22950880080561
-20.229830352303427
-20.22995291713279
-20.230102065092126
-20.23030268067576
-20.230351517164067
-20.230721808489836
-20.230827777462117
-20.231002426195275
-20.231202555945494
-20.2313700116469
-20.231541944346166
-20.231650666847244
-20.231769800995334
-20.231889176599843
-20.23207302521384
-20.232169713427574
-20.23229704658824
-20.232467752945723
-20.232655321855287
-20.23280714589228
-20.232974419767576
-20.233109049809233
-20.233237171154357
-20.23342945717808
-20.23352210363502
-20.233636546018
-20.233793713746245
-20.233902114535088
-20.234128934288062
-20.234226582019993
-20.234384195676096
-20.234457298996702
-20.23457833849803
-20.234692477813837
-20.23484108847968
-20.23493442307804
-20.235054186531514
-20.2352036287919
-20.23537352658123
-20.23550347080504
-20.235633828034697
-20.235721080265332
-20.23580149798501
-20.23589691846004
-20.235951251718653
-20.23599088362166
-20.236081805553024
-20.23612511452027
-20.236178966612897
-20.23625149188588
-20.236289835031346
-20.23631842907134
-20.23638092761576
-20.236413919475076
-20.236456770404867
-20.236513048446177
-20.236543012582853
-20.236573309456343
-20.236613098882874
-20.236639437975334
-20.236671172373597
-20.236698744499865
-20.236718448314882
-20.23674052078376
-20.23676247729057
-20.23678295835359
-20.2368015736479
-20.23681743693142
-20.236824136062005
-20.236857149403214
-20.236866074009104
-20.236881755690796
-20.236903032342276
-20.236925530924374
-20.236942797877273
-20.236961093580632
-20.23697497626487
-20.23699308424568
-20.23700551173608
-20.237015831192384
-20.2370269961733
-20.2370419288755
-20.2370551278929
-20.237072062862175
-20.237082249288356
-20.23709458659768
-20.237106275817716
-20.23712051792953
-20.23713325947756
-20.237143778617664
-20.23715514522413
-20.237168631858165
-20.237179115969617
-20.237188902876138
-20.237197496358643
-20.23721235710134
-20.23721898781647
-20.23722814011904
-20.23723881802254
-20.23725254115525
-20.2372634238234
-20.23727570667709
-20.237287880734407
-20.237303188640276
-20.237319447032945
-20.237331235879328
-20.237346081245295
-20.237360584495754
-20.237371189183854
-20.237385007131298
-20.237392726061273
-20.237408011857912
-20.237421159900336
-20.237437028838027
-20.237450138236493
-20.237462605312153
-20.2374724431483
-20.23748426454842
-20.2374958807518
-20.23750476616861
-20.23751451140526
-20.237530599894612
-20.23753971549683
-20.237552243202117
-20.237561450201888
-20.237577072316135
-20.237586652148554
-20.23759591287734
-20.237612439163
-20.23761920977605
-20.23763724268879
-20.237644064431553
-20.237655186843615
-20.237669409217933
-20.23768577149023
-20.237696965732482
-20.237713481831626
-20.237723459552843
-20.237739191075015
-20.237756100078762
-20.237768598072677
-20.237782441587704
-20.23780426848268
-20.23781490829867
-20.23782829798735
-20.23783884129793
-20.23785787611434
-20.237870136015065
-20.2378797970834
-20.237897761527215
-20.237910734484345
-20.237930955819596
-20.237944736410306
-20.23796137517545
-20.23798000401905
-20.238003433554688
-20.238027450650815
-20.238052868934368
-20.238072196272828
-20.23809118508916
-20.238120072982717
-20.238135050772737
-20.23815159237474
-20.23818179184989
-20.23819967451367
-20.238221561896278
-20.238249354622084
-20.238269340255137
-20.238289940728297
-20.23831240376483
-20.238334826045715
-20.23835693154261
-20.23837606341086
-20.238401331247946
-20.23842029110796
-20.238437759816062
-20.238466000017784
-20.238480056979686
-20.238493711046843
-20.238524500617334
-20.2385365725365
-20.238550644273047
-20.238583944374454
-20.238597731024928
-20.238618119501737
-20.23863986939211
-20.23864830799478
-20.238666924330992
-20.238673694765524
-20.23869558507031
-20.238706647071343
-20.2387195109186
-20.238744695957855
-20.238758639271868
-20.2387803009269
-20.23879284399623
-20.238807454292747
-20.238819915395926
-20.238829536309183
-20.238842573943423
-20.23885280855049
-20.238864885552932
-20.238877002246646
-20.2388908517066
-20.238900836010725
-20.238917005852926
-20.238921347000876
-20.238940981497887
-20.238951241450906
-20.238963944346487
-20.2389814446759
-20.238990475797202
-20.239007526995543
-20.239018295913947
-20.2390284026225
-20.23903663246665
-20.23904298306882
-20.239054781643617
-20.23906096496584
-20.239068050252033
-20.239076618240148
-20.23908225316186
-20.239086757010515
-20.239098909061607
-20.239102641855457
-20.23910857459724
-20.239116688307455
-20.239121981017213
-20.23912805676195
-20.2391321140291
-20.239136862653933
-20.2391423128427
-20.23914871786149
-20.239154820235335
-20.239161092871125
-20.239165882067805
-20.23917407776257
-20.23917993666552
-20.23918422825786
-20.239193380135426
-20.23919794725108
-20.239203834218767
-20.23921705637361
-20.239221984959418
-20.239228370195832
-20.23923973359186
-20.23924577799784
-20.239255656663012
-20.23926717894308
-20.239280447869646
-20.239287787768543
-20.239299243402563
-20.23930642338552
-20.239318952336525
-20.239329602623382
-20.239339928496427
-20.239348927533637
-20.239367121534336
-20.239374725710164
-20.239384043127977
-20.239399662474742
-20.23941091061854
-20.239429434054315
-20.23944309520044
-20.239459961284176
-20.239477616924642
-20.239497575466423
-20.239526329418837
-20.239552203852423
-20.239570696535065
-20.239603404075957
-20.23962108768558
-20.23963688199608
-20.2396674308619
-20.23968592990002
-20.239712712617752
-20.239738218028585
-20.239777069417364
-20.239788716886114
-20.239815433201116
-20.23983003564082
-20.23984528835483
-20.239857699371683
-20.23987421635311
-20.239898314321625
-20.239914048313597
-20.23993439940267
-20.23994916269498
-20.23996586156647
-20.239982209003
-20.24000815469823
-20.24002013706216
