500 iters for seed 50 on ER0.3 which is in the 48.059844970703125 percentile
 Maxcut: 24.0, MedianCut: 15.0
-15.146064373009912
-15.224287166563704
-15.277786561813127
-15.316542460920653
-15.351811903370997
-15.376736459827299
-15.398905932344082
-15.413182002672421
-15.424288026383563
-15.432948733035863
-15.441180792854436
-15.449024861943448
-15.455984436166903
-15.46210432110003
-15.468275576936936
-15.474861418522067
-15.480897919905594
-15.487168827329313
-15.492940879919654
-15.497906856414726
-15.502000486651102
-15.506333550990718
-15.510077305109002
-15.51325268076752
-15.517189475257982
-15.52193162994738
-15.526063243196077
-15.529885729279451
-15.533217976168586
-15.535545026423176
-15.53790565141673
-15.540245881746785
-15.542041573187124
-15.544162121674159
-15.546024879889757
-15.547782409949654
-15.549661369162191
-15.551173229670358
-15.552337960662664
-15.553563092412102
-15.554824250352619
-15.55618862566193
-15.557463566088762
-15.558753157426413
-15.559730306972353
-15.560671396594916
-15.561873074486538
-15.5628561270396
-15.563834903538527
-15.565548276371949
-15.56641215426541
-15.56754341000088
-15.568791029228885
-15.569973330138263
-15.570791143548172
-15.572496182108734
-15.573400421758516
-15.574880119202659
-15.575691373941426
-15.577588784379367
-15.578676853413691
-15.579882728826032
-15.581038872190454
-15.58268370295688
-15.583643243657109
-15.584545913331054
-15.585500953253026
-15.586324917700285
-15.586981998081233
-15.587481960018874
-15.588034830191928
-15.588574763592797
-15.58906985635527
-15.589489376065993
-15.590004345425626
-15.590540989349414
-15.591034261782069
-15.591483303115714
-15.59184475390875
-15.592218434789217
-15.592730017690972
-15.593082459239142
-15.593359645209144
-15.593695868805137
-15.593969215112145
-15.59434583612373
-15.594670285956465
-15.594992269348271
-15.595270501884297
-15.595602326355266
-15.596036689640664
-15.596428454265562
-15.59684026980871
-15.597301273936125
-15.597831389816283
-15.598402494577986
-15.5988798603357
-15.599432699921639
-15.59987554146926
-15.600374485509274
-15.600771174340245
-15.601118784443349
-15.601587141414829
-15.602034093798839
-15.602388124712226
-15.602749088525572
-15.603130575624746
-15.603469469661384
-15.603761056430157
-15.604048733424131
-15.604342603554729
-15.604604381939799
-15.605007918103011
-15.60524257181903
-15.605523705161687
-15.605830053299634
-15.606047816880794
-15.606289471468209
-15.606554284989713
-15.606755873693167
-15.606972499297024
-15.607226964094991
-15.607467206967364
-15.607717050158245
-15.607948008757292
-15.608193772013523
-15.60840777677288
-15.608597634021196
-15.608959418179262
-15.609201404122155
-15.609521207427665
-15.609982965474742
-15.610303985606688
-15.610640461206362
-15.61112479510201
-15.611520378389821
-15.611767380698451
-15.612349723389338
-15.6126086922469
-15.612998580337502
-15.61329335031034
-15.613735510606933
-15.614064584051485
-15.61439744068732
-15.614931209639199
-15.615320518197697
-15.615665613548076
-15.616033124382025
-15.616359441522784
-15.616824094491419
-15.617175300992482
-15.617504887173844
-15.61783743300306
-15.61810194466172
-15.618387842670558
-15.61860357623432
-15.618835686803767
-15.619127508161489
-15.619418848271323
-15.619747462545
-15.620019762694396
-15.620289242381876
-15.6205444642754
-15.62080281646361
-15.62105290896597
-15.621295524368975
-15.621581934976366
-15.621855900485816
-15.62223617384125
-15.622579905858766
-15.622930556648916
-15.623278848293968
-15.623781573734147
-15.624218178849606
-15.624568646957767
-15.624873469874801
-15.625112189327293
-15.625362610838861
-15.625580033395826
-15.625761495029638
-15.625986719686557
-15.62618478110537
-15.626346270232762
-15.626470974291031
-15.626589425069731
-15.626715417661266
-15.626828643391349
-15.62691964027146
-15.627060028406055
-15.627146782038503
-15.627230780595877
-15.627355764355713
-15.627431504419054
-15.627513718329208
-15.627614431237856
-15.627672122896707
-15.627771417077195
-15.627850951032162
-15.627924125417305
-15.627998657400545
-15.628054285034388
-15.6281393608164
-15.628201856318375
-15.6282690963333
-15.62832422716545
-15.628378903095673
-15.628430374134998
-15.62849892969559
-15.628549786827346
-15.628605434285667
-15.628621965468335
-15.628709280688678
-15.628739440540896
-15.62878011501747
-15.628833626633437
-15.628884226466315
-15.62893725934939
-15.628972508279855
-15.629016785125707
-15.629050354953574
-15.629103060981139
-15.629141236992236
-15.629186302283305
-15.6292057399578
-15.629250428140686
-15.629278700814236
-15.629309204371067
-15.629359668662076
-15.629372210497474
-15.629442648751933
-15.629465788354818
-15.629506136123009
-15.629542052758227
-15.629596061395741
-15.629628771839837
-15.629659654629794
-15.62971490636335
-15.629750861124801
-15.629802869951977
-15.629844938610514
-15.629891374150624
-15.629935390044709
-15.62997886408966
-15.63001998577709
-15.630055291163055
-15.630093697578936
-15.630137667339135
-15.630173155795482
-15.630210390720428
-15.630253652255794
-15.630275858297642
-15.63030467619819
-15.63034183259175
-15.630372538341957
-15.63040523567744
-15.630450483806412
-15.630472444666456
-15.630511534992646
-15.630562611452838
-15.630609464649439
-15.630667558695583
-15.630707027073171
-15.630750165006983
-15.6307807725804
-15.630854403735908
-15.630897695283206
-15.63093149259522
-15.630993470240247
-15.631026151379142
-15.631123106682406
-15.631150660849505
-15.631185418168894
-15.631226778172856
-15.631271601772834
-15.631306170312863
-15.631341263974843
-15.631367698117096
-15.631403911161124
-15.63143776873549
-15.631465606697313
-15.63150310343358
-15.631542411219257
-15.631581798349536
-15.631615067462343
-15.631643329694617
-15.631681395846151
-15.631715908379443
-15.63174674436953
-15.63177140565508
-15.63180374762778
-15.631840329266595
-15.631873281125204
-15.63190958757135
-15.631942216897585
-15.63197111049263
-15.631997281863814
-15.632023324365159
-15.632043633028943
-15.63206102129587
-15.632076529772217
-15.632092366888854
-15.632108637714769
-15.632119770772587
-15.63213786807475
-15.63215024896325
-15.632163154111858
-15.632179480792466
-15.632188750133777
-15.632196120091523
-15.632221810437397
-15.632228667016772
-15.632245197607578
-15.632257210772242
-15.632278497675616
-15.632295089830421
-15.63230873807806
-15.632330142128591
-15.632343520536734
-15.632365136581253
-15.632379062245981
-15.632393445218629
-15.632423912463118
-15.63243463043563
-15.632454092705808
-15.632471954331109
-15.632495129093554
-15.632512371743065
-15.632528135708222
-15.632546786248707
-15.632559540004351
-15.632581241359267
-15.632597476997807
-15.632613949396525
-15.632636684685176
-15.632652995762161
-15.632671285479411
-15.632708496477001
-15.632724868219645
-15.632745172243384
-15.632765647786231
-15.63278442579103
-15.632823572729661
-15.632852949771069
-15.63287485108539
-15.632893861276067
-15.632914132040252
-15.632945575443586
-15.632968605818895
-15.632990393619766
-15.633011387999238
-15.633036182397333
-15.633068900384867
-15.63309800833529
-15.633130293734048
-15.633157621593096
-15.633188819284532
-15.63322638113516
-15.633254902220981
-15.633276000803772
-15.633311377306935
-15.633335750213627
-15.633364888671597
-15.633404755128371
-15.633426998264525
-15.633457659071567
-15.633537311764286
-15.633556378140277
-15.63360091419672
-15.633639515175318
-15.633675748230335
-15.633729953014482
-15.633756779515837
-15.633799913698176
-15.633835544070763
-15.633879115409771
-15.633904339653235
-15.633941215306784
-15.633971678865048
-15.634000854562352
-15.634029903846281
-15.63407165623846
-15.634096464769119
-15.634124687273113
-15.634167473786414
-15.634189993434237
-15.634236094651245
-15.634255631048179
-15.634282608045591
-15.63429569766203
-15.634336468753904
-15.634351983036805
-15.634373237685436
-15.634404791634346
-15.634424340049074
-15.634453787664661
-15.634472613850921
-15.634497671936142
-15.63452194571816
-15.634545350549633
-15.634571507718823
-15.634586140011603
-15.634601810814738
-15.634626758464584
-15.63463574021588
-15.634650812107216
-15.634665998621985
-15.6346788308307
-15.63470057476536
-15.634712684967347
-15.63473655952096
-15.634751087520364
-15.634763610214412
-15.634776644373035
-15.63479083754189
-15.634805692715243
-15.634823941877485
-15.634839836384014
-15.63485179659268
-15.634869007888893
-15.634880949821426
-15.634892772794066
-15.634905459154758
-15.63491500462993
-15.634925429892032
-15.63494680489585
-15.634954755581028
-15.63496970510563
-15.63498964549925
-15.635008608124735
-15.635030280318205
-15.635043484477043
-15.635062613105982
-15.635078690212609
-15.63509856764453
-15.63511042065707
-15.63512309062612
-15.635139772378666
-15.635160275855327
-15.635176606999929
-15.635197702283378
-15.635215045000947
-15.63523478762069
-15.635262594436886
-15.635279257901761
-15.63530669597141
-15.635321329970143
-15.635344452681311
-15.635358451401487
-15.635375383701163
-15.63540573739881
-15.635420043106025
-15.635445221667236
-15.63546708851932
-15.635494921484351
-15.635517578013802
-15.635542355344006
-15.635568153220246
-15.635585438124632
-15.635612100405753
-15.635636885621865
-15.635658345142833
-15.635683044387886
-15.635702969551467
-15.63571874704587
-15.63574513319022
-15.635760222104338
-15.635781239566711
-15.635806054116998
-15.635821252866613
-15.635850988947846
-15.635881347013852
-15.635894826031691
-15.635911061056252
-15.635926210839973
-15.635944162628912
-15.63595883192308
-15.63596818392637
-15.635984194186651
-15.635996246430746
-15.636008192365857
-15.636022806463094
-15.636035212037301
-15.636046805332795
-15.636063428341474
-15.636071343943048
-15.636081539351702
-15.636096121525213
-15.636107770469627
-15.636122244882984
-15.636132841133422
-15.636144964777424
-15.636156647056914
-15.636179201807508
-15.63619105021641
-15.636207749893167
-15.636229371604387
-15.636252394757229
-15.636269045169648
-15.636288475192723
-15.636301606704508
