500 iters for seed 194 on ER0.3 which is in the 48.023223876953125 percentile
 Maxcut: 29.0, MedianCut: 18.0
-18.013092976136328
-18.025527563538965
-18.135341347997844
-18.17367666795907
-18.218511416343578
-18.28839648344524
-18.33402168216287
-18.36324680938855
-18.38506035869468
-18.417313456700736
-18.439217000793125
-18.45068079330702
-18.47090416646212
-18.48466074458335
-18.497992590460147
-18.50837809945275
-18.519151196697745
-18.52710939517548
-18.53499600499267
-18.542600152172362
-18.550186729152063
-18.556161302415525
-18.561221299312123
-18.56589753835957
-18.569262873843513
-18.572032536439053
-18.574926634522747
-18.57754271518161
-18.580435132522922
-18.583377991328682
-18.585887334920006
-18.58871876605661
-18.591109328156147
-18.5936318812613
-18.596707115904188
-18.599448110564193
-18.601488815862478
-18.603493176657416
-18.605055732054037
-18.606892560422356
-18.608238305408804
-18.60992625195579
-18.611552038098036
-18.613428405297235
-18.614858549556956
-18.616429295258197
-18.61807564520396
-18.619823824553475
-18.62198901840128
-18.623380843311388
-18.6252347080337
-18.627037193190247
-18.629056327027914
-18.63034471839743
-18.632503855932654
-18.633561937366288
-18.63537144191089
-18.636234295560822
-18.63731368736796
-18.63836872153388
-18.639468663140587
-18.64045742828121
-18.64155040551218
-18.642487455504288
-18.6437487171264
-18.644560264411982
-18.645445937270594
-18.64630269262721
-18.647143134570598
-18.648010919189637
-18.648854384758128
-18.64984812551785
-18.6511001453334
-18.651751076545633
-18.652945581962676
-18.653677827410853
-18.654760687998504
-18.655295575035655
-18.656150681049922
-18.656559012359068
-18.65752926934605
-18.657991052760647
-18.658627748934627
-18.65904595720952
-18.65981469018403
-18.660241007342403
-18.660742670934702
-18.661614355409277
-18.66214162862761
-18.662781215105035
-18.66332430915847
-18.663903899488762
-18.664585351086842
-18.665245814413293
-18.665873724864483
-18.666353695408507
-18.66691366748274
-18.667341875423517
-18.66782317766362
-18.668137494879907
-18.668496586744915
-18.668796073706922
-18.66912780294782
-18.66947921375818
-18.669708244727392
-18.669992536634034
-18.670353722389624
-18.670603108383688
-18.670790442371057
-18.671120887697604
-18.671349279745733
-18.671646748739764
-18.671995217335194
-18.672265599535706
-18.67253904859199
-18.67293174981907
-18.673218448607212
-18.673533423263336
-18.673917643851844
-18.67417871860273
-18.67450236078114
-18.67483835384729
-18.67514105923598
-18.67538253329184
-18.675756105077234
-18.675956261715022
-18.676170984972973
-18.676365457739756
-18.676535451521953
-18.67681553598287
-18.677108984355083
-18.677328260497625
-18.677575117835772
-18.67777745094756
-18.677985408625933
-18.678333667596654
-18.678432974163876
-18.67860622485973
-18.678742824005464
-18.67890466226751
-18.679154559379686
-18.679259516951085
-18.67946441299977
-18.67959300690936
-18.679721709552364
-18.679834181722537
-18.67992754026473
-18.680053319841885
-18.680191178440637
-18.680339511257284
-18.6804713101532
-18.680609540802095
-18.680736933109028
-18.680883412242835
-18.68104907695409
-18.6811574153983
-18.681373449679608
-18.68159900528321
-18.681778168428668
-18.682030650130322
-18.68219075136448
-18.682370124160663
-18.682679219357023
-18.68281699872859
-18.682981729660906
-18.68324198045043
-18.68337605577068
-18.683621435983497
-18.683863193612567
-18.684037403252777
-18.684186311409853
-18.68432544280075
-18.684480172688094
-18.684615252877002
-18.684742299514916
-18.684869485449955
-18.68500857146089
-18.685157313355592
-18.685268232889474
-18.68538213845032
-18.685481274073666
-18.685576138236378
-18.685687587650524
-18.68578868475804
-18.68590822373219
-18.686017494304707
-18.686081162987552
-18.686161157363173
-18.686231046275022
-18.68630281736374
-18.686373703860173
-18.686430083106146
-18.68651407838599
-18.68657995581237
-18.686624745645425
-18.686694391727162
-18.686749281584408
-18.686802545860544
-18.686855971166306
-18.686901366831464
-18.68695909806638
-18.687052086168457
-18.687094527676486
-18.6871573576588
-18.687238606212077
-18.687312066982777
-18.687385702114785
-18.687451618211156
-18.6875145644657
-18.6876059941155
-18.68770479583032
-18.68776230352043
-18.687839948800892
-18.68791022634676
-18.688005845601523
-18.688073426658015
-18.688139675283992
-18.688244019221944
-18.688301353606
-18.688391318054602
-18.688465027453642
-18.68853929653562
-18.688618196380208
-18.68869807877446
-18.688765882877235
-18.68882867916879
-18.688900149031248
-18.68896521008039
-18.689027802920627
-18.689127457565107
-18.689221587417144
-18.68928041175128
-18.689377167825473
-18.689437022676437
-18.68951104027766
-18.689618692613706
-18.689678477851263
-18.689726926555764
-18.68989719690254
-18.689944499753892
-18.690057033350474
-18.690151733140205
-18.690260288782547
-18.690322522720955
-18.69039486558042
-18.690466435650713
-18.690536302947457
-18.69062836439995
-18.690709443158013
-18.69083843722415
-18.690890859153487
-18.691020272346243
-18.69106943898271
-18.691134914767055
-18.691230773871023
-18.691286180292956
-18.69136387265266
-18.691416030233253
-18.691469067522128
-18.69152530822998
-18.691583086615825
-18.691625023944646
-18.691674589892905
-18.691748466129802
-18.691829154900027
-18.69192058539803
-18.692007522347296
-18.692131448921163
-18.692230426049647
-18.6923341454957
-18.692486905086895
-18.69260228581144
-18.692713229724966
-18.692854324761903
-18.69292602337175
-18.69305429880236
-18.69318003695026
-18.693317621894465
-18.693411626065625
-18.69349453946436
-18.693596399397464
-18.69370381763699
-18.693806253741812
-18.69389239138747
-18.693978770143296
-18.69409422231793
-18.694189230609563
-18.694279396869653
-18.694418470686077
-18.694491799315173
-18.694576097220946
-18.694692119221763
-18.694764247541187
-18.69487103159303
-18.694959105708016
-18.69505645925097
-18.69516824222064
-18.695270029356593
-18.69535503103294
-18.695463551361716
-18.695551128256994
-18.69564686196044
-18.695757151738988
-18.695826711813783
-18.695885445974135
-18.695988963967103
-18.696039236675087
-18.696086441475074
-18.696183101941422
-18.696230027685967
-18.696325902992324
-18.696360561068495
-18.696471375719877
-18.696531495344633
-18.696597053264515
-18.696708526299773
-18.696782427341653
-18.696932415433185
-18.696986308274766
-18.69704270166369
-18.697086638461016
-18.697138180758266
-18.697198892575365
-18.69723567568235
-18.697282604056653
-18.697365952896195
-18.69740443662122
-18.697456995556806
-18.697550856568913
-18.697602180409177
-18.697667481040455
-18.697714011419652
-18.697766328954454
-18.697827644039897
-18.697892389925244
-18.69796221459294
-18.698022384591827
-18.69809712321316
-18.69814546230096
-18.69822019110326
-18.698262226176993
-18.698329244801663
-18.698421511551615
-18.698537047871152
-18.69865150002312
-18.698795068179972
-18.698886218767612
-18.698970623381765
-18.69912536706016
-18.699232883305047
-18.69938965071661
-18.69955251314949
-18.69965061148808
-18.69979352868937
-18.699909821129825
-18.700028435124562
-18.7001275819905
-18.70020629428388
-18.70039473018913
-18.7004926118952
-18.700588557883492
-18.700700305855968
-18.70079028452733
-18.700900597528864
-18.700999262810292
-18.701078255114833
-18.70117846407469
-18.701265303868507
-18.701375800796665
-18.70147358731481
-18.7015470646854
-18.701638247836797
-18.70171906020768
-18.70180517914111
-18.701867093141615
-18.701938398498417
-18.702027950867734
-18.702089171764655
-18.702152513230516
-18.702213272391198
-18.702256493764345
-18.70230744565709
-18.702369438283885
-18.702419122254767
-18.702452016056554
-18.702510732510326
-18.70255341685924
-18.70260555579549
-18.702665857910915
-18.702711238858914
-18.702754448488474
-18.70282753232279
-18.702890559826827
-18.702925592833775
-18.702990307879578
-18.70302029065244
-18.703058237843763
-18.70311266661235
-18.7031458187236
-18.703186351984083
-18.703240505710205
-18.703258221598325
-18.703294627233678
-18.703322060876626
-18.703364178930038
-18.703396414534595
-18.70342761997076
-18.703487030886354
-18.70351933332188
-18.703559473218412
-18.703594846152658
-18.703635697923616
-18.703674594845307
-18.703709334829767
-18.703747510653905
-18.703773883982507
-18.70382755144324
-18.703835433016526
-18.703898957346198
-18.70392266158568
-18.703962525955546
-18.70400790022595
-18.704014636221192
-18.704085830357158
-18.704106356499302
-18.70414357330788
-18.704170895151726
-18.70420873178524
-18.70423317523854
-18.70425253895559
-18.70427446447156
-18.704301717978993
-18.704321466580392
-18.704338989950358
-18.704371567882305
-18.704387421973227
-18.70440881152276
-18.70442570553289
-18.70444322240676
-18.70446080446735
-18.704475560961804
-18.704494905689042
-18.704504896548272
-18.704518116124525
-18.704537012334626
-18.70454847798641
-18.704552879119557
-18.70457756750551
-18.70458424107447
-18.704593834053952
-18.70461019266336
-18.70462574119717
-18.704640273632577
-18.704651857267528
-18.704665660971497
-18.704676228351403
-18.70469080224654
-18.70470179793878
-18.704713014725364
-18.704737966617444
-18.70474806258792
-18.704772446072855
-18.704796487730906
-18.704816757170665
-18.704834806741758
-18.704852719769427
-18.70487472402506
-18.70489324642554
-18.70490664109451
-18.70492705377266
-18.704940824084343
-18.70495776401714
-18.704976550760392
-18.704991233674477
-18.705000772663613
-18.70502319137503
-18.70503916887183
-18.705050850538584
-18.705068992532084
-18.70508455224313
-18.705101878421218
-18.70512137664053
-18.705138042287764
-18.70515453206591
-18.705164388479936
-18.705194989328838
-18.70520665216147
-18.705222458263872
-18.705247286368632
-18.705267696932495
-18.705298044145042
-18.70532019914343
-18.7053479287843
-18.70537676290195
-18.705404538119353
-18.70543627245917
-18.705460707530673
-18.705487336154142
-18.70553646368635
-18.705568814198493
