500 iters for seed 137 on ER0.3 which is in the 12.009429931640625 percentile
 Maxcut: 28.0, MedianCut: 18.0
-17.634136137286198
-17.7186478771591
-17.773752735609747
-17.81728347899787
-17.846815932263173
-17.888950140815737
-17.914765267450047
-17.937865042363633
-17.958401826139834
-17.974431263718895
-17.986452998151336
-17.998109648269192
-18.009553434005742
-18.01944289300848
-18.027767420306223
-18.035284281788314
-18.041915423028605
-18.047868175038356
-18.053248518109335
-18.057864037252134
-18.062037704976703
-18.066829287561426
-18.070643494203814
-18.074222682261126
-18.077923212122787
-18.080932263269357
-18.084249831760065
-18.086976382015187
-18.08951065022608
-18.092404676493462
-18.09534182034872
-18.098015148644357
-18.100399071803086
-18.10274959905356
-18.10490734713143
-18.10687744665523
-18.108811137097664
-18.11064653047353
-18.11221359659376
-18.113911433867727
-18.115011985942694
-18.116038765154993
-18.117167062686676
-18.117905928116596
-18.118681683389863
-18.119466393507334
-18.12006178587021
-18.120614871744145
-18.121409409787006
-18.12197313548528
-18.122572501401365
-18.12348551758613
-18.124024986872467
-18.12473360475563
-18.125665949469166
-18.126452758673643
-18.12714732547786
-18.128749518127787
-18.129038788183816
-18.130434070041787
-18.13115314375944
-18.13203441855065
-18.133301583121742
-18.134386515270865
-18.135498212702757
-18.136251639512448
-18.137126519402116
-18.137998732226745
-18.138661624567913
-18.139161023029757
-18.139843998247372
-18.140359180935594
-18.141072939738155
-18.141633249793173
-18.14221155067855
-18.142608517168576
-18.143508098796776
-18.143903957391107
-18.14438078938757
-18.14503606011282
-18.145461134592598
-18.145989108521892
-18.146415344203234
-18.146905956812105
-18.14737580789022
-18.147823788352362
-18.148335983927453
-18.148705788042395
-18.149225658750897
-18.14963447446161
-18.150040356098057
-18.15040421649242
-18.150828605528186
-18.151263941967418
-18.151626989543253
-18.152069400088592
-18.152401156729223
-18.152775333644605
-18.15327549090925
-18.153579071158656
-18.153901529796915
-18.154358230884796
-18.154588441034697
-18.154809568365213
-18.1551621264171
-18.155371126977656
-18.155775832768633
-18.156101302766782
-18.156443010507544
-18.156767808367366
-18.157060978432142
-18.157490298212842
-18.15788103530465
-18.15831033333866
-18.158772980486493
-18.159324000763778
-18.15993369874712
-18.16049005727438
-18.160983629491305
-18.16143231416111
-18.16183382329297
-18.162133068513967
-18.1623880304245
-18.162629765850134
-18.16288181675519
-18.16312381691858
-18.163344175311508
-18.163591126559172
-18.16384092501912
-18.16407043962658
-18.164294256241845
-18.164503578603778
-18.164735888281403
-18.164960947357358
-18.165227269707724
-18.16557593669099
-18.165826128554073
-18.166053962244508
-18.16640247930095
-18.166620984556985
-18.16691238095295
-18.167393688003873
-18.16770801527216
-18.16800996670105
-18.1684663460538
-18.16867769121366
-18.168942763020652
-18.16940454194558
-18.16970298223037
-18.170136751777452
-18.17054350827035
-18.17083609160906
-18.171265443999104
-18.171538950285477
-18.17190003669822
-18.172227026768294
-18.172503035818064
-18.173085171386003
-18.17336228696419
-18.17369323293946
-18.17398241156622
-18.17424390298447
-18.174510441927982
-18.174752128366666
-18.174944751600197
-18.17513488080373
-18.175330414804282
-18.175557895399443
-18.175759879865073
-18.175914356183636
-18.176185190219183
-18.17633632840837
-18.176509800848496
-18.1768097603266
-18.176961393440962
-18.177180568245056
-18.177377628740857
-18.177481833174273
-18.17771114779329
-18.1778510659779
-18.17800783538835
-18.178165610673776
-18.17830127246566
-18.178450434394495
-18.178596817888998
-18.178730728698298
-18.17885025738765
-18.179028833835712
-18.179155456190763
-18.179302175239417
-18.179451374641225
-18.17957864810241
-18.1797042251479
-18.179828883088803
-18.179943331616684
-18.180040778092597
-18.180138837847373
-18.180240573023063
-18.180313051972796
-18.180410766682364
-18.180478860432313
-18.180630092815527
-18.18069184160851
-18.1807685448075
-18.180847698443966
-18.180934814835382
-18.181002371041334
-18.181080638082047
-18.181152351157866
-18.18122527457028
-18.181324882769143
-18.181374825576523
-18.181433237882533
-18.181540223002127
-18.18157802432362
-18.181632593191182
-18.181726962935095
-18.181788100802795
-18.181929483092077
-18.182007542156867
-18.18210701157306
-18.18218648475445
-18.18227573945974
-18.182377682965114
-18.18248039608326
-18.182589168967112
-18.182682557928015
-18.182814193113526
-18.182933861121054
-18.183032678246676
-18.183175675027883
-18.183300538659907
-18.183446095451057
-18.18358862752838
-18.18368586178125
-18.183805594367055
-18.183883292297566
-18.18404752812495
-18.184103879420917
-18.184246376770503
-18.184297469097768
-18.18444712266685
-18.184520742385082
-18.1846057403863
-18.184728015220458
-18.18482930530343
-18.184933599215352
-18.185009694639362
-18.185104475033683
-18.185179071834114
-18.185334722057654
-18.185412080175983
-18.185507539642806
-18.185637391326118
-18.185667042054458
-18.185801831904186
-18.185841673816796
-18.18592941618708
-18.186044384131883
-18.186182150364573
-18.1862970044975
-18.186442443526282
-18.186521523327862
-18.186613042972045
-18.186727693204304
-18.18680733325159
-18.186909680629526
-18.187055724254048
-18.187113181241884
-18.187214431416688
-18.187274923732037
-18.187407519600136
-18.187511483753003
-18.18759622524968
-18.187765461841188
-18.187865259163402
-18.18805637509964
-18.188194944733524
-18.188334028533127
-18.188454974086614
-18.188580913574746
-18.188719810112076
-18.188831382026848
-18.188915095287683
-18.18905661711061
-18.18914194431705
-18.189243156376556
-18.189374161820623
-18.18946445455265
-18.189595061836705
-18.18972251825558
-18.189791514537404
-18.189884559436464
-18.189949715970414
-18.190041376814243
-18.190109709384977
-18.190165144130994
-18.190296523682438
-18.19034169427235
-18.190426127822597
-18.19049618859406
-18.190575856140534
-18.19064239630448
-18.190697187858785
-18.19076222111098
-18.19081176918818
-18.190878838117317
-18.19094290311135
-18.19101868600833
-18.191067583533513
-18.191136873494916
-18.191211405617654
-18.19130073660869
-18.19135992482074
-18.191412700868355
-18.19146243455592
-18.191516734696236
-18.19157510590805
-18.191616190043806
-18.19165599557671
-18.191722577705246
-18.191755507824556
-18.191798942984292
-18.191846133122986
-18.191879172173575
-18.191932380226724
-18.19198024458371
-18.192007655694358
-18.192042555931177
-18.192073131369558
-18.19211009312077
-18.19215619864454
-18.192188179735215
-18.192224337074425
-18.192286977038346
-18.192334569548535
-18.192364641299154
-18.192424230334108
-18.192461802463338
-18.192507561412203
-18.192560995416763
-18.192592063540996
-18.192624311158625
-18.192663708529373
-18.192695962278492
-18.192736716393
-18.19280103595687
-18.192846354780638
-18.192881817907896
-18.192937010959028
-18.192980300733957
-18.19303891328346
-18.19308867052642
-18.19314038328273
-18.193186054565373
-18.193245803299742
-18.19329593364158
-18.193343932960587
-18.19339345928735
-18.193429467042147
-18.193480862086766
-18.193551536876445
-18.193596582393432
-18.19366017319624
-18.19371253508193
-18.193780961214316
-18.193858739863753
-18.19390942164647
-18.194036176924023
-18.19407836712101
-18.19418649521703
-18.19423671829048
-18.194317003869337
-18.194406759822822
-18.19451215494272
-18.194587444626844
-18.194675297137696
-18.194747016748913
-18.194833930896795
-18.194951269838448
-18.19501031464195
-18.19507533564261
-18.19522653580988
-18.195285814034733
-18.195352240680073
-18.19546587669189
-18.195548683163768
-18.19569428398485
-18.195852871869704
-18.195948241703675
-18.196070618045802
-18.196142273704936
-18.196236410964847
-18.196356818329324
-18.196417396735193
-18.19651552153026
-18.1966002076053
-18.19665824067931
-18.19674668254838
-18.196790914185193
-18.196865584718903
-18.19691360394517
-18.196973138303477
-18.197077439902817
-18.19714518879394
-18.197226838441555
-18.19728234919037
-18.197344467165617
-18.197411298915238
-18.19752621020844
-18.19758724350865
-18.19766931439517
-18.19775337203511
-18.197853965575774
-18.197940579999738
-18.19802413273102
-18.19810337268924
-18.19819115254785
-18.198283404034047
-18.198351788846434
-18.19841465203111
-18.198516545602303
-18.19855835911695
-18.198622510314802
-18.198637642280808
-18.198737569460704
-18.198776061643926
-18.19881891981553
-18.198876642583212
-18.198891876270743
-18.19897227455816
-18.198994164069376
-18.199035649316215
-18.19907855840936
-18.19912860195408
-18.199160681966426
-18.19920825011657
-18.199247830315183
-18.19930076843191
-18.19935411178863
-18.1994040778224
-18.19945351105185
-18.199512771984324
-18.19956924603482
-18.1996306911202
-18.199699735545465
-18.199780650466053
-18.199853108617653
-18.199949353636832
-18.200022934054218
-18.20011808804548
-18.200191823039297
-18.20024657367478
-18.200349464487683
-18.200428306598827
-18.200478477769398
-18.200533769278525
-18.20058086988612
-18.20063736162592
-18.200696127877446
-18.20074974066906
-18.200827677099593
-18.200901832253443
-18.20098835363872
-18.20102478756966
-18.20109084593589
-18.20112497810228
-18.20121349523761
-18.201262694486513
-18.201306894395977
-18.201381897591865
-18.2014260855579
-18.20147797336862
-18.201515154292743
-18.201566658890183
-18.201591899683606
-18.201641291029244
-18.20167244014185
-18.201707762048983
-18.201770739934727
-18.201800315801716
-18.20186829923138
-18.201901762230555
-18.20194243655476
-18.202008013097004
-18.20206510162812
-18.202104284133213
-18.202151867984895
-18.202190100395597
-18.20224514083292
-18.20229910379549
-18.202332256518073
-18.20237347298878
-18.20241914621794
-18.202482722506982
-18.20252900900842
-18.202571371999692
-18.20262300567869
-18.202682136195747
-18.202725380369053
