500 iters for seed 74 on ER0.3 which is in the 60.753631591796875 percentile
 Maxcut: 30.0, MedianCut: 19.0
-19.159380998513846
-19.266210302821126
-19.32027957841
-19.366262637131
-19.40163676245159
-19.426598869608185
-19.448995476006942
-19.465556686415805
-19.478436559484386
-19.492753510839727
-19.50615885176059
-19.52034855805275
-19.534226411610774
-19.544297072037953
-19.55848838036612
-19.568002895443207
-19.576056155712774
-19.583846588527834
-19.589656729652198
-19.596336795108765
-19.600324510552113
-19.605628731114816
-19.60789385425237
-19.611487134934347
-19.61321363060015
-19.614964596761546
-19.617071884624462
-19.61967217678302
-19.621506377516273
-19.624337373531358
-19.627690712701977
-19.629719707296395
-19.63304151273112
-19.634869391309675
-19.63674277635168
-19.638629437787323
-19.641187715101623
-19.64271542418145
-19.64511677496995
-19.646388093884283
-19.64847686749163
-19.6497634279633
-19.651141220959417
-19.65267481001314
-19.654595739234402
-19.655775163490503
-19.657204721821195
-19.65894178207718
-19.660758757947672
-19.661910256443647
-19.6633555188735
-19.66435585481773
-19.665337911019467
-19.66633588677489
-19.667356094653027
-19.668231291846606
-19.669383129506674
-19.669974865821356
-19.670732921634617
-19.671398009775203
-19.67218589087969
-19.672663369230765
-19.67317969617103
-19.673989271343604
-19.67432508448799
-19.675151297007318
-19.67549676698324
-19.675987855762713
-19.676355897460965
-19.676982733261116
-19.67735805930981
-19.677752688394577
-19.678137729033526
-19.678701468744013
-19.679080588554243
-19.67947801097167
-19.68015243367641
-19.680591502441075
-19.681309087544886
-19.681967484818024
-19.682695472848025
-19.683125619976376
-19.6837845025538
-19.684376757511615
-19.684813451998863
-19.685242651012487
-19.685820575889416
-19.686243006916442
-19.686596158564157
-19.687060012368068
-19.68747787591908
-19.687810535391726
-19.688179217667596
-19.688558161836724
-19.688974843595325
-19.689349536286095
-19.689824358910883
-19.69021325850307
-19.690731583084098
-19.69120775656183
-19.691668559624794
-19.692214345237893
-19.692776701465394
-19.69332463980711
-19.693807579413964
-19.69430327093567
-19.69476383626123
-19.695070738844844
-19.69546132319356
-19.69579877947184
-19.69610629816567
-19.696354301843023
-19.696649046832576
-19.696962280072597
-19.697208110486372
-19.69741713111108
-19.697696544358614
-19.697856044156012
-19.698115341778347
-19.698255325957113
-19.69844647879177
-19.69864942732626
-19.69891113156426
-19.69911113268702
-19.699375031604113
-19.69963369793063
-19.699916765051373
-19.700108247340154
-19.7002982136699
-19.700459503539633
-19.700681890833998
-19.70085708892006
-19.701077939705264
-19.70124401690189
-19.70145463129781
-19.70172235110212
-19.70201487085933
-19.70226327180864
-19.70259095914161
-19.70282025187081
-19.703083864509242
-19.703421930153567
-19.703636863496605
-19.703964614718736
-19.704150582228294
-19.704465138706787
-19.70464306016628
-19.704851928784343
-19.70518321383952
-19.705330686535945
-19.705569458508695
-19.705745476124505
-19.705927839044463
-19.706102427010375
-19.706267692377438
-19.706479483889584
-19.70664751498337
-19.706806592482465
-19.70702417705841
-19.70717854501568
-19.707319280303587
-19.70756934602959
-19.707694253243616
-19.70782916032338
-19.708064184692056
-19.708174710115642
-19.708274265042554
-19.70856754178723
-19.70865884852273
-19.708849834599352
-19.70891059854138
-19.70914186584454
-19.70925194155234
-19.709399506333494
-19.70961944054068
-19.7097466764802
-19.70998901327041
-19.71016665063576
-19.71034513336111
-19.71050719673798
-19.71067404533034
-19.71092146231923
-19.711068003977548
-19.711284966427268
-19.7114950093942
-19.711702408216592
-19.71206401410665
-19.712354249904095
-19.712667939191373
-19.713009900968366
-19.713326248146217
-19.713786829584027
-19.714142475232393
-19.71441707017196
-19.714710838973993
-19.71503612949017
-19.71534841317708
-19.71562471227139
-19.71589459260106
-19.716241980152464
-19.716553597749446
-19.71678907550452
-19.71708187058745
-19.717361625000844
-19.717583999673007
-19.717783923101734
-19.718004854791054
-19.71818776302315
-19.718344061823487
-19.71850015837139
-19.7186590351247
-19.71880371321061
-19.719061253145355
-19.71916684667879
-19.719337978482862
-19.71940549355623
-19.71958986783978
-19.71967039446971
-19.719761854191752
-19.719897004422666
-19.72003652036895
-19.720152510333662
-19.72027211387663
-19.720374991365354
-19.720525088153835
-19.720622513401455
-19.72071094806344
-19.720802363947495
-19.720884714449607
-19.720968492499654
-19.72102366612494
-19.72109267557339
-19.72114295482835
-19.721193896632066
-19.721247984206702
-19.721286612708845
-19.721364391542075
-19.721428449965146
-19.721504423273508
-19.721555340280066
-19.721608673544733
-19.721655050020416
-19.72171903739198
-19.72177364292685
-19.72182864130701
-19.721929833807927
-19.72197651245526
-19.722054109394005
-19.722089030989274
-19.7221328199823
-19.722189459382882
-19.722235788790627
-19.72228014257107
-19.722316925969338
-19.72237903274045
-19.72243579370776
-19.72249183152367
-19.722540568971002
-19.72258121444102
-19.722633340797948
-19.722693012750643
-19.72274330118244
-19.72279834014356
-19.72285441714024
-19.722890959716388
-19.722939731091046
-19.72298129733276
-19.723055664639798
-19.723092911661862
-19.723131304344605
-19.723211752209743
-19.72325668594218
-19.72337130783103
-19.72341979898586
-19.723487496282058
-19.723522557886092
-19.7236024679439
-19.723658050589318
-19.72370940637434
-19.72378019696755
-19.723859151827313
-19.72391066013363
-19.723971781069267
-19.72402012179168
-19.72405758190118
-19.724114813163695
-19.724151333634918
-19.72419230433663
-19.724250035383683
-19.724283946262773
-19.724330650783003
-19.724368218814476
-19.724441631333036
-19.724465009301678
-19.72451551709385
-19.724539211458882
-19.724568297676246
-19.724607265970015
-19.724636871741456
-19.724669944310335
-19.72470795525481
-19.72473889082474
-19.72477141237495
-19.72479616026847
-19.72482614708472
-19.724852140880923
-19.724892856485795
-19.72492345511691
-19.724951552494705
-19.724985147756268
-19.72502355334202
-19.725046352620097
-19.725071674010856
-19.725093115537277
-19.725115821165524
-19.72515190476716
-19.725169284100552
-19.725186680535813
-19.725223015448016
-19.72524163647577
-19.72527798314852
-19.725308875346677
-19.725331003571522
-19.72536848044389
-19.725388027402854
-19.72542552883771
-19.725450484159335
-19.725475846812184
-19.725522182344218
-19.725568297222257
-19.725603049493657
-19.725646880099365
-19.72568093772398
-19.725727262297152
-19.725768099317495
-19.72580007144443
-19.725832828917536
-19.725896031937786
-19.725903392387664
-19.725985146540214
-19.726018677991355
-19.726068244042846
-19.72613151572535
-19.72617034261265
-19.726246255647318
-19.726296606462412
-19.726348009335094
-19.726389668646064
-19.726426686976275
-19.72648854303654
-19.726520217328964
-19.726555397485292
-19.726623484095175
-19.726654044839897
-19.72669676804526
-19.726756035332592
-19.726812663426085
-19.72684403932516
-19.726910976844152
-19.726935543985405
-19.7269901905991
-19.727031123122
-19.727072889353416
-19.727110804944452
-19.727173646935714
-19.72722142736155
-19.727262863564402
-19.727335578573445
-19.727405072359055
-19.727467651731224
-19.727517596180924
-19.727566779081005
-19.727629972507938
-19.72770879612489
-19.727753640866204
-19.727809568302508
-19.727881595747128
-19.727968542885495
-19.72801800433296
-19.728075252852058
-19.72812617581131
-19.728178871468337
-19.72825377153988
-19.72828540143082
-19.72832311243241
-19.72838711983625
-19.72842013184321
-19.72845790265935
-19.728514857168886
-19.728537021360026
-19.728562131296254
-19.728607854961318
-19.728634446531927
-19.728675747694815
-19.728707677421866
-19.72874180167244
-19.72877661929916
-19.72880583253057
-19.72883957400635
-19.728874796615216
-19.72890618745758
-19.728941286643828
-19.72897759159822
-19.729010127611346
-19.7290444962625
-19.729068567894814
-19.72910199648348
-19.729121568971518
-19.729155346399487
-19.729179765206023
-19.729200489141178
-19.72923646902439
-19.729255780881218
-19.72929025417023
-19.72930553166563
-19.72932670639699
-19.729353949913637
-19.72938367608926
-19.729402318845164
-19.72942900087825
-19.729449590970674
-19.729467903014715
-19.729506731074284
-19.72951992260089
-19.729536774927006
-19.729558592421196
-19.729572645416315
-19.72959984696529
-19.72962648012667
-19.729640306853554
-19.729656904086887
-19.72967343797785
-19.72969194554134
-19.72970632056177
-19.729716460214956
-19.729730196437842
-19.729744890689346
-19.729764489838825
-19.72977339401231
-19.72978430763881
-19.729799741862323
-19.729815367621256
-19.72982705298735
-19.729838321313796
-19.729847795238918
-19.729862634229086
-19.72987163472569
-19.729882970541976
-19.72989122554659
-19.72990247739462
-19.729918439566376
-19.72993386085695
-19.72994512978221
-19.729959438745958
-19.729971179196067
-19.72999275218422
-19.730001794017056
-19.730020215797467
-19.73002995408469
-19.730043471425926
-19.730061994759275
-19.73007876772077
-19.730091818445914
-19.730101632293117
-19.73011016890839
-19.730123725009314
-19.730134131543387
-19.730140451623303
-19.730150613272947
-19.730158769654846
-19.73017014531448
-19.730177911170124
-19.730185257792286
-19.730194023605605
-19.73020206257045
-19.73021026959237
-19.73021699056695
-19.730223079801565
-19.730229180971346
-19.73023287578133
-19.730238690945896
-19.730244408228664
-19.73025422729649
-19.730259514152877
-19.730265292982477
-19.73027456288094
-19.730277864445885
-19.730288954220185
-19.730292937204585
-19.730299541365675
-19.73030685734238
-19.730315786741897
-19.730322013977258
-19.7303276749283
-19.730334335428413
-19.730342801246543
-19.730350427597227
-19.73035885823173
-19.7303655569033
-19.73037642184823
