500 iters for seed 95 on ER0.3 which is in the 48.511505126953125 percentile
 Maxcut: 30.0, MedianCut: 19.0
-19.01733605225561
-19.032896284835466
-19.161052906222707
-19.221973226864645
-19.26759302155733
-19.31731160892924
-19.375128245472286
-19.40465573985485
-19.427688133215845
-19.44381550714264
-19.468693288790842
-19.487287486245293
-19.50230254499356
-19.515475051415653
-19.526270809294683
-19.533859281931484
-19.541285857209505
-19.54787459293119
-19.554425017265956
-19.56091043223948
-19.56691321301642
-19.571600119850224
-19.576061828704326
-19.579500089771006
-19.583668008830553
-19.587655817860576
-19.591546037504635
-19.59490835408775
-19.598281256797122
-19.60244788530303
-19.606614386945427
-19.610254639915926
-19.613879994673027
-19.617284137581983
-19.62015757115503
-19.624002473714786
-19.6273542976075
-19.63057098638466
-19.633830907089983
-19.636176232001656
-19.639616439867456
-19.64157274665824
-19.642871268740212
-19.644994822497786
-19.646789563656572
-19.648403422011143
-19.650638899099935
-19.652291731370873
-19.65393605247025
-19.655263225207165
-19.656583724310828
-19.658101202677067
-19.65955608441486
-19.66115267106488
-19.66293826369068
-19.66512407060158
-19.667691397072645
-19.670319923700415
-19.67247898719399
-19.674426338009347
-19.677025502078966
-19.67814430893253
-19.680297398691692
-19.681693146437713
-19.68340459639378
-19.684778692281633
-19.68687700500777
-19.688753913671086
-19.690150972713322
-19.691886099728677
-19.69305953522172
-19.694933475736267
-19.6959119759445
-19.696834437264254
-19.69801845049994
-19.698942555399594
-19.699821408898284
-19.70053962257848
-19.70112534645999
-19.70141038720184
-19.70247417691263
-19.702771574954873
-19.703291565203145
-19.70393369416466
-19.70441581361955
-19.704841123861293
-19.705139278932187
-19.70547273553636
-19.70571840848903
-19.706201348993414
-19.706393786339437
-19.706686070155563
-19.706958412086614
-19.707311971713217
-19.70755359734827
-19.707783630937087
-19.70797656272855
-19.708261561549413
-19.708455302605046
-19.708665945957137
-19.70898902513587
-19.70923054684304
-19.70952090324283
-19.709725987439825
-19.709963526648583
-19.710095287297577
-19.71055377561187
-19.710709535674752
-19.710932560881282
-19.711264900573017
-19.711491373056766
-19.711809440867768
-19.71204839973492
-19.712327487103263
-19.712586965559858
-19.71282786798605
-19.713045292909165
-19.713180352129942
-19.713362972657457
-19.713562072671536
-19.71374851564686
-19.71387286720068
-19.714062823328966
-19.714169967416247
-19.71432253782771
-19.714483017735112
-19.714594582872177
-19.71480894507994
-19.714968739663757
-19.715094633733862
-19.71522890342036
-19.71535729807602
-19.71547252506302
-19.715609931358152
-19.715691592443633
-19.715798754505226
-19.71582308865196
-19.715999963509304
-19.716060315314436
-19.71613257932486
-19.716240193870426
-19.71626886437125
-19.71645961835337
-19.716512650046646
-19.71658577728667
-19.71667914423527
-19.716756613585275
-19.716843284743653
-19.716892336202545
-19.71696208743381
-19.71702488579064
-19.717127047939936
-19.717187506463528
-19.717256406747996
-19.717357687904673
-19.717469131245323
-19.717534427489152
-19.71761838635179
-19.717664784863068
-19.71774426382944
-19.717808135666672
-19.717860747545316
-19.717949712244657
-19.718034767040905
-19.7181023290045
-19.718170357332074
-19.718218907447604
-19.7182853314081
-19.718344258365004
-19.718405644693085
-19.718468192471697
-19.7185382476762
-19.71864079937072
-19.71868055153705
-19.718753144236253
-19.718767562235087
-19.71886269599642
-19.718910238110666
-19.71896452194882
-19.719046652074248
-19.71910795913997
-19.719217183243572
-19.719288040227127
-19.71937624768789
-19.71944606826705
-19.71950401998775
-19.71958361283309
-19.719621384762455
-19.719661611740293
-19.719742362270306
-19.71977981686286
-19.71983552746095
-19.719892284840586
-19.719949317133192
-19.71997891268814
-19.720023035213895
-19.720061735222863
-19.72010003110292
-19.72015137539681
-19.720182732678666
-19.72022952544108
-19.720259897621983
-19.720281500586943
-19.720309995762427
-19.72033207826568
-19.720355710580534
-19.720372352045086
-19.720388965504007
-19.72040732123267
-19.720426595883193
-19.720442412004044
-19.720456806851196
-19.72047852021396
-19.720496699266196
-19.72051752636923
-19.720536681420057
-19.720555058076595
-19.72058058957485
-19.720607314226136
-19.72063482393555
-19.72065719817554
-19.720679488210447
-19.720707015983812
-19.720729970709186
-19.720759803315058
-19.72078951314391
-19.720817986747964
-19.720844690892854
-19.720878899828296
-19.72089784978393
-19.720919793565276
-19.7209400371532
-19.720961146835293
-19.720994944183786
-19.721021654102962
-19.721043934753077
-19.721063799909622
-19.72107976244373
-19.721102218671138
-19.721118376202647
-19.721132687312675
-19.72114634628396
-19.721163194201893
-19.721178615061554
-19.721193600419305
-19.721207337857553
-19.72122086265987
-19.721233215948214
-19.721245062490553
-19.721257869332543
-19.721270735942912
-19.72128132037028
-19.721294120372132
-19.721311622340522
-19.721330587821047
-19.721347978627893
-19.721366755849097
-19.721387560116284
-19.721403838832906
-19.721418277735445
-19.721431912310496
-19.72144912363442
-19.721461792786812
-19.721473538499144
-19.721491412651016
-19.72150371325297
-19.72151858186792
-19.721532240332465
-19.721544793586073
-19.72156079021967
-19.721578803571326
-19.721594800261478
-19.72161274453642
-19.721624812043196
-19.7216541434139
-19.721669034898106
-19.721684927615403
-19.72171033272864
-19.72172646461094
-19.72175330209121
-19.721774453925182
-19.721801578948025
-19.721820081025772
-19.721845390962905
-19.721867307852687
-19.721886399817304
-19.72190449356461
-19.72193182488365
-19.721948257288425
-19.721969496794024
-19.721995259034365
-19.72202479011567
-19.722045675492026
-19.72207241364872
-19.72208942332656
-19.72210779844898
-19.72213616811109
-19.722154319840726
-19.72218636990181
-19.722220881814934
-19.72225182840364
-19.72227455017451
-19.722294057894786
-19.722317325183226
-19.72234752114927
-19.722374462988036
-19.722400123530985
-19.722422380841255
-19.722450006953963
-19.722477559597525
-19.72250357390498
-19.722525571001178
-19.72255181157923
-19.722572639909245
-19.722598407691706
-19.72262488236305
-19.722645468310837
-19.722676640656175
-19.722706150739956
-19.72272598419855
-19.722749457194393
-19.722770417648583
-19.7227900328384
-19.722810184046004
-19.72282701097698
-19.722857326387594
-19.722883126148336
-19.72290278384596
-19.722936624556382
-19.722958897424952
-19.72298537542158
-19.72300943981499
-19.7230304452857
-19.723056682320554
-19.72309014329017
-19.72310601995598
-19.723132329319984
-19.7231465146197
-19.72317251547338
-19.723194218046377
-19.723212077204618
-19.723248549940617
-19.72326745612004
-19.72329636971199
-19.723321050553114
-19.723350994212346
-19.72337767496849
-19.72340167611533
-19.723430326178054
-19.723452413017846
-19.72348878216803
-19.723515196725007
-19.72354339393273
-19.72357110073122
-19.723597079354754
-19.72362415839541
-19.723652574535787
-19.723676495020968
-19.723704253487654
-19.723726774944993
-19.72376867312957
-19.72379008942155
-19.723813059169437
-19.72383309090756
-19.723859136015
-19.723884210578742
-19.723906250515224
-19.723926464360396
-19.723954673996257
-19.723972166522472
-19.72399399707815
-19.724023012341593
-19.724054342807502
-19.72407497832525
-19.724100148882552
-19.72411699719975
-19.724135426022727
-19.724162866247994
-19.72417584330058
-19.72418610706893
-19.72421321434158
-19.72422704631017
-19.724245679702786
-19.724265656289454
-19.724273832881078
-19.724289317420386
-19.72430049291595
-19.72432220287679
-19.724336200662407
-19.724348551832946
-19.724371468624007
-19.724388640100823
-19.72440747679894
-19.724419159520437
-19.724432230712843
-19.72444126964212
-19.724466820534005
-19.724476146808357
-19.72448929469504
-19.724509062525243
-19.72451255608593
-19.72454227285429
-19.7245513449112
-19.724565275330445
-19.724583410099306
-19.724600282321262
-19.724614124831795
-19.72462685555159
-19.72463786975814
-19.724655549007863
-19.72467007467841
-19.724683118167693
-19.724698757660835
-19.724706819394825
-19.724723122749985
-19.724731149526896
-19.72474122861703
-19.724760356929856
-19.724766599775847
-19.724788380975298
-19.72479712459522
-19.72481186965472
-19.724820729853608
-19.72483697074172
-19.72484555442926
-19.724853922812837
-19.72486662781041
-19.72487468230472
-19.724884581189887
-19.724895554441154
-19.724905668500476
-19.724916283369296
-19.724930791558105
-19.724940722272557
-19.72495184000458
-19.724963745335543
-19.72497700302349
-19.724988620513766
-19.72500189392975
-19.72501238312402
-19.72502395946705
-19.725039709895267
-19.725050203566568
-19.725066010843165
-19.725079770624546
-19.725095058907026
-19.725108423959444
-19.72512062949773
-19.725132244467535
-19.725141724432888
-19.725153105532446
-19.725161438065076
-19.725171002487826
-19.725185935486508
-19.725194638228043
-19.725204616531226
-19.725221556934706
-19.72523531212933
-19.72524193561934
-19.725259263665794
-19.725265970981102
-19.72527581421457
-19.725290066265323
-19.725299974441853
-19.725321292135597
-19.7253349263029
-19.725349705083843
-19.725363085418408
-19.72537711207716
-19.725394946648745
-19.725412172073057
-19.725427093586113
-19.725439188522124
-19.72545762747567
-19.725475076278776
-19.72549708967093
-19.725522841038476
-19.72554116630997
-19.725564698547885
-19.725589914267918
-19.725613828356586
-19.725636862632648
-19.725665603689343
-19.725693156226324
-19.725722040575818
-19.72574345792032
-19.72577470171698
-19.72580013354119
-19.72582651132164
-19.725872380867806
-19.72589678844849
-19.725924306005236
-19.725982490288064
-19.72600850321051
-19.726037734370355
-19.726109155703714
-19.726143649922374
-19.72618734468677
-19.726262071502887
-19.72628276633244
