500 iters for seed 139 on ER0.3 which is in the 86.49063110351562 percentile
 Maxcut: 27.0, MedianCut: 16.0
-16.111584528826416
-16.189921785274453
-16.20736797588852
-16.290666523007044
-16.329232914578604
-16.360789203815465
-16.391728080059668
-16.41476721167271
-16.433271778652525
-16.448911685234744
-16.46279539471842
-16.47441459362747
-16.48672729847351
-16.498281473971886
-16.507470366145974
-16.51610590067386
-16.523348876938357
-16.5303350018453
-16.535108123660205
-16.539654653159104
-16.54395128292031
-16.547563355763135
-16.550887849465028
-16.55378284113227
-16.556432391211374
-16.55900942463861
-16.561278848173142
-16.56319098231883
-16.5650601961735
-16.56707148651331
-16.569023022589704
-16.57099846219523
-16.572873450000728
-16.5745901710186
-16.576202635859666
-16.577941691312787
-16.57981632695707
-16.581650730357637
-16.583359355805413
-16.584891445528953
-16.586317521451974
-16.587449322831045
-16.588523490971273
-16.58943422950994
-16.590216066710756
-16.591085651015653
-16.59200918292107
-16.59306369231009
-16.59414144115606
-16.595284491710096
-16.59662365377705
-16.598237724756792
-16.600059616045947
-16.601810253495678
-16.603166405871995
-16.604559724632097
-16.60619721525396
-16.607939698223284
-16.61032848693479
-16.611894583709436
-16.613663282264955
-16.615093602539414
-16.615955934603207
-16.617081766317153
-16.61802887717822
-16.61881186429088
-16.619939441702083
-16.621027388494642
-16.62210320219419
-16.623414775283326
-16.62420157825097
-16.62506001572752
-16.625858700022594
-16.626473108309128
-16.627259064440683
-16.627912221243243
-16.628493449838054
-16.629031326320806
-16.629655770421728
-16.63020265851016
-16.630588219110106
-16.630919913330768
-16.631172408488013
-16.631462607309953
-16.63177735008755
-16.63206937478573
-16.632260139042273
-16.632576490615865
-16.632700691069065
-16.632938085375464
-16.633128670666586
-16.633355748433686
-16.6337023048382
-16.634024957023883
-16.63424156966443
-16.63450274988922
-16.63465694235677
-16.634856101105385
-16.635143150428263
-16.635292251739777
-16.635570981924822
-16.635785469383517
-16.636094822408158
-16.636285120266418
-16.636456416092155
-16.636630943615685
-16.636871794089057
-16.636975511744144
-16.63712338356461
-16.637265679022224
-16.637434342047793
-16.637598380709107
-16.63771585625322
-16.637875188157743
-16.63801498976762
-16.638129632840027
-16.638248419377526
-16.63838194835041
-16.638491563485857
-16.638591374494286
-16.638687185951905
-16.63878096259218
-16.638856799117658
-16.638934824192138
-16.63901863180151
-16.63911385762766
-16.63922168013126
-16.63929403476534
-16.639366518012782
-16.639504298651044
-16.639581324443416
-16.63966476150714
-16.639829340559064
-16.63993390085698
-16.640139243954977
-16.64035671121062
-16.640547521166614
-16.64082547322312
-16.641046628273934
-16.641244837088628
-16.64155167279073
-16.641780306209036
-16.642067681055973
-16.642356149076328
-16.642542272310937
-16.642705638982363
-16.642919852421883
-16.643111453419998
-16.643287947947154
-16.643515707679303
-16.64364134214648
-16.643758831624293
-16.643890453131124
-16.644025190318096
-16.644149279673396
-16.644267389609002
-16.64440455027473
-16.644529079210876
-16.644653137443765
-16.64475183394713
-16.64485906751774
-16.64496919334366
-16.645067380579512
-16.645179513499208
-16.645284215646317
-16.645368885421483
-16.64543586859609
-16.64550427835436
-16.645582317443935
-16.645657363844258
-16.645722388602913
-16.645799604227943
-16.645872398846155
-16.645953926314718
-16.646033334746836
-16.64608987250072
-16.646145942536045
-16.646229044187894
-16.646293760062406
-16.646356302425296
-16.64643922811893
-16.646490859099853
-16.64655244170799
-16.646659672209577
-16.646714336165754
-16.646783720673213
-16.646887146627787
-16.64694692856358
-16.647002106807616
-16.647112595148283
-16.647160068502515
-16.647220384197986
-16.647316906204583
-16.64737523474457
-16.64745356390941
-16.647523378670982
-16.64759444464723
-16.64767162494302
-16.647753397522045
-16.64783554912261
-16.647949258311964
-16.648031623872807
-16.64812348629318
-16.648246158511828
-16.648308867229808
-16.648382156906088
-16.648516357573765
-16.64858802251423
-16.648667148397536
-16.648855645577243
-16.648910587021597
-16.649029279369472
-16.649064894855417
-16.649215011217976
-16.649283404997817
-16.649365484642235
-16.649489887476363
-16.64959780380629
-16.649751925015433
-16.649888659352357
-16.650044301578525
-16.650145074284758
-16.650362161876302
-16.650485648419934
-16.650612151724104
-16.650776145843967
-16.650974914502797
-16.65116435430655
-16.65136238213325
-16.65151717433908
-16.651700208207565
-16.652004177402453
-16.652150714758818
-16.65238632603688
-16.65260341058042
-16.65282515597181
-16.65320609289485
-16.65346235387025
-16.65371275632673
-16.653955784707374
-16.654163585792134
-16.65442652741309
-16.654658529170533
-16.65482960018833
-16.65494020611328
-16.655210983027317
-16.65534134372248
-16.655498472890496
-16.65562285060791
-16.655746333460847
-16.655915312346682
-16.656077103956257
-16.656171865655253
-16.656300555325593
-16.656372807992472
-16.656449074557248
-16.656552582639264
-16.656608596553912
-16.656756457497167
-16.65683588627396
-16.656887387184014
-16.656942071064385
-16.656996119156283
-16.65706933967966
-16.657118645569398
-16.657167602175445
-16.65722481474087
-16.657274251073332
-16.65732564544873
-16.65737685449219
-16.657417886280893
-16.657472795581107
-16.65750460787754
-16.657588205014143
-16.657634850346547
-16.65768933369594
-16.65775827091717
-16.657839920771362
-16.657904483806874
-16.657988232625293
-16.65806233248217
-16.658138529384612
-16.65827440242907
-16.658350474244962
-16.65842382216593
-16.65855470559354
-16.658634009720416
-16.658693635566017
-16.65888901658188
-16.65896496577561
-16.659058452522018
-16.65917946925191
-16.659326855931443
-16.659468137525646
-16.659598263281545
-16.659704633472813
-16.65988881784923
-16.660037113321874
-16.66012436378077
-16.66028514611319
-16.660374073805617
-16.660489156563717
-16.66063962506634
-16.660735271943388
-16.66084454864318
-16.66099501289256
-16.66107696089267
-16.66118665830815
-16.661246707920633
-16.66132755390707
-16.661414404776135
-16.661496586025727
-16.661585174091798
-16.66167993743161
-16.661755087122486
-16.661841618604278
-16.661896742161836
-16.661998536947422
-16.662051376565657
-16.662152131475178
-16.66222899295255
-16.66230131753497
-16.66243935699974
-16.662501009036944
-16.662613221140028
-16.662697815357667
-16.66278365995526
-16.66287624525392
-16.663000993928982
-16.663101997957785
-16.663203988788723
-16.663304208883712
-16.66339300633027
-16.663505641928438
-16.663609409662453
-16.663717582282377
-16.663795821079184
-16.663865480838673
-16.663994882545808
-16.664079526196296
-16.66418581901733
-16.664254796182817
-16.664381841324104
-16.664423645005897
-16.66455669557256
-16.66462987812847
-16.664706862609656
-16.664797411551643
-16.664861346481317
-16.66493603383926
-16.665030095282155
-16.665101567177874
-16.665183635484933
-16.665257094270387
-16.665323995905187
-16.665380016190557
-16.665461105246024
-16.66551622180821
-16.665573790768715
-16.665668811326807
-16.665735866461773
-16.665828546090047
-16.665930189622223
-16.66602330445025
-16.666089750618944
-16.666187860845938
-16.66623120754617
-16.666290473742418
-16.66634708862908
-16.66639133815252
-16.666484562827463
-16.666538227864006
-16.666615145990654
-16.666682419822195
-16.666748393138526
-16.666819007238217
-16.666887011957773
-16.666957190155813
-16.66703414617462
-16.667113949043888
-16.667173316047187
-16.667230577474513
-16.667264819450025
-16.66733986518922
-16.667398308021635
-16.667477760604687
-16.667540248711255
-16.667592178693695
-16.667681360711693
-16.667720213185014
-16.66783918159062
-16.66788882529795
-16.667946799695805
-16.6680344067092
-16.66812488611001
-16.668192170427325
-16.66826331943191
-16.66830772990909
-16.668360152997398
-16.668430231614703
-16.668463460775477
-16.668498700974787
-16.668566436072293
-16.668596800351292
-16.66862664651129
-16.66867884703801
-16.668706175340276
-16.668721732314346
-16.668780882254023
-16.668797553550945
-16.66883260502801
-16.668848410556176
-16.668893545200984
-16.6689143148198
-16.66893458343608
-16.66896662020538
-16.668988483501614
-16.66903970981703
-16.669057820982268
-16.669081351629863
-16.669086235185233
-16.66911297731818
-16.669126871914777
-16.66914238839128
-16.6691671977876
-16.66918240426422
-16.669216180212402
-16.669242448543223
-16.669272112832243
-16.669298111835843
-16.669322118459345
-16.66935456481388
-16.66938138724534
-16.669404167127322
-16.66944807768424
-16.66946729356402
-16.669493104840335
-16.66952826225754
-16.66955023867693
-16.669602827541095
-16.66963928243778
-16.66967616172181
-16.669703180286362
-16.66973876808445
-16.66980617413549
-16.669867362909155
-16.66991220333874
-16.669962154740073
-16.670000095971975
-16.670070468989692
-16.67011751194267
-16.67016305328905
-16.670219840585627
-16.67026785548384
-16.670326507747458
-16.670382217008513
-16.67043294349825
-16.670495213273533
-16.670544757901244
-16.67059699869964
-16.670652496113156
-16.670688905178743
-16.670732953385915
-16.670798052755767
-16.670841461484333
-16.670898733127498
-16.670953642752433
-16.67100924639895
-16.67106741742936
-16.671127579031463
-16.67119829316648
-16.67124587090389
-16.671294555074226
-16.67134351447312
-16.67141476878364
-16.671472187987497
-16.6715273220963
-16.67158455348231
-16.67164553707971
-16.67170536024785
-16.67174831394811
-16.671789641784702
-16.6718275061716
-16.671867780665774
-16.671906366840357
-16.671949694679654
-16.6719878446162
-16.67203425476791
-16.672065379506478
-16.67209649727504
-16.672119973570254
-16.67215288151138
-16.672185315800867
-16.672218364800468
-16.67225677920533
-16.67229700129377
-16.67233755701807
-16.672371553731118
-16.672404728636796
-16.67243689975878
