500 iters for seed 87 on ER0.3 which is in the 61.988067626953125 percentile
 Maxcut: 28.0, MedianCut: 18.0
-18.143155255378964
-18.347023623838368
-18.419680892592826
-18.50404731982072
-18.555475337044346
-18.594740100307213
-18.62048473608824
-18.65935459201236
-18.678877344206555
-18.698605540649698
-18.71715016631119
-18.736071095518902
-18.750337772071987
-18.761694667480505
-18.773909027152175
-18.781330143847484
-18.789038436825173
-18.796312726052776
-18.801922209940592
-18.80900997714923
-18.81532972116025
-18.82074961708063
-18.826565732997928
-18.83048904608778
-18.835024853122935
-18.83858453668741
-18.842415047400408
-18.846589640624497
-18.8512260503816
-18.855066871750235
-18.85863702625377
-18.86184964622067
-18.864930586590287
-18.867380655970898
-18.86995919005257
-18.87273475692478
-18.875437528164653
-18.877539116789688
-18.879626022928505
-18.88185431913246
-18.883631249094393
-18.885417879713835
-18.887123339492323
-18.889344917181706
-18.89132668169237
-18.89339132984106
-18.895505670685967
-18.897115703369803
-18.898863637896852
-18.900283988383194
-18.90154622343625
-18.902925301306933
-18.904524672704277
-18.906159671752594
-18.907881796624515
-18.910124038059823
-18.911219439763617
-18.91263791127325
-18.913867205831387
-18.91494300189385
-18.916471225004408
-18.918092071559276
-18.919260525556375
-18.920670823926407
-18.921427323016793
-18.922324450025364
-18.92318034204401
-18.923836604211353
-18.924854933516748
-18.925746322509124
-18.92624113479448
-18.92687938326958
-18.927525153712704
-18.928227026157774
-18.928842167103877
-18.929300563824327
-18.929983183813825
-18.930343435749116
-18.930903295831047
-18.931297382908447
-18.93171611702038
-18.932158182308918
-18.932765398243827
-18.933284948769867
-18.93376588689011
-18.93440365269829
-18.93502289321972
-18.93542018935145
-18.935985265271277
-18.936535277056
-18.936909833597788
-18.937551398488583
-18.937921001848807
-18.938394006360554
-18.93868240224343
-18.93962237787706
-18.940135899068125
-18.940678868652775
-18.941508378405814
-18.942244880553623
-18.943264130770622
-18.94421558079568
-18.9450335537162
-18.94594096516714
-18.947261788124457
-18.94802668080241
-18.949572976408565
-18.9504147144438
-18.951597238507844
-18.952192636307373
-18.95433720476279
-18.95543720091545
-18.956324614715605
-18.957087899882236
-18.957968330876046
-18.9586870580025
-18.959304097760047
-18.95996849121351
-18.960551000967307
-18.961010321728452
-18.961567850454728
-18.96203876019058
-18.962447057544566
-18.96300816387671
-18.963362852288352
-18.963783574322854
-18.964197523238678
-18.964511609950115
-18.96493133290589
-18.965537907763743
-18.965814973365585
-18.966246326363564
-18.966784708433423
-18.967367584994648
-18.967841778820727
-18.968430856608148
-18.968844214176166
-18.969286091086925
-18.969826256113464
-18.970111131127762
-18.97049222643485
-18.971150260435927
-18.971690752464852
-18.972021817313344
-18.97249241540605
-18.9728610405313
-18.97328327742609
-18.97368869115061
-18.97398503511553
-18.974398305157553
-18.97474445274728
-18.975010543736097
-18.9752791541471
-18.975530137007606
-18.975786379536327
-18.975960448918627
-18.97613772111718
-18.97636575031334
-18.976590531786236
-18.976739756048993
-18.976913666912058
-18.97709143660633
-18.97727825166621
-18.97749244826316
-18.977664330199026
-18.97783904661699
-18.97807887114105
-18.978268879497797
-18.97844965699236
-18.9788443856434
-18.979058770228782
-18.979298676246493
-18.979724075326132
-18.980022382254386
-18.980157469317795
-18.980811433592788
-18.980980517212846
-18.98134018571679
-18.981459046180902
-18.98184726402512
-18.981985748880366
-18.9821801111504
-18.98243126639731
-18.982685628033565
-18.982921010741386
-18.983199849902746
-18.983402369650342
-18.983714433557562
-18.983986962753065
-18.984273243134126
-18.98448498316279
-18.984734742167277
-18.984953635310358
-18.98509366140685
-18.98528939272195
-18.98544045953676
-18.98562451961554
-18.98591265653326
-18.98608650355459
-18.986285523632432
-18.986730081969213
-18.986930519017918
-18.987137430848726
-18.987374870729425
-18.987611371953644
-18.988038308586372
-18.988328289868686
-18.988826960959173
-18.989264620945406
-18.989686234673663
-18.990059507659602
-18.990426564950134
-18.99094362360251
-18.991278502902894
-18.991897571928494
-18.992301756353307
-18.992800368825417
-18.993248166731977
-18.993714904050535
-18.994189015839112
-18.99465614215617
-18.994963109018784
-18.995367858581663
-18.995615504534584
-18.995901096393602
-18.996110791595306
-18.99631956489365
-18.996625958325758
-18.99698734520815
-18.997229152860793
-18.997645505349066
-18.99791297607057
-18.998208747559026
-18.998556326250014
-18.99882872875154
-18.999240585048355
-18.999679247524234
-19.00001842816547
-19.00046842469498
-19.00079921970747
-19.001158489931612
-19.001414898274355
-19.00163262292818
-19.001735870771178
-19.0021009613625
-19.00221694081282
-19.002398210413038
-19.002609814011027
-19.002820651589296
-19.002958518800668
-19.003141628502025
-19.003261219886948
-19.00338482336464
-19.00354976328604
-19.00363069009409
-19.003761231445388
-19.003836440373046
-19.00394949599294
-19.004020742146157
-19.00410699390861
-19.00420439058396
-19.004326186507257
-19.004417185232057
-19.00452190036744
-19.004600816513047
-19.00469672800981
-19.004799623212172
-19.004871148685936
-19.004975716200732
-19.005107897365207
-19.00516140719468
-19.005238674401948
-19.005292227789653
-19.005362128872694
-19.005434234986232
-19.005478021600858
-19.005512559163208
-19.005602885793273
-19.005632731501425
-19.005680536962515
-19.005739164541907
-19.005786066984236
-19.005820474968868
-19.005852272021578
-19.005883438876413
-19.005915039240275
-19.00594990209307
-19.005968343706662
-19.00599114201362
-19.006022774213704
-19.006054708526396
-19.006072606530875
-19.006093858124046
-19.006111760625444
-19.006129291138468
-19.00615640147704
-19.006174730622806
-19.006198027072177
-19.006219303937286
-19.00623618173598
-19.006253904362232
-19.006269668403284
-19.006290949976204
-19.00630316558508
-19.006316478574554
-19.006338111739062
-19.006349469728903
-19.006366442542557
-19.006378720691345
-19.00639015119484
-19.006405689013505
-19.006419971705146
-19.00643357931144
-19.006450708691453
-19.0064681581313
-19.006498483626338
-19.00652681411372
-19.006556741523376
-19.00659088370155
-19.00662157936576
-19.006651068607955
-19.006681793977922
-19.00670803589446
-19.006731992128863
-19.006762847216418
-19.006789082422674
-19.006805741673524
-19.006853074395085
-19.00686191278769
-19.00689740468237
-19.006923070361765
-19.006954084974357
-19.007003966069366
-19.00704112716521
-19.007100537487688
-19.007148710579365
-19.00721817988104
-19.00727898582245
-19.00734400893478
-19.00743368850776
-19.007494346401412
-19.00760444116246
-19.007696829082505
-19.007786005388464
-19.007873486698546
-19.00794249479956
-19.008013309981994
-19.008103078379925
-19.008162862268424
-19.00823605156554
-19.008328556442393
-19.008389478626036
-19.008456688382942
-19.008588281099748
-19.008656520906467
-19.00877885503451
-19.008887935417984
-19.008989091489067
-19.009119360901604
-19.009234727899855
-19.009365599734117
-19.0094985940162
-19.00960158077906
-19.009694811786854
-19.00984145943628
-19.009859064845244
-19.01000167045133
-19.01006634458403
-19.010156973979285
-19.010272388590042
-19.010357961534925
-19.010486351724467
-19.010574370199787
-19.01068981404311
-19.010779134270454
-19.010891823825123
-19.011015562542173
-19.011099436883597
-19.011126351287395
-19.01127549806489
-19.011315634493496
-19.011376550921916
-19.011443767515523
-19.011525192122892
-19.011593054064345
-19.01168103194073
-19.01173810700115
-19.011787977584373
-19.01188004261769
-19.011924244610547
-19.01198332225149
-19.012070431746942
-19.012157359398646
-19.012194635006704
-19.012287348211547
-19.0123102701605
-19.012371186051688
-19.012404282428477
-19.012452973504875
-19.012517832886417
-19.012560001001326
-19.012622715351622
-19.012651489493408
-19.012688055677952
-19.01271109475137
-19.01276955624507
-19.012797145700834
-19.012828857565886
-19.012879832921737
-19.0129201434335
-19.012970366974347
-19.01301822862359
-19.013067860081136
-19.01308273412417
-19.013166933755546
-19.013197356542804
-19.013236409489867
-19.013289104149614
-19.013323049437258
-19.013388942914805
-19.013443114478882
-19.01350203638179
-19.01355978556049
-19.013628335505548
-19.013719491886157
-19.013768459775275
-19.013812005744136
-19.01390092689469
-19.01395104823445
-19.01402251408812
-19.014108084320398
-19.014182088656053
-19.01422987320928
-19.014302775681468
-19.014350208316227
-19.014411090619134
-19.014498855083787
-19.01455273142734
-19.014571757594087
-19.014698725857343
-19.01473165397774
-19.014789936432404
-19.01484210896745
-19.01491006422119
-19.014960499693476
-19.015006057980525
-19.01505924617249
-19.015119210077923
-19.015161744401972
-19.015212431151603
-19.01525276652817
-19.01529436681407
-19.015343197258304
-19.015376632468758
-19.015430089531222
-19.01546841649524
-19.0154943073145
-19.015537360834323
-19.015577234926987
-19.015624021704422
-19.01567071910923
-19.0157109047571
-19.015754688876953
-19.015802680314728
-19.015840537137326
-19.015881706514858
-19.015913791809016
-19.01595278700495
-19.01598140897702
-19.016021762590615
-19.01605794336868
-19.01608718162562
-19.016141458224617
-19.01617667181347
-19.016208004524906
-19.016242775744274
-19.01627119190496
-19.01630809731871
-19.016348157116234
-19.01637682127951
-19.01640432248705
-19.01643853457646
-19.01647179693255
-19.016500114028183
-19.016540909375465
-19.01656566683132
-19.016596485710767
-19.0166352491741
-19.01668237583748
-19.016713431514553
-19.016749464141
-19.016773281858242
-19.01680920103392
-19.016840297035777
-19.01686344258468
-19.016915515073194
-19.016941701780866
-19.01698784930199
-19.017009918205034
-19.017039392523685
