500 iters for seed 155 on ER0.3 which is in the 91.50619506835938 percentile
 Maxcut: 28.0, MedianCut: 18.0
-18.138245967966682
-18.237879494653683
-18.2858088123613
-18.32798744674684
-18.365462679294474
-18.39037138648624
-18.41957859660479
-18.44070103016272
-18.456721864779695
-18.469557880601
-18.480314476349275
-18.492318861513244
-18.501369541146897
-18.509712050929174
-18.51964398539616
-18.530059094471916
-18.538867949113015
-18.54601999710623
-18.553097509847838
-18.55752698040871
-18.562734835692652
-18.565916301998776
-18.568730680312406
-18.57223855179659
-18.575926658555364
-18.5784523950272
-18.5808257783486
-18.583298123654817
-18.58557948081087
-18.587975590739646
-18.59036773999953
-18.592981654324678
-18.59550296686275
-18.597957652031464
-18.6007911587894
-18.602940786163934
-18.6048894772338
-18.606346367917347
-18.608001096273853
-18.609601019844952
-18.61120113381419
-18.61289292087375
-18.614858597983524
-18.616676910922433
-18.61871001018823
-18.6205031043476
-18.6222680267032
-18.62403659160231
-18.625641042579716
-18.626833474666448
-18.627956184828292
-18.629255654227766
-18.63046914239754
-18.631666104211487
-18.63269090756304
-18.63367026394137
-18.634787359886538
-18.63592749006263
-18.637082717236684
-18.63814658606267
-18.63911704010959
-18.64007142740674
-18.640800016432433
-18.641398137993015
-18.642361540569713
-18.642843189891625
-18.643531979906314
-18.64423845635212
-18.64476361325453
-18.64572600003104
-18.64648688912734
-18.647143380506144
-18.647827772462076
-18.648429574268036
-18.64910506601963
-18.649616587378883
-18.650030763328175
-18.650510856522715
-18.650837898298754
-18.651227391517907
-18.65150851628393
-18.651835815557476
-18.652272404323103
-18.65278192287176
-18.653122533109556
-18.653534144570337
-18.653887785787486
-18.65435858874171
-18.65476535488603
-18.65512140709492
-18.655367293181506
-18.655833899638573
-18.65615705795808
-18.6564907756908
-18.657114098324268
-18.657392986942007
-18.6578312592222
-18.65818163979901
-18.65861923883097
-18.659010019252435
-18.659400853089014
-18.659781886417377
-18.660032008373264
-18.660311574385446
-18.660765919153825
-18.6610686517164
-18.661297625131205
-18.661629533289734
-18.66193192615316
-18.66236080501386
-18.66275872360321
-18.66316561970483
-18.663488344881976
-18.66387483152195
-18.664272041171923
-18.66462507455629
-18.665056741703875
-18.665402241694412
-18.665824749835664
-18.666393707339957
-18.66677021959353
-18.667210579508467
-18.6676756010037
-18.66804088048695
-18.66855370004509
-18.668994188720916
-18.66950056486838
-18.66978288845666
-18.67024459779502
-18.67030824378833
-18.670848302562142
-18.671026172415683
-18.671295351222057
-18.671624211382216
-18.671978493427172
-18.6722833386965
-18.67264982679232
-18.67290384444167
-18.673178677620363
-18.67355361495885
-18.673841103287344
-18.674104212673903
-18.67446881546699
-18.674636794716935
-18.674844801257805
-18.675013859029008
-18.675200582191316
-18.67547228440934
-18.67566047943767
-18.675906636989136
-18.676089581134725
-18.676303626188226
-18.676481991296434
-18.676751541398268
-18.676901080153957
-18.67707914411246
-18.67737643718176
-18.67754386929055
-18.677754410720024
-18.677943809847022
-18.678124519768758
-18.678320281375942
-18.678516361646732
-18.678701348884307
-18.678856993359425
-18.679031157933295
-18.679220218772095
-18.679374910216836
-18.67954552363554
-18.679636758996395
-18.67988145683305
-18.679972066185492
-18.680083574756885
-18.680269223741696
-18.680383134896793
-18.68053243100445
-18.680644450762596
-18.680791411036463
-18.68088377501914
-18.681062736546927
-18.681192855771855
-18.68131782293885
-18.681512263621794
-18.6816859518817
-18.681815169637726
-18.68198456204515
-18.682134924033274
-18.682366517489896
-18.682529162605245
-18.682713549204294
-18.682866398536095
-18.683049647880253
-18.683193518167915
-18.683389961877793
-18.683526680443713
-18.683690885011856
-18.683950112309184
-18.684192035545752
-18.684358618735974
-18.68454287823507
-18.684670082438483
-18.68483647395451
-18.685072395147667
-18.68519285194045
-18.685312079625827
-18.685567285481888
-18.68572110400395
-18.68594032769266
-18.686157510763415
-18.68633664685425
-18.686545195484506
-18.686660075404063
-18.686891990386254
-18.68700355079706
-18.687149660409286
-18.687361437607002
-18.687558913820315
-18.687695131621126
-18.687882092832375
-18.688012019280343
-18.688175531335393
-18.688447516242285
-18.688565890730295
-18.6886964740264
-18.689004475191336
-18.68910033669154
-18.68922395130106
-18.68940587689613
-18.68950326012085
-18.689747825402662
-18.689848415745807
-18.68997577642282
-18.690084888523998
-18.690185301022204
-18.690297304571367
-18.690413170551974
-18.69052902180898
-18.690631767003804
-18.69073944864858
-18.69086111065733
-18.690971880283126
-18.691060948479468
-18.691192149159612
-18.691274369715362
-18.691372130903055
-18.691494790275826
-18.69156001083696
-18.69164034566248
-18.691747450872505
-18.691870752670177
-18.69192117171046
-18.69204669410856
-18.692064089595625
-18.692174675420077
-18.69222173175864
-18.69228767076504
-18.692376811872542
-18.69244314811655
-18.69252978323425
-18.692599129745
-18.692706863386917
-18.69276171280345
-18.69290157349321
-18.69297200740688
-18.693048331111356
-18.69314988155717
-18.693228552701022
-18.693308490517964
-18.6933644430171
-18.693426081113525
-18.693493273694216
-18.693550754478004
-18.69359185471312
-18.693641192239628
-18.693699222189625
-18.693783237414628
-18.69382988237706
-18.69389306107471
-18.69393274674262
-18.69401700235842
-18.69407484622095
-18.69412333104947
-18.694215126133923
-18.69426164794715
-18.694344650345734
-18.69440424449038
-18.694481290799224
-18.694558352597404
-18.694614509751673
-18.69470781855564
-18.69478470767377
-18.69487553925088
-18.6949920462906
-18.695066631645012
-18.695156324804227
-18.695291025890597
-18.695388307119277
-18.695487763717257
-18.69560425086526
-18.695680310890868
-18.695780148305015
-18.695909271012184
-18.69603177467932
-18.696108051094818
-18.696235761358594
-18.696302216864936
-18.696394717852446
-18.696472657595606
-18.696533019289916
-18.69661282367775
-18.69672448180324
-18.69679356388113
-18.696876193180284
-18.696965434847854
-18.69707323687251
-18.69715583933356
-18.6972457894198
-18.697320743328625
-18.697394097873445
-18.697483388176693
-18.69754281867104
-18.697593185806397
-18.697682657126084
-18.697728597373885
-18.697795846983194
-18.697895491484697
-18.697938960666
-18.697992119040826
-18.69809474251235
-18.698128485925572
-18.698194707204365
-18.698227076944622
-18.698308098541695
-18.69835455459045
-18.698395843248708
-18.698463297265832
-18.69850606162668
-18.698580923123092
-18.698637123761415
-18.698707024243113
-18.69874609447536
-18.698795607361554
-18.698840714477278
-18.698878142406684
-18.698924751312873
-18.698986781502757
-18.699017201941665
-18.699064656634363
-18.699071030020683
-18.699121825882468
-18.69914272345819
-18.699163943283093
-18.699194470565534
-18.69921990836045
-18.699263672400868
-18.69929025191427
-18.69931857175413
-18.699338933983455
-18.699353610953814
-18.699376603752974
-18.699394088467567
-18.699418629099032
-18.699438636941167
-18.699457851891868
-18.699486487153454
-18.699508452092843
-18.699533234467854
-18.699564696443204
-18.69958887664679
-18.699612457930463
-18.699643950764667
-18.699658974336472
-18.699682236520932
-18.69969950314465
-18.699727456447707
-18.699746846604143
-18.699763048067915
-18.699798405614107
-18.69981911908511
-18.6998445185558
-18.69986870545624
-18.69989375372807
-18.699920671367945
-18.699943433985865
-18.699967790808394
-18.69998376701383
-18.699997950159887
-18.700019464803788
-18.700033549582873
-18.700058604432602
-18.700073049893934
-18.70009409559484
-18.700108230502806
-18.700120785231515
-18.700133732169213
-18.700152506164287
-18.700165490628432
-18.700179949441065
-18.700195793847538
-18.700214743656637
-18.700228783093923
-18.700243550702773
-18.700256679188875
-18.700271085011686
-18.70028859497296
-18.700298891799235
-18.700314882797347
-18.700329200027234
-18.70034639878225
-18.700358493878948
-18.700371700021904
-18.700381562360146
-18.700391615361074
-18.700401069443082
-18.700409946194256
-18.700425012821476
-18.70044088439116
-18.700449410075827
-18.70046116150543
-18.70046758107273
-18.700475545598287
-18.700486340769224
-18.700491834418838
-18.700494602402465
-18.700509826170148
-18.70051346886272
-18.70052090457775
-18.70052934136385
-18.700538433990875
-18.700544825674797
-18.70055300889676
-18.700559475362084
-18.700567420697176
-18.700572229855887
-18.700578450250234
-18.700581155107134
-18.700586863319945
-18.700589484113642
-18.700594317725162
-18.700598100324633
-18.700601539883028
-18.700606964845893
-18.70061026817669
-18.700614582231466
-18.70061815094172
-18.70062221774097
-18.70062667882087
-18.700631262556495
-18.700636027875476
-18.700639358178073
-18.70064403605199
-18.70064905571398
-18.700654032982136
-18.70065785111245
-18.700662335581427
-18.700665543623558
-18.70066925449475
-18.700675318461393
-18.700679494815876
-18.70068346342058
-18.70069048113473
-18.700694441758387
-18.700699347599667
-18.700705451077972
-18.70070881879434
-18.700713406178437
-18.70072121859772
-18.70072466056773
-18.700730308103722
-18.700732214184974
-18.70073798414213
-18.700740806775233
-18.700743817368704
-18.700748744889204
-18.70075236564057
-18.70075654778452
-18.70075968342266
-18.70076296916185
-18.700766382139346
-18.700769427342134
-18.700772955713674
-18.700775211575696
-18.700777862728856
-18.70078131687785
-18.700784316554603
-18.700786231700903
-18.700789857658464
-18.700791071006666
-18.700792949103118
-18.700795215817656
-18.700796927843342
-18.700800271318755
-18.700802059939477
-18.70080450429493
-18.700806619440627
-18.70080907995807
-18.700811527559626
-18.700813651978383
-18.700815787797012
-18.700817983945726
