500 iters for seed 36 on ER0.3 which is in the 46.802520751953125 percentile
 Maxcut: 31.0, MedianCut: 21.0
-20.984369849090953
-21.024881039918508
-21.09448632722354
-21.186361979051043
-21.236984730607233
-21.294576769866808
-21.350221496813848
-21.369349606920466
-21.39612133927629
-21.423670631238394
-21.444789788554026
-21.46210605823591
-21.48109188478871
-21.500804379737957
-21.515630611625866
-21.528064038165923
-21.54060623933405
-21.551136756714794
-21.560980924438088
-21.569945727012488
-21.57929885710404
-21.588359462337607
-21.59680123796847
-21.603828764731368
-21.608690631982448
-21.61233925713667
-21.616305373592958
-21.620369725589658
-21.62408310275212
-21.627477060731298
-21.63085109882943
-21.633890955349564
-21.63624962695618
-21.638691437407715
-21.641133039678657
-21.643057578308017
-21.64478087174327
-21.646567112379522
-21.647934549687456
-21.64943756069997
-21.651102115656165
-21.652703204167505
-21.654511159105205
-21.65622183469248
-21.65773993221012
-21.659120308540235
-21.66057005216083
-21.66191689311189
-21.66357653180554
-21.664983226163056
-21.666664682843578
-21.66864744551914
-21.670112834513155
-21.672073013157533
-21.674267572529455
-21.67573207775602
-21.67743814288207
-21.67929152360534
-21.681066157507164
-21.682759821842822
-21.684362258499046
-21.68591546861426
-21.68769391563731
-21.689263143727857
-21.69073612061961
-21.69230630435198
-21.693755558996976
-21.695071436740754
-21.696330607936307
-21.697415634654647
-21.69857727875121
-21.699752582868516
-21.700832766365124
-21.701736117230084
-21.702849767888303
-21.703642042993664
-21.704296546897886
-21.7051237696281
-21.705819698670798
-21.706668085473005
-21.70741390842104
-21.708092130694013
-21.70869240026807
-21.70941244957676
-21.709986829520414
-21.710467030034486
-21.711230156671597
-21.711621531002557
-21.712117722586697
-21.71262327300364
-21.71305568872483
-21.713478574195868
-21.71422869124226
-21.71455268631305
-21.715010196793962
-21.715490484041627
-21.71595855935096
-21.716277604420576
-21.716622292458506
-21.716967199216853
-21.71730575587022
-21.717577545609547
-21.717782578207544
-21.71804850698715
-21.718349694438025
-21.71865436978557
-21.718885330603374
-21.719164269885006
-21.719377655625582
-21.719659530679124
-21.719885849698862
-21.720074795052344
-21.72022296004522
-21.72059074311303
-21.720752132626842
-21.720949155139408
-21.721192357689148
-21.7213582772456
-21.721513202813995
-21.7216317048745
-21.72177704772813
-21.721894751508092
-21.722077377304394
-21.722203036018303
-21.72233961694669
-21.722464408364047
-21.722585715287803
-21.722723500225385
-21.722804321365324
-21.722870461120387
-21.722973820042146
-21.723031618322743
-21.723093971728996
-21.72319179327195
-21.723244824558968
-21.72333785087552
-21.72339199473379
-21.723480643148097
-21.723539716034043
-21.72360603157585
-21.723696784305663
-21.72380673727545
-21.723884575206483
-21.723973997569423
-21.724053819407146
-21.724134014328907
-21.724308703172355
-21.724338656617448
-21.724445405763802
-21.724517813447044
-21.72460086756409
-21.7247194606881
-21.724798098858386
-21.724919663951585
-21.725006756404525
-21.72511675465953
-21.725208426257787
-21.725287714974044
-21.725370283093802
-21.725433440937476
-21.725541384315584
-21.725623953628062
-21.725709860442276
-21.725812292351108
-21.725887580850117
-21.72597060014432
-21.726077976697248
-21.72614850654633
-21.726224336519884
-21.726325852518436
-21.72638178204315
-21.726434346979907
-21.726538880613074
-21.726606217314306
-21.726689199263788
-21.7267836961728
-21.72683347565375
-21.72693057213802
-21.72701793763034
-21.72713830971386
-21.72725538649091
-21.727348583169867
-21.7275036228106
-21.727644882565706
-21.72773609731749
-21.72787795003974
-21.727987321751165
-21.728101124260466
-21.728252320933706
-21.728362943703146
-21.728495203550445
-21.7286287324235
-21.728721719334285
-21.72880656563632
-21.728952688260676
-21.72905319180179
-21.72912773563546
-21.729249192242552
-21.7293340330965
-21.72945884765915
-21.729562950329374
-21.72967912771915
-21.729764991990127
-21.729887988021567
-21.729974139501753
-21.730110209601033
-21.73021592997112
-21.73032035120001
-21.730464985127337
-21.7306215870046
-21.730719743401245
-21.730861088251135
-21.73095896169836
-21.731075643802935
-21.731238421293188
-21.731349821991166
-21.731558674767847
-21.73176896356341
-21.731906064476103
-21.73209012048945
-21.732195972853358
-21.73230976715722
-21.732445775977844
-21.732566628527923
-21.73271060143474
-21.732878576048087
-21.732963786756983
-21.7330725234855
-21.73323128765224
-21.733414335266932
-21.73359516168034
-21.73381607615986
-21.733930381206235
-21.7340666215664
-21.734294886501623
-21.73439756581616
-21.734525485171538
-21.734727761013303
-21.734821183001515
-21.73491300634882
-21.735028008621097
-21.735129227389383
-21.735247683810023
-21.73540471204123
-21.73550544564506
-21.735631830907835
-21.735770273565805
-21.735951143112157
-21.73613168827142
-21.736308546620812
-21.73646120962559
-21.736647412480302
-21.736852841942937
-21.73701228712557
-21.737226096056595
-21.737538700859297
-21.737691739583905
-21.73790631658297
-21.73810826629675
-21.73835953381219
-21.73861331571038
-21.7388192308937
-21.739159445788115
-21.739425947623726
-21.73965501978746
-21.739935008527656
-21.74018879999224
-21.740475882319533
-21.740809531267235
-21.74104750938492
-21.74129471747598
-21.741584285570625
-21.74175144851992
-21.741913955408872
-21.742134841791632
-21.74224683860079
-21.742363223701922
-21.742604855249873
-21.74270286082381
-21.742809314394048
-21.742957715584055
-21.743060093771856
-21.743287175983546
-21.743399254010875
-21.743539317082362
-21.74366604849473
-21.743782905547075
-21.743916048874404
-21.744031447614294
-21.74412705990776
-21.74421025610678
-21.74431631660059
-21.74442442681519
-21.744497402083233
-21.74457724580826
-21.7446510037106
-21.74473475729971
-21.74483797443535
-21.74490806987083
-21.745017158948343
-21.745087576230596
-21.7451605400461
-21.74522146656709
-21.7452902383093
-21.745371479324675
-21.74545017720393
-21.745526300504558
-21.745603552720976
-21.745684595833104
-21.745766857716053
-21.745818907120977
-21.745873078575215
-21.745900420223176
-21.74596861025504
-21.745995158123538
-21.746031667122395
-21.746083225785647
-21.746135309266183
-21.746175647751908
-21.746232208786832
-21.7462782613508
-21.746341850959222
-21.746398084762003
-21.74645688385708
-21.746497721015608
-21.746568213643236
-21.74658200850859
-21.746640524050036
-21.74666358015133
-21.746697273393398
-21.74674416197444
-21.74677048798741
-21.746820195376955
-21.74685692796898
-21.746899824864812
-21.746935639079418
-21.74696959152098
-21.747029429808116
-21.747059188069297
-21.747092459279173
-21.747148287961778
-21.747177215464795
-21.74720907528132
-21.747267776408783
-21.747294908541065
-21.747328294214178
-21.747362312672845
-21.747416794666613
-21.747433972529805
-21.74749919028696
-21.747533882447627
-21.747564925219933
-21.747620802492047
-21.747654036830504
-21.74769868819328
-21.74775255805046
-21.747788443359887
-21.747835785928544
-21.74790065835858
-21.747928417475688
-21.747960478979223
-21.747980413405326
-21.748004418384397
-21.74804406903473
-21.748066613682155
-21.74809588657302
-21.74814431622336
-21.748153373959124
-21.748182652260247
-21.748199768564024
-21.748228860230046
-21.74826582062411
-21.74831340551893
-21.748348310997937
-21.748369489139098
-21.74838448977266
-21.748405398789057
-21.748433057703647
-21.748460816358584
-21.74848352375411
-21.748499125768326
-21.74851488335985
-21.748545151707255
-21.74856016556508
-21.74857360647006
-21.748596549586953
-21.748615541715314
-21.74863685023411
-21.748671774340657
-21.74869350195695
-21.748722730987815
-21.748745535487313
-21.748779980148832
-21.748808113224836
-21.748832094891675
-21.748865143304148
-21.748894450001146
-21.74891689193673
-21.748944911177258
-21.74896797191932
-21.748998176250335
-21.74902536677002
-21.74904634339594
-21.749077743057214
-21.749095479811615
-21.74913616105619
-21.74915744703053
-21.749178477768684
-21.749215017744074
-21.7492390166679
-21.749269042542593
-21.74928588408682
-21.74930654155718
-21.749310919346932
-21.749344871967807
-21.749354582798066
-21.74937084312542
-21.74939457414154
-21.74941021068929
-21.74943542879636
-21.7494535556785
-21.74947220689158
-21.74949007915346
-21.74950933163109
-21.749529956643098
-21.74954923613096
-21.74956514248045
-21.749593253287255
-21.749608898659417
-21.749633397201883
-21.749658481480623
-21.749676736381684
-21.749714836078972
-21.74973228987879
-21.74975319296232
-21.74976973715771
-21.749790513021306
-21.749807229501847
-21.749826192236526
-21.74984519842897
-21.749859419257987
-21.749874725932106
-21.749894018647872
-21.749903695682324
-21.749919273492203
-21.749938528331214
-21.74995994337779
-21.749975599400347
-21.7499928286084
-21.75000788442784
-21.750022631418787
-21.750041469835573
-21.750053564931253
-21.750065096040395
-21.750085075997315
-21.750097286575052
-21.75010611902213
-21.750123483585966
-21.750135727648097
-21.750153786092717
-21.750168452363038
-21.750184670714813
-21.750200846674705
-21.750217060652965
-21.750232913085217
-21.750248202767835
-21.750259883822903
-21.750269923996836
-21.750284913534195
-21.750292729981698
-21.750300201646425
-21.75031311313507
-21.750322317973914
-21.75034347760434
-21.750353215669502
-21.75036945303361
-21.75037691338331
-21.750387675790073
-21.75040077659345
-21.7504165126802
-21.75042691646923
-21.750441206289658
-21.750451518312794
-21.750465283905932
-21.75048293596438
-21.75049467278401
-21.750514154209913
-21.750535257075455
-21.7505487970814
-21.75057532031336
-21.750594758646237
-21.750616476910345
-21.75065539727767
-21.75067680659115
-21.750717278126565
-21.750732032721114
-21.750768711597715
-21.750787897178398
-21.750809539053076
-21.750843698579324
