500 iters for seed 190 on ER0.3 which is in the 28.244781494140625 percentile
 Maxcut: 29.0, MedianCut: 20.0
-19.529952665543057
-19.660041061802534
-19.73589461376713
-19.833474275785136
-19.906991677453384
-19.990596454170753
-20.0460881481384
-20.087362055325727
-20.118176107132506
-20.149597662348746
-20.16909236783112
-20.184023596864954
-20.190409355144194
-20.211947088317242
-20.22459113026857
-20.242409020523926
-20.25673484791071
-20.272621941008083
-20.28304300521654
-20.291672913586602
-20.300314336970573
-20.306249649845896
-20.313950791704485
-20.32053114914851
-20.327996588628967
-20.331556223184112
-20.33736163119219
-20.341367397329392
-20.345463589065634
-20.34921309632169
-20.354552968449866
-20.35747490062395
-20.360604222132615
-20.363772602579093
-20.367227761280386
-20.369788451509994
-20.372298980664105
-20.37524895296023
-20.377818693907393
-20.380129071590098
-20.38158715760277
-20.383046629015524
-20.384704975157952
-20.386412433421604
-20.38817527433958
-20.38981310782839
-20.39100318205675
-20.392229036437808
-20.393649270979473
-20.394651710937318
-20.395921679317713
-20.397706403307165
-20.398918457548856
-20.40042819812835
-20.40214502747437
-20.403231504191588
-20.404262896979198
-20.405587262561006
-20.406561126157662
-20.407691377173624
-20.408663375824005
-20.40950279459839
-20.41019243530695
-20.411322830882334
-20.412077904166907
-20.412946982244527
-20.41371565900566
-20.41450022516456
-20.415550274904955
-20.417024172877607
-20.418149968069585
-20.419612295032614
-20.4208439624712
-20.422713429103847
-20.425041822803866
-20.42641913824163
-20.428879331202555
-20.431217410364823
-20.433193368088126
-20.434580365800144
-20.436607839939022
-20.437777180254873
-20.43963287237156
-20.44089977046183
-20.441926572835147
-20.443007562249754
-20.444383108513403
-20.445526603542582
-20.44659718568695
-20.447514206220042
-20.448457605189155
-20.449216374815517
-20.449862134835513
-20.45059300180817
-20.451402368783977
-20.452052949970415
-20.45272000290667
-20.453352271593502
-20.454106203210394
-20.454812962831564
-20.455630201479842
-20.456360874733477
-20.45715935906623
-20.458004089122472
-20.458754362664166
-20.459709975096064
-20.46049396014388
-20.461202077598067
-20.461659225748047
-20.462415369753266
-20.462948319173506
-20.46342536370166
-20.4639518260969
-20.464432479767062
-20.465006814403445
-20.46572452848862
-20.466102975666768
-20.466633990442915
-20.46690710507195
-20.467428670855835
-20.467762884118795
-20.46810895289984
-20.46869074999357
-20.468911156665346
-20.469342113908432
-20.469680219259942
-20.469981509075026
-20.47023379333951
-20.470436807771797
-20.47075022184281
-20.470945074371585
-20.47114665746929
-20.47144387067982
-20.47164172842572
-20.471918338812955
-20.47221198936205
-20.472511981443205
-20.472687467214577
-20.47298599663706
-20.47308909845296
-20.473323135057107
-20.473466134978757
-20.473644899082405
-20.47379444818211
-20.474040399457476
-20.474218384304088
-20.474384308842097
-20.474659925073116
-20.474861749422274
-20.47516972069238
-20.475362559695004
-20.475602138700147
-20.475851635179488
-20.476233278126916
-20.476425741423892
-20.476649664797854
-20.476868237351482
-20.477146106021536
-20.47738219171236
-20.47764344552727
-20.477938582963414
-20.478259005864697
-20.478606179666905
-20.478862704691778
-20.47913170500987
-20.479468934361954
-20.47965842822036
-20.47985086607915
-20.48009992931311
-20.480260742119256
-20.48042532290952
-20.480638267399954
-20.48078616081334
-20.480956947363694
-20.481128892733068
-20.48125469144989
-20.48137099760152
-20.481568505708605
-20.481731945570825
-20.4818214144638
-20.4820288428311
-20.482156979534718
-20.482329407486706
-20.482524638034157
-20.4826669403308
-20.48301260024677
-20.483177737291
-20.48354961592416
-20.483784193115266
-20.48406652643682
-20.484348447070573
-20.48470428035921
-20.485010540835187
-20.48527225360303
-20.485587435856868
-20.485930912725344
-20.486206598128405
-20.486673754722943
-20.48697280321044
-20.487338526418895
-20.48766014506804
-20.487888271158273
-20.48818979198502
-20.488524193229612
-20.488688012557525
-20.488917232896032
-20.489078425224502
-20.489294128824984
-20.48953054395508
-20.489688201341735
-20.49003692492922
-20.490210314032293
-20.490408897433902
-20.490620859460115
-20.490823537826593
-20.491068977097317
-20.491316947316193
-20.49152055775753
-20.491727534922834
-20.49198403015345
-20.492244401659462
-20.492496466048536
-20.492767058339062
-20.493132028113394
-20.493593807805652
-20.494156431731483
-20.494776987120222
-20.495501937669605
-20.496197145421355
-20.49684871754783
-20.497132330170498
-20.497887946936732
-20.49834326386585
-20.498775766388825
-20.49930109856374
-20.499845453481697
-20.500160940061605
-20.500491561296453
-20.500904404533756
-20.501264383320517
-20.501696397352738
-20.501963929979574
-20.5022768053632
-20.50245737629891
-20.50285235351788
-20.503063592592138
-20.50329729365163
-20.50369739522228
-20.503968929681037
-20.50428755048321
-20.504545239224743
-20.504768162205906
-20.505059874756807
-20.50541458119135
-20.505660707430568
-20.505937335664534
-20.506116613376577
-20.506354028631996
-20.506458292182927
-20.506732088225306
-20.506841395798364
-20.506972144937663
-20.50716101539153
-20.507196169935632
-20.50746187207331
-20.507535277750463
-20.50765729006501
-20.507742527668718
-20.507891813355037
-20.508011167854193
-20.508103756576865
-20.50830091054591
-20.50838633026267
-20.50854851511087
-20.508666663735784
-20.508807669597445
-20.508899174990955
-20.508990771566097
-20.509097375358607
-20.50917749286812
-20.50928865344212
-20.509380891442316
-20.509467364064058
-20.50959000727766
-20.509714175357338
-20.509858110541042
-20.509976045761185
-20.51007617889271
-20.510174560929038
-20.510298844679827
-20.510379297050477
-20.51044943637767
-20.510540481896186
-20.510608385528958
-20.510691500155183
-20.510750995498586
-20.510801430882232
-20.51086509709103
-20.510909551948945
-20.510956157059564
-20.511018919779524
-20.51106162181194
-20.511124186340854
-20.511173111080176
-20.511224877056637
-20.51128405996799
-20.51132743533642
-20.51137867840466
-20.51142345537187
-20.511467129725737
-20.511520591783636
-20.511576844126786
-20.511623832933754
-20.511670833784912
-20.51171582666177
-20.511761613150604
-20.511821711773415
-20.511873427090954
-20.51193131974879
-20.51199547758856
-20.512036740625387
-20.5120932522123
-20.512156023661564
-20.512193677274624
-20.512241154359508
-20.51227342258749
-20.51234530097545
-20.512387245181284
-20.512430929718946
-20.512475344864452
-20.512536369186485
-20.512573737269463
-20.512612525333008
-20.512663629028204
-20.512719054857982
-20.512758384853775
-20.51281567960833
-20.512855683710633
-20.51289524960544
-20.512971103089615
-20.5129992778843
-20.51303506726627
-20.513087701753236
-20.51311715481895
-20.51315756706226
-20.513221519169207
-20.51325085047601
-20.513302051833005
-20.513344820665687
-20.51341833662272
-20.51348029715463
-20.51352969151676
-20.513592480630123
-20.51366398536274
-20.513723354592944
-20.513783423508777
-20.513836279830127
-20.513887429372684
-20.51394930185647
-20.51400153006832
-20.514033031756387
-20.514104660955027
-20.514143644162914
-20.51418279677877
-20.51424242331731
-20.514268410430365
-20.51430240039585
-20.514363145331654
-20.514387751709098
-20.514413563477156
-20.514447824384177
-20.514473824404153
-20.5145173848779
-20.514552278027967
-20.51458176522232
-20.51461925958873
-20.514654907690307
-20.514690853798275
-20.514736364290055
-20.514759660909164
-20.514806621024945
-20.514820016818028
-20.514891227588738
-20.514918755396767
-20.514945039606534
-20.51498169315153
-20.51500236309117
-20.515044856120998
-20.51506234395034
-20.515094032841578
-20.5151175472191
-20.515172191638868
-20.5152032753964
-20.51523681785261
-20.515283736812478
-20.51530833812071
-20.51537233110725
-20.515399073723643
-20.515437546078076
-20.515510942012355
-20.51554700968474
-20.515620723274736
-20.515686182271963
-20.515754490821887
-20.515792597328478
-20.515846548282767
-20.51589241975825
-20.515931607496025
-20.516004596261105
-20.516059716760324
-20.516115854061255
-20.516162043607885
-20.516203325429377
-20.51624403754484
-20.516316862962363
-20.51635005119198
-20.51638757477347
-20.516455660782206
-20.516475674025134
-20.516535904326844
-20.516555327874464
-20.516589396154792
-20.516627759587706
-20.516671378462007
-20.516701580360547
-20.51674147709148
-20.516761922795347
-20.51679748965433
-20.51683277051363
-20.51685965328071
-20.51690633262661
-20.516961314984556
-20.51700042441791
-20.51705472244045
-20.517095655959366
-20.517154720959127
-20.517198255837137
-20.51722927761905
-20.517281687627772
-20.517312659275426
-20.517367064449797
-20.51739445210343
-20.51742450027482
-20.51745589328265
-20.517503595593787
-20.517532280726297
-20.51756431188436
-20.51760794035204
-20.51763586079631
-20.517670807954175
-20.517698881993418
-20.517732612504584
-20.517762730515575
-20.517792074956514
-20.51782269072467
-20.51784949506461
-20.51788185663158
-20.51792969399062
-20.517953622274835
-20.51799065146533
-20.518025150636888
-20.518071974310693
-20.518111209931238
-20.51813942449652
-20.518168660295224
-20.518215612253197
-20.51823781699714
-20.518263883344243
-20.518304705069124
-20.51832607723243
-20.518374466356775
-20.518396556389295
-20.518428410863912
-20.518479954035435
-20.518522159448803
-20.51856596055419
-20.51860782476134
-20.5186419163395
-20.518691680118238
-20.518735939958
-20.51876803112131
-20.518804595823998
-20.51883568658622
-20.51888210500327
-20.518908386615536
-20.518938451232238
-20.518965075155
-20.519006391032633
-20.519032340095364
-20.519059900681896
-20.519105390803617
-20.5191351757532
-20.519179990844666
-20.519205079299493
-20.51924084238847
-20.51927188182677
-20.51932145797076
-20.519344282974203
-20.519367815330266
-20.519406626036016
