500 iters for seed 123 on ER0.3 which is in the 41.532135009765625 percentile
 Maxcut: 21.0, MedianCut: 13.0
-12.521027678088478
-12.560626603396218
-12.666960497606302
-12.716373752465845
-12.754449356252383
-12.7833093468964
-12.800118252667255
-12.821467226787888
-12.837520159309953
-12.850508414930104
-12.864613841021233
-12.877451958216744
-12.890698146148619
-12.902246940181069
-12.911338103751618
-12.921489450055029
-12.92726692290206
-12.93372474099184
-12.939137907652297
-12.94361391694473
-12.949042796239356
-12.953226840974473
-12.957043755043946
-12.961374347849427
-12.964270533635844
-12.967370491294167
-12.970136015178573
-12.972611668137041
-12.975203912037713
-12.978197700614109
-12.980880899776505
-12.983606942329514
-12.98691521400348
-12.989957786252782
-12.992601901741754
-12.99541651203979
-12.998892380743476
-13.001021319663128
-13.004365929266708
-13.006809849750596
-13.00905999648265
-13.01200751042535
-13.013567315442126
-13.01540778051818
-13.017576641668125
-13.019006051574724
-13.020899344334401
-13.023206450766853
-13.024533799690845
-13.02564479539574
-13.027224643412579
-13.028322378579931
-13.029449618324648
-13.030434352215963
-13.031453858265312
-13.032389136764014
-13.033416568772083
-13.034336531899159
-13.035151474548478
-13.035966203334295
-13.036713994519749
-13.037474445719129
-13.038170893524095
-13.038955888007365
-13.040026604236514
-13.040872515834764
-13.041829896267
-13.04294499835963
-13.043759478888022
-13.044561125285913
-13.045568662563316
-13.046288142675678
-13.046947064038736
-13.047960380502932
-13.048305708217423
-13.048823837632737
-13.04921119551733
-13.049626053572664
-13.050305852670448
-13.050749830726643
-13.051394210818575
-13.0517422439976
-13.052152624803645
-13.052606018352012
-13.053146403060792
-13.053475241009224
-13.053969012192674
-13.054243881088563
-13.05467307037997
-13.05502066850229
-13.055314548951747
-13.055950953820895
-13.056354520331094
-13.056844070866571
-13.057373861960235
-13.057894777678204
-13.058519008253644
-13.05920328854408
-13.059734026176862
-13.060230680415799
-13.060806343004804
-13.061325397183577
-13.061856068254649
-13.06235776478581
-13.062869748764866
-13.063294989135514
-13.063846406433374
-13.064215370270267
-13.064616323362385
-13.064991485303638
-13.06559565517924
-13.065935320192484
-13.066323206458101
-13.066864533119153
-13.066971916841437
-13.067551523670016
-13.067723838307309
-13.068060103300464
-13.068388646242354
-13.068778263491428
-13.069049663456767
-13.069352797423193
-13.06954755129537
-13.069794838468914
-13.070034830544454
-13.070213170065077
-13.070433962227478
-13.070741634291313
-13.070884467788769
-13.071071130084782
-13.071109061499609
-13.071356310135586
-13.071470207920571
-13.071584806869037
-13.071753176373624
-13.071855714256156
-13.072157779700179
-13.072252089752746
-13.07241212565065
-13.07254567570508
-13.072714506566735
-13.072871035458572
-13.073016361741884
-13.073137548264256
-13.073285316058193
-13.07341989284243
-13.07353469756044
-13.073567467393781
-13.073849647087949
-13.073943550653864
-13.074077017350833
-13.074265772640963
-13.074415105682164
-13.074623691623005
-13.07471812582118
-13.074845390822635
-13.074866349588158
-13.075113943028738
-13.075192324220696
-13.075302962442459
-13.07545792108271
-13.075545598734767
-13.075705830847115
-13.075807682064617
-13.075929448061837
-13.07601258078801
-13.076095463503037
-13.076189609350035
-13.076241419073753
-13.076323433406728
-13.07640536486795
-13.07645325224198
-13.076531440665711
-13.076587926571248
-13.07667767696321
-13.076738041886436
-13.076787419418725
-13.076862614992537
-13.07694613146919
-13.077004829366622
-13.077094205981716
-13.077131680894103
-13.077198267020389
-13.077253537656748
-13.077294483384314
-13.077377258548907
-13.077427700533676
-13.077485280896326
-13.077545279552357
-13.077622000623347
-13.077698492225881
-13.077783768017907
-13.077858928599852
-13.077917906418605
-13.077993601225847
-13.078077830416586
-13.078134112888575
-13.078207191101015
-13.078240115374081
-13.078352171111971
-13.078398401327785
-13.078454399891163
-13.078541015110519
-13.078586127133594
-13.078664295351654
-13.07871084017416
-13.0787626089731
-13.078809007944306
-13.078840611061231
-13.078892201564507
-13.078923201307722
-13.078972973732109
-13.079015474773641
-13.079049769178633
-13.07910796293751
-13.079156212152354
-13.079195299832994
-13.079244482281961
-13.079280473027508
-13.079329224230879
-13.079375392414386
-13.079408694058468
-13.07942852439445
-13.079482555995671
-13.079491257505556
-13.079527479950995
-13.079544452388891
-13.079573532118866
-13.079608982151592
-13.079632586327808
-13.079668859794868
-13.079691772573206
-13.079718876680806
-13.07974209084783
-13.079763341681245
-13.079791296508581
-13.079808932469946
-13.079837973160569
-13.079856921987007
-13.079889389760208
-13.07990691632942
-13.079930349418744
-13.079964569253214
-13.079986300522284
-13.080016228698375
-13.08003260240099
-13.080054629577413
-13.080074263409417
-13.080105787317263
-13.080122895719668
-13.080141842391726
-13.080171454687319
-13.080193073493383
-13.080217123390858
-13.080235359181998
-13.080253994069661
-13.080264381366593
-13.080306676628316
-13.080321602110946
-13.0803410484221
-13.080369552206696
-13.080388965725323
-13.08042018478033
-13.080443862039735
-13.080475738260931
-13.080501151810001
-13.080523151943801
-13.0805537699819
-13.080573625710558
-13.080608949169253
-13.080636618347903
-13.080669299558462
-13.080691798111179
-13.080715640778227
-13.080742658107209
-13.080773395161795
-13.0808077854498
-13.080836880102849
-13.080870820191215
-13.08090502645057
-13.080933485724277
-13.080966257959773
-13.080992835604171
-13.081044275853397
-13.081069065658335
-13.081102964499017
-13.081164400545198
-13.08120439676179
-13.081253968279437
-13.081291519145267
-13.081332549665975
-13.081380761229566
-13.081432621831851
-13.081483894453335
-13.08153153427787
-13.081595249805257
-13.081652471113882
-13.081716157970291
-13.08179168852417
-13.081858943832056
-13.081940732823162
-13.08202414946945
-13.082116619822028
-13.082199582706275
-13.082289234778298
-13.082371668363322
-13.082456690323372
-13.08255056057377
-13.08265123766548
-13.082746854076014
-13.08283528721455
-13.08294552734914
-13.083041779776263
-13.083142887621069
-13.083234399934515
-13.08333422464706
-13.083419641633615
-13.083503629091151
-13.08361765848689
-13.083693788279199
-13.083790340434089
-13.083900018597067
-13.083990915287526
-13.084051717590121
-13.084171249694126
-13.084231172778367
-13.084295417783267
-13.08438392753036
-13.08445058351316
-13.08448829935303
-13.084606831092017
-13.08465472469922
-13.084714530273402
-13.084806875820055
-13.084866580749251
-13.084968436508767
-13.085037604599602
-13.085124917564666
-13.085197876920553
-13.085260965720423
-13.085344618374968
-13.08542212819553
-13.085512639628837
-13.085618075399005
-13.085707046731628
-13.085770019235856
-13.085861137109205
-13.085922520782338
-13.08597902387054
-13.086063668913168
-13.08612110547715
-13.086218560076075
-13.086287618826631
-13.08634693886134
-13.08642688409114
-13.08649316639183
-13.086579859007633
-13.08666631586262
-13.08675691330639
-13.086829157783809
-13.086915519663108
-13.08697019569797
-13.087038857711502
-13.087105402072966
-13.087163963684734
-13.087210247571505
-13.08730380977431
-13.087341495103091
-13.087388641886903
-13.087456123771563
-13.08751726601541
-13.087579049823013
-13.087629216257868
-13.087676872694677
-13.087697595545663
-13.087769703322666
-13.087794792593794
-13.087828576192454
-13.087883826810053
-13.087913269163769
-13.087964534735274
-13.087999579007432
-13.088042420845513
-13.088077572903716
-13.088118307571246
-13.088178340618173
-13.088216253139553
-13.088270393193831
-13.088323034081268
-13.088363509491877
-13.088428044957945
-13.088450141938257
-13.08853409725507
-13.088576689708454
-13.088624164123935
-13.088703723256705
-13.08875476202615
-13.088839700428915
-13.088888864888332
-13.088942020413548
-13.088986790727896
-13.089022427213793
-13.089066645896706
-13.089092578589014
-13.08912347241107
-13.089162828096644
-13.089190399261351
-13.089227928329196
-13.089282237269304
-13.089300002187567
-13.089332376951425
-13.089361918190797
-13.08939730726647
-13.089428067361302
-13.089450842850242
-13.089475379601126
-13.089510797904554
-13.08953673039688
-13.08956664197964
-13.089593139641735
-13.089621679065234
-13.089646842430628
-13.089688428181613
-13.089713044820403
-13.089739668478984
-13.089764960838568
-13.089798797704248
-13.08982690564394
-13.089852885364829
-13.089885759721541
-13.089924358930656
-13.08995026719216
-13.089980068736548
-13.090005785547875
-13.090030964917583
-13.090079304511455
-13.090107132491136
-13.090131694664171
-13.090204062943068
-13.090237769148843
-13.090295619117178
-13.090339563052781
-13.090386313724089
-13.090412170707182
-13.090451462812524
-13.090471331397897
-13.090504492016946
-13.090526735485941
-13.09054696906715
-13.09058046226382
-13.090620219340519
-13.090652193830277
-13.090699581931265
-13.090725028262689
-13.090762705989448
-13.090809461841282
-13.090838962983316
-13.090902046628301
-13.090959759212835
-13.09099666579918
-13.091043439972019
-13.09107441582666
-13.091112817894317
-13.091155812437606
-13.091179837243033
-13.091226380627614
-13.09127279910029
-13.09132058249503
-13.091361212772583
-13.091398455367425
-13.091446652799394
-13.091496835046703
-13.091532449785847
-13.091570978334822
-13.091596381401231
-13.091638577063016
-13.091667878761633
-13.091694565267273
-13.091747178401485
-13.09178603799306
-13.09182516110763
-13.091855570924977
-13.091887648049653
-13.0919163188069
-13.091970000350674
-13.091993043006024
-13.092026974671372
-13.092067822113401
-13.09210968840715
-13.09213677086474
-13.092174329625147
-13.092197665668218
-13.092225502350638
-13.092266321271667
-13.092286771745773
-13.09230395818916
-13.092351373239865
-13.092363063730748
-13.092394841887147
-13.09240009448934
