500 iters for seed 156 on ER0.3 which is in the 67.47817993164062 percentile
 Maxcut: 30.0, MedianCut: 20.0
-19.600893433191498
-19.741171679111257
-19.779722518510727
-19.842831282037945
-19.884057773352264
-19.911670334578496
-19.941338423938866
-19.969238071298648
-19.989312378824362
-20.006600854307653
-20.021681336475385
-20.035815901651056
-20.045287696194862
-20.054106093087036
-20.063199960865937
-20.070705981491905
-20.079890478534388
-20.087438521078074
-20.09253386769854
-20.09832157698074
-20.104888085631533
-20.10944284363584
-20.115170043119626
-20.11890700120651
-20.123624820446874
-20.126538352373093
-20.12945460348438
-20.131667020931083
-20.135168316966148
-20.137270070410533
-20.139545070898926
-20.14164005655938
-20.143630325202697
-20.1458925235669
-20.14757920724059
-20.149563928721353
-20.151508382046863
-20.153180145143896
-20.155229561774846
-20.156967473401593
-20.15830717686103
-20.159476206293416
-20.160717941419822
-20.161814081705547
-20.162656684671713
-20.16363377308534
-20.164432677050208
-20.16524551589895
-20.166114174985022
-20.166867169598994
-20.167983465107554
-20.169086632300736
-20.170311441355096
-20.17137268774163
-20.172408289988994
-20.17347199539328
-20.174589061542576
-20.175890471129048
-20.17711260579639
-20.17818315642069
-20.17924110572034
-20.180170597026116
-20.181198193025693
-20.18186445419637
-20.182655767857423
-20.183296078358204
-20.183849932971064
-20.184338428565674
-20.18477957898924
-20.18521499732541
-20.185670555293463
-20.185991036862152
-20.186526592486068
-20.186936698733277
-20.187472034791345
-20.1879364571327
-20.188367317901573
-20.188963587157122
-20.18966220998637
-20.190072389437503
-20.190630613829903
-20.19105645958161
-20.191508021187637
-20.191952092878296
-20.192369570517403
-20.192909925860377
-20.193476533499265
-20.19402343076472
-20.194583772171388
-20.195099422901798
-20.19555102244481
-20.195951937124768
-20.196311326027633
-20.196706012503796
-20.196967304281674
-20.197189703565243
-20.197391484491703
-20.197604272806355
-20.197890495994244
-20.19813855280956
-20.198387942231523
-20.198561793355037
-20.19873358788137
-20.198978634523343
-20.199204064846533
-20.199430880148594
-20.1996579336479
-20.19983405336944
-20.2000296505014
-20.200355599366514
-20.20052114335263
-20.200755284516983
-20.201051757839956
-20.201300089356394
-20.20173692790724
-20.202106262249742
-20.202376794742946
-20.202720973925086
-20.203010145042793
-20.20332484766633
-20.20358895048765
-20.203798457868483
-20.204005942525985
-20.20427633148212
-20.20446862009279
-20.204665213685118
-20.20491667576063
-20.205083392330373
-20.205309382780996
-20.205570639125575
-20.205772713815005
-20.205939224389034
-20.20614944776093
-20.206318099570076
-20.206535657314994
-20.206759497662738
-20.20693031980776
-20.20711840014791
-20.207297712340655
-20.207491272311433
-20.207663272376877
-20.20786325511973
-20.2081433679597
-20.208341509691046
-20.20853136399662
-20.208741590725054
-20.20889859778501
-20.209103021645006
-20.20928784980233
-20.20945023340839
-20.20962537341804
-20.20984960447238
-20.2100287440894
-20.210215476320933
-20.210434596613773
-20.210662309913168
-20.210912768033683
-20.2111454613105
-20.21135487028223
-20.21155686016501
-20.211775378920343
-20.21200500914924
-20.212253833485498
-20.212497969845483
-20.212830510367976
-20.21305872759733
-20.213346210603866
-20.213592994735286
-20.21379196905682
-20.214044558245597
-20.214270116671173
-20.214478504911714
-20.214681452226
-20.214856359874357
-20.215067567803604
-20.21519219054533
-20.215347701299176
-20.215495494283118
-20.21565012703083
-20.215816006067502
-20.215975492360524
-20.216150170044067
-20.21632280706243
-20.216494721710006
-20.21662264627684
-20.21679866734511
-20.21686957688156
-20.217034779056203
-20.217143159443594
-20.2172590780636
-20.217341257601163
-20.217510318407406
-20.217597791639893
-20.217681097894356
-20.21781002018529
-20.21787833777048
-20.217977083344675
-20.218042212515076
-20.218119000815953
-20.21818473744494
-20.218242388856332
-20.218320630441788
-20.218384552265523
-20.218459187585115
-20.21852193856761
-20.21857142806452
-20.21862719479607
-20.218688507094832
-20.21875140158035
-20.21882024254427
-20.218890456624884
-20.218950047948585
-20.219007488769233
-20.219071749479767
-20.21912549362346
-20.21919667354746
-20.219284335138365
-20.21935644036831
-20.219437785739377
-20.21957365458021
-20.219674887849852
-20.21979360928516
-20.21989645539111
-20.21998149933774
-20.220054346586632
-20.220169930768904
-20.220283092101855
-20.220397486653006
-20.220487186265366
-20.22058624215051
-20.220680471886233
-20.220786459351963
-20.220919795414247
-20.220993997819882
-20.22107687768454
-20.221220624420685
-20.221313353505316
-20.221474302874306
-20.221583543723852
-20.221723517314324
-20.221852161744707
-20.221994715285437
-20.222179232458803
-20.2223581824525
-20.222544797336035
-20.222736424994654
-20.22301005877285
-20.22330376665833
-20.22361749571268
-20.223881089987323
-20.224192619638657
-20.224511449575637
-20.224774298408523
-20.225155052111692
-20.225461952508933
-20.22573173621445
-20.226089445333134
-20.226299464030458
-20.226520194704584
-20.226754581464025
-20.226919504244393
-20.227158947011226
-20.227350340842488
-20.227460840628776
-20.227635495214162
-20.22779439386761
-20.227943672068832
-20.22811412517634
-20.228238738515707
-20.22838916656559
-20.228542665203197
-20.22862296518813
-20.228746031392124
-20.22881966056644
-20.228920385835174
-20.22899926940736
-20.229086013572815
-20.22914794933876
-20.229221232442125
-20.22928481843412
-20.2293392736884
-20.2294555426575
-20.229532519741227
-20.229628716330254
-20.229705835070877
-20.229793676035165
-20.2298271612571
-20.22998507239758
-20.230032314786396
-20.230093993526157
-20.230180830137037
-20.230255926378767
-20.230356072882394
-20.23040845175378
-20.23048006155643
-20.230543426767625
-20.23065963291285
-20.2307401641038
-20.23081700262589
-20.23094749685421
-20.231011906326813
-20.231111726794794
-20.23118737564688
-20.231282399420813
-20.231371192441696
-20.231462739262
-20.231581684747084
-20.231641752168805
-20.231714198441054
-20.231833535546677
-20.231878727019662
-20.231952178552163
-20.23201751631219
-20.232083096654083
-20.232199838497653
-20.232259454629997
-20.23237228047272
-20.232457637566675
-20.232562463391996
-20.2326569540826
-20.2327388761687
-20.23286836926928
-20.232952994039415
-20.233044390018858
-20.233222189769716
-20.233313680667912
-20.233411551457607
-20.23361920613738
-20.23371430709481
-20.233789997282706
-20.234040256333625
-20.234099032197797
-20.2342551174043
-20.234275071413215
-20.234464082809293
-20.234520479092165
-20.23460084672157
-20.234706944511906
-20.234767478393614
-20.234871352392304
-20.234912519371733
-20.234967241906084
-20.23501885057399
-20.23510228958442
-20.235146308484687
-20.23518759346826
-20.235241153436586
-20.235273790864408
-20.235335037966518
-20.23538838550157
-20.235438958734452
-20.235483668317883
-20.235529435341835
-20.23558775866692
-20.2356339980812
-20.235669757446487
-20.235743954715225
-20.23578055410795
-20.235827254850133
-20.235906355809828
-20.235960439155253
-20.236018194693898
-20.236062878200755
-20.23611162438723
-20.23615368575208
-20.236197726171593
-20.23623702471098
-20.236275627431148
-20.236305498922036
-20.236340772318584
-20.2363652340592
-20.236403458813818
-20.23644085250717
-20.23647771612648
-20.23651640339827
-20.236554929676206
-20.236599673673044
-20.23663349762139
-20.23665760967464
-20.23669913693255
-20.23672411918482
-20.23674860473941
-20.236785624070425
-20.236815229346362
-20.236829941649702
-20.236868483530728
-20.23689190315553
-20.236921081608404
-20.23695114178252
-20.236975635488953
-20.236992560045692
-20.23702307911746
-20.23705031457019
-20.237069123020248
-20.23710298047151
-20.237126979003985
-20.237155624415752
-20.237189643760512
-20.237214614641907
-20.237238074593417
-20.237276188139862
-20.2373053321528
-20.237321114032753
-20.23734945553423
-20.237374232216574
-20.237404133056387
-20.23743388274906
-20.237466680162463
-20.237492178718103
-20.237516999900265
-20.23755231117026
-20.237576633673875
-20.23759087230392
-20.2376171598279
-20.237630846011566
-20.23764768233963
-20.23767686098979
-20.23769096300692
-20.23770971301219
-20.23773705961422
-20.237760973942144
-20.237772591871042
-20.237799735811613
-20.237817462865298
-20.237838293797715
-20.237860924968928
-20.23787761389404
-20.237905777982895
-20.237915918857098
-20.237954922790607
-20.23797127369514
-20.23799681499375
-20.23803548385993
-20.238059800860604
-20.238092286236796
-20.238116515923554
-20.238138813873675
-20.238164701066445
-20.23819432984518
-20.23822819608727
-20.238256858195232
-20.238290464377336
-20.238322406084443
-20.238358887145992
-20.238387222508415
-20.238427113300943
-20.23844540977681
-20.238492358877735
-20.238518631487658
-20.238550629814306
-20.238605555923336
-20.23863976667855
-20.238688920889828
-20.238726447098788
-20.238773942999224
-20.238829057935565
-20.238909770898594
-20.238983786995014
-20.239070601543993
-20.239151140093764
-20.2392435239571
-20.23932358279015
-20.239428915396005
-20.23953771447298
-20.239623371849312
-20.239726777893676
-20.23989665223943
-20.23998287004305
-20.240073530818126
-20.240183504066177
-20.24029693608645
-20.24038782546642
-20.2404692978185
-20.240541824472903
-20.24061139138019
-20.240686907920576
-20.240754087012878
-20.24085149124104
-20.240935342893387
-20.241002149632436
-20.24107896172198
-20.24113455510425
-20.241200302532153
-20.24126699780607
-20.24131572351673
-20.241373344816296
-20.241444274765506
-20.241502661788996
-20.241546750492095
-20.24161665947068
-20.241662238613678
-20.24170438963494
-20.24177701712854
-20.241812161842798
-20.24186106882082
-20.241905117756396
-20.241949166710672
-20.24197475355502
-20.24201339732926
-20.242036348574974
