500 iters for seed 12 on ER0.3 which is in the 46.161651611328125 percentile
 Maxcut: 24.0, MedianCut: 16.0
-15.818989136937107
-15.882518794763786
-16.019960806241357
-16.085592950760706
-16.224551172309322
-16.26739616530709
-16.35183216378005
-16.397182220023804
-16.433249547100246
-16.464099273511657
-16.491052277614934
-16.524735875405238
-16.54446119852365
-16.565296196957902
-16.58119537987363
-16.5960210427506
-16.61079248826278
-16.621315103284797
-16.63102700459976
-16.640134627610973
-16.64882143977931
-16.656660337956996
-16.667962510593355
-16.67579899828836
-16.68097387575034
-16.688359876591136
-16.69377511170565
-16.697918686854504
-16.703327618060218
-16.709154220722844
-16.712381916079092
-16.71682710316581
-16.721651864696362
-16.72619887948175
-16.73065406862707
-16.734516267535348
-16.73791444583026
-16.741809852593406
-16.745467124869347
-16.74808902558899
-16.751972904709987
-16.75576050021101
-16.758828565672008
-16.762597107639266
-16.76581584780685
-16.769504206491398
-16.772374007586233
-16.775595779739604
-16.77877633449197
-16.78242799862746
-16.786762798134134
-16.790726520461366
-16.793822575707427
-16.7974501915606
-16.80029201990778
-16.803110749969765
-16.805456248275053
-16.807911455878504
-16.810354545353587
-16.81268649807785
-16.815369230351045
-16.817818653434223
-16.8198626852987
-16.821443208170564
-16.82357078303844
-16.82468655293799
-16.826212495986475
-16.827504363065607
-16.828917004485085
-16.830445372497152
-16.832676458297467
-16.834021159768568
-16.8357808708573
-16.83730024398485
-16.83902358773549
-16.840454518669
-16.841515643017296
-16.842932028318145
-16.84425854431376
-16.84536828646179
-16.846468293696415
-16.847536988219428
-16.848455247843283
-16.849544363412004
-16.85045211651829
-16.85146614930305
-16.85236811991699
-16.85311531558764
-16.853816542246374
-16.854626769191633
-16.855174051680777
-16.855753885117284
-16.856306060949557
-16.856789022947865
-16.857292014761345
-16.857730901877026
-16.85823262105278
-16.85867698219692
-16.85923737944953
-16.859773824363973
-16.86030985973715
-16.860852390370745
-16.861566992692516
-16.86209495197884
-16.8625708921323
-16.863159846750502
-16.863690460231314
-16.864314481792928
-16.86494351303741
-16.865407244670415
-16.865859493655126
-16.86648606770741
-16.86690153353594
-16.86736893024545
-16.867826806348834
-16.868161079314024
-16.86854161889726
-16.868914570442595
-16.86928463530149
-16.869596732279046
-16.869973281258474
-16.870449303795983
-16.87080169775296
-16.871128495976098
-16.87156047910083
-16.87184898249176
-16.872201981995037
-16.87269258105331
-16.872949358642877
-16.87324071902287
-16.873681027670276
-16.873994947478785
-16.874360118656746
-16.874899577950064
-16.875353760445417
-16.87578283021061
-16.876385000993828
-16.87673093505552
-16.877071910073145
-16.877551629648412
-16.877813157238908
-16.8782637795906
-16.878729092814286
-16.878988449370222
-16.879510645652644
-16.879895681827097
-16.880336676310165
-16.88075808107864
-16.881094728816837
-16.88165276333172
-16.882199095677073
-16.88276484198716
-16.883160155445776
-16.883542072639393
-16.883969647825477
-16.884415055154896
-16.88474689453984
-16.88510391867671
-16.88546889218371
-16.885869321328794
-16.886180413386953
-16.886502901740414
-16.886713550648977
-16.887126470953966
-16.887303085868496
-16.88751336215105
-16.887893241046534
-16.888090119404623
-16.888339892933324
-16.88852400108746
-16.888743260183674
-16.88899630588279
-16.88925678033795
-16.889545155015977
-16.889731244699615
-16.88988952843953
-16.89021283862101
-16.89027859652402
-16.89047789776861
-16.890593052190077
-16.89073091460737
-16.89091091505529
-16.891071899337728
-16.891340815339586
-16.89149952430715
-16.891698516323956
-16.891841436834813
-16.892015389735338
-16.892259703127454
-16.892399408178314
-16.892643767492885
-16.89281793581438
-16.89300933217993
-16.89317464092318
-16.89332177137191
-16.893508102330458
-16.893659699431325
-16.893803447501732
-16.89393045294482
-16.89407438696354
-16.894221708679797
-16.894355592476277
-16.89448629929179
-16.89461672904143
-16.894748703122854
-16.894875121751266
-16.89501500504079
-16.89515814483114
-16.895283879727547
-16.895394701456837
-16.895620590093028
-16.895756728988484
-16.895908156702674
-16.896105711024106
-16.896272861691447
-16.896383870350174
-16.89673035230375
-16.89686007307485
-16.89704689445298
-16.897215870258982
-16.897434882178878
-16.897564317001645
-16.897711396543244
-16.897844790254737
-16.897994332429683
-16.898126537591626
-16.89823837738471
-16.898408801337478
-16.89857304227165
-16.898698785616844
-16.898849490326896
-16.898972597190493
-16.89907825976468
-16.89923982538473
-16.89933129546765
-16.899419788358117
-16.899589778568085
-16.89968001384622
-16.899816644976955
-16.899965617640852
-16.90016928018816
-16.900269771018763
-16.900482064956755
-16.900528477417723
-16.90070365663054
-16.90079746958227
-16.90090733026043
-16.90106156187648
-16.901172874503633
-16.901338361282868
-16.90143667762313
-16.901577940100104
-16.901616379779856
-16.901858239718013
-16.90193552338453
-16.902033370337378
-16.902157314196117
-16.902257351083144
-16.902382171759005
-16.902447691987614
-16.902519746765165
-16.90265215014936
-16.902729483449377
-16.902820253333683
-16.90288067275197
-16.90295922130902
-16.903039095380752
-16.903154735865428
-16.903221353188997
-16.903300615949398
-16.903367813942314
-16.90347864898039
-16.90355678999445
-16.903641427809156
-16.903809279626962
-16.903895796820304
-16.90406155628417
-16.904190249009726
-16.904338393555914
-16.90446941525613
-16.904587234560072
-16.904752125064846
-16.90486027114784
-16.904971652585253
-16.905169519726595
-16.905206108384117
-16.90537428726468
-16.9054722810299
-16.90561171662887
-16.905794375441506
-16.905913711541803
-16.906076140853436
-16.906175402968337
-16.906296679160423
-16.906384429784108
-16.906501087956435
-16.906605865343423
-16.906692739401695
-16.906811110241197
-16.906961255904527
-16.907058086225373
-16.907191755250643
-16.90731150325078
-16.90745066145405
-16.907643586011826
-16.90776630954891
-16.907989507913467
-16.90818044691769
-16.90833574542489
-16.90855262192059
-16.908720699468045
-16.90890020170225
-16.909116991344344
-16.909250327165726
-16.909420247601666
-16.909572742714193
-16.909716326674666
-16.909803585722614
-16.909977080856475
-16.91005532634233
-16.91015798428885
-16.910338531107794
-16.910451439068517
-16.910591982256733
-16.91074026882893
-16.910859553908654
-16.910972366166995
-16.9111825348753
-16.9112860419832
-16.91140421554062
-16.911546167759585
-16.911714686189036
-16.911828485154963
-16.911947638099377
-16.912048892938312
-16.91216689189465
-16.91227293203949
-16.912342643272993
-16.912422053998675
-16.912497488992514
-16.912587334538966
-16.912687450433605
-16.91280915579493
-16.912901890314235
-16.912998616023007
-16.913073720950788
-16.913172298859497
-16.913273684224823
-16.913340252139257
-16.91344650747315
-16.91355356925593
-16.91361626234096
-16.913716792472265
-16.913762122515298
-16.913838883243
-16.91392261500121
-16.913977175470972
-16.914063374184114
-16.91414858173663
-16.91420016609826
-16.914291535762
-16.91434519917614
-16.914405319304493
-16.91448386894478
-16.914537268077893
-16.91461387680751
-16.9147443559973
-16.914793877851196
-16.91489115137503
-16.914910191014823
-16.915019356692085
-16.915070552952663
-16.91512746830527
-16.91521600800786
-16.91527018529294
-16.915365521205352
-16.915419899597577
-16.91547592054778
-16.915525827810878
-16.91556232339012
-16.915613102121846
-16.915650656979167
-16.915695125031046
-16.915750864174928
-16.915789131659025
-16.915834972318823
-16.915875313272608
-16.91590614798738
-16.91593851590724
-16.915971770413435
-16.916016337260494
-16.916042043452528
-16.916070280176612
-16.916096346096005
-16.916137412925004
-16.916158495654493
-16.916173549553463
-16.916197067474265
-16.916206931643977
-16.91623125934148
-16.916241963269893
-16.916260448059187
-16.916284354041398
-16.91630661372642
-16.916322213852922
-16.916343850636682
-16.91635892679822
-16.91637996337732
-16.916396129116137
-16.91640786253276
-16.916424863213784
-16.916439256237464
-16.916460413458992
-16.91647581903475
-16.916489653654374
-16.916507522813124
-16.916528793175157
-16.916541487048168
-16.916560264528695
-16.91657772912383
-16.91659811373218
-16.91662209284585
-16.916636463422932
-16.91665645767419
-16.916673906759854
-16.91668860749358
-16.916697452114033
-16.916716658289065
-16.916719489459428
-16.916736329192105
-16.916744020037232
-16.916755021563983
-16.916771010802787
-16.91678034447499
-16.9167980557675
-16.916810628865328
-16.916825191955226
-16.9168380096697
-16.916850175638306
-16.916873291763846
-16.916887409563433
-16.916901438715914
-16.916929113949127
-16.916945486095422
-16.916979733843956
-16.916995460018008
-16.917019954922687
-16.917040331834936
-16.917058812608648
-16.917077323446296
-16.917095965990463
-16.91711830891289
-16.917134082346074
-16.9171527970164
-16.917175782165465
-16.91719133392617
-16.917202760413755
-16.91722334438084
-16.91723330029966
-16.917245907882037
-16.91726436485488
-16.917274308293067
-16.917285940689492
-16.917308884655085
-16.91731721242335
-16.917329297496316
-16.917333795294205
-16.917347885303613
-16.91735781866444
-16.917367618861196
-16.917383926649602
-16.917392907875286
-16.91740936748951
-16.91741856447582
-16.917427477519666
-16.917433791578226
-16.917439622295916
-16.917451441833766
-16.917458396754583
-16.917466662130426
-16.91747828394478
-16.917487046291512
-16.917493268533224
-16.917504982235084
-16.917512257304615
-16.91751942178878
-16.917534739148405
-16.917540353014004
-16.917548754338895
-16.91755669071065
-16.9175673508461
-16.917579900710844
-16.917588515821514
-16.917598909565474
-16.91761114464286
-16.917619173436858
-16.917630427260534
-16.917634681137606
-16.9176497951617
-16.917657325756487
