500 iters for seed 105 on ER0.3 which is in the 40.656280517578125 percentile
 Maxcut: 27.0, MedianCut: 19.0
-18.64100224995493
-18.738600163681873
-18.789665065646332
-18.828324895628324
-18.86324453364292
-18.892208642631044
-18.921154114522643
-18.941461733839912
-18.958151770950884
-18.97023260854357
-18.983418272902114
-18.99517968750923
-19.00447375023762
-19.013161142839735
-19.019824684729176
-19.0247447667478
-19.028945576153657
-19.03314938781132
-19.0381615056748
-19.0438141690287
-19.048289035275793
-19.053148946073463
-19.05806798052059
-19.062951979015544
-19.066336224378976
-19.069905976090716
-19.073879246085447
-19.077163380892998
-19.080041706533915
-19.082491236127318
-19.08468267317754
-19.086997563593812
-19.088586178972037
-19.090679250862202
-19.093430114720263
-19.095418294811015
-19.098667432124433
-19.100724387415145
-19.10308328777117
-19.104534358224033
-19.10591092586513
-19.10741904720567
-19.108816357489395
-19.110048126769772
-19.111525474596434
-19.112491760396452
-19.113481900281514
-19.114529763653557
-19.11530217108715
-19.11627063068596
-19.11709099856673
-19.117915838332316
-19.11889828631894
-19.119833973857137
-19.12077094005933
-19.121972698901434
-19.12314516959281
-19.124691358427217
-19.12628363400199
-19.127885107320786
-19.129087618605816
-19.130568005021217
-19.131847955479405
-19.133151972594085
-19.134411435490613
-19.135372089672433
-19.13659539982423
-19.13749951603687
-19.13814438524542
-19.138967408348364
-19.13977512743457
-19.140593570431435
-19.141609781186535
-19.142336790026217
-19.14317165044731
-19.144025089734438
-19.144727895404372
-19.145659820939052
-19.146507276797813
-19.147313904738276
-19.14790931606599
-19.148526366014472
-19.149289038947934
-19.15006085144458
-19.15080923238683
-19.151557893195815
-19.15240348920572
-19.153192205295674
-19.153811465500908
-19.154347041060916
-19.15489308627024
-19.155575819433253
-19.15629855647653
-19.156896516839097
-19.15749170405442
-19.15839976577565
-19.15905097073201
-19.15967935045925
-19.160594701350963
-19.161050629467884
-19.161561935238076
-19.16223717677194
-19.1626652142552
-19.163273634809368
-19.163841877876834
-19.164416108026803
-19.164743072059828
-19.16546958898775
-19.165552448505792
-19.16627107194705
-19.166558064947544
-19.16695852890851
-19.16742787096196
-19.167709441062584
-19.168091447188942
-19.16833454643646
-19.16863166213443
-19.16889227593722
-19.169127293578796
-19.169459023924503
-19.16964321533597
-19.16989822345771
-19.170208873043652
-19.170513049074412
-19.170774046870633
-19.17115753398388
-19.171489692153703
-19.17170108844836
-19.172161195451984
-19.172516771613743
-19.172933699067894
-19.173395077568788
-19.17375675299249
-19.174075008747643
-19.174611755649472
-19.174955758901522
-19.175211271544175
-19.175631202472022
-19.175948601763814
-19.17637478566167
-19.176793016943073
-19.177287015448808
-19.177730126672124
-19.17818156118228
-19.17858468157154
-19.17898765015712
-19.179400215744977
-19.17983646309289
-19.18035098001867
-19.180795105416454
-19.18117718900849
-19.1816254739932
-19.18196260245668
-19.18226977928622
-19.182812694175475
-19.18306853317123
-19.183368887396597
-19.183811002973314
-19.184091012307285
-19.184379693860443
-19.184920073479134
-19.185120955530294
-19.185509539390708
-19.185670571245307
-19.18613299557446
-19.18631199422061
-19.186518509951995
-19.186813077677737
-19.186919174710823
-19.18735495269075
-19.187497403356225
-19.187718877472456
-19.187831945545195
-19.188118078846625
-19.188287041114968
-19.18844307508479
-19.188689043174293
-19.18884632813922
-19.189040135919278
-19.189157492154358
-19.189280587315466
-19.18940924765374
-19.189530836502506
-19.189674296159208
-19.189761170863783
-19.189849319017437
-19.18998987277411
-19.19007132097144
-19.19013575747485
-19.190253431777776
-19.190331983470415
-19.190382248533275
-19.190568423861897
-19.190632715068116
-19.190739187410234
-19.19084875483328
-19.190993680349866
-19.19110954992535
-19.191223391326634
-19.191311848162744
-19.191430649237535
-19.191542059949022
-19.191628345581186
-19.191748099209722
-19.191896566518484
-19.19198004661178
-19.19211089073576
-19.192171030810663
-19.192323677898983
-19.19242326481842
-19.192516169239354
-19.19265589763923
-19.1927147747208
-19.192878161357825
-19.192946022455548
-19.193069382115546
-19.193195286831724
-19.19336471025017
-19.193459256185054
-19.19355707071712
-19.19368719682209
-19.193770361266573
-19.193880894478568
-19.19396071827743
-19.19403737038177
-19.19412455460936
-19.194215471242597
-19.19433162680742
-19.19442028133399
-19.19452115511259
-19.194607518985553
-19.194699120119452
-19.194742513105478
-19.194838897947818
-19.194884953904634
-19.19493378547166
-19.194997633540538
-19.195041450994985
-19.195094559882484
-19.19517157788536
-19.195231398982067
-19.19529809028758
-19.195416012649854
-19.195493860240916
-19.19555729078983
-19.19565840791579
-19.195721433539134
-19.19580322248631
-19.19586929090255
-19.195933722140754
-19.196014181111302
-19.196068112099354
-19.196136701592177
-19.196189126612182
-19.1962432991552
-19.196333072143478
-19.196353009134086
-19.196449491414015
-19.196487568381094
-19.19653459536427
-19.196592158983655
-19.19666620534057
-19.196733524174146
-19.196801488050298
-19.196853125590046
-19.196922045703992
-19.196984147398233
-19.197043741958595
-19.197110314165048
-19.19718960636254
-19.19724805803044
-19.197318148839514
-19.197362933208193
-19.19742556088059
-19.197486565918076
-19.19752556641236
-19.19756548522465
-19.1976531708383
-19.197691017676338
-19.197738361883296
-19.197808108944614
-19.19782358876839
-19.197913072953526
-19.19794028658954
-19.198001176951543
-19.198079493735797
-19.198108580977873
-19.198188989652028
-19.19822023456184
-19.198264372788504
-19.198303784216694
-19.198368433262257
-19.198412676428305
-19.198452003300716
-19.198509443694043
-19.19855829510085
-19.198598654746576
-19.19863731175797
-19.198672843513663
-19.198721679368504
-19.198763691484455
-19.198798709973232
-19.19883974587088
-19.19887266383499
-19.198920316209477
-19.198949384265564
-19.19898156294711
-19.19899900456076
-19.199061711381205
-19.199089540699692
-19.199121500587392
-19.199170589635138
-19.199201928497992
-19.199254971711945
-19.19929082613511
-19.19934187489522
-19.19938330821855
-19.19941613132971
-19.19946927628552
-19.19949763205313
-19.19952956234942
-19.199591321170473
-19.199621829457808
-19.199658300910983
-19.199722262690823
-19.19974911955475
-19.199778067125756
-19.19983970250988
-19.199865010507217
-19.19988814735645
-19.199929455258477
-19.19995704695069
-19.199995890659164
-19.200050497919175
-19.200083111310057
-19.20012407246726
-19.200140172443454
-19.200182271355295
-19.20020782175967
-19.200230138001203
-19.20027144733106
-19.200301841294593
-19.200340590476358
-19.200370817727322
-19.200410933976187
-19.200444384008904
-19.20049946948234
-19.200539405514544
-19.200585536931644
-19.200643224767045
-19.200690050156386
-19.20072814547879
-19.200762515257388
-19.200798109891828
-19.200845299914146
-19.20088372560607
-19.20091011100506
-19.20094655021806
-19.200967875812797
-19.201011952571545
-19.201033160652656
-19.201057480524913
-19.201090851507562
-19.20112995659309
-19.201154742347263
-19.20118515200975
-19.20120384776458
-19.20123637233239
-19.201260479045573
-19.201280247765148
-19.2013080271316
-19.20133981319851
-19.201359792412745
-19.20138616180379
-19.201404349251167
-19.20142888256786
-19.201460121812385
-19.201478528350904
-19.201490990245052
-19.201536944830835
-19.20155214437574
-19.201577126716728
-19.201611426480135
-19.201637164742458
-19.201659195351496
-19.201675208717422
-19.201693420941982
-19.201704344256772
-19.201729074614835
-19.201739026910012
-19.201755279831854
-19.201779855477152
-19.201798320081927
-19.201818921151983
-19.20183285188508
-19.20184725210989
-19.20186181201006
-19.20188641126042
-19.201900436152766
-19.201917702196827
-19.201945327818628
-19.201973225202345
-19.20199256964392
-19.202016859103168
-19.202030885328057
-19.202048199498723
-19.20206782120075
-19.20207972136684
-19.20209973605394
-19.202116877386917
-19.202132887637617
-19.202149519194098
-19.20216469489794
-19.202180645367424
-19.202193912905063
-19.202209453969864
-19.20222937459249
-19.202255223216568
-19.202276085785645
-19.202292642770914
-19.202314518976983
-19.202328767167394
-19.202342001595767
-19.20236082439527
-19.202371265791434
-19.20238443328781
-19.20239995946647
-19.202410986715012
-19.20244425027326
-19.202456046411577
-19.202472473258837
-19.202489743815605
-19.20250484628799
-19.202520644319314
-19.20253602706928
-19.202551469101557
-19.20256593920551
-19.20258692818217
-19.202602685142537
-19.202621069760195
-19.20263598551123
-19.202650282133625
-19.202656421697913
-19.20268191760905
-19.202691631645838
-19.202706288390683
-19.202726200177846
-19.20275045176327
-19.20277410754235
-19.20279509322939
-19.2028158808316
-19.20283893109013
-19.202866454369627
-19.202889853099183
-19.20290868015305
-19.202929056855126
-19.20295647829141
-19.202972771861653
-19.202993317261253
-19.203002567616785
-19.203019631687685
-19.203030141269956
-19.20303988906377
-19.203059408076008
-19.20306932276569
-19.203083879428046
-19.20309654042321
-19.20311116651444
-19.20312327615905
-19.20313235084113
-19.20314535738337
-19.20315372608708
-19.2031641348297
-19.20317737869665
-19.203191363233188
-19.203198949585726
-19.203216563858923
-19.203221514785202
-19.20323650897627
-19.203246497715536
-19.20325650509228
-19.203270811025757
-19.203278800974008
-19.203294007027047
-19.203303392470236
-19.203313066787196
-19.203320172166045
-19.20332608556678
-19.203338271897657
-19.203342311772218
-19.20334807062483
-19.20335596975043
-19.203361461535245
-19.203370380713793
-19.20337991984756
-19.203385201416907
-19.203392232041505
-19.2033988981885
-19.203407019126033
-19.203412821118015
