500 iters for seed 58 on ER0.3 which is in the 79.22744750976562 percentile
 Maxcut: 28.0, MedianCut: 19.0
-18.653306097646283
-18.76098961494087
-18.817784516254424
-18.860809201088774
-18.893691596711157
-18.915062846531786
-18.93606912745482
-18.955004356938762
-18.966912363959295
-18.977473827145452
-18.98761713618348
-18.997721601120922
-19.007129083047786
-19.016743924701426
-19.024599414466074
-19.031227461693543
-19.03832890982326
-19.046525927086588
-19.053481600928794
-19.05986467910599
-19.066900516653156
-19.073025800480114
-19.077199802820427
-19.08155903639774
-19.086629614601787
-19.09070279176185
-19.094803915031044
-19.097824674036683
-19.101613521432917
-19.104160850555754
-19.106619677808926
-19.10846942030195
-19.11019145760464
-19.111883048721577
-19.113467672239548
-19.115082475893075
-19.116548488705817
-19.11762063610227
-19.118852108475245
-19.11976583664983
-19.1211122922431
-19.12222563084633
-19.123488582220432
-19.124602099096883
-19.125468622384762
-19.12687920115484
-19.128327638657566
-19.129888735578444
-19.131970757022966
-19.132986926761042
-19.134420413519663
-19.135436746320476
-19.136380034160403
-19.137176860083432
-19.138154819085408
-19.13851291404048
-19.139343342045514
-19.13972416171833
-19.140495618634546
-19.140917191123346
-19.14140668590776
-19.142108832355156
-19.142919536533636
-19.143800659710294
-19.144511846562352
-19.145225370674783
-19.14593082584177
-19.146970034752517
-19.14764292759706
-19.148441602317707
-19.149508290074614
-19.15019311031186
-19.15138232993766
-19.152350764944774
-19.153180786748987
-19.154079095837172
-19.154901081559085
-19.15561166128341
-19.156527107552943
-19.157399645228566
-19.15811951491724
-19.158844261971872
-19.1595256338126
-19.16017760239938
-19.16083528117415
-19.161349697578853
-19.161749665292696
-19.162157533875053
-19.1624789506658
-19.16279846203191
-19.163122802036998
-19.163400917617224
-19.163625896599704
-19.163833712859372
-19.164030569591596
-19.164302133487872
-19.164619692644102
-19.16496189887167
-19.16522095815541
-19.165601272823384
-19.165918757053728
-19.16633228429057
-19.166826573139826
-19.16711717928158
-19.167422317605244
-19.167908225092024
-19.1681206873504
-19.168350501164287
-19.168608040157913
-19.168780386254106
-19.169114039243766
-19.16941836347199
-19.169677166716188
-19.16988995888714
-19.170092849735873
-19.170255508280906
-19.170621841151096
-19.17078409770612
-19.171088431934397
-19.171469298822544
-19.17190027543448
-19.17225657268347
-19.172577805108897
-19.172819483431834
-19.17313844518599
-19.173438424456563
-19.173738391790597
-19.17412059732831
-19.174340154028656
-19.174550868847597
-19.174795247871383
-19.175057922715883
-19.175400621590903
-19.175645837207192
-19.176018021721244
-19.176340421296366
-19.17681041300344
-19.177111151518606
-19.177730201503252
-19.17838131161189
-19.17903371154309
-19.17965038062195
-19.180114622175054
-19.18063345282569
-19.181308514202936
-19.181834808561806
-19.18216907939715
-19.182753783562305
-19.183223159282882
-19.18382872835186
-19.18421288324048
-19.18460490456433
-19.185120019560486
-19.1857631744159
-19.186308914157276
-19.186767137546745
-19.187342996742608
-19.18765918258166
-19.18813676169256
-19.188451315966326
-19.188754252398724
-19.189021804571432
-19.189361281566384
-19.189620400752
-19.189878462711334
-19.190089086661082
-19.190492933915962
-19.190644280257583
-19.190878334141424
-19.191164711390712
-19.191369965539245
-19.191602525162825
-19.191743433996365
-19.19194052379009
-19.192105314161374
-19.192315548758327
-19.192492362905682
-19.192682575073174
-19.19286076518382
-19.193045086155823
-19.1932642149844
-19.19343041550439
-19.1936677003332
-19.19386656224921
-19.194008710485527
-19.194195306342024
-19.19432524310048
-19.19448695025139
-19.194624054447196
-19.194737700489604
-19.194895193694318
-19.195033145117446
-19.19515313431755
-19.19529115039846
-19.19544124840999
-19.195606848846857
-19.19577830767949
-19.195930083820194
-19.196089730511297
-19.196237046965184
-19.196393093985005
-19.196530676272282
-19.196632528668427
-19.19680843036557
-19.196922832087285
-19.197022101533413
-19.197210690381322
-19.197299283488704
-19.19742674831795
-19.197541167049156
-19.197644867349716
-19.197701976443433
-19.19781997719049
-19.197856271644415
-19.1979510662392
-19.198007509941885
-19.198078670819456
-19.1981871252201
-19.19825134862025
-19.198335356302916
-19.19839763659025
-19.19846805316518
-19.19854082310849
-19.19860560468061
-19.198667539923964
-19.198731142534267
-19.19884438620654
-19.198909925999395
-19.199002213348138
-19.199099941663945
-19.199202394313335
-19.19925131440343
-19.199411422955105
-19.199473906659286
-19.19957280214726
-19.199629621288956
-19.199740888181324
-19.199825793596023
-19.199905633914838
-19.200046876780938
-19.200168063355164
-19.20031208283317
-19.200420147465884
-19.20055998153702
-19.20083556951837
-19.200985330058085
-19.201133677061154
-19.201287340923194
-19.201413635909304
-19.201563163428382
-19.20170987379686
-19.2017948323933
-19.201898160121246
-19.202029100883298
-19.20215110790297
-19.202251544837722
-19.20236166520007
-19.20245089552344
-19.202591837919158
-19.20267471874561
-19.202781604351763
-19.202895392556492
-19.2029958753018
-19.203104807617706
-19.203241563551305
-19.203368548956625
-19.20349649994601
-19.20360823372772
-19.20372611548084
-19.203843939986527
-19.20397301863658
-19.20416643176363
-19.20429781175206
-19.204430592915507
-19.204584912653985
-19.20468986842649
-19.204838925362626
-19.204990490514753
-19.20510668063011
-19.205227397558538
-19.205323216632824
-19.205413185882065
-19.205511595047412
-19.20558682933587
-19.205692362715283
-19.20573402929717
-19.205806708616077
-19.20586003222005
-19.205905982166865
-19.205963824810066
-19.20603863360627
-19.20609812212214
-19.206176623298404
-19.206217630349887
-19.20630940308348
-19.206372742395022
-19.206436260528495
-19.206535360851333
-19.20663145040171
-19.206738715288466
-19.20680799602929
-19.206905889167146
-19.206971403762644
-19.207075066510995
-19.207147925934713
-19.207229627487774
-19.207289472600465
-19.207348645310063
-19.207413852578014
-19.207461400132665
-19.207518576964873
-19.207589667125255
-19.20761799750449
-19.207658150456705
-19.207690146720207
-19.207737778469514
-19.2077749602988
-19.207804636166273
-19.20786393805718
-19.207925221418403
-19.207969771387347
-19.208035365632384
-19.20808343962219
-19.208128382135563
-19.208223442222383
-19.20826242785658
-19.208314773131256
-19.208378590094526
-19.208431046390196
-19.208536062167738
-19.208596634445968
-19.20867282203367
-19.208713621583712
-19.20877556269817
-19.2088459636529
-19.208912828103678
-19.20895305187721
-19.208998183498853
-19.20908692799131
-19.209126161121958
-19.209180022698256
-19.209222564761134
-19.209267949665662
-19.20932806340832
-19.209382625693724
-19.209421435036887
-19.209453816335063
-19.209489298087554
-19.209549791942717
-19.20959478249402
-19.209624635031783
-19.209668781489345
-19.209716703377413
-19.20974519191852
-19.209795121743014
-19.209813959603423
-19.209848803000988
-19.209853060450016
-19.209896326994933
-19.20991131146483
-19.209930957511897
-19.209964981551042
-19.20998850572737
-19.21002323835061
-19.210046248910366
-19.210071281939456
-19.210093948759063
-19.210117971867795
-19.210137422336274
-19.210157596753323
-19.210181564494874
-19.210192590561455
-19.21021538517755
-19.210228767751733
-19.21024687563328
-19.210268915468433
-19.21028441673444
-19.210307691015515
-19.210323893732365
-19.21034408271863
-19.210365322442623
-19.210386938996866
-19.210410138363784
-19.210429687486304
-19.21045053116688
-19.210465411281607
-19.210478872642692
-19.210488564750165
-19.210503835714114
-19.210506207294888
-19.210523350529986
-19.21052896774819
-19.21053652228128
-19.210540785028464
-19.21054801046276
-19.21055404393686
-19.210559215712284
-19.21056805488371
-19.210574416067665
-19.21058095967544
-19.210585044222118
-19.210591636037528
-19.21060216502108
-19.210607257075306
-19.21061474826535
-19.210619446002177
-19.21062463010751
-19.210634975557202
-19.210640419031595
-19.210649249465835
-19.210655981811282
-19.210663940209802
-19.210672664466887
-19.210680416816302
-19.210688162225832
-19.210694013620042
-19.210703713105808
-19.21071039810996
-19.21071789597979
-19.210726023904563
-19.210732720697532
-19.21073602389376
-19.210748176979266
-19.210752119802223
-19.210758702782652
-19.21076321486018
-19.210770416176853
-19.210777142874253
-19.21078275787528
-19.2107951141191
-19.21080219997987
-19.210812406142182
-19.21082116224014
-19.21083094986207
-19.210834458804356
-19.210844278126295
-19.210849129336374
-19.210855090432695
-19.21085751961686
-19.210865468872814
-19.210869409786927
-19.21087307304102
-19.210878841216427
-19.21088286808452
-19.210890008239705
-19.210894422322124
-19.210899275516052
-19.210904425979763
-19.210912424903448
-19.21091789967778
-19.210925073828342
-19.21093049525497
-19.210936210954774
-19.21094117543059
-19.210947237052693
-19.21095381593311
-19.210960966279004
-19.210967938669526
-19.210976765056728
-19.210983613113232
-19.21098969563458
-19.210996234243787
-19.211003171478644
-19.211013676638657
-19.21101985977148
-19.2110325174328
-19.21103927325847
-19.211047312060302
-19.21105370581092
-19.211061093920982
-19.211071142350633
-19.211076971977022
-19.21109135279665
-19.211099299891995
-19.21110829460266
-19.21111252321535
-19.2111185011477
-19.211130774855935
-19.21113991742813
-19.211157861161713
-19.211167226225975
-19.211177859515296
-19.21118196142494
-19.211198299645403
-19.21120847498071
-19.211217363362053
-19.211226435817437
-19.211228181271036
-19.211246025153507
-19.21125213486808
-19.21126011540047
-19.211273825368043
-19.211281514528864
-19.211295909140297
-19.21130432992278
-19.211314721806897
-19.21132106583454
-19.21132938166082
-19.211336674257062
-19.21134196295884
