500 iters for seed 59 on ER0.3 which is in the 54.991912841796875 percentile
 Maxcut: 28.0, MedianCut: 19.0
-18.6384091473391
-18.73941382369395
-18.79300188414242
-18.845114115496667
-18.886290684720567
-18.91641594007144
-18.94825797948197
-18.96721277425985
-18.98535638136964
-18.99841533342866
-19.010159271748638
-19.021734264376185
-19.02976093846342
-19.038260152837548
-19.04510203461744
-19.05133002920715
-19.058749557387543
-19.066800271195163
-19.074263141212683
-19.08065605207277
-19.08551048398666
-19.089575078085257
-19.09290433910861
-19.096414637794005
-19.10045880913771
-19.103433300659923
-19.106225931136088
-19.109060514467654
-19.111961060826136
-19.114566704621318
-19.116528485017763
-19.118894753325733
-19.120958900033187
-19.122976159289856
-19.12506035956605
-19.127408388705092
-19.129543676696336
-19.13176859824826
-19.134076016803043
-19.136050420942563
-19.13812776525519
-19.13980844281695
-19.141304650619286
-19.14293648821147
-19.14430491533092
-19.145251968597336
-19.146277962865778
-19.14727143058745
-19.148193725259578
-19.149177743522234
-19.150216598740947
-19.151144934775623
-19.152032973703854
-19.15297123173073
-19.15395409180241
-19.154997368231175
-19.156020971972556
-19.156767798457455
-19.157673824637886
-19.15851951266398
-19.15936479502784
-19.160315846336832
-19.16130541487861
-19.162393473260423
-19.16329158735328
-19.164017147262186
-19.16491883856952
-19.16580170663536
-19.16667137219323
-19.167274122769648
-19.167981558093025
-19.16843194326903
-19.16906372162019
-19.169396324797628
-19.169797607002238
-19.170076619627764
-19.17057188445938
-19.170774773016383
-19.171086564274834
-19.17132832327219
-19.171665179414155
-19.17190775648925
-19.172178471617237
-19.1725264421693
-19.17293535598904
-19.173242587531718
-19.17360140219016
-19.173901465313776
-19.17424962308084
-19.17473200786501
-19.174979716010462
-19.17535903351692
-19.175620671604293
-19.17587265542783
-19.176147634942005
-19.176407762741082
-19.176680287680828
-19.17690291283288
-19.177158326519596
-19.17740092230116
-19.177653963443426
-19.177929371364854
-19.17813939147276
-19.178352059716346
-19.178612251134883
-19.178801241606806
-19.1789763568313
-19.179297568269803
-19.179496169826983
-19.179749569520407
-19.180118244535663
-19.180320682869624
-19.180535975764357
-19.18085646969078
-19.181078710458305
-19.18141783007763
-19.181751464624053
-19.182077299886195
-19.182334743979776
-19.182634684940442
-19.182908144648877
-19.183135022368837
-19.18337339557676
-19.183525623920893
-19.183677426810554
-19.183905755991738
-19.18406542468784
-19.184260028796018
-19.184444781673214
-19.184596402572108
-19.18473650518199
-19.18492619337225
-19.185002558001415
-19.185116586257053
-19.185213860350203
-19.185317305448756
-19.185494337746817
-19.185603887993146
-19.18572189979405
-19.185822861746292
-19.18592585434923
-19.186047721597262
-19.186168797581225
-19.186307620819218
-19.186407814401047
-19.186540797351725
-19.186666091074436
-19.186784500108324
-19.186886118930286
-19.187005969424035
-19.187107052547955
-19.187207640242427
-19.187348842151252
-19.18745213631874
-19.18754301812626
-19.187661943876833
-19.187766531809128
-19.187914079377627
-19.188025170878138
-19.18812740956566
-19.188222384076948
-19.18832604768509
-19.188426428014882
-19.18850230795225
-19.188601182541248
-19.18868124398445
-19.188760162915813
-19.188873093904206
-19.188944415472257
-19.189054670590163
-19.189145447980486
-19.18924139173378
-19.18934304027239
-19.189440618250007
-19.18954784986967
-19.18965899197163
-19.189760771884526
-19.18986878080019
-19.189993132978994
-19.190105553932938
-19.190231549119964
-19.190346283331806
-19.190476181749172
-19.190578977275432
-19.190668467888678
-19.190820441270766
-19.19091280232986
-19.19101354177651
-19.191201257421547
-19.191289467174457
-19.19141058330859
-19.191649201830405
-19.191811663678887
-19.191918435631624
-19.19216672925236
-19.192313091073405
-19.19247958945943
-19.192642238296855
-19.19278539609142
-19.19290571762641
-19.19303276665316
-19.19317220064823
-19.19327788875369
-19.19337022436366
-19.193489531730446
-19.193571077804602
-19.19369176539763
-19.193804828877152
-19.193922680572147
-19.194003042446855
-19.194118030836876
-19.194217598259954
-19.19430094474586
-19.194416711706936
-19.1944938781198
-19.19459570487279
-19.194695521318614
-19.194783048013424
-19.194840529532122
-19.194937880079316
-19.19496383784846
-19.195060793145267
-19.195119997860633
-19.195198308759025
-19.195300210759736
-19.19534402275588
-19.195436729026817
-19.195503795811693
-19.19557372494536
-19.19562419494614
-19.195663077263145
-19.19572942721735
-19.19576212106506
-19.19579769677727
-19.195849705085294
-19.195877736052957
-19.19590620549438
-19.195957697049387
-19.195982492039
-19.19601783459986
-19.19604751324935
-19.196093525565143
-19.196107509241102
-19.196133855941774
-19.196139763031216
-19.196169631451525
-19.19618333750711
-19.19619832300875
-19.196220401549738
-19.19622769157325
-19.19627267157516
-19.19628692398266
-19.19630577072754
-19.196328127545
-19.196334659252656
-19.196368708377886
-19.1963786357178
-19.196395743344464
-19.196416681178714
-19.19643763665677
-19.196453761365724
-19.196474282111968
-19.196489410196683
-19.196510777797396
-19.19653470649899
-19.196549481628452
-19.196561087144076
-19.19658188565716
-19.196591036298685
-19.19660300506516
-19.19662088267432
-19.196631794991156
-19.19664691334684
-19.19666955145378
-19.196683713412675
-19.1967030291247
-19.196718717427387
-19.196744792207507
-19.196770417270088
-19.19679117785476
-19.19682575684106
-19.196860331989825
-19.19688458076074
-19.19691662454836
-19.19693642167569
-19.196960358679235
-19.19700536307246
-19.19702796784754
-19.197058945629934
-19.19711800152694
-19.197155150847294
-19.197182236786354
-19.197238254632783
-19.19728005370283
-19.19734154507385
-19.197405170840344
-19.19748129657779
-19.197542712485635
-19.197616945813106
-19.197698610510006
-19.197770251156484
-19.197819313244494
-19.197904168284598
-19.19793044784353
-19.198014502240788
-19.198057964068262
-19.198105992799036
-19.198181962949896
-19.198229204189776
-19.19828815239723
-19.19831895832027
-19.198361743590667
-19.19838748004895
-19.198440792453823
-19.19846470290137
-19.198495651086276
-19.198533304592463
-19.19855997092665
-19.19860289606785
-19.198641579859512
-19.19867812304083
-19.198707944615947
-19.198744757380865
-19.198773968726478
-19.198799696325977
-19.198819307976194
-19.19885673122219
-19.19887799558524
-19.19889762726308
-19.198928900582878
-19.198949951352148
-19.198982161789257
-19.199009914551162
-19.199043058081113
-19.19905868940486
-19.19909295538651
-19.19911270850643
-19.199134731991833
-19.19916751104838
-19.199195721093744
-19.199226024876143
-19.19924949619927
-19.199271496628015
-19.199282822439628
-19.199337248781
-19.1993552970615
-19.199377778761537
-19.199407377605233
-19.199430038942126
-19.199459706983355
-19.19947488188068
-19.19949708629552
-19.199510354665765
-19.19954819249605
-19.199567070859153
-19.199593019042894
-19.199635741406304
-19.199663188317153
-19.19971763278168
-19.199759985223196
-19.199807021979275
-19.19985258565891
-19.199915530161938
-19.199966794412475
-19.200045841978373
-19.200112636187168
-19.20020410475251
-19.200349356104127
-19.200454634047993
-19.20060161946148
-19.20073873995589
-19.200932925138147
-19.201121029440742
-19.201383632256093
-19.201665359378403
-19.201863069113244
-19.202200627892026
-19.202398549942565
-19.202673312640346
-19.20274089137675
-19.20304311301299
-19.203187715683512
-19.20342635870044
-19.20366033627733
-19.203856411481247
-19.204028935194906
-19.2041679136477
-19.204293512542094
-19.20444806358223
-19.204578799627058
-19.20468088908228
-19.204793710431062
-19.20486714333838
-19.204974381296545
-19.205032387537873
-19.20511478254579
-19.205236687305312
-19.20533235329701
-19.205395567318362
-19.20545852151244
-19.20551306968054
-19.20560550360907
-19.20567024931078
-19.20574069204045
-19.20579031063705
-19.205847105297508
-19.20589515309966
-19.205955165864758
-19.205997216419572
-19.206040273753484
-19.206070154779
-19.206141181788283
-19.206174089123422
-19.20621342987272
-19.20627390846137
-19.206302991324375
-19.20634653614075
-19.206377383845
-19.206420264784946
-19.206454811541985
-19.206491714971605
-19.206542814100004
-19.20657816019495
-19.20662691309716
-19.206684481648622
-19.206715040701678
-19.206764212681165
-19.206816360484954
-19.20687440045763
-19.20693266654507
-19.2069764473562
-19.20702967734185
-19.207076298408698
-19.20711503687926
-19.207155025176217
-19.207198595641707
-19.20724271165063
-19.20727650540043
-19.207312183392034
-19.207354697779095
-19.20739993889427
-19.207449654687572
-19.20749661514181
-19.207547864878997
-19.207611682509864
-19.207669802117852
-19.20772393935557
-19.20781290924021
-19.207867026112922
-19.207924871267306
-19.208016426927326
-19.20807381942639
-19.20814437246056
-19.208235570140058
-19.208289222498994
-19.208352482104452
-19.20842283525746
-19.208479486966898
-19.208591385944636
-19.20864550183059
-19.208700582772188
-19.208751490948202
-19.208803867699004
-19.208873469397524
-19.208948373551813
-19.209003736526448
-19.20907174538229
-19.209137013351437
-19.209218776207265
-19.20930255035358
-19.209355449905555
-19.209451584827953
-19.20952685505226
-19.20959643833986
-19.209672861713273
-19.2097285970788
-19.209827927090675
-19.209924142666374
-19.2099778626769
-19.2100656040356
-19.210121419073403
-19.21018708051234
-19.21025573420553
-19.210298492229896
-19.210364366659864
-19.210430672458404
-19.210467897374834
-19.210523854519746
-19.21054783661344
-19.210610956680945
-19.210650531947273
-19.210685463634057
-19.210748700102467
-19.210848698415663
-19.210873808016316
-19.21095183410589
-19.210972707016857
-19.21100733467061
-19.211040703850536
-19.211085142221613
