500 iters for seed 78 on ER0.3 which is in the 61.023712158203125 percentile
 Maxcut: 25.0, MedianCut: 17.0
-17.00056562523884
-17.02670133068028
-17.07443881867067
-17.16255633820561
-17.29158431417707
-17.36780529432203
-17.420070806543592
-17.439757756247257
-17.484643026294982
-17.516414760363386
-17.548380254793024
-17.576092515568554
-17.601434789725715
-17.621891870952446
-17.642776110973582
-17.6639967054458
-17.686309794078326
-17.704799408506343
-17.721398378421053
-17.733833964456927
-17.74421659462336
-17.751653247465953
-17.759547012449318
-17.7662527856639
-17.77335307600361
-17.779788830636193
-17.78613112248385
-17.790741971720408
-17.797099487791968
-17.800306380430133
-17.804906440667644
-17.80799671310376
-17.81082824862614
-17.81323961157643
-17.81654373109255
-17.818208422250628
-17.820390188147062
-17.821318384022177
-17.823471047141112
-17.82448060088719
-17.825749548988128
-17.827428348453118
-17.82887024276562
-17.830191491940937
-17.831472289814084
-17.832566445398506
-17.834597424265382
-17.83598027689878
-17.83781340802993
-17.83993411922893
-17.842038474315018
-17.843927497592396
-17.847309149076978
-17.849134009794145
-17.85125779846267
-17.852509776435717
-17.854706992553005
-17.85617304029808
-17.857108887369748
-17.85820687530137
-17.859220060073298
-17.860096048540274
-17.86107921176394
-17.861978626776192
-17.863025982237865
-17.86393504453335
-17.864780114004727
-17.865599607545267
-17.866438624925717
-17.867101213128677
-17.86771660156995
-17.868411160850645
-17.869050275122188
-17.869610928751776
-17.87010768074109
-17.87058712424581
-17.870996314909576
-17.87138861321973
-17.87177324700591
-17.872160047102845
-17.87252865742387
-17.87294307909078
-17.873270593346298
-17.873616343265606
-17.873952997767766
-17.874266094648316
-17.874730980081104
-17.875312400101727
-17.875624808386053
-17.876164950857813
-17.87656378673018
-17.87720641332966
-17.877818533111725
-17.878376562476475
-17.87933977176113
-17.880009355795405
-17.880801213142668
-17.881416214586974
-17.88202247458753
-17.882886157335797
-17.883382718198
-17.883840185508145
-17.884361373470906
-17.884748624608083
-17.885140239976877
-17.885782981743098
-17.886117972030963
-17.886554082791385
-17.886850382256082
-17.887273294666624
-17.88760230929271
-17.887908551561516
-17.88825801074759
-17.888620124613006
-17.888840603594595
-17.88919389230012
-17.889422247900647
-17.88973539162722
-17.889979275231205
-17.89016836529057
-17.890477691911784
-17.890767690295796
-17.890966014241656
-17.89121071331988
-17.891383757458968
-17.891580604663083
-17.891875845719376
-17.89209433955205
-17.892325326156154
-17.892779772087938
-17.893017323239967
-17.893280635168303
-17.893534665644882
-17.89388534036038
-17.894406099226934
-17.894735832243153
-17.89531239940507
-17.895820121053614
-17.896208786804387
-17.896634834821505
-17.89715192455474
-17.897583027984837
-17.898060058509927
-17.89858594465634
-17.899194937055743
-17.89976981697
-17.900557416497016
-17.901133919742616
-17.901702085794366
-17.902252996357202
-17.902767437106633
-17.902984412580146
-17.90381638039201
-17.9040894772255
-17.90448951813534
-17.904772067687702
-17.905215267280273
-17.905498500108024
-17.905781963783486
-17.906074461029984
-17.906446763990694
-17.90668050586341
-17.906950624882768
-17.907231180616332
-17.907540218554324
-17.907745073612055
-17.90808038870987
-17.908284046142576
-17.908573220969103
-17.908852300525602
-17.909074634057898
-17.909371139807728
-17.909714714374985
-17.909928874991593
-17.910248249544416
-17.91046294197367
-17.910713654387926
-17.910929358206374
-17.91112742801783
-17.91126851808061
-17.911551292066857
-17.911667940341225
-17.911821101020543
-17.912074733476548
-17.912266097103686
-17.912504423481614
-17.912668309386063
-17.912868342172935
-17.913006456024053
-17.913390182372048
-17.913566974895772
-17.91380442699554
-17.914207334663473
-17.914500143422476
-17.914983146091842
-17.915282256865268
-17.915577366906092
-17.91585687655857
-17.916181132845825
-17.91646883233857
-17.916677933609442
-17.916926125437524
-17.91728063582915
-17.91757712038818
-17.91780454333089
-17.91802854375239
-17.91822828067988
-17.918500110779988
-17.918755077084192
-17.919011348986334
-17.91928982145234
-17.919592529322884
-17.919912164305508
-17.92016409079507
-17.920548213839695
-17.920639497896797
-17.921058705409862
-17.921247185412597
-17.921503143632773
-17.921797861867873
-17.922128888873985
-17.922429675480046
-17.922783125097475
-17.923120749048337
-17.923498065982375
-17.92396697275942
-17.92426137604683
-17.924601630086002
-17.924994335350988
-17.92526832475336
-17.925534252927843
-17.925901246225017
-17.92613958234071
-17.92650294322773
-17.92674333167274
-17.927034093927833
-17.927308339591455
-17.92758088145617
-17.927759384121615
-17.928194787906996
-17.928365524523393
-17.928606497051543
-17.928866709691846
-17.92917196776628
-17.929412420925942
-17.929672033261685
-17.929879795131217
-17.93006944949657
-17.93030323762624
-17.930435235750206
-17.930632247034055
-17.930799312297086
-17.931085787536997
-17.931205245170716
-17.93144244413491
-17.93156720669336
-17.931867793435103
-17.93206774280725
-17.932244217103413
-17.932524855223036
-17.93266972839042
-17.93292396386756
-17.93310750992333
-17.933368484461944
-17.93343545959176
-17.933658489485236
-17.933770153553596
-17.933909135173266
-17.93412927562232
-17.934249130891303
-17.934431673475473
-17.934561493000572
-17.934723179375663
-17.9348794310549
-17.93505563434634
-17.935257494037188
-17.935416988653728
-17.935656917273025
-17.935869737178383
-17.936080014073397
-17.936289394713093
-17.936522071703465
-17.936779683989258
-17.93697983921558
-17.937210012698323
-17.937418969676873
-17.93760508971901
-17.937828709847487
-17.93802128059041
-17.938260643109395
-17.93844036614346
-17.938592144198285
-17.938784471272168
-17.938951864474202
-17.939132385811064
-17.939250702882394
-17.939399722326073
-17.939547821855374
-17.939725120361278
-17.939853840367704
-17.940000724774535
-17.94009912648873
-17.94026795861973
-17.940394111148496
-17.94049715377749
-17.94064557228483
-17.940790986956898
-17.940875021109346
-17.94098657297464
-17.94107765265633
-17.941177003131067
-17.94134289979948
-17.94145880581941
-17.941520072691162
-17.941649001272534
-17.941719920422727
-17.94180721589924
-17.941906573881653
-17.941970870614558
-17.942053719285493
-17.94212416144955
-17.942183964180593
-17.94225307176
-17.942302157297654
-17.942392227417255
-17.94244260031244
-17.9425023438793
-17.942609518336106
-17.942669101254726
-17.94277374770958
-17.942851357329015
-17.942927669906233
-17.94299651534698
-17.943062617691762
-17.943124995328997
-17.943185643199154
-17.943240765012792
-17.943292750420284
-17.94333888648697
-17.943393184845867
-17.943436249826668
-17.943479957850144
-17.943518655418323
-17.943555938959417
-17.943596668408322
-17.943618902676516
-17.943649360554787
-17.943681601063787
-17.943725278379766
-17.943761930757226
-17.943798445839338
-17.943839290495163
-17.943889664228124
-17.943915105470918
-17.94394160708123
-17.94397105306807
-17.944004818485865
-17.94403868600027
-17.944067291132857
-17.944095796879065
-17.94413262737609
-17.944164432460767
-17.944200281994174
-17.944231878733945
-17.944263157478865
-17.94429089574723
-17.94433079242401
-17.944363339246458
-17.944392043109744
-17.944424574156436
-17.944464828237557
-17.944503892355065
-17.944547289433377
-17.944585620785098
-17.944635917244387
-17.9446865185559
-17.94473383810662
-17.944778310137107
-17.944837225942166
-17.94486732840336
-17.944928732200104
-17.944962496651318
-17.945008488231604
-17.945053057223028
-17.94511610906135
-17.94515623139949
-17.945202071348398
-17.94526814320463
-17.945313724543546
-17.945390852884696
-17.945434240934667
-17.94548706853404
-17.945529697023957
-17.945610430510573
-17.945658940540504
-17.945704689692064
-17.94578949809342
-17.945829489864025
-17.9458803405483
-17.94592844762324
-17.946006803530565
-17.946064262093252
-17.946127966129055
-17.946196917696465
-17.946251982010086
-17.94633674303485
-17.946440620135135
-17.94650256528175
-17.94660170843807
-17.946669887872712
-17.946744450337437
-17.946846578604372
-17.946912816280445
-17.947026855459825
-17.947124707543853
-17.947198242258334
-17.947300299596925
-17.947368246480572
-17.94742771464543
-17.947480913380947
-17.947526682044643
-17.947618269622367
-17.947686774611448
-17.947731199608217
-17.947774864850984
-17.947824794469014
-17.947898341343365
-17.947973041983722
-17.948021098319572
-17.948085108723635
-17.948133918359005
-17.94818503577169
-17.948273119597847
-17.9483110147763
-17.948356071988393
-17.948411976383248
-17.948452535725806
-17.948491689553414
-17.948552809350787
-17.948602577988584
-17.948656476472987
-17.948706440736274
-17.94875969219975
-17.948810903453147
-17.94884314227269
-17.948895273023766
-17.94894063254133
-17.948998673200617
-17.94904022647023
-17.949083412872362
-17.949127135708615
-17.949208107344912
-17.949248266386817
-17.94929146173537
-17.949343434246053
-17.94940855766339
-17.94946402125939
-17.949511892163763
-17.94955646325128
-17.949607205909828
-17.94965573553308
-17.949740377490063
-17.949790320417087
-17.949878869163975
-17.949948923807533
-17.950052052846317
-17.950141391409122
-17.950227935511553
-17.95033038330392
-17.950393917623703
-17.950478535353916
-17.95055158078419
-17.95061029909309
-17.95065703517959
-17.950735873882685
-17.95079503527271
-17.950873350532945
-17.95094378113403
-17.950999813869558
-17.95103322517537
-17.951141111834076
-17.95118621560208
-17.951249260327813
-17.951325004969913
-17.951407206333894
-17.95145881595915
-17.951521149071922
-17.951574276516617
-17.951628807792975
-17.951697463434726
-17.951737914533815
-17.95176579773279
-17.951828690100736
-17.951863285884134
-17.951908768678727
-17.951967068531086
-17.952005351305257
-17.952034439624175
-17.952126705871425
-17.952163911766796
