500 iters for seed 75 on ER0.3 which is in the 19.376373291015625 percentile
 Maxcut: 30.0, MedianCut: 20.0
-19.51498098861859
-19.518879296669056
-19.554843235776126
-19.642392994954058
-19.688111529026713
-19.784183305473444
-19.811680730651368
-19.83809728631932
-19.873954062037416
-19.903907184529757
-19.93382061641382
-19.95907918332803
-19.98218507818981
-19.99902298667975
-20.014555950420686
-20.02882883245936
-20.039662544068644
-20.050680252391388
-20.058883602692973
-20.06331774842676
-20.071299822851095
-20.076398682146458
-20.08058349983532
-20.086516861755715
-20.09159205003055
-20.097087202944348
-20.10119955082625
-20.10480814299378
-20.108698366960564
-20.11170183924103
-20.114336576688146
-20.116442620419082
-20.11883729360356
-20.121672476735863
-20.12484400454372
-20.128626478932787
-20.131134964429457
-20.134132870985944
-20.13666932150767
-20.13843777722948
-20.140350053620004
-20.141730719005807
-20.143312104098136
-20.14423541326195
-20.14557374791095
-20.146900224965044
-20.14864457930519
-20.149746061581045
-20.150952725522814
-20.152196141862717
-20.15347280548424
-20.15449129878996
-20.155615580439296
-20.156854800096
-20.158146110025836
-20.159543964529746
-20.16035488039126
-20.16138143168301
-20.16280863909918
-20.163538921023417
-20.164483567699794
-20.16554846833502
-20.16624236785432
-20.167227548521257
-20.168426081442455
-20.169634211402204
-20.170483377919854
-20.171388003896688
-20.17220171431717
-20.17283881581068
-20.173591002808102
-20.174259129969865
-20.174998148120302
-20.17574613755905
-20.176472072562063
-20.177179383827216
-20.17779077436203
-20.178481457192937
-20.17926883378021
-20.179936656171026
-20.18054792330644
-20.181539488985315
-20.18201873042748
-20.18281163157885
-20.18346076813377
-20.184095657195385
-20.184669685187092
-20.185534259814503
-20.186163564912878
-20.186836431585377
-20.187998888872468
-20.18871593074058
-20.189900047017865
-20.19079942170423
-20.191628976032337
-20.19235906939284
-20.193337406283845
-20.193860138262778
-20.194599136681298
-20.195045124054467
-20.19565229788781
-20.19607594999151
-20.196477467637433
-20.196869212536278
-20.19742541008594
-20.197693945487355
-20.198077281575035
-20.198441847715273
-20.198809599946436
-20.199094789834902
-20.19932158398594
-20.19965085146217
-20.199985935106042
-20.200266790101416
-20.20049454494169
-20.200709564423757
-20.200959888240348
-20.201205508784113
-20.20140037802722
-20.201662406940144
-20.20200278457651
-20.20219000574325
-20.202423845238215
-20.202651015226966
-20.202909164017864
-20.203101489055154
-20.203354771017374
-20.203641072006622
-20.203990655582416
-20.20433982422207
-20.204529966631313
-20.204751641748835
-20.204947675442625
-20.20513795068654
-20.205423773885954
-20.205568765016515
-20.206051416792164
-20.20621827380415
-20.206421465815154
-20.206637426399112
-20.2069259624584
-20.207150283302763
-20.2073230586961
-20.207495256504252
-20.207656228058173
-20.207796293414546
-20.207923133624746
-20.208050857259646
-20.20820332584144
-20.20830043481007
-20.208401752134325
-20.208514937296513
-20.208680942585843
-20.208761051358294
-20.208854565632024
-20.20898695104521
-20.209055256080305
-20.209156627890838
-20.209228909340595
-20.20931274308579
-20.209393548596026
-20.209464784733598
-20.209557703090503
-20.209628708136762
-20.20970297257349
-20.209854122848505
-20.20992768181307
-20.21002524462121
-20.210154259583206
-20.210287267494614
-20.2103388712274
-20.210428393926314
-20.210454241373753
-20.21056244401482
-20.210617769875224
-20.210681820147563
-20.210786659953552
-20.21090857485393
-20.211071079071857
-20.21115454537506
-20.211275105221034
-20.211375173126918
-20.211493062831774
-20.21168339928684
-20.211773024978136
-20.21189781921391
-20.212072013971717
-20.212265079449967
-20.212352895996204
-20.21261249042808
-20.212793365229015
-20.2129540106217
-20.21317692375136
-20.213410687140264
-20.213492374629585
-20.213913679134425
-20.21406486885132
-20.21430967756991
-20.214479395628857
-20.214883036790088
-20.215109049167786
-20.21530310163455
-20.21562500616062
-20.21588458771636
-20.216192233544554
-20.21642829415201
-20.216635877037017
-20.216754524231924
-20.216973585474634
-20.21705783392042
-20.217159032523856
-20.21733775778535
-20.21739337251381
-20.21757417755426
-20.21763497751828
-20.217728551414734
-20.217801305862125
-20.217922915499926
-20.218011717758927
-20.21810288442522
-20.21826733340543
-20.218371863692873
-20.218559014342446
-20.21871015729888
-20.21886851743885
-20.218992191518247
-20.219136322809074
-20.21930749691915
-20.21942042309953
-20.219549239934725
-20.219679200700625
-20.219771528103813
-20.21990018740778
-20.21995063337919
-20.220129330689183
-20.22019718178671
-20.220295927386687
-20.220434408476613
-20.220511073873855
-20.220651858956817
-20.22072007965915
-20.22082835666553
-20.220865799702487
-20.221043349847207
-20.221108027101838
-20.221190213151488
-20.221299954393977
-20.22136509432123
-20.22147497320678
-20.22152198901982
-20.22160075427724
-20.22166046170201
-20.22178163383566
-20.221839011963286
-20.221898631209854
-20.221993945197145
-20.22207824601325
-20.222214416079673
-20.22233563381232
-20.222461398732978
-20.2225873726467
-20.22272079308662
-20.22292265378812
-20.22301546596191
-20.22313286396352
-20.223344303171793
-20.223459464262348
-20.22364241246639
-20.22383487621329
-20.22395521528209
-20.22405395214136
-20.224185429545997
-20.224315681613202
-20.224460559516643
-20.224544864776604
-20.22465589532777
-20.224755383766315
-20.22486196060657
-20.224985875093907
-20.225078778025043
-20.22526018331706
-20.2253984795354
-20.225515160833783
-20.2256634984876
-20.225778141654434
-20.225908251423444
-20.226063364366183
-20.22617607299551
-20.22629752903305
-20.226454064323757
-20.226581113761736
-20.226761409976014
-20.22691128314004
-20.227038384759656
-20.227162005324544
-20.2272345987759
-20.227384185518048
-20.22743883371412
-20.22751923402038
-20.227613362806956
-20.227712048250904
-20.22778166469345
-20.227853984590723
-20.227914848506387
-20.22798124526403
-20.228056991466637
-20.228109365198456
-20.228150212145785
-20.22823912771527
-20.22825730792244
-20.22831035649815
-20.22834725715898
-20.22839770774514
-20.22847077707545
-20.228515867536014
-20.228604038705434
-20.22865571952033
-20.22870833275698
-20.228750351673767
-20.22879127133298
-20.228852324440425
-20.228886782839666
-20.22892284972051
-20.229003046772682
-20.229038759407388
-20.22908038019043
-20.22913816203122
-20.22917626058955
-20.22920849579431
-20.22928013979373
-20.229307972152043
-20.229352687469444
-20.229390821075604
-20.229446586262522
-20.229482915310953
-20.22951976864581
-20.229550202366887
-20.229590271832382
-20.22962183632592
-20.229656136938704
-20.22968740787206
-20.229738372135536
-20.229772101363398
-20.229809936426037
-20.229869618455574
-20.22991003552211
-20.22996157545377
-20.229990662603974
-20.230029307797487
-20.230066741798474
-20.23014185510251
-20.230177173366123
-20.230210687008018
-20.230255721138384
-20.23028315876307
-20.23032707531945
-20.23035322379365
-20.230382940783635
-20.230408090741307
-20.230436339526182
-20.23046717834501
-20.23049021453165
-20.230521047728494
-20.23054251946402
-20.230565502334684
-20.230590484256634
-20.230612115846466
-20.230629972531787
-20.230666778416296
-20.230678676291554
-20.23069732863705
-20.230714044483058
-20.230735963792927
-20.230755164300774
-20.230770784252805
-20.230788204379827
-20.230806968886665
-20.230822364144043
-20.230836357830757
-20.23086063443128
-20.230889798141405
-20.230906310574134
-20.23092768444751
-20.23094681631667
-20.230970072494287
-20.23101831706049
-20.231038897395468
-20.23106696752452
-20.23111834393671
-20.231154146515415
-20.231207040505918
-20.2312535817213
-20.2312840391161
-20.231327675668833
-20.231357005026247
-20.231386656356488
-20.23142552950632
-20.231452512743978
-20.231519084344054
-20.23156550963826
-20.23161180528497
-20.231670793651325
-20.231709602777922
-20.231781259603597
-20.231846027966483
-20.231912032574755
-20.23197374485939
-20.232021202437867
-20.23208428490367
-20.23212713381219
-20.232175326131895
-20.232217777712375
-20.232266123999306
-20.232334207884257
-20.232409817814087
-20.232457236657773
-20.23251876233198
-20.232579173126705
-20.232654814957016
-20.232745387630363
-20.232801619588933
-20.232858343435087
-20.23295378007064
-20.233022500560804
-20.233100428249955
-20.233170849249706
-20.233219587171675
-20.23329326447253
-20.233363122483905
-20.233443710875022
-20.23353535318484
-20.23359411986222
-20.233681431903335
-20.233743926524713
-20.233807223813592
-20.233854314438837
-20.233909209945306
-20.233945194639166
-20.23401472123221
-20.234055087462316
-20.234102365788836
-20.234186116058176
-20.234235684526404
-20.234311824129712
-20.23437523201537
-20.234445291613863
-20.234516358873574
-20.234585762239625
-20.23464234611999
-20.234699562712294
-20.234760602890173
-20.234819439349007
-20.2348676372075
-20.23492171462082
-20.234983815430468
-20.235048986808103
-20.235109269120418
-20.235159645840174
-20.235226081841475
-20.23528116683797
-20.235329210341952
-20.235371227743084
-20.235426120582886
-20.235496439300828
-20.23556187286873
-20.235637478675308
-20.23570150240529
-20.235765116531685
-20.235832714915528
-20.23587427452016
-20.235928955965598
-20.235968193454603
-20.236007059154247
-20.236046849911112
-20.236113550943116
-20.236137526484725
-20.236163186600827
-20.236182409004464
-20.23620856520019
-20.236237927830956
-20.23625707981025
-20.236283944458894
-20.236321862799628
-20.23634052612884
-20.23637264950283
-20.236388360633562
-20.236411806756117
-20.23644152856808
-20.236465766047093
-20.23649285686784
-20.236521674787628
-20.236552628487832
-20.23657673396578
-20.23660012412321
-20.236629810287884
-20.236651230583146
-20.236679763557866
-20.23669938968607
-20.236719482344473
-20.236761543357876
