500 iters for seed 66 on ER0.3 which is in the 53.549957275390625 percentile
 Maxcut: 32.0, MedianCut: 22.0
-22.002781007053763
-23.067516197381135
-23.076347256291395
-23.376016003868223
-23.899986430588395
-24.214635744411815
-24.709217484182943
-25.08817643766282
-25.56791626741265
-25.87539054955704
-26.152857074318597
-26.366044180786364
-26.6269536701964
-26.952626327976454
-27.393949112511745
-27.88426724823621
-28.27549900168867
-28.535842950102467
-28.711440223352287
-28.94072886813813
-29.109218534814396
-29.26088536994925
-29.41060925076706
-29.533587074934232
-29.610049365358517
-29.648553874250986
-29.69670743333174
-29.74790104392254
-29.78806379938966
-29.808237348698935
-29.84176799561527
-29.84872798458431
-29.870429938006126
-29.880338563609616
-29.889406931557502
-29.903441906962524
-29.90917384193563
-29.927356463932338
-29.932971763835415
-29.940676455613247
-29.950430726977434
-29.956312087876665
-29.965246085666735
-29.96977359865515
-29.974654399428566
-29.979425085360365
-29.98367224959492
-29.98601333808911
-29.98740356154916
-29.98880099820742
-29.99055425850008
-29.991822990690153
-29.992775086837696
-29.99349782826718
-29.994313736407424
-29.994666106278036
-29.995620237962925
-29.99587394550708
-29.996198988271992
-29.996629356830507
-29.997140184683683
-29.99766269020092
-29.99781198062958
-29.99811726862488
-29.998225648703325
-29.99846335887567
-29.99861002552311
-29.998698845613436
-29.99889120325296
-29.99901863621591
-29.999236610878754
-29.999309048549037
-29.999380056701415
-29.99944885053836
-29.999520328734558
-29.999606722917086
-29.999660685817123
-29.999721489434314
-29.999794359700402
-29.99981567458286
-29.999844972195373
-29.999868915634117
-29.999892760058987
-29.999908882390862
-29.99992128979326
-29.99993530572133
-29.999946813172286
-29.999952628952105
-29.99995943736751
-29.99996812129142
-29.999970587315453
-29.99997717135643
-29.99997899044585
-29.99998272868657
-29.999984285393097
-29.99998729805931
-29.999988584773817
-29.999989806922002
-29.999991749035683
-29.999993472140474
-29.999994272745884
-29.999995182660506
-29.999995501115134
-29.99999621262564
-29.99999667563803
-29.999997056328308
-29.999997658625684
-29.999997862299
-29.99999840676948
-29.99999854012979
-29.999998726245142
-29.999998898932155
-29.99999909385252
-29.999999218974065
-29.99999932615383
-29.999999494071204
-29.99999955732577
