500 iters for seed 125 on ER0.3 which is in the 4.016876220703125 percentile
 Maxcut: 26.0, MedianCut: 18.0
-12.068659178909819
-17.52800158376279
-17.60596092619112
-17.614018758481837
-17.690173500542826
-17.71372607376272
-17.74684621057986
-17.778580128998655
-17.810409131307907
-17.833387613082454
-17.856233560805137
-17.872299720304255
-17.88898488090959
-17.901601365197035
-17.911842311466188
-17.92230345139486
-17.935013738273632
-17.942561277320564
-17.95419151007392
-17.960910382394047
-17.969058253680075
-17.975928637613528
-17.983770102968382
-17.98766658689952
-17.99299141314443
-17.9983508466252
-18.004301738378658
-18.009707127970493
-18.01376758913389
-18.017424477493908
-18.02328196787311
-18.026992594249688
-18.030411581219038
-18.034245027148884
-18.037195819810208
-18.040986234493396
-18.04468095996065
-18.04711373360478
-18.050529968203506
-18.053565966843447
-18.056610965106355
-18.059492923517723
-18.061537035721923
-18.06380031541436
-18.06657302276655
-18.067418294154663
-18.069665608403014
-18.07084651640011
-18.07256189804401
-18.07483991833341
-18.077810632991458
-18.080722187674848
-18.08275458523255
-18.085150899555007
-18.08678985776853
-18.088898806088118
-18.09142514736967
-18.092837814027682
-18.09515810645992
-18.09712522719635
-18.09881761527322
-18.101296503477357
-18.10275652669033
-18.1042602990753
-18.10575923504753
-18.107192204223573
-18.109999724312615
-18.111492031308934
-18.113053618072897
-18.114173611900245
-18.11544212310502
-18.116222254250825
-18.118112761796827
-18.118956001834313
-18.120102929418167
-18.12166401871065
-18.123304871072243
-18.124730464399295
-18.12663132461966
-18.12781645826297
-18.129264313562757
-18.13125812730543
-18.132547931072168
-18.1338648347247
-18.13508465005347
-18.13642453793579
-18.137583837457765
-18.13861836020037
-18.139946453191477
-18.14062671774488
-18.141475941874333
-18.142242799345144
-18.14303164471118
-18.144089515868515
-18.145092720342696
-18.14597990452455
-18.14673891275536
-18.14735804519496
-18.147988791205105
-18.148604213232204
-18.14904502988922
-18.150083146218638
-18.150328511568354
-18.15111566720404
-18.151554171110583
-18.15195756136822
-18.152505341894326
-18.152713934120033
-18.15329267203535
-18.153524420084928
-18.153849625303817
-18.154299882474852
-18.154799926478148
-18.155160516976082
-18.155727270920636
-18.156191655983633
-18.156741279137584
-18.157215138159692
-18.157657858270213
-18.15812676606209
-18.158693046698694
-18.159275692349063
-18.159617974029306
-18.16037205471154
-18.16064258751629
-18.161310868433205
-18.16176642160206
-18.16224173554563
-18.162930853723054
-18.163568380089817
-18.164063252818707
-18.164708359048618
-18.165266043717182
-18.1659394645233
-18.166507447360146
-18.167007247424955
-18.167423799097257
-18.168028775814467
-18.168617978216755
-18.16923723898119
-18.16980019132992
-18.170294412357723
-18.170823016753147
-18.17134270685042
-18.171782701091928
-18.17238496550077
-18.172894816571002
-18.17343691533125
-18.174164618411403
-18.17459686728882
-18.174938450494814
-18.175582736982626
-18.175700412164005
-18.176179840553814
-18.176409993270678
-18.17674735119486
-18.177135652680406
-18.177263291793075
-18.177839790145242
-18.17799417874814
-18.17825331833611
-18.178490622480624
-18.178809115790038
-18.17911262630483
-18.179420976618164
-18.179667658875054
-18.179988122370837
-18.180286628809952
-18.180527655517018
-18.181051051182287
-18.181261484734517
-18.181545750458167
-18.181755735716585
-18.182038515020313
-18.182251986680946
-18.18248323495261
-18.182711562581492
-18.1828735453367
-18.183090173849056
-18.183337634239816
-18.183492132178465
-18.183685483477195
-18.184020089486456
-18.18418392413669
-18.18447295762933
-18.184649803940953
-18.18487530367448
-18.185049627652838
-18.18523614035594
-18.18543387712457
-18.185618175115835
-18.185800313939573
-18.186039707990222
-18.18615558534783
-18.18636693918647
-18.186660639742268
-18.186834723749406
-18.187055778565046
-18.187210084766686
-18.187399848780366
-18.187539796816047
-18.187844662062815
-18.187989861516638
-18.18816101569687
-18.1884981635608
-18.18873045996585
-18.1891214591137
-18.189356736856368
-18.189549997860794
-18.189736800843978
-18.18988323593235
-18.19014861154362
-18.190214398911657
-18.19043255079559
-18.190567361544602
-18.190702801826067
-18.190915237447843
-18.191246159804557
-18.1914382018184
-18.19161368548995
-18.19178073330328
-18.19189833660235
-18.192046373332097
-18.192285243996118
-18.19239243595844
-18.19252482540569
-18.192663106705258
-18.1927836782357
-18.192921495136897
-18.19305702412281
-18.193178139636146
-18.193291147821856
-18.193442670753974
-18.193625894175057
-18.193729289932804
-18.193849757790005
-18.193985116810655
-18.194146814111797
-18.194351114676724
-18.19448035514273
-18.194621034729156
-18.19480069791633
-18.194883046416567
-18.19500285772937
-18.195091952904956
-18.19521005215291
-18.195307179801716
-18.19539323238366
-18.19558928372435
-18.195694163476638
-18.195838935692436
-18.19594309540856
-18.19605178094153
-18.196156667873872
-18.19635129757667
-18.19643240527536
-18.196523622904273
-18.196615411663963
-18.196696665487874
-18.196775237282015
-18.196892367805592
-18.196971914310062
-18.197087413621922
-18.197185012516826
-18.197254501398923
-18.19734835653839
-18.19746073870643
-18.197566174687136
-18.197691775504993
-18.19779016491222
-18.19796511206562
-18.19803046501988
-18.198170972851944
-18.198259746718836
-18.198375875241034
-18.198561371391644
-18.198642610115087
-18.198801001079122
-18.1989083347942
-18.199017630965315
-18.199110927396276
-18.1992009732936
-18.19932929833964
-18.199419648381557
-18.199494274137496
-18.199647415435063
-18.1997424376825
-18.199859609915706
-18.20000291625472
-18.200116094410603
-18.200198248734626
-18.2003448938378
-18.200361834742907
-18.200490661285162
-18.200536838491594
-18.200621839529273
-18.20071609975415
-18.200840079894668
-18.200964466100245
-18.201023575605717
-18.20110101954875
-18.201161091725737
-18.20123162505992
-18.201312860564684
-18.201365996105306
-18.20141553059867
-18.201520158830068
-18.201591754062434
-18.20163665159217
-18.201740331543263
-18.201822886673245
-18.201888125024524
-18.201989580424858
-18.202031398981944
-18.202114092947348
-18.20221050611276
-18.202286927028126
-18.202359310944246
-18.202421875129403
-18.20249215893754
-18.202585355512824
-18.202666139336284
-18.202723373098312
-18.202799778807762
-18.202862412646162
-18.202972847416042
-18.20303160284043
-18.203102727950792
-18.203229541722912
-18.203296089804525
-18.20346923352906
-18.20353491757053
-18.203632171724102
-18.203670276230383
-18.20378301919656
-18.20385959447553
-18.203949412083603
-18.204060010561534
-18.204193026125807
-18.204276667998062
-18.20437329117915
-18.20446072027775
-18.20456011997771
-18.204702043230252
-18.20478003864145
-18.204914701513964
-18.205030246338588
-18.205161016648212
-18.205277110605202
-18.20538290024188
-18.20551283898639
-18.20562741395686
-18.20574446266665
-18.205845628850252
-18.20597035737772
-18.2060825991186
-18.206225611529447
-18.206375891807163
-18.20652912384984
-18.20666847838254
-18.20683318315869
-18.206943110115915
-18.207067657481907
-18.207154100498563
-18.207269388205034
-18.207409897019573
-18.207557872590463
-18.20771353912124
-18.20782713369043
-18.2079652010846
-18.208178319593628
-18.208345476098636
-18.208515131666204
-18.208629381322115
-18.20875913987475
-18.20889263183728
-18.209010759782004
-18.20921981727872
-18.209284963147766
-18.20947083326908
-18.20957654671414
-18.20970284794311
-18.209830722067448
-18.209970654163982
-18.210081926679173
-18.21021384898615
-18.21030296197038
-18.210456069377763
-18.210561427512445
-18.210669580424042
-18.210856660459648
-18.210958689440112
-18.21111950568817
-18.211242061018265
-18.21137081202732
-18.211603132225452
-18.211761744388298
-18.211923320734098
-18.212023889899164
-18.212133011873874
-18.212257716718987
-18.212477042175074
-18.212570525767887
-18.212696287209795
-18.212859904526564
-18.21314026613651
-18.213332012199675
-18.21351614448942
-18.213658322866696
-18.213810354041442
-18.21394634373324
-18.214143604308077
-18.214241315077007
-18.214342598930614
-18.21453705623393
-18.214697001062028
-18.214818732372724
-18.21494379506162
-18.21507093557146
-18.215126568005644
-18.215407411908508
-18.21549220888167
-18.215620655511525
-18.215798453493562
-18.21587560602589
-18.21617675752439
-18.216270634855757
-18.21643821376282
-18.216649834277003
-18.21676509931536
-18.216979622523745
-18.21710787483449
-18.21729718880413
-18.217459736970998
-18.217594785737653
-18.217777674661576
-18.21785424018306
-18.217970253568602
-18.218056787712882
-18.218121196342015
-18.218266055655043
-18.218332004884083
-18.21845029331856
-18.218529850519424
-18.218637785027518
-18.218847128885052
-18.218959419271677
-18.219143443001883
-18.21929653996795
-18.2194410138235
-18.21959583842058
-18.219762961414787
-18.219912268371818
-18.22006208330398
-18.220181462726632
-18.22025862660744
-18.2204701243605
-18.2206419764553
-18.22079107483744
-18.22090689033263
-18.221021753315018
-18.221138674122113
-18.221296634852056
-18.221428380035228
-18.22156509552441
-18.221714952783245
-18.22185109751053
-18.22199705595811
-18.222125805589982
-18.222260174455815
-18.22239908923469
-18.22259688858605
-18.222745547220534
-18.222868401084682
-18.223000218260253
-18.223115849470496
-18.223194536788476
-18.223345935393326
-18.22352064503366
-18.223677536424127
-18.223816318114704
-18.223913888352143
-18.2240131797289
-18.22413404254382
-18.22424556649164
-18.2243489160543
-18.224458961564494
-18.224596236522732
-18.224732046923204
-18.22485536060578
-18.224946143296897
-18.225055241896104
-18.225179607552377
-18.225279655416273
-18.225415799760384
-18.22547665365635
-18.225577797629633
-18.225667992924016
-18.22577315278715
-18.22586179779333
