500 iters for seed 6 on ER0.3 which is in the 21.956634521484375 percentile
 Maxcut: 24.0, MedianCut: 15.0
-13.03933788643919
-14.994859734731625
-15.022877576496205
-15.039715138177401
-15.048560145502645
-15.077751278800214
-15.123622538974416
-15.160925387164504
-15.205106616061663
-15.232423555073487
-15.254535666116448
-15.276898900194492
-15.298522191868203
-15.310647723165674
-15.326139776649805
-15.339334612755454
-15.351600656425767
-15.368019370168703
-15.380554277164293
-15.393814710184095
-15.401324663688403
-15.407088571330325
-15.418142958027179
-15.423839058530003
-15.430975797366091
-15.437478011221648
-15.442324810555398
-15.448789139013357
-15.455786904369607
-15.459250929735648
-15.4664690363304
-15.46975667281373
-15.474377601454394
-15.4783391009499
-15.481333976367411
-15.487207215191688
-15.490100364161076
-15.49274274033875
-15.496151829880894
-15.498481171572369
-15.501576750375499
-15.50529016164519
-15.507901137875763
-15.509833969175475
-15.51301582561474
-15.515283084857295
-15.517992288901798
-15.52145673267313
-15.524339252216041
-15.527050050031267
-15.529276109939595
-15.531480902767676
-15.533444896113279
-15.535207989977222
-15.537744373971297
-15.539226750910029
-15.540844016435337
-15.542685726995655
-15.544468244667272
-15.545901781991951
-15.54879287702131
-15.549951211617003
-15.551702743108406
-15.55427563272497
-15.555223282428996
-15.558570507406856
-15.559576710756835
-15.560996178467427
-15.56178215368492
-15.563331637663548
-15.564585234488689
-15.565549854248669
-15.567712087574732
-15.56878275523052
-15.570463982507118
-15.57170519195032
-15.57306461038785
-15.574338107968076
-15.575617440414542
-15.576717768647914
-15.577638453953762
-15.578838618850769
-15.579625137628256
-15.58044718162262
-15.581329585208408
-15.582108373223198
-15.583114127371475
-15.584072406779049
-15.584657281273326
-15.585638823581137
-15.585959354056568
-15.586962955800269
-15.587498184705584
-15.588084337926622
-15.589112039641588
-15.58960591442035
-15.590888299851965
-15.591373891493868
-15.592164590209812
-15.592416485095285
-15.59331041431033
-15.59374162023346
-15.594258465919765
-15.595051344314154
-15.595822017612168
-15.596976419357546
-15.597483329029433
-15.598067857504661
-15.598458048058871
-15.598991963548478
-15.599623047065986
-15.599961959281792
-15.60049852600509
-15.601182343319422
-15.60214888231534
-15.60244470680482
-15.603165157744705
-15.60349896153144
-15.60401174101606
-15.604617180465842
-15.604815808779735
-15.605599375954434
-15.605836497491959
-15.606282288905362
-15.606529930998548
-15.606999604977108
-15.607239199518844
-15.607512888807923
-15.60788620040441
-15.608331093309646
-15.608663761097402
-15.608944240921346
-15.60931276082119
-15.60973933883673
-15.609976765836501
-15.610324852902306
-15.61061354425219
-15.61091846636158
-15.611267987599362
-15.611513441512484
-15.611933111177665
-15.612219016537903
-15.612571561376203
-15.612830815993203
-15.613109351001333
-15.613666483326089
-15.613953243949485
-15.614280168027278
-15.614539582588192
-15.614793681674382
-15.615130495260447
-15.615530015223362
-15.615817766301124
-15.616136003685284
-15.616404060703308
-15.616724017807645
-15.617280012350827
-15.617364965437751
-15.618031992622639
-15.618278603668589
-15.618636593680707
-15.618897501819603
-15.619333656687076
-15.619598999856091
-15.619800766047474
-15.620122415072672
-15.62030358779791
-15.620652781033426
-15.620937713707479
-15.621295046014527
-15.621489518303319
-15.621840914374536
-15.622036848856185
-15.622260712630244
-15.622606298717793
-15.622922597774352
-15.623222931460795
-15.62345573379378
-15.623744512785366
-15.623951333567685
-15.624327443133492
-15.624486654023853
-15.62465516277755
-15.625009344722613
-15.625148674616034
-15.625657108322983
-15.62584704584636
-15.62611457770968
-15.626519112786605
-15.6266817677562
-15.627146935569513
-15.627336754197398
-15.627591910995706
-15.627783450901577
-15.628070294905942
-15.62833252964463
-15.628593398701984
-15.628852401799808
-15.629131291269086
-15.629382405911569
-15.629732246830526
-15.630079899996488
-15.630452691347571
-15.630729499017798
-15.631079105915937
-15.631256882757599
-15.631491255751975
-15.631697250630873
-15.63187053353506
-15.632101594133488
-15.632404740235872
-15.632580659943287
-15.632809797109934
-15.633034707916856
-15.633290968285475
-15.633497502192267
-15.633661857966796
-15.633965366717963
-15.634152704556293
-15.634423324480636
-15.63462926504534
-15.634883990457597
-15.635149451370234
-15.635419612456516
-15.635672215657717
-15.63596625730479
-15.636314189993623
-15.636641218483392
-15.636877622044382
-15.637251326953773
-15.637469913420977
-15.637659788672662
-15.63787518921118
-15.638111304656496
-15.638162939762354
-15.63863811028624
-15.638772485109229
-15.638967293992627
-15.63918878870461
-15.639448892834949
-15.63974960257095
-15.640003507990134
-15.640331640333432
-15.640620751535298
-15.640824955391833
-15.641119225632396
-15.641366922659099
-15.641759024933748
-15.64200398581967
-15.642234697287781
-15.642523652811706
-15.642788371876328
-15.643144146818816
-15.643432553256432
-15.64366833024956
-15.644019097351833
-15.644190563093979
-15.644460143071877
-15.644604468786213
-15.64479723720129
-15.644956816473952
-15.645262878533956
-15.64547196236653
-15.645648922056424
-15.645962956013062
-15.646247501331866
-15.646566715220128
-15.646700351931607
-15.64696350872881
-15.647091342109313
-15.647318135204234
-15.6475216866626
-15.647682167243717
-15.64799282135671
-15.648058687043669
-15.648432037533514
-15.648523544825183
-15.648716539606083
-15.649046618327393
-15.649132788111835
-15.649479540087604
-15.649607396963145
-15.649810173121569
-15.650105424427409
-15.650297897788418
-15.650592559454507
-15.650760580574106
-15.651033312787861
-15.651201431286628
-15.65147115979375
-15.65165549523531
-15.651939364890705
-15.652171677619876
-15.652427797659378
-15.652645194145332
-15.652876826090301
-15.653105403161284
-15.653315204087015
-15.65361092355663
-15.6537877017062
-15.653986115112204
-15.654193595343244
-15.654392840323833
-15.65454646125696
-15.654869144138235
-15.655071104722328
-15.65529410148128
-15.65550002672456
-15.655746505074186
-15.656234544807948
-15.656428555046983
-15.656763580203114
-15.657042744526589
-15.657246444722864
-15.657463474188498
-15.657619601171783
-15.657872571683095
-15.658044340643963
-15.658219144093746
-15.658438162658829
-15.658600204926088
-15.658967867528299
-15.659269730423086
-15.659444427022322
-15.659735869357702
-15.65995099182442
-15.660266071662907
-15.660535090625611
-15.660742261527215
-15.660944377447844
-15.661247028682856
-15.66157497642935
-15.661770562884037
-15.662055599161565
-15.662327336964147
-15.662601862964515
-15.662862606919825
-15.663058269041711
-15.663287104233852
-15.663568375273071
-15.663830592134406
-15.664052448205567
-15.664349960552583
-15.664618956533666
-15.664848380504687
-15.665087225095265
-15.665408569878224
-15.665658952825906
-15.665934106125158
-15.666273663742711
-15.666494807127473
-15.666704405447055
-15.666926606377205
-15.667136717270965
-15.667329174219482
-15.667476169896466
-15.66762648919092
-15.667782127528401
-15.668064839307625
-15.668335972991208
-15.668691747960668
-15.668907657618682
-15.669175616418578
-15.66942201267996
-15.66975592655446
-15.669935414644462
-15.670095324739195
-15.670148503706352
-15.670347239771651
-15.67046535598083
-15.670582543248251
-15.67079726932212
-15.670981623445902
-15.671266224174769
-15.671432284029747
-15.671649002543557
-15.671876121152627
-15.67212472612713
-15.672323609449002
-15.672583994011308
-15.672724381794247
-15.672933673487632
-15.673117392199954
-15.673293208169946
-15.673517827813605
-15.673759173212744
-15.673955639080607
-15.674161404839731
-15.674330355790717
-15.674593629221086
-15.674732748258561
-15.674910743457081
-15.674996374304394
-15.675173277132004
-15.675283258739256
-15.675379139696682
-15.67546497924429
-15.675584746651593
-15.675678173876198
-15.675778083061179
-15.675937934653886
-15.676027581546924
-15.676155888406296
-15.676247578582513
-15.676380340345741
-15.676478157923377
-15.676616026423048
-15.676703602614735
-15.676781302860126
-15.676863378923112
-15.676949708425024
-15.677040776052404
-15.677107391690953
-15.67728541948187
-15.677365984749521
-15.677481944158382
-15.677583208490772
-15.677704419231516
-15.677832373278616
-15.677962297617432
-15.678079746838073
-15.678183711057214
-15.678265715785859
-15.678347198844635
-15.678431034797475
-15.678497173512978
-15.678646123759254
-15.6787495227059
-15.678822320921396
-15.678893499127009
-15.678952191179715
-15.679103974721283
-15.67917854304248
-15.679263871862798
-15.679352972886889
-15.679426654686544
-15.679489274734177
-15.679624439534994
-15.679682800240688
-15.67976163405325
-15.679874848159095
-15.680011019158362
-15.680122507928948
-15.68023741296755
-15.68030680897733
-15.680360174625456
-15.680444628208441
-15.680502264981572
-15.680583791445697
-15.68065243197151
-15.680720933100604
-15.680762351037576
-15.680842585244857
-15.680885277145563
-15.68093062455367
-15.680982340309395
-15.68102566933147
-15.681097357895233
-15.681167107706502
-15.681203078934088
-15.6812668264144
-15.681310373179784
-15.68136564048325
-15.681443676620313
-15.68150281292518
-15.681572267651067
-15.681633896282989
-15.681697622167373
-15.681755265258657
-15.68183225670034
-15.681905185839321
-15.68196334805452
-15.682023791755878
-15.68208716167777
-15.682150625073309
-15.682231842343075
-15.682276161112222
-15.682326476221577
-15.682375717905346
-15.68244473816478
-15.682492662161547
-15.682551973157596
-15.682641021373703
-15.682706622613127
-15.682763709005886
-15.682838055078332
-15.682904850979526
-15.682971199524532
-15.68304046360634
-15.683106902843276
-15.683170547024604
-15.683220708136307
-15.683300652960245
-15.683359137950832
-15.68343557837671
-15.683508571976642
-15.683595678145888
-15.683660437835412
-15.683740000046388
-15.683801212392595
