500 iters for seed 93 on ER0.3 which is in the 34.081268310546875 percentile
 Maxcut: 30.0, MedianCut: 20.0
-19.012424099422038
-19.99588572963267
-20.039718579116137
-20.12838951206741
-20.150123520512636
-20.18889356959669
-20.23599982490871
-20.27623373574255
-20.304034428605192
-20.323859269678966
-20.327366075201724
-20.352405132862028
-20.36538345253654
-20.377182127450435
-20.397299637101764
-20.402288756988735
-20.416973210186093
-20.425228400385897
-20.43563547644026
-20.448935609735837
-20.45077244491467
-20.467160197946523
-20.47360429694999
-20.481461577273414
-20.490150259495604
-20.498640120043138
-20.507636946331072
-20.51403587368865
-20.521094545257807
-20.526647648193784
-20.53155691058834
-20.53586623335765
-20.540942160791445
-20.54564652025004
-20.550910893001443
-20.55496136031985
-20.55957319360478
-20.562451035351884
-20.56647797270363
-20.56899760005282
-20.572492840114883
-20.574571708342052
-20.57681688216124
-20.58116017175891
-20.583437004368673
-20.58653519004294
-20.588852097148116
-20.59057549507637
-20.592701125117898
-20.595415104326893
-20.597259319979692
-20.59924821373993
-20.601158478242724
-20.603011291771328
-20.60461033611318
-20.60667446029775
-20.607937313616418
-20.609533710780212
-20.610505272980568
-20.611735838058124
-20.613617963802636
-20.614145551339647
-20.615931812358696
-20.616612990759194
-20.61762742782814
-20.618916667903562
-20.620380202443037
-20.621721641606662
-20.623224637776946
-20.624365270018266
-20.625459038569943
-20.62716590648208
-20.62795877963569
-20.628617574901174
-20.630093725578185
-20.63091953387027
-20.63273396070553
-20.63424096250066
-20.635225232084096
-20.636386672774524
-20.63729683658764
-20.638479065409566
-20.639548003383954
-20.64052296302612
-20.641472174858542
-20.64251199075462
-20.64391000345964
-20.645079507483484
-20.646084037570404
-20.647266540314185
-20.648193156789485
-20.64936901244842
-20.65091897731557
-20.65174404669683
-20.652830847732574
-20.65383617706277
-20.654814984078055
-20.65636280798618
-20.65726034876348
-20.658385085474034
-20.659774761209434
-20.660897005958446
-20.661641595286643
-20.663224759571627
-20.66374145341351
-20.66462910409301
-20.665407656804362
-20.666218798621564
-20.667539196463864
-20.6678715351904
-20.66999011846173
-20.67057024446308
-20.6713851375958
-20.671978026466952
-20.67283845980852
-20.673571193805387
-20.674143226704267
-20.674696985393417
-20.675476772181142
-20.6759340101249
-20.676506489482232
-20.677151849913834
-20.677869024187853
-20.67846056262982
-20.6791131151389
-20.67967807721216
-20.680422571729622
-20.681081691829892
-20.68160817592939
-20.681966855715828
-20.68268321341155
-20.68306616462533
-20.683529105555856
-20.684233869514127
-20.68466316919701
-20.68530117512528
-20.68579519379987
-20.68646805011162
-20.686876941650898
-20.68747950331639
-20.687866968120268
-20.688222822673865
-20.688610152718162
-20.68905267227268
-20.689497198553617
-20.689924655924756
-20.69018378181407
-20.6907484964566
-20.691050041403415
-20.69141213506932
-20.69198939801085
-20.69216987660222
-20.692836666141147
-20.693086998444347
-20.693521603588
-20.694018528822987
-20.69457920638428
-20.694974144965578
-20.695463672525545
-20.695864843987927
-20.696307752922213
-20.69701992686266
-20.69740019888935
-20.697846432048912
-20.69833212175002
-20.69854269059704
-20.699000172066857
-20.699334324729328
-20.69970532942019
-20.700050289833413
-20.700337785984523
-20.700697275207027
-20.70106088062814
-20.70141969461224
-20.70183250005343
-20.702247950903967
-20.702715044690365
-20.703185096590087
-20.703500966745537
-20.70382101860261
-20.704333066193282
-20.704709248355012
-20.70504841547178
-20.705384558333492
-20.705571933092497
-20.705900729337827
-20.706274879749294
-20.706652358235324
-20.706954001572804
-20.70723651095802
-20.70756302277747
-20.707820911810632
-20.70837564488762
-20.708590091781616
-20.70892089616988
-20.709332365396467
-20.709747980855806
-20.710076785311823
-20.710475274931742
-20.710723469042016
-20.71097616632728
-20.711499625610404
-20.71176026702242
-20.712139205264275
-20.712637385427854
-20.71282862149276
-20.713263518954868
-20.713533782487595
-20.71383237667387
-20.714194885939857
-20.714437272667027
-20.714717148027727
-20.715149324990886
-20.715347390465894
-20.715714388116496
-20.71599291652887
-20.716417110310168
-20.716660419523336
-20.71691451437613
-20.717347324675856
-20.71758185243982
-20.717960190887705
-20.71827921747628
-20.71869681695647
-20.719077287978116
-20.719448775151093
-20.719802493681474
-20.72012072843758
-20.720477842563156
-20.72081581161357
-20.72118349443462
-20.721509906609704
-20.721863547211058
-20.72214892703817
-20.722462140168695
-20.722748115785404
-20.723025474038796
-20.723604148026325
-20.723746436061745
-20.72422858212493
-20.724421313396803
-20.724705544151973
-20.72516621870128
-20.725343017526953
-20.725771682004297
-20.725941617089788
-20.7261541590597
-20.72646173884435
-20.72667664581015
-20.726894811471475
-20.72708696616393
-20.727330187099664
-20.72765904971238
-20.728109389450356
-20.728362909495544
-20.72865709813537
-20.728956375495038
-20.72933654713073
-20.729625389089637
-20.72989494167299
-20.730106322687252
-20.73036922465297
-20.73064577493071
-20.73074202605266
-20.731069925528924
-20.731209447192615
-20.731368315576795
-20.731591082946185
-20.7318956553681
-20.73220818889279
-20.732356570272458
-20.73253762909138
-20.73273855685328
-20.733026116913074
-20.73335174459518
-20.73356502309315
-20.733819477615818
-20.734013242941312
-20.73437421887505
-20.734454361964087
-20.734865515411165
-20.735078040014525
-20.735382158834078
-20.735756699527204
-20.735899668274193
-20.736354690941937
-20.73652918286586
-20.73676285245632
-20.737062427643394
-20.73741016012665
-20.737644699498247
-20.737944098264574
-20.738169278720967
-20.738443943649774
-20.73892495895571
-20.739156882532114
-20.739712628750336
-20.740046119142352
-20.740331232770806
-20.740584518356922
-20.740876972135524
-20.74109259598015
-20.741491632142065
-20.741688922646127
-20.741968715130223
-20.74235983653419
-20.74270189021888
-20.742916015261102
-20.74315141439873
-20.74338161709636
-20.74364567197616
-20.743931639277704
-20.74413668347036
-20.744343689068877
-20.744556431080333
-20.744728919614488
-20.744868016498973
-20.745023070830577
-20.74516894290855
-20.74529929930709
-20.745598508236423
-20.74567108923076
-20.745915635954354
-20.746027528597505
-20.74619156092515
-20.74645281765309
-20.746626703544152
-20.746843778525353
-20.74698573273578
-20.74722257098
-20.74730786187483
-20.747508604158494
-20.747654561903488
-20.74780163148509
-20.74805659424694
-20.74822398329948
-20.748512841742617
-20.74869449862173
-20.748920071294304
-20.749010499710103
-20.749215104166943
-20.749370323876878
-20.74949100806543
-20.749709647467387
-20.74981428327274
-20.750194323979017
-20.75033120674241
-20.750473946850406
-20.750680048802145
-20.75102335705874
-20.751198894847747
-20.751340233701434
-20.75148435806899
-20.751599727041505
-20.751735939713825
-20.75195693288037
-20.75204058926838
-20.75213777139466
-20.752269484360234
-20.752382266920584
-20.75256250981088
-20.75267604120451
-20.75290835629051
-20.75300181277456
-20.753129086856696
-20.753189760953727
-20.753360454269394
-20.753484787195287
-20.7535979409246
-20.75376750029566
-20.753893550429915
-20.75402689035905
-20.75412409787271
-20.754250409242854
-20.754483753629035
-20.75453384809434
-20.754744989356887
-20.754818618201867
-20.754926846264784
-20.75510826332581
-20.755172626611046
-20.75539265092634
-20.755481259731713
-20.75560889341727
-20.75586830906885
-20.756025396589504
-20.75620830890651
-20.75634537490189
-20.75646395265814
-20.75658025502444
-20.756796882891052
-20.756885103268502
-20.757032212793046
-20.757161000803016
-20.75727692393138
-20.757408177023574
-20.757575458857453
-20.757692277636693
-20.757810902902612
-20.75794222882773
-20.758095742986313
-20.758210416712565
-20.758341102279967
-20.758431618955928
-20.758531876459415
-20.758696103824324
-20.758796683000043
-20.75905396027364
-20.759096313907907
-20.75930997394408
-20.75938535636845
-20.759514139273026
-20.759598479602495
-20.759729986312106
-20.759868881423607
-20.75997724104075
-20.76021784281698
-20.760349292230266
-20.760584983522342
-20.760745279116662
-20.76093297200028
-20.761095798005417
-20.761240954991834
-20.761462974002878
-20.761594820792265
-20.761737508401687
-20.761902853264004
-20.762040098167123
-20.762254779039868
-20.762402430863162
-20.76255041737046
-20.762756247191014
-20.76288229156443
-20.76304001564185
-20.763185991589907
-20.763315150443397
-20.76342791393434
-20.763604723895938
-20.763746678261946
-20.763865573131984
-20.764024149582678
-20.764166449698166
-20.76433203963386
-20.76448347278124
-20.764606214879322
-20.76474776162739
-20.764895161034126
-20.765052569471543
-20.765212220779787
-20.765377419896886
-20.765507586336053
-20.7656344319657
-20.765773455108935
-20.765912549083005
-20.766039284815232
-20.766156040965512
-20.766307686719976
-20.766478136575618
-20.76656001042259
-20.76669446867207
-20.766807091281805
-20.766924940887716
-20.767118964584476
-20.76722425502343
-20.767366896524706
-20.767490323903303
-20.767599785387766
-20.767672577284237
-20.767827562705005
-20.767926594439576
-20.7680322379048
-20.768217475989676
-20.768295043632513
-20.76839267814961
-20.768558213020217
-20.768636148094995
-20.768731981290877
-20.768887718012984
-20.76897814395981
-20.769089368774544
-20.769251344428547
-20.769379966357015
-20.769511897713166
-20.769647544198516
-20.769810195930177
-20.769828606289384
-20.77002002825153
-20.77008981321353
-20.770206016628748
-20.77033773053162
-20.77044485460292
-20.770561941336595
-20.77064890763914
-20.770763887272548
-20.770889645047102
-20.77107639281991
-20.771163690901126
-20.77126369498791
-20.77139866806726
-20.77150510424704
