500 iters for seed 83 on ER0.3 which is in the 68.11599731445312 percentile
 Maxcut: 26.0, MedianCut: 18.0
-19.001618981472113
-19.220114120058525
-19.2320735923006
-19.417770727011224
-19.93006828421907
-20.077032038667234
-20.313409953522413
-20.538811971093647
-20.756152219021402
-21.049422006391072
-21.335558989361765
-21.690158603830387
-21.93909477605004
-22.184043290288862
-22.362547594025475
-22.526124214268986
-22.628327479309835
-22.70668343992813
-22.8084592042375
-22.918448652698686
-23.140473882741393
-23.303861423772123
-23.578192104341504
-23.851503082554217
-24.036702888506255
-24.180182809020405
-24.30314763642237
-24.410811282541868
-24.496065434008173
-24.593042316552108
-24.6673763959667
-24.758752540788763
-24.827365715990148
-24.897192957130134
-24.933961667126415
-24.991326984216713
-25.014216884420208
-25.07033418300297
-25.118953987901936
-25.1665272320419
-25.197503116768576
-25.23019155649577
-25.2589220111939
-25.287510994829564
-25.319345914541007
-25.343725820388602
-25.37571324906337
-25.401327200154586
-25.426694089656426
-25.453510806439038
-25.484187329817843
-25.509041127801567
-25.534465253792394
-25.563430512583487
-25.585204742027045
-25.60569560427376
-25.630937438136254
-25.646865843153883
-25.665948118981262
-25.685780351139577
-25.699301004849158
-25.721239341260635
-25.75221172902992
-25.76694713258487
-25.785862310285584
-25.79511998351055
-25.810650210184654
-25.82293235474232
-25.841349724366335
-25.850197785773346
-25.86082725679617
-25.876038334520434
-25.889518312671616
-25.9028960801455
-25.911657085937144
-25.92141137898962
-25.927190787691277
-25.94005936065108
-25.945956758250688
-25.9512564757878
-25.958784817692965
-25.96267327342507
-25.96695490331329
-25.970414666469136
-25.973969664351312
-25.976303575769485
-25.977882004752175
-25.97920651964206
-25.980487470290964
-25.982422657034466
-25.984654696280774
-25.986248480749897
-25.98792381800892
-25.9893697983767
-25.99074215469342
-25.992282767557995
-25.993065218816827
-25.993920159904643
-25.994736487477812
-25.995341525853128
-25.996093591812816
-25.99646227500456
-25.99705818919108
-25.997497076506463
-25.997882229453886
-25.99822002167558
-25.998453726157404
-25.99859826568891
-25.998815230432847
-25.998946772217383
-25.999143856742034
-25.999241350110474
-25.999325092206096
-25.99936667837349
-25.999414255364123
-25.999459521329452
-25.999508771000116
-25.999539396930967
-25.9995663833259
-25.9996216803481
-25.9996441856085
-25.99968040734225
-25.999703773843237
-25.999729716287305
-25.99974930411931
-25.99976594254143
-25.99978040492093
-25.999790832310705
-25.999807628078287
-25.99982130216576
-25.999830970410574
-25.999846125083405
-25.999858318952967
-25.99986643974553
-25.999885286065503
-25.999890006140056
-25.999900627964646
-25.999907842467096
-25.999917178750113
-25.99992446546222
-25.999929063688498
-25.999932474789286
-25.999938432501505
-25.999942738563828
-25.999946759299426
-25.999953690977485
-25.999958288122755
-25.999962812323297
-25.99996541357431
-25.999968478460755
-25.99997465937267
-25.999976716233657
-25.99997988683415
-25.999982412029006
-25.999984938415835
-25.999987071391693
-25.999988822641885
-25.99999021584027
-25.999991204592906
-25.999992581988256
-25.999993742512455
-25.999994718066905
-25.999995746325922
-25.99999627327277
-25.999996785497576
-25.999997383414406
-25.999997776627502
-25.999998220666296
-25.999998451973795
-25.999998601571477
-25.999998732259236
-25.999998874432492
-25.999998979732716
-25.999999119354463
-25.99999920165056
-25.999999287060746
-25.999999362711886
-25.99999943470894
-25.999999497486655
-25.999999544186153
