500 iters for seed 85 on ER0.3 which is in the 55.545806884765625 percentile
 Maxcut: 29.0, MedianCut: 19.0
-19.00257697246889
-20.293530943438096
-20.30172520520279
-20.648743477577042
-21.191679839026204
-21.550941965832312
-22.113147400841505
-22.592156539908096
-23.256452208863504
-23.592173611201027
-23.90372542880124
-24.293895970527377
-24.490509534577203
-24.672111686050133
-24.868449212970717
-24.990279671229725
-25.17725377777923
-25.33413681532159
-25.452876957267875
-25.58291253404186
-25.687662559850764
-25.80004792909216
-25.91031531443783
-25.97075636954825
-26.03217468028348
-26.087048689620524
-26.144089623400227
-26.233481463070156
-26.284841175890186
-26.344210136098866
-26.392510178324578
-26.447471598290193
-26.485162799233052
-26.54607184246066
-26.56901908006504
-26.60722525495301
-26.64932437315449
-26.6967551200878
-26.73195132933187
-26.763216131225732
-26.793048129992865
-26.825028762569154
-26.849689378047735
-26.867012910412868
-26.88641160662271
-26.896890337529275
-26.91151334010429
-26.918665581205108
-26.92782163841418
-26.937865909322085
-26.945843800358507
-26.95037559079487
-26.95565950068823
-26.960143072667705
-26.963198596767235
-26.968515019681316
-26.970143715137393
-26.97310953738851
-26.97530481396926
-26.978739703958432
-26.981031326373778
-26.98313640105355
-26.98668039543938
-26.98721769247898
-26.992102207577158
-26.993122847582708
-26.9944752299305
-26.995566074708655
-26.996618196819302
-26.997380199640677
-26.99789130065239
-26.998299626909684
-26.99889096107664
-26.99924712664274
-26.999584999596067
-26.999848002572357
-27.00008654538479
-27.000374719670667
-27.000548584423566
-27.00073283630302
-27.00096093401602
-27.00105437190647
-27.001149388635316
-27.001287760914227
-27.001360766654525
-27.0014300913242
-27.001510055375192
-27.001560279588684
-27.00158523307323
-27.001649984431914
-27.001682146671023
-27.001713524229768
-27.001738244369417
-27.001752698828664
-27.001781397003185
-27.00180786990696
-27.00182327172977
-27.001845287544956
-27.00186089051248
-27.001877538564944
-27.00189650004248
-27.00190865082207
-27.001918690523066
-27.001945411621424
-27.001955370502067
-27.00197064225179
-27.001981697220543
-27.001996571046867
-27.002018513268
-27.002040659420913
-27.0020591823012
-27.002089966112
-27.002111527017192
-27.00214436537952
-27.002168323910013
-27.002191045381903
-27.002208565463665
-27.002239592071437
-27.002271557887994
-27.00230742817113
-27.002345156179295
-27.002381486322907
-27.002426690158043
-27.00248515554552
-27.002535948106946
-27.002592031968316
-27.002652697471234
-27.00274576597767
-27.002813801700086
-27.002914057886834
-27.00307029202696
-27.003235474730953
-27.00340453284146
-27.003554898973917
-27.00373317377067
-27.003962370728154
-27.004272919573843
-27.004567078763376
-27.004900777605528
-27.00528498333598
-27.005785152414536
-27.0061477419522
-27.006629454324003
-27.00708233695347
-27.007586455700505
-27.007988991915145
-27.00817584262158
-27.00857651722744
-27.008933650537568
-27.009432051261307
-27.00980339749802
-27.010162821238236
-27.01052815171036
-27.01089216421422
-27.011214305308304
-27.01164313208288
-27.01203644861778
-27.012420812252238
-27.012779739459724
-27.01327680159308
-27.014126788059002
-27.01467039547496
-27.015129170373807
-27.01546464917043
-27.015896652144786
-27.016499229644786
-27.017011504313682
-27.01742535778461
-27.01792124153433
-27.018385211564222
-27.018766765524358
-27.01914225608447
-27.019422478051272
-27.019877332208207
-27.020472330058627
-27.02114011413975
-27.02169324297158
-27.022309736495092
-27.022922448580843
-27.02364093579515
-27.024178326776514
-27.024580000867857
-27.025080398791612
-27.025532067945814
-27.025911995425133
-27.026313450503373
-27.02677542808272
-27.02730388219754
-27.027682948144783
-27.028194003990606
-27.028640697091326
-27.029053577760042
-27.02968906484566
-27.030003855500343
-27.030418017067976
-27.03115550471955
-27.031630180073673
-27.032286875803454
-27.032876395887797
-27.03329215834049
-27.033872220256356
-27.03439603199332
-27.034809757526176
-27.035462486030074
-27.03589311111722
-27.03627131995912
-27.037114967022042
-27.037464348699526
-27.03794004570919
-27.038540650900742
-27.03892958915356
-27.03982697475569
-27.040020292820792
-27.041007654162513
-27.04133947360414
-27.04197287410392
-27.042662830795283
-27.043427831862253
-27.04422406061745
-27.044898930942207
-27.046214753137136
-27.047604173139394
-27.04867008874553
-27.04991864997791
-27.050887314324257
-27.05200076583747
-27.05393036463378
-27.054834448199767
-27.055909113514105
-27.05697487966439
-27.057772207347494
-27.05865869063743
-27.05997388981229
-27.06125108153118
-27.062308231764995
-27.06336686253067
-27.065089645930613
-27.066196893308963
-27.067396244910707
-27.069145277612407
-27.070313762092525
-27.071450092286646
-27.072947943706165
-27.073971202211535
-27.07523736299418
-27.07619398821382
-27.07672736240026
-27.077971759838782
-27.07877264499586
-27.07973750814632
-27.080534027517416
-27.08111462315674
-27.082263543680885
-27.08285887735788
-27.083625722594608
-27.084426666695048
-27.085191347068182
-27.086074674190716
-27.08699382203203
-27.087898078789273
-27.088685732090468
-27.08947866968254
-27.0911678297471
-27.09241499357831
-27.09385828177312
-27.09535547239484
-27.097367553826665
-27.099810675084825
-27.10219197741691
-27.104741230970124
-27.10726208468197
-27.109163850140312
-27.111514791171263
-27.11445349770933
-27.116101125893806
-27.11893819366035
-27.120949656092048
-27.12472318085497
-27.12850918389408
-27.13240022464804
-27.13669865875209
-27.141302579331548
-27.146074982840922
-27.150635922886497
-27.1542501387618
-27.159101562744873
-27.16202174428282
-27.164755355960235
-27.167773329138587
-27.171358499035463
-27.174962719441265
-27.178533957422466
-27.181222960635267
-27.184271146452378
-27.187881930920472
-27.19202696419878
-27.194616537380767
-27.197564555425565
-27.200880521943464
-27.204761065119254
-27.2084501486853
-27.21228164824607
-27.215589881777056
-27.219039818235565
-27.223433285285605
-27.22739959866755
-27.232622586764823
-27.237867996268342
-27.243184945828027
-27.2481060878837
-27.256380656230508
-27.262603554364986
-27.272347471040803
-27.27832890563168
-27.284129534921462
-27.292642557665015
-27.298959562392287
-27.3063496592669
-27.311379488264155
-27.3159030703211
-27.322024517564323
-27.33036719074052
-27.337873042690383
-27.344446953967942
-27.348088394928332
-27.355234956978915
-27.358804044333123
-27.362817053868294
-27.368334268607196
-27.37091578789263
-27.372970795154657
-27.374933004778498
-27.376874183889292
-27.378531760701087
-27.37972614634811
-27.38107572563517
-27.382066003773815
-27.38345830259563
-27.384559168650288
-27.385303037158806
-27.386369974002807
-27.38690049076854
-27.387973740990216
-27.388720509254664
-27.389409750734227
-27.390662845842467
-27.39130958970076
-27.392407803232242
-27.393228204608366
-27.39436333392925
-27.395397609462055
-27.396357522437143
-27.39787151554354
-27.398918647639185
-27.40021534669931
-27.401885242684106
-27.403082124118086
-27.404109608801996
-27.406029766454054
-27.406816239946696
-27.407686397694665
-27.409040199432113
-27.40999581868768
-27.41145821981381
-27.41312061904169
-27.41395134414414
-27.41543935041691
-27.416250441541976
-27.417598871821237
-27.418998770548445
-27.419902503216974
-27.42207437030696
-27.423110407987785
-27.424912057316348
-27.426483276374416
-27.42798261346697
-27.429415066215785
-27.4311105928266
-27.432918804759396
-27.43501723628178
-27.437907496391272
-27.440033766887844
-27.441686128866127
-27.443572415070985
-27.445830940673385
-27.446797119158987
-27.449985771325146
-27.451048949914927
-27.452485811850973
-27.4541144751978
-27.455899286737463
-27.457284519356374
-27.459164162115115
-27.461351132575498
-27.463676477489315
-27.465814909316958
-27.467501295248802
-27.46932466945035
-27.47068867477996
-27.47204870989913
-27.473240654299662
-27.474315938658087
-27.475975460944614
-27.477396665081255
-27.47832203504626
-27.479868920903815
-27.481030195257297
-27.48235297385349
-27.4836050177249
-27.484401939580863
-27.48561155403686
-27.48623076448757
-27.487221897697214
-27.487835748160137
-27.488535769982096
-27.489540035081248
-27.490177424223326
-27.491211031412583
-27.492023788692038
-27.492836713134427
-27.493586288080216
-27.494321465350993
-27.49547936657318
-27.49619385697234
-27.496893890297876
-27.498057074472705
-27.498679009730683
-27.49937818858337
-27.500266940617507
-27.500938565936217
-27.501579854098708
-27.502719385302658
-27.50303321943949
-27.503628371047906
-27.50407224389214
-27.50452511853403
-27.50525679988513
-27.505797222605672
-27.506596667023906
-27.507072035702524
-27.507573546316202
-27.508016611205008
-27.508434719725646
-27.508963512854265
-27.509358837825904
-27.509750004780198
-27.510127378876934
-27.510474746689205
-27.51087017036829
-27.511271476354047
-27.51166423470247
-27.512096035022036
-27.512507542349837
-27.51296726236177
-27.51348938315764
-27.51387408810503
-27.51421868380543
-27.514581754223407
-27.514934938624126
-27.51545243066671
-27.51594047668367
-27.516375217855526
-27.51668174052058
-27.517035027520986
-27.517505426116188
-27.517889946473634
-27.518206878180184
-27.518652540981204
-27.518991595374136
-27.519509902508673
-27.519865906473832
-27.52022477902253
-27.520530074406675
-27.52081687749927
-27.52122200716707
-27.521663780757514
-27.522014181575617
-27.52237979053551
-27.522790448690984
-27.523170344095895
-27.523563201990772
-27.523812442836967
-27.524064632972568
-27.52457058744654
-27.52483209138734
-27.525070137925436
-27.525378742770275
-27.525670683521103
-27.526006257275707
-27.526468135100632
-27.52674515806654
-27.52707599297808
-27.52742019144396
-27.527880500459002
-27.528147462247027
-27.5284626861443
-27.528884589330996
-27.52918181017512
-27.529588229956293
-27.529802391496528
