500 iters for seed 138 on ER0.3 which is in the 11.829376220703125 percentile
 Maxcut: 26.0, MedianCut: 18.0
-14.060697596936931
-17.49336958271631
-17.51782419463564
-17.567281750753224
-17.60642745221407
-17.6546143109856
-17.67797392009776
-17.716463821443554
-17.76812696923106
-17.799712473762987
-17.830568403078118
-17.854631071118646
-17.87783555693322
-17.89692547820418
-17.914754400802554
-17.930260618967388
-17.94224575727288
-17.95269759165872
-17.961794785464903
-17.96983157135201
-17.977989404466506
-17.985854028051282
-17.99162094882377
-17.99677232342897
-18.004296043490797
-18.007591231867067
-18.01379620440688
-18.016866074413972
-18.02129463827846
-18.027177213318886
-18.031437760447425
-18.03486792867003
-18.03809904372806
-18.041174132568877
-18.04546858963507
-18.046960695854246
-18.053802236014892
-18.055742535979217
-18.061071890803326
-18.065902155797858
-18.068984469928033
-18.073028186941443
-18.076056769970975
-18.079941209880012
-18.08256104484369
-18.087399131005885
-18.08935858720622
-18.09296911014716
-18.09641820501401
-18.099262186132744
-18.101643371648326
-18.104978965901626
-18.107802618614702
-18.110592963080904
-18.113425784303214
-18.115274229368204
-18.11690594313547
-18.11891324487304
-18.120083837710226
-18.12182953600243
-18.123404864292088
-18.124852562687792
-18.12735059981461
-18.12787208848659
-18.130271047096485
-18.13099520402197
-18.132221700232737
-18.134066421155072
-18.134770097470508
-18.13680293305831
-18.137537842148863
-18.13890539085392
-18.139894194092612
-18.140932477818037
-18.141854218672893
-18.142891645901003
-18.144789075047917
-18.14614928014898
-18.14709680556132
-18.147963468274774
-18.148948243980055
-18.150376618519573
-18.15137976124017
-18.15232582763884
-18.153011920313233
-18.15374790906153
-18.154515654879297
-18.155225618902318
-18.155813973651973
-18.15708790683961
-18.157582085240136
-18.1584321438569
-18.159494627651043
-18.16028020733576
-18.16101669941931
-18.161571684467894
-18.162293375269662
-18.163366821983853
-18.163873221973404
-18.164617537269436
-18.16499521516549
-18.16553733369739
-18.166410989736857
-18.16697944111001
-18.16762145155105
-18.168204123434418
-18.169003881003764
-18.169364406829455
-18.170112137203603
-18.170519798812776
-18.170905520540476
-18.171662247326477
-18.17211197857676
-18.17270003479609
-18.17313655003336
-18.173675489490833
-18.17426196123179
-18.174944323380828
-18.17528527138577
-18.17576240076637
-18.176231526003995
-18.176624906228312
-18.17670922625329
-18.177248596001647
-18.17743718370978
-18.17770975423278
-18.178101458833936
-18.178460906174866
-18.179011443266308
-18.179344626880475
-18.179715669864724
-18.1800645106067
-18.180512422017777
-18.18094668865035
-18.1812634838372
-18.18148834199137
-18.18175423780424
-18.18200405982526
-18.182300873406685
-18.182573003199614
-18.182813276691814
-18.183135586142487
-18.183464192316194
-18.183769463120555
-18.184054645436433
-18.184259620371854
-18.18466582942321
-18.184770728561812
-18.18514488683713
-18.18532765634043
-18.185581979524954
-18.1857644023967
-18.18599012079052
-18.186155307762483
-18.186365866003342
-18.18665496503358
-18.186923251507764
-18.187141506622716
-18.1873098621384
-18.187547765166457
-18.187739741251896
-18.187949172509704
-18.18813684367142
-18.18829634360507
-18.188412046283812
-18.18862684947915
-18.1887846389624
-18.18899304611883
-18.189252685909466
-18.189397380201378
-18.189657666612796
-18.189845393725538
-18.190083092165718
-18.19031481902844
-18.190579233554498
-18.190796336573975
-18.191011776936914
-18.191162656718582
-18.19134710352229
-18.191535723724016
-18.191638594548266
-18.191919070229297
-18.191992069491626
-18.192245189560154
-18.192334727883757
-18.192489311773393
-18.192657961462864
-18.19281257936646
-18.192991767244134
-18.1931318312427
-18.19338980389451
-18.19352669408363
-18.193673462326107
-18.193792706670337
-18.193947388228196
-18.194136270617236
-18.194302036910177
-18.194419467161072
-18.194555155838653
-18.19469919879341
-18.194853560715316
-18.19504967325241
-18.195145116138352
-18.19535063917162
-18.19549901611807
-18.19561885491313
-18.195757730382173
-18.19590010544607
-18.19607241683758
-18.19618677586393
-18.196504091906093
-18.19668581439112
-18.196969793326506
-18.197175178190008
-18.19736134547312
-18.19753733760134
-18.19784486503484
-18.19805329584093
-18.19823573980809
-18.19839663976347
-18.198571577756564
-18.19880116635049
-18.19911269641198
-18.19926138904468
-18.199467492094403
-18.19975478087512
-18.199923385078815
-18.200206781016117
-18.200349459646024
-18.200569300147034
-18.200728936811373
-18.201012842455718
-18.201211731741783
-18.20141834023746
-18.201639222602985
-18.201834443802756
-18.2021409664654
-18.20243647806522
-18.202774028155446
-18.20308149715825
-18.20337975984793
-18.203564151408322
-18.203754268988423
-18.203916105252894
-18.204084876686313
-18.204266866289377
-18.204480931132828
-18.204752238423673
-18.20501983060115
-18.20524393272076
-18.20548430745686
-18.205690329274645
-18.205859899982144
-18.206183043666655
-18.206310608244152
-18.206425810525026
-18.20669909207152
-18.206848604261868
-18.207043282942454
-18.207240694524558
-18.207420903905362
-18.20758838867987
-18.20780881308
-18.208019586367705
-18.2082168349487
-18.208406946274195
-18.208570228821713
-18.208710646058716
-18.208799845281806
-18.208943140068378
-18.20900548991531
-18.20909045841081
-18.20921879969833
-18.209316143712446
-18.20951923901932
-18.209586282118174
-18.209810978583384
-18.20987957180881
-18.210003096791457
-18.210156299839905
-18.2103135892367
-18.210432417104435
-18.210525719679687
-18.210638999138656
-18.210774849581927
-18.210884204795242
-18.211021066142848
-18.211148081670796
-18.211244781135406
-18.211419360127824
-18.211500460261053
-18.21160215080913
-18.21170233161864
-18.211787395383684
-18.21188875304386
-18.211993222431808
-18.212085712039833
-18.212156578601135
-18.212240747188616
-18.21234444375125
-18.21241949408395
-18.212585697306036
-18.212691854088842
-18.21285210126063
-18.21298921465953
-18.213114927833892
-18.21322391174897
-18.21331343285032
-18.21340832372251
-18.213480665735787
-18.213569627372053
-18.213650600068355
-18.213740928555524
-18.21389625969861
-18.21394037627127
-18.214163617884882
-18.21422861740916
-18.21434027775499
-18.214513554346382
-18.214611361280912
-18.214755181896493
-18.214875836367213
-18.21504823342153
-18.215167746372757
-18.215272835068284
-18.215406144723747
-18.215539558123865
-18.215647583617084
-18.2158712242657
-18.215947752534976
-18.21611922289124
-18.21631618275193
-18.216472095681436
-18.21666067203921
-18.216767850132094
-18.216901459649474
-18.21703218264398
-18.21713461553455
-18.217359120756413
-18.21747068616561
-18.217609575823246
-18.217790787451566
-18.217909644135915
-18.218065661421136
-18.218200388880398
-18.21834325390767
-18.218532890938
-18.218683267650952
-18.218855729722
-18.218981100903346
-18.219113121047073
-18.219298513785173
-18.219474011880358
-18.21966877800567
-18.219875617648782
-18.220021953680796
-18.220173468645697
-18.220317941929615
-18.220451645059462
-18.22059648018974
-18.220863884090715
-18.221006346377653
-18.221203103655437
-18.2213160749336
-18.221443075880593
-18.221596263874517
-18.221763714304615
-18.221941299566062
-18.22204313037146
-18.22218646926015
-18.22232361713801
-18.222460129055587
-18.222699706992273
-18.22288264408563
-18.223066538031237
-18.223205278241057
-18.22337990987975
-18.223469958043815
-18.223623044952227
-18.223726134164664
-18.223825575080088
-18.22403688522637
-18.224177555430924
-18.22434188644713
-18.224434111928357
-18.224551908626616
-18.224772990784224
-18.224839473560923
-18.225128159370517
-18.225205855200976
-18.22535081879246
-18.225419988315085
-18.22556790845777
-18.225653295604523
-18.225756887308073
-18.225954910578544
-18.226050782685643
-18.226162726320926
-18.226259226149587
-18.22640009567536
-18.226526074585603
-18.22665236382907
-18.226759808881596
-18.226846001648532
-18.226969769785846
-18.227098169913514
-18.227192251458046
-18.227288081161767
-18.227458610512226
-18.227572583581424
-18.227671812993847
-18.227748429787162
-18.227891431869047
-18.228027649296468
-18.228183325975188
-18.228266166814347
-18.228383023363545
-18.22839698673721
-18.228553047187592
-18.228628927620157
-18.22870668539506
-18.22881575575211
-18.228884823550132
-18.229044198891003
-18.229167958730123
-18.22928901725636
-18.22938420316528
-18.229476383054948
-18.229633260416335
-18.22974384541354
-18.229845498505064
-18.22995353814123
-18.23004414357571
-18.230093411866058
-18.230219253055736
-18.230252759217876
-18.230381187612114
-18.230448458258365
-18.230535667993376
-18.230676705401034
-18.230736313620582
-18.23089532256706
-18.230948406938136
-18.231011661063597
-18.231090808734283
-18.231168064635504
-18.231219381102907
-18.23126648458194
-18.23132450251233
-18.231377877946855
-18.231457245738348
-18.231523240802936
-18.231578881067815
-18.231711613891537
-18.231797751954367
-18.231956711706125
-18.23203118771734
-18.232116980928545
-18.23222998915887
-18.232337537291862
-18.232411215522298
-18.232483177575375
-18.23256736325493
-18.23269956263664
-18.232742445227338
-18.232811688656728
-18.232866248784898
-18.232928603466643
-18.233027301779707
-18.233069835761494
-18.233155540261993
-18.233191025967862
-18.233245248157058
-18.233273759469153
-18.233320434117562
-18.233367657089367
-18.2334149624727
-18.23349059722056
-18.233601352659008
-18.23366767072832
-18.233757858229016
-18.233825752175076
-18.23387951315793
-18.234011170494846
-18.234030696287366
-18.234212605441634
-18.23427464169087
-18.234367024804747
-18.234465985037
-18.23456467205327
-18.23474227677071
-18.234863075977422
-18.234979405758516
-18.23508401758342
-18.235191678570807
-18.235286345645104
-18.235388825579808
-18.23553543231244
-18.235605875068288
-18.235678968254934
