500 iters for seed 174 on ER0.3 which is in the 10.756683349609375 percentile
 Maxcut: 34.0, MedianCut: 22.0
-18.100039792735583
-21.990829819580483
-22.012487927554748
-22.08785577066156
-22.139573999826382
-22.168104608841098
-22.176721835034254
-22.24801103733278
-22.27359052199494
-22.3068843650789
-22.32979287755789
-22.3567542988543
-22.375444439635306
-22.39630951173868
-22.41049544180082
-22.42937250736243
-22.444057121965166
-22.460208004354662
-22.474066114210785
-22.485652010390144
-22.501590256093024
-22.512049586641748
-22.522388117739354
-22.534610127342887
-22.54351286152292
-22.552558833794528
-22.5602061290003
-22.567265051396973
-22.57538820699996
-22.582341571947705
-22.58758388631714
-22.59461792786671
-22.59930664102049
-22.604247532576363
-22.608894473015326
-22.61310401916061
-22.61831697965219
-22.622170172757585
-22.625011954647114
-22.628824071098688
-22.631155659117795
-22.63391972405038
-22.63585538565207
-22.63791450457517
-22.64095399518316
-22.64375661502317
-22.645838654131108
-22.648338381087708
-22.650684971120743
-22.653465667179283
-22.657343709370437
-22.659451112423273
-22.66146231388637
-22.66499165297162
-22.66679564912188
-22.668677354379913
-22.671623927896846
-22.673027122599628
-22.67494887857933
-22.67769280877664
-22.67928422555616
-22.68061462217258
-22.682642678210065
-22.683862493577557
-22.68663714373315
-22.687762000964504
-22.689821773852454
-22.69107796922781
-22.692747035885507
-22.695174346528226
-22.69693727358046
-22.698382908907497
-22.69959344949684
-22.700885392541398
-22.7024684487191
-22.7037710225402
-22.704745042866378
-22.70585393472053
-22.707023298753885
-22.70818575654047
-22.709014028924457
-22.70977634843373
-22.710563756030385
-22.71142402957356
-22.712185950076552
-22.71284540605574
-22.713411928118326
-22.714258327319243
-22.714756439048706
-22.71536711128062
-22.71589191087923
-22.71641635475974
-22.717505997157428
-22.71811541702423
-22.71884237467348
-22.719680472884793
-22.72025122533429
-22.72091810948244
-22.72160821977719
-22.7221432425695
-22.72261052885516
-22.72336253512697
-22.723688371171004
-22.724202471573793
-22.724636338163442
-22.72532173003024
-22.725989818704154
-22.72644253530196
-22.72741264106033
-22.727970230876636
-22.728747066458673
-22.72944040242703
-22.73020549689382
-22.73079559316322
-22.731307772268384
-22.732010430490142
-22.732465207605877
-22.733134506006955
-22.733786722940515
-22.734382225187524
-22.735040012667582
-22.735654569236548
-22.736368635831603
-22.736958562484475
-22.73747688297204
-22.73806692796278
-22.73866140021692
-22.739261993783085
-22.739755939796055
-22.740264415554513
-22.740933773506313
-22.741402498727847
-22.741898658214932
-22.742648623325287
-22.74325758672001
-22.744008191172778
-22.744689385932787
-22.745240860232578
-22.74579328578121
-22.746154622183667
-22.746646260698533
-22.747035384882786
-22.74736615186208
-22.74803103648824
-22.74842192385387
-22.749017712503317
-22.74935100436677
-22.749724597074085
-22.75018418903598
-22.750782446753867
-22.751249323491844
-22.751846911757124
-22.75233836789488
-22.75290438108626
-22.753437863810152
-22.753774069778164
-22.75439494303353
-22.754925667737353
-22.755338075763753
-22.75603168424743
-22.75633145101627
-22.75700186385728
-22.7573525103184
-22.757754499629385
-22.758375060762347
-22.75871365117237
-22.759119828295123
-22.759486331239316
-22.759797067477876
-22.76017898187735
-22.760688682711503
-22.761025473598533
-22.761350528350526
-22.76188007474834
-22.76222861905245
-22.762593755911567
-22.763027972877296
-22.763370254030384
-22.763865078663336
-22.764360613955272
-22.764801812796918
-22.76515719920365
-22.765467312140167
-22.766020652987756
-22.766461846087765
-22.766740969773508
-22.76716593157502
-22.767487773025014
-22.767879482615808
-22.768272220344283
-22.768558988478787
-22.768834427540597
-22.769167422828044
-22.76948124038391
-22.769672270412926
-22.77008206525077
-22.7702916369888
-22.770596761432294
-22.77097522475527
-22.77138443450176
-22.77184281611755
-22.772275969785362
-22.772693291561612
-22.77309082752177
-22.77355935132393
-22.7738667058279
-22.774168821281375
-22.774596020888282
-22.774838628793898
-22.775074806435462
-22.77540391122637
-22.775587462846516
-22.77595643012151
-22.77627939095756
-22.776423198431754
-22.776737203708173
-22.77696845542153
-22.77725421982405
-22.777562242407942
-22.777796678433447
-22.778085689237475
-22.778376480790737
-22.77867289258484
-22.77891763426014
-22.779165005037296
-22.779390806692835
-22.77955717438769
-22.77979804564205
-22.779966886870866
-22.780157188530026
-22.780347412140447
-22.780488161583698
-22.78078146819402
-22.78104167553687
-22.78118622768025
-22.78143103003058
-22.781596027420832
-22.78179815664777
-22.782027468823237
-22.782180077818584
-22.782460316474033
-22.782703674488086
-22.78290904221978
-22.7831592543708
-22.783361143140908
-22.783671845012595
-22.78391210677638
-22.784133194329716
-22.784346298811453
-22.78455621913524
-22.784818042075685
-22.785071500564012
-22.7852828533326
-22.78553255485229
-22.785751722525873
-22.785998674587667
-22.78619735820039
-22.78643504207954
-22.786657377795553
-22.78690081139967
-22.787140796698036
-22.787331742436564
-22.787560422122866
-22.787772845170103
-22.787928409402053
-22.788108991985396
-22.788294153799317
-22.788489959937646
-22.788752864920152
-22.78898990600634
-22.789202090386276
-22.789465133207056
-22.789650632000956
-22.789830693728693
-22.790175043935324
-22.790332912958668
-22.790504243511883
-22.790773420537175
-22.79095273347224
-22.791171985316875
-22.7914092944224
-22.791572902558617
-22.79167908424323
-22.79196276030219
-22.792138202455586
-22.79233866264722
-22.792606117610987
-22.792808848291042
-22.793052853450924
-22.79331124575488
-22.793592827129856
-22.793856199398228
-22.794102874859057
-22.794304728538332
-22.79449399619
-22.794740749441356
-22.794967344495383
-22.795185239441786
-22.795403223978752
-22.795587614751526
-22.795784077230756
-22.79595245770934
-22.79613663582642
-22.796300395456342
-22.796468661294767
-22.796662009839604
-22.796805169139912
-22.796923451944217
-22.797110244631064
-22.79725069494273
-22.797438377232826
-22.79767549137104
-22.79786128639894
-22.798018359725823
-22.79823778634467
-22.798429136617735
-22.798630877311307
-22.798851823341266
-22.798976748274153
-22.799158249851953
-22.79929356342507
-22.799500589069602
-22.79965677664311
-22.79980184873843
-22.79995969598442
-22.80019395498736
-22.800297114171638
-22.80042087067857
-22.8006150807902
-22.800758130819286
-22.80098475727916
-22.801153319670792
-22.80139828420011
-22.801558173943388
-22.80172814795439
-22.80189329388127
-22.802066435012936
-22.80230297507154
-22.802607045312293
-22.802776848495025
-22.803014929824794
-22.803319622737252
-22.803637765083224
-22.80387759986555
-22.804039776253987
-22.804299100540344
-22.804447730567432
-22.80462234449649
-22.80476671516221
-22.80488622354358
-22.805105959577666
-22.80533699687475
-22.80546491650971
-22.805671573532457
-22.80579645334358
-22.80594285238415
-22.80610653547979
-22.80623392501191
-22.806390783286023
-22.806545481992735
-22.806684294803194
-22.80679801683774
-22.80690575711248
-22.8070329868148
-22.80715440042544
-22.807223497489456
-22.80738640626706
-22.807461168069608
-22.807561612283607
-22.80763702425672
-22.80772881625392
-22.807886288483758
-22.808027781824656
-22.808199109839872
-22.808277689774915
-22.808406267359505
-22.80851184170345
-22.808633078782233
-22.8088144199329
-22.808931200078295
-22.8090159935304
-22.809149843209028
-22.809267460064508
-22.809326145388926
-22.809480228524855
-22.809594252890662
-22.80966868826082
-22.8097744838353
-22.809845704628025
-22.80993215372117
-22.81003134260606
-22.810150610964854
-22.810243287076503
-22.810353160330514
-22.810467940709422
-22.810592010428778
-22.810681905170267
-22.810799399600562
-22.810888250150555
-22.810972477851344
-22.811120599593078
-22.811214361989673
-22.81135891995741
-22.8115015933447
-22.811572112435606
-22.81171465485981
-22.811841613292092
-22.811983520472317
-22.812131682415846
-22.812283183973538
-22.812432319909995
-22.81255524920671
-22.81275974126241
-22.8128566598222
-22.813037843760306
-22.8131608962764
-22.81326325424557
-22.81339179440501
-22.813493628106386
-22.813575725599613
-22.81368654956203
-22.813784268436553
-22.813937484954288
-22.81409189628877
-22.814170418308155
-22.814315381860546
-22.814433261173075
-22.814572703142417
-22.814791776574864
-22.814933085084594
-22.815077548336316
-22.81523524459788
-22.81537983683662
-22.815541347729873
-22.815691311779013
-22.8158156999106
-22.815926026301476
-22.81605684193078
-22.81618087605572
-22.81631439910861
-22.81641978915021
-22.816552906827205
-22.81668731778711
-22.816808841815366
-22.816946906809314
-22.81706978197735
-22.81718127957695
-22.817293495358186
-22.817423904096213
-22.817548506206844
-22.81766494461875
-22.817761987737086
-22.81787906460103
-22.818000623931503
-22.818106094525323
-22.818193026926263
-22.81832843797645
-22.81837120533051
-22.818487310754346
-22.818555179392302
-22.818650162129085
-22.81878734920722
-22.818866938923936
-22.819006663385952
-22.81911742739692
-22.819245204036253
-22.81937296375048
-22.819511019128484
-22.81962990578571
-22.819735066289745
-22.819876539318063
-22.82001582536584
-22.820173551313783
-22.82033444403458
-22.82042698597104
-22.820562522109668
-22.820661825621944
-22.820796169097456
-22.820894717680094
-22.820979375291408
-22.8210772250863
-22.821166111028557
-22.82128963147439
-22.821370817237472
-22.8214526520624
-22.821591073831023
-22.821662882997927
-22.821732721923798
-22.82187347472991
-22.821953157590038
-22.82203211186089
-22.822227749204043
-22.822294604562543
-22.822385573095264
-22.822469713337057
-22.822582927986893
-22.822677978842744
-22.82276109784276
-22.822861735574875
-22.822892344486434
