500 iters for seed 139 on ER0.3 which is in the 86.49063110351562 percentile
 Maxcut: 27.0, MedianCut: 16.0
-18.999999951630333
-18.99999999803997
-19.000000418828087
-19.000005862969967
-19.00002945245511
-19.000141305468027
-19.00058418580728
-19.001665164429962
-19.003308206366214
-19.097591363176978
-19.10505439449624
-19.205314246445898
-19.41986912368231
-19.553385414991062
-19.673196094456646
-19.772771754436036
-19.923972383528646
-20.004239493580616
-20.12286830609731
-20.201156008099925
-20.267498155896003
-20.351456974839955
-20.423200922639314
-20.474040751763734
-20.548782849814103
-20.605804177544556
-20.66343566023896
-20.71104000447815
-20.74806567955179
-20.7878687387844
-20.829845295982487
-20.845597289718853
-20.877829124082577
-20.882392549202883
-20.90892706277287
-20.917487009222043
-20.929201275414314
-20.944300348241217
-20.95391383036679
-20.967088265004747
-20.97445292140107
-20.9819537076047
-20.988066006372183
-20.993477891780163
-21.000513208717702
-21.005342065741498
-21.01177324898882
-21.016104412999944
-21.01903655616447
-21.02328427912103
-21.028020229111114
-21.032222405393423
-21.03492102461418
-21.03808286665276
-21.042229428771584
-21.04795059087294
-21.052253400072875
-21.05689850920655
-21.062366025202557
-21.067546434888126
-21.07350043239628
-21.079486136259593
-21.085386077411034
-21.09314532778145
-21.100772186233737
-21.108946464378768
-21.116092411912884
-21.12487038266794
-21.131819580170088
-21.137319512789606
-21.141665835335246
-21.14836360704852
-21.15318050620383
-21.158846468814268
-21.164108289107848
-21.16944680107242
-21.17561687922644
-21.18306567118805
-21.18604654145426
-21.19041369836116
-21.194200065239286
-21.198842597149138
-21.203073702658873
-21.206612699698653
-21.209017747000832
-21.213528179352075
-21.218064082461574
-21.22327972620135
-21.227637061107433
-21.232942749705753
-21.23758344374875
-21.24281335863544
-21.249697658055407
-21.253152893140406
-21.256891348875396
-21.26469633618764
-21.266117601568215
-21.269886396949847
-21.272004643561857
-21.274861569283793
-21.278850315214154
-21.284039777261135
-21.288411084395232
-21.290794818767942
-21.293644747590324
-21.295887982661196
-21.298819625754494
-21.301219496205526
-21.30318426485327
-21.30482742558855
-21.307785258634016
-21.309541736262993
-21.311409344055818
-21.31325692278325
-21.314900162314323
-21.31754946798868
-21.3198842113195
-21.32123302366631
-21.323151406084154
-21.325081292629303
-21.32771521906158
-21.32970245264994
-21.331784630212677
-21.333371679522134
-21.335680900020183
-21.337853101026365
-21.339938906935078
-21.341759373086184
-21.343295420871502
-21.34622344489997
-21.34753730548769
-21.349765689605828
-21.35080811901709
-21.35234558637899
-21.354054675013302
-21.35629694063698
-21.357559523587355
-21.35917137878764
-21.360788758046837
-21.362757111282058
-21.365685985810483
-21.36839672298904
-21.370610851472765
-21.37365181631878
-21.375523907149326
-21.37780914724618
-21.380538472316196
-21.383045570823654
-21.38505883440402
-21.387744555102046
-21.389926105466063
-21.393532668007328
-21.396314315003416
-21.400777276704677
-21.40320775935512
-21.408302465863574
-21.414619172853474
-21.419045614895424
-21.42571242312461
-21.430450804913974
-21.437000693488145
-21.446537342953736
-21.45657966511546
-21.467778529332726
-21.477320661350955
-21.489458160908526
-21.49782534783452
-21.510676203503536
-21.524463391327807
-21.53676442777307
-21.550341440364374
-21.566018414830655
-21.57650339353859
-21.588272673352613
-21.60490033336018
-21.61733536568746
-21.625914053843314
-21.646765875653063
-21.65300340010366
-21.660372150496894
-21.66901454657205
-21.676428494929176
-21.683138574067367
-21.688876168591204
-21.69499946768108
-21.70230044516992
-21.708488823248217
-21.71386515610537
-21.718485340228263
-21.722420431268525
-21.727538137470614
-21.732261077364786
-21.73624809770083
-21.74016206514756
-21.742949976376103
-21.747627550044335
-21.754385753262447
-21.759646875655438
-21.768580067390893
-21.77394396744797
-21.781921927410615
-21.79400812308358
-21.807558832958335
-21.828982742761884
-21.858264704852726
-21.86940576012119
-21.948184768778777
-22.019735512920093
-22.10591838162615
-22.176782580171512
-22.345484805961043
-22.518255301538463
-22.685375585740495
-23.048675709110363
-23.292874773449263
-23.60776745739079
-23.773207962101786
-23.940078734425853
-24.05257265104235
-24.207250510727697
-24.30464317114732
-24.459103879657405
-24.544955753489763
-24.65597177365695
-24.73264737531686
-24.801342932308806
-24.841343423074953
-24.922184589284797
-24.946550553040524
-24.98220388046213
-25.020806323877157
-25.054045378290663
-25.069910567194462
-25.098108071464857
-25.117018915942985
-25.13439261121426
-25.14513012720151
-25.151864332515295
-25.16096147409825
-25.16504790406359
-25.169202924726385
-25.172122463754683
-25.175950146841224
-25.18046289535448
-25.181938903917448
-25.184544843925657
-25.18545951424654
-25.186978123296257
-25.188758931166348
-25.189861385466898
-25.190757661684195
-25.191247773672547
-25.191869400971914
-25.192240606398016
-25.19305950158489
-25.193322165725547
-25.193633675694876
-25.194022384580045
-25.19442380886001
-25.194896126040398
-25.195136904369377
-25.195508119368686
-25.195582210565874
-25.196187945961967
-25.19644765296325
-25.196781861566784
-25.197281085661594
-25.198041713816654
-25.19885635804448
-25.199290109068933
-25.200065295481842
-25.200629206224956
-25.201553721030265
-25.20277264292777
-25.20346945767055
-25.205088792469926
-25.20620559022911
-25.207783892629703
-25.20999611928493
-25.212266548706687
-25.21514519709725
-25.21840419728634
-25.22191776130042
-25.22458503007001
-25.22708735154199
-25.230255061192278
-25.233667246263444
-25.236557383837678
-25.23887428919283
-25.242818177073683
-25.246550384986268
-25.251413579503684
-25.256135079995918
-25.259225616395824
-25.264473771252035
-25.267418939096626
-25.27094083702781
-25.27393911568808
-25.277385645862374
-25.283103804107558
-25.287411159913617
-25.29248175901956
-25.29682872176612
-25.30129967867893
-25.307034982604208
-25.31256519017765
-25.317316842912966
-25.322303884956263
-25.32905835237716
-25.337623502363243
-25.34600605451032
-25.352938077960314
-25.361820518540085
-25.370085655544266
-25.37655716502399
-25.383743621127785
-25.390776163495225
-25.39762790531656
-25.406836465139435
-25.41404225924568
-25.42065440545648
-25.436424378081846
-25.44175733898895
-25.447222387474852
-25.459021349881155
-25.46726523594331
-25.47663161978012
-25.4893728501588
-25.497567173223445
-25.506727775888315
-25.519296107249943
-25.52970757965911
-25.54205135145147
-25.552241391916393
-25.56279849553858
-25.57006172449524
-25.577516863777547
-25.591419196679784
-25.59758558141426
-25.606058573338572
-25.62029896702606
-25.62944642866771
-25.639027924099317
-25.650707516648353
-25.65808530852391
-25.676823975050347
-25.685258943035848
-25.697316035877776
-25.708319754449455
-25.717043679923474
-25.724966041789692
-25.734463068230774
-25.743871849597106
-25.752877973072017
-25.762327356310333
-25.770187245361832
-25.77577711990564
-25.78519797978968
-25.790917523295334
-25.79773879140954
-25.80574786039447
-25.811330444777646
-25.815335439201395
-25.821777854447475
-25.826701913349382
-25.83249205331534
-25.838493841621137
-25.845176559245893
-25.850790729609464
-25.856229455713628
-25.860494392429473
-25.86468017710337
-25.868666998821855
-25.872807712883755
-25.87993350074302
-25.882869498275518
-25.889475631399126
-25.892060385289454
-25.895868860700382
-25.899213893344907
-25.90471031574135
-25.90821348309011
-25.91211138609769
-25.917048199794127
-25.921001592851052
-25.923418046578814
-25.925773741323972
-25.928566558526498
-25.930785463006718
-25.933706194162763
-25.93524959987994
-25.93728416461998
-25.93815258429428
-25.941435718545435
-25.942805515013923
-25.943997025398474
-25.94585605648324
-25.947284686206515
-25.95042180998057
-25.951671171829933
-25.95325281000311
-25.955519538945595
-25.956970252876793
-25.959661980453888
-25.960598515999862
-25.962022753860012
-25.962460353675908
-25.964808553920587
-25.965696450488142
-25.96681353071363
-25.968401352209423
-25.969316111184327
-25.97084432142745
-25.97173076118075
-25.972875206199276
-25.97395567795221
-25.974787514883865
-25.975457544608776
-25.97637878907043
-25.977056606931562
-25.9778122182415
-25.978977730471676
-25.979566627015522
-25.980273412773254
-25.981091997420805
-25.981771343114133
-25.98265025609424
-25.983293266057657
-25.984302732479637
-25.98462043961694
-25.9856951517356
-25.98613966998532
-25.986641677261325
-25.987349290302127
-25.98799419138099
-25.98845912833145
-25.98896639976187
-25.989443090711212
-25.99017562578633
-25.990762144849782
-25.99135629732009
-25.99182638801498
-25.992428651283987
-25.99294419891666
-25.993462654107017
-25.994128388111037
-25.994593015776896
-25.99532872867562
-25.99602108105133
-25.996707954799852
-25.997429997651356
-25.998132810273262
-25.998779652771
-25.999297575446384
-26.000010567560263
-26.00056140153947
-26.00092976000006
-26.00157345479992
-26.00208844240943
-26.00276889776577
-26.00329489698005
-26.0039408846664
-26.00424558931372
-26.005070659227687
-26.005955859795847
-26.006447887596543
-26.007126841384526
-26.007622083169032
-26.00822182370131
-26.00866710152392
-26.009189608276365
-26.009739798962958
-26.010164147327483
-26.010446879004782
-26.011436115942043
-26.011725714898983
-26.01209045819372
-26.012590991251933
-26.013409959579235
-26.014200446517922
-26.01458753684817
-26.015146394155472
-26.01559970038631
-26.0162163124337
-26.01669134872474
-26.01709105735258
-26.01745136531305
-26.017768487690248
-26.01814322261712
-26.018401978346148
-26.018838746581984
-26.01947575866619
-26.019909157061676
-26.020428902377887
-26.02087989245566
-26.021427433580975
-26.022406171240494
-26.022645233535478
-26.02354983061263
-26.02384224347892
