500 iters for seed 130 on ER0.3 which is in the 14.452362060546875 percentile
 Maxcut: 24.0, MedianCut: 16.0
-13.023699017162409
-15.981550145043684
-16.03125526778662
-16.115710023556193
-16.169280119620865
-16.211596953240047
-16.25227817272613
-16.264632152672412
-16.287095191657656
-16.314782244520803
-16.33047315179997
-16.35523670430996
-16.368919847437766
-16.383579813139693
-16.39462453307447
-16.40598418231248
-16.417104936602456
-16.429121928253394
-16.436939048638294
-16.446955185820734
-16.453328237276814
-16.460989158002796
-16.466307131530105
-16.471707419555013
-16.480793079336912
-16.483261809081437
-16.492937026574264
-16.49710914527698
-16.50207296563052
-16.50631487676752
-16.51277771715862
-16.5160393832916
-16.51988089969169
-16.522816758650578
-16.527839103690262
-16.53013386709108
-16.532631171828903
-16.536247911392575
-16.540746861214853
-16.544945039283352
-16.547425915266956
-16.55041280344512
-16.551381729597516
-16.553567026441396
-16.555410172190655
-16.55696818730063
-16.559907674010148
-16.561501055333274
-16.563979445186526
-16.56544077996729
-16.567558405824343
-16.569565120075058
-16.571851934238772
-16.573784697114917
-16.57568136985616
-16.57723056316074
-16.57914126193183
-16.580417195386786
-16.581829081153817
-16.58323244305177
-16.58429932962087
-16.586078713252935
-16.58701790434419
-16.58796142439851
-16.588686908141035
-16.589512689321182
-16.59110231699909
-16.591759660677614
-16.593248322783445
-16.594066078962488
-16.594942492400655
-16.59646447997468
-16.59713669306715
-16.598225857466176
-16.598924238821052
-16.599648416424202
-16.600374742676337
-16.601167343485248
-16.601717416620037
-16.602339109681125
-16.60290360409211
-16.604136826773868
-16.60483725723774
-16.605537036751926
-16.606789322674402
-16.6076930960585
-16.608999969855155
-16.609833353733322
-16.61106591063207
-16.611631630483856
-16.612343981261095
-16.61309663223713
-16.613825139107874
-16.615321419306795
-16.616093698095025
-16.617327898310943
-16.618372053886286
-16.619634575895915
-16.620812840266645
-16.62209638326963
-16.623315330654417
-16.624263703980247
-16.625126763493494
-16.626129060545715
-16.627308170008604
-16.628161606888742
-16.629276159065732
-16.630466894312008
-16.631319952041768
-16.63247919098844
-16.63330581227429
-16.634135991342692
-16.635189880097915
-16.635782587592026
-16.63696641185153
-16.637631362881493
-16.638468435236334
-16.638933875260516
-16.639366713833976
-16.640071899299237
-16.640742163264463
-16.64115400556749
-16.641579847464758
-16.64209476073936
-16.64262815515395
-16.643138714865007
-16.643542012601902
-16.644029109028345
-16.644530329841885
-16.64509862682484
-16.64550426198885
-16.645828490711004
-16.646395453369202
-16.646835419469728
-16.64735477417464
-16.64788286217558
-16.64818457395098
-16.64867698101265
-16.64897089244839
-16.649358246886287
-16.649715519257523
-16.65002148668605
-16.650353293544267
-16.650789835732763
-16.651175644390513
-16.651595162719083
-16.651884818004504
-16.652198321193815
-16.65256219180141
-16.652888153519108
-16.653416942187448
-16.65356740746089
-16.654137240548437
-16.654462439883233
-16.6548414525677
-16.655403749275564
-16.655885147705114
-16.656332926193755
-16.656714064135752
-16.657124304839712
-16.657495437227354
-16.657671577556723
-16.658278656675847
-16.65847814144246
-16.658793380629746
-16.659216135756346
-16.65998801611018
-16.660482975251504
-16.660970029897612
-16.66134197176252
-16.661697501608373
-16.6622046296486
-16.662680079411533
-16.66315735852968
-16.663423685696234
-16.66373423290552
-16.66420105692974
-16.664521842119253
-16.66514550646168
-16.66548141000073
-16.66590945964096
-16.666197406767452
-16.66653575652497
-16.66688518339496
-16.66740057544967
-16.66768149373512
-16.668005366754343
-16.66838506813542
-16.66875394593871
-16.66903841664856
-16.669252792189756
-16.66967205028142
-16.669961045384788
-16.670383125028483
-16.670673432231577
-16.67095771005775
-16.671382395144477
-16.67179697662795
-16.67210900162651
-16.672400264876156
-16.67271627746628
-16.673068899304354
-16.67330794859941
-16.67349076340734
-16.67363877014013
-16.67386252136629
-16.67415137221266
-16.67439456093948
-16.674554132956178
-16.67483695690414
-16.674970837172737
-16.67516868016694
-16.6753622819923
-16.675473381626393
-16.675667347070515
-16.675873368132788
-16.675995686791897
-16.676166459552583
-16.676283270322998
-16.676382365900253
-16.676565023617385
-16.676674444297607
-16.67697682657196
-16.677069273237933
-16.67730483520019
-16.67742365882212
-16.67758636747901
-16.677818170194232
-16.677929688005555
-16.67815535839126
-16.678317532794782
-16.67849980069896
-16.67865930763393
-16.678803548747574
-16.678989222516776
-16.679137319832293
-16.67930216486127
-16.679469271217013
-16.67965725784226
-16.679756820542025
-16.679935551868184
-16.680152376670314
-16.68036129654963
-16.68053000163384
-16.680679143123577
-16.68082381836491
-16.68103662863172
-16.68122020980197
-16.681371182176758
-16.681519696731876
-16.681710200301957
-16.681890411990555
-16.682081862480157
-16.68225844994266
-16.682421430617044
-16.682571856926792
-16.68268479191617
-16.682840482837882
-16.682955492256106
-16.68309472878351
-16.68324878974034
-16.68343669248047
-16.683601317928087
-16.68379313772964
-16.683962423758818
-16.68409521951606
-16.6843411411715
-16.68449722774884
-16.684649106052564
-16.684978827488035
-16.685103325330722
-16.68525420330516
-16.685454109546896
-16.68556909749399
-16.685762525804805
-16.68591326369539
-16.68606441265665
-16.68628119467522
-16.68644868509278
-16.68661923786325
-16.68676051624192
-16.68691617734126
-16.687145208695224
-16.687304646762087
-16.687414967047484
-16.687565872973572
-16.6876979334261
-16.687855262738164
-16.68800844718271
-16.688189610131513
-16.68832741746067
-16.688485037258477
-16.68873725896869
-16.68889722232999
-16.689014347837297
-16.689339117023362
-16.689401136242683
-16.689619781053636
-16.6897336354479
-16.68989986502905
-16.689984129908574
-16.69015784018056
-16.690291512858387
-16.69041647703874
-16.69063221562946
-16.69088125434152
-16.69114721459779
-16.691276556245423
-16.691452963342794
-16.691605366611018
-16.691780609408806
-16.692035398853854
-16.69216145332617
-16.692432973275263
-16.692603647842997
-16.692748890508625
-16.6928876572447
-16.693037671023927
-16.6933303611534
-16.693471890217662
-16.693686540363075
-16.693900226426067
-16.694116709138644
-16.694301144630387
-16.694504055077275
-16.694705835510995
-16.694881769905706
-16.694917621147848
-16.695223609924135
-16.69532862671445
-16.695469717350104
-16.695656353978105
-16.695850382211436
-16.696140594542193
-16.696242034431357
-16.69637813879952
-16.696522450486697
-16.696716037110694
-16.696932030106403
-16.697132628889356
-16.697300117564776
-16.697467270918978
-16.69774966353561
-16.69791218268372
-16.698050283136894
-16.698183253151043
-16.69831447319694
-16.69846026469426
-16.69862125595919
-16.698723256181225
-16.69884714804272
-16.6989841760901
-16.69910628279257
-16.69933504743283
-16.699502083318652
-16.699666546228343
-16.69985755737337
-16.699972857276087
-16.700157446358837
-16.700274253238817
-16.700449164045146
-16.70054146138904
-16.700664092696268
-16.700861177329568
-16.701036993732313
-16.701140236017924
-16.7012928880429
-16.701431718454113
-16.701567273603246
-16.70175586700066
-16.70183971909152
-16.70196275166847
-16.702068307923255
-16.702240239438304
-16.702356727840986
-16.702442082910594
-16.702593284962553
-16.7026943827494
-16.702883285779112
-16.703004734044242
-16.703168119076658
-16.703270075312926
-16.703407430365424
-16.703533751976952
-16.703648081874498
-16.703704757731167
-16.70387920586285
-16.703953648368596
-16.70404798863507
-16.704179441239294
-16.704277721134183
-16.7044237442666
-16.70451983330473
-16.704635498841178
-16.70474806526618
-16.704886549763007
-16.705001461807633
-16.705126366301023
-16.705226481151502
-16.705367795773462
-16.705476211212424
-16.70556981995972
-16.70569619960309
-16.70582015388397
-16.705894980098382
-16.705985977616894
-16.70607825112808
-16.706192041100003
-16.706349930431923
-16.706433183612774
-16.706513861007167
-16.706610368494754
-16.706693278305938
-16.70679354129778
-16.706884700603315
-16.70695232981635
-16.707028781015595
-16.70711933657893
-16.70719723826728
-16.70728946927978
-16.707362130279733
-16.707434631476136
-16.707563834826956
-16.70762986583776
-16.70771862448707
-16.707824513289314
-16.70793266327151
-16.707994579346913
-16.708081591614363
-16.708135544336336
-16.708185467994035
-16.708246135468347
-16.708293073252907
-16.70837542903533
-16.70845699495034
-16.708536329946615
-16.7086168545383
-16.708698174766432
-16.708783916028224
-16.70887628066114
-16.708973487766677
-16.709053293693337
-16.709119131164456
-16.70917624318787
-16.709255717318122
-16.709322499559555
-16.709446737440977
-16.70949691927103
-16.709579471362623
-16.70963564628773
-16.709736003414214
-16.709793768333725
-16.70983960024822
-16.70991916524159
-16.709961373302914
-16.710023215474514
-16.710087311286813
-16.71013703638122
-16.710197966323268
-16.71026839495857
-16.710328352598214
-16.710437788508845
-16.71049074266688
-16.710587440265627
-16.710659871566737
-16.710749191235195
-16.710837528431234
-16.710921811065557
-16.71102100516611
-16.71108939573736
-16.711152628406097
-16.711252564360777
-16.71130417290331
-16.71134801228216
-16.711416851869696
-16.711463882662272
-16.7115635708976
-16.711624890099216
-16.711683541075296
-16.71174419876189
-16.711805274005158
-16.711880345592427
-16.711948788008954
-16.712014141177647
-16.712076966653562
-16.71215787277538
-16.71226319873814
-16.712311193688873
-16.712385438605903
-16.712428622398107
-16.71251099633914
-16.712574335318898
-16.712637366902467
-16.712743973831785
-16.712783304921377
-16.712893237596205
-16.71293205258911
-16.713003348198843
-16.713091705130594
-16.713189970176785
