500 iters for seed 181 on ER0.3 which is in the 0.946807861328125 percentile
 Maxcut: 26.0, MedianCut: 17.0
-9.222694532901057
-16.99600381141744
-17.106692147696048
-17.182465710402195
-17.209754364760187
-17.229733680155746
-17.264528526820378
-17.29074044505702
-17.31971974119144
-17.33805975911975
-17.357864299124255
-17.37248641261888
-17.38707989859899
-17.401361966895607
-17.418031159855495
-17.43010336029539
-17.440010598031144
-17.45033289923581
-17.45862237590165
-17.465689663020427
-17.470202062078712
-17.475446258776753
-17.48076766278632
-17.485288080527464
-17.488864519638682
-17.492837463073567
-17.49653420564171
-17.49998700561115
-17.503367847459536
-17.505897270475188
-17.509479101461444
-17.513054234149923
-17.515635094552866
-17.519623011921336
-17.520737641167354
-17.524191935476537
-17.525888801384895
-17.528171365041352
-17.532050915786506
-17.534179809960882
-17.53757072530448
-17.53998580745826
-17.54172321654503
-17.543549440974534
-17.546126877669558
-17.548011816645996
-17.54989910158442
-17.551652283927655
-17.553298900780554
-17.554948661378784
-17.556478072667446
-17.557950655435008
-17.559302298907046
-17.560884638130617
-17.562437633804876
-17.56386363944624
-17.565177450102606
-17.566496050858852
-17.56805670539191
-17.569307165389507
-17.570605325636265
-17.571854866903223
-17.573036170417602
-17.574055193821426
-17.574959014886684
-17.576252857756625
-17.57710315520866
-17.577953871384807
-17.578968035513597
-17.579586031330777
-17.580537889978356
-17.581492766932314
-17.582063458639134
-17.58328060644622
-17.584384374011634
-17.58541918603179
-17.586198997372144
-17.587257661613712
-17.588237054448296
-17.589416528003902
-17.59098150443259
-17.5918759423152
-17.592771238228433
-17.59413000300246
-17.59483377939784
-17.595672870496085
-17.5964535473008
-17.59701830444204
-17.598277326587144
-17.598952650043827
-17.599847306748025
-17.600796511060963
-17.601681840515774
-17.602690311189047
-17.603514705881327
-17.604346578352093
-17.605109193873304
-17.605892905391606
-17.60659916602323
-17.60705225014924
-17.607750775788013
-17.60809800783663
-17.60885700108735
-17.60927901845071
-17.6097245971798
-17.610474697771377
-17.611131854410818
-17.612016259659615
-17.612366713124196
-17.612917911457952
-17.61332951900758
-17.613814678226472
-17.614244770293926
-17.614616999027724
-17.61538084378568
-17.615707376712564
-17.61643076930887
-17.616760819412413
-17.61722533730279
-17.61771725488792
-17.618240613486023
-17.618816537907172
-17.619307726328373
-17.620037397302223
-17.62072068074989
-17.62111278695729
-17.62163682171107
-17.622330989432
-17.623116045974196
-17.623967215148056
-17.624656965798003
-17.625288050121227
-17.62587464298271
-17.62631277727724
-17.62746087359463
-17.62804559230859
-17.628745453970865
-17.629626140361676
-17.63015870040667
-17.631011703739617
-17.631682146943806
-17.632412087863667
-17.632866666426217
-17.63348119586196
-17.63443301326828
-17.6348610837802
-17.635575516260403
-17.635922427177924
-17.636288182457655
-17.637007166883723
-17.637181803402978
-17.638167080740917
-17.63847487585042
-17.638978635659065
-17.639525567692996
-17.640148652646875
-17.640634139685346
-17.641256836549783
-17.64160588508525
-17.64205998986137
-17.642631089457403
-17.643036716581825
-17.643896255585496
-17.644394866496494
-17.644881632843376
-17.645286717215242
-17.64573228352888
-17.646216634269003
-17.646819026892025
-17.647129416042738
-17.64760222599034
-17.648238828299085
-17.648572091719068
-17.64913656894074
-17.64949192966658
-17.649788731621886
-17.65008369527561
-17.65053577540172
-17.6509241123897
-17.651297387285744
-17.651700104118135
-17.651923874674054
-17.65216955517063
-17.65254075356001
-17.652779041001693
-17.653325964382063
-17.65346826781256
-17.653960480213826
-17.65416906837807
-17.65452468754045
-17.654870800823932
-17.65525370059657
-17.655642760968938
-17.656076213233046
-17.656692503108832
-17.657208400068306
-17.65753806535776
-17.657933400132592
-17.65823870865438
-17.6586321216931
-17.659043464036376
-17.65932152986407
-17.659583784824687
-17.659777534449155
-17.66008285237714
-17.66042135412457
-17.660765695292568
-17.66101799768085
-17.661285415076335
-17.661507049105943
-17.661745670315696
-17.66209874658692
-17.66230674466165
-17.66271797896392
-17.662936917073417
-17.663170689490457
-17.66335340976236
-17.663542588339666
-17.66379593648589
-17.664015726086085
-17.664180259334053
-17.66439144987777
-17.664608659134956
-17.664845807050188
-17.665065280815384
-17.665274514795062
-17.66551100324734
-17.665713450208276
-17.665911966966334
-17.666093851495177
-17.666292014287322
-17.666560102008873
-17.666754135244002
-17.666983162032345
-17.667249473196055
-17.667439808508796
-17.66762913821794
-17.667821543776988
-17.66801270779103
-17.66821108705559
-17.668400688871408
-17.668731576473782
-17.66885324917725
-17.669114309738532
-17.6692581065794
-17.66944337707077
-17.66974149594124
-17.669927348093005
-17.67023160421831
-17.670434071325353
-17.670669195050095
-17.67083253720945
-17.671004935628236
-17.67122142098845
-17.671383542526804
-17.671650794509482
-17.671841494657723
-17.671977037718094
-17.672095486861345
-17.67222448673541
-17.672533503674945
-17.67265150369143
-17.672877830257935
-17.673080261736196
-17.673245247245035
-17.673410496550325
-17.673598229287613
-17.673817932690547
-17.674027876719084
-17.674200282531157
-17.674379417235755
-17.674520012705408
-17.67472514300283
-17.675001320306595
-17.675266962025844
-17.675495242158696
-17.675715753565036
-17.675935426481555
-17.676206317378785
-17.676409173098797
-17.676586745029613
-17.676753024198334
-17.676939474251988
-17.677124154976642
-17.677270360478897
-17.677393073617854
-17.67760993269649
-17.67774157557381
-17.67806492321759
-17.678263313116066
-17.67845542049451
-17.678668959278212
-17.67884163576616
-17.679080954173173
-17.67936686282898
-17.679517917447665
-17.67974874740799
-17.679960187459372
-17.680192546558303
-17.68043137774081
-17.680585244668862
-17.68089196823281
-17.681080324917836
-17.681240600748087
-17.681617165498746
-17.681878261564563
-17.682175347673756
-17.68244889939058
-17.68270366779682
-17.682942914806375
-17.683181936640956
-17.683380531969018
-17.68357266761275
-17.68378144830558
-17.684003978412203
-17.684245341318064
-17.68442513421391
-17.68458523533727
-17.684915993817043
-17.68512657422902
-17.685423818743526
-17.68573248192346
-17.68593514418199
-17.68616229567074
-17.686369117837515
-17.686561801386258
-17.686825909216083
-17.687058359985027
-17.687249644020955
-17.687464148209052
-17.687658020017107
-17.68802158520456
-17.688260880762492
-17.688420802243787
-17.68870026116161
-17.688845302674352
-17.688997659100806
-17.689178049491588
-17.68932518471032
-17.68953659537716
-17.689759522353302
-17.689868658454987
-17.690017332789964
-17.690195977208575
-17.690389820961695
-17.690610807644
-17.690787495742097
-17.690916223101617
-17.691077991673414
-17.691224288429915
-17.691436939558642
-17.69159925958991
-17.691796922479366
-17.69193269819993
-17.6920765835801
-17.692251354859483
-17.692384718835623
-17.692541812310374
-17.6927145144205
-17.692871730063494
-17.693024963439175
-17.693166664234965
-17.69333684640477
-17.693469617918453
-17.693596592079132
-17.693739572524375
-17.693850619235583
-17.694024492471463
-17.69420967077601
-17.694401748220685
-17.694561790735523
-17.694770692445278
-17.694902228171372
-17.69507635554423
-17.695241193254372
-17.69537240882672
-17.69550053116769
-17.69561264108581
-17.69575621197579
-17.69591208883775
-17.696025328928947
-17.69623555639278
-17.696336474072154
-17.69647577173575
-17.696670962463482
-17.69691712767147
-17.69711569442214
-17.697279923269186
-17.69757214349574
-17.69767659398826
-17.697820320317156
-17.698042698780732
-17.698178210297698
-17.698368718379378
-17.698513072029062
-17.698676976948647
-17.698822804296128
-17.69899281929959
-17.699229048789206
-17.699460325006715
-17.69960654366616
-17.69983539140159
-17.70000590113437
-17.700183893556762
-17.70035715656094
-17.700557186069865
-17.700743829651145
-17.70095323096963
-17.701127996818585
-17.701269000625125
-17.701499223792005
-17.701674078176893
-17.70180864994344
-17.702027948405938
-17.702202084918866
-17.702385139112273
-17.702579446870693
-17.702684090626786
-17.702810427238674
-17.702990719345234
-17.70314007561563
-17.703303468767533
-17.703462131609776
-17.70356845050312
-17.703705829615004
-17.70383999534844
-17.704020712105823
-17.704145957863716
-17.70423997170291
-17.704434515851442
-17.70453637082742
-17.704688051790605
-17.704833082129323
-17.70497362361602
-17.705126426149537
-17.70526460513659
-17.70541081361198
-17.705517893916067
-17.70565524023017
-17.705833837028074
-17.70598412195354
-17.706153580423432
-17.706334511822952
-17.7064667713375
-17.706588763682994
-17.70680926260577
-17.70696390696783
-17.707152002954537
-17.70732379591378
-17.70749846722193
-17.70767452187237
-17.70780264384212
-17.707941846624188
-17.708082449015095
-17.708226449754893
-17.708466402664794
-17.708585144687692
-17.708710481841244
-17.708906823606934
-17.709041491640214
-17.709209149794813
-17.709381391813203
-17.709535475825653
-17.709650560375128
-17.709803455332214
-17.709874527603198
-17.71002546757002
-17.71014521595691
-17.710242358766777
-17.71042286158565
-17.710494433769988
-17.710770171888505
-17.710854129976624
-17.71100134022462
-17.711159833712657
-17.71131935669267
-17.711476575365783
-17.71161282952406
-17.711804047790366
-17.71198689119116
-17.71210431296061
-17.71223251267981
-17.712334318156977
-17.71245043459008
-17.71267030314303
-17.71273570073065
-17.712876624100687
-17.71295573615396
-17.713070113704077
-17.713244573899154
-17.71330743715615
-17.713433441668542
-17.713566903507683
-17.71367417950225
-17.713796927714263
-17.71389392222516
-17.713942415221176
-17.71400698777091
-17.71409433757772
-17.71419956426419
