500 iters for seed 35 on ER0.3 which is in the 92.35153198242188 percentile
 Maxcut: 27.0, MedianCut: 17.0
-20.99999981221858
-20.999999879294332
-21.000000025580785
-21.000000378822747
-21.00001493249854
-21.00072871141807
-21.004565341359488
-21.004918124810885
-21.01024442522247
-21.022546667458315
-21.05035460216966
-21.107209302586824
-21.315646218619655
-21.570700446589083
-21.83490026828781
-22.11788864901535
-22.326658930130485
-22.523292705284934
-22.73292817176788
-22.902136322256556
-23.003493748478945
-23.142950840291274
-23.266947013338637
-23.387349128090833
-23.476774083003043
-23.55577742831777
-23.616366075265734
-23.690194432456472
-23.72798725497301
-23.78943134359106
-23.80924987905759
-23.858530232823515
-23.874448917099713
-23.896044833545332
-23.90876052727989
-23.93082790746902
-23.942623706102477
-23.957496035522283
-23.980875567845114
-23.993061505841553
-24.011282380124825
-24.019582995772208
-24.030642628380924
-24.03704142594388
-24.044205807368034
-24.050924944083523
-24.0581797207918
-24.062062495338708
-24.0715675938843
-24.075188725151644
-24.07866085265907
-24.08380997574128
-24.086124029091472
-24.093786097314272
-24.09570417019673
-24.09834386387665
-24.100303477086488
-24.102530214433763
-24.104215198115465
-24.105208717311324
-24.107024617708554
-24.108192583137175
-24.10935728619835
-24.110269605244113
-24.111188633512484
-24.113036305029766
-24.1136455506916
-24.11419074935751
-24.114745034809225
-24.1153761821334
-24.116042622082954
-24.11671397344393
-24.117311235004102
-24.11783709720176
-24.118588612358437
-24.119425343194358
-24.120185358159464
-24.120769715766908
-24.121291555820807
-24.12199924245291
-24.12222117789248
-24.122492495653162
-24.122784753947634
-24.123081346657603
-24.123288602609843
-24.123505973895607
-24.123628153357423
-24.123759775157534
-24.12396402840315
-24.124064140455534
-24.124324413397336
-24.1245149009452
-24.124621242179575
-24.124747405554466
-24.124848159771197
-24.12496125362535
-24.125040779871618
-24.125093434982386
-24.125164106368878
-24.125201896007688
-24.125262604833168
-24.12529619796318
-24.125324394005318
-24.125349924932006
-24.12537614942704
-24.125419558636484
-24.125437815745013
-24.125464826007804
-24.125487174202004
-24.12550670746497
-24.12554031396616
-24.125552164441224
-24.12557850333901
-24.12558683236062
-24.12560273705444
-24.125614611771702
-24.12563092762053
-24.125640015594055
-24.125648101619458
-24.125660839739425
-24.12567281120761
-24.125679389655904
-24.1256906355167
-24.125695255503633
-24.12570101556323
-24.125711633986686
-24.12571829754246
-24.125724009274975
-24.125728535276227
-24.1257317506459
-24.125737060989987
-24.1257408297045
-24.125744576100768
-24.12574748590847
-24.125751411276408
-24.125754327475498
-24.125759723058945
-24.125762355274528
-24.125764944739082
-24.12576882022026
-24.125771245547686
-24.125774643776285
-24.12577662532356
-24.125779199752174
-24.12578161781456
-24.125783622260567
-24.125786603181982
-24.12578820129048
-24.125790244146568
-24.12579261336359
-24.125794244362663
-24.125795832110395
-24.125798938544186
-24.125800095757707
-24.125801352529905
-24.125803455552816
-24.125804695465686
-24.125806635411845
-24.125807782259447
-24.12580932100784
-24.125810524102903
-24.12581184808172
-24.125813138936078
-24.125813813817324
-24.125814714281972
-24.12581588196448
-24.12581679604823
-24.12581747123792
-24.125818482294832
-24.125818986493808
-24.125819573912242
-24.125820112766625
-24.12582050250066
-24.12582114363907
-24.12582166236591
-24.125822033963654
-24.125822534039287
-24.12582281048899
-24.125823165183863
-24.125823507126928
-24.125823702150385
-24.125824029482555
-24.125824391756176
-24.125824753369997
-24.125825038919896
-24.125825448669804
-24.125825667259157
-24.125826101618973
-24.125826367891513
-24.12582665067193
-24.125827287508258
-24.125827665830535
-24.125828330856237
-24.12582876077105
-24.125829182891945
-24.12582959785066
-24.125830282620967
-24.125830842310112
-24.125831361688345
-24.125832264594592
-24.12583287913192
-24.12583373692385
-24.12583449073475
-24.125835173221397
-24.12583598229398
-24.12583656757171
-24.125837229692777
-24.12583803680243
-24.12583910062869
-24.125840100350587
-24.125841418453106
-24.1258418977151
-24.125843815011166
-24.12584511466573
-24.125846418956467
-24.125848171960065
-24.12585056998625
-24.125854315987482
-24.125856090188528
-24.125858110134253
-24.125861201786535
-24.125866370533835
-24.125872394550644
-24.125876247640104
-24.12588406292889
-24.125892631417177
-24.125902041961346
-24.125914273670737
-24.125926318019545
-24.12593821688204
-24.125953825885734
-24.125970746782865
-24.125985071656384
-24.126004055497646
-24.12602244283478
-24.12603511301077
-24.126048281873523
-24.126059844617167
-24.126073644807544
-24.126088995486796
-24.126114149600788
-24.126139913514937
-24.126163622625
-24.126185080181003
-24.126194822035508
-24.126220922876136
-24.126241952815825
-24.126255396758925
-24.126273314689637
-24.12629212103562
-24.12631386371179
-24.126325619056594
-24.12633652803355
-24.12634715826087
-24.126366222911226
-24.126375563701085
-24.1263871936485
-24.126404053262597
-24.126426713466163
-24.126439400603598
-24.126458674043057
-24.12647165543191
-24.12649008216559
-24.126507077376015
-24.12651642324486
-24.126527317072966
-24.126542640298542
-24.12655368111225
-24.126566193171048
-24.12658050894395
-24.126594867137953
-24.12660681929484
-24.126624034655062
-24.126642134424163
-24.126662279521664
-24.126677987459875
-24.126690543110623
-24.126708469517375
-24.126728115235867
-24.12674544019433
-24.126766828318658
-24.12679582097642
-24.12683025120981
-24.126849874233358
-24.126874920469362
-24.12689105195728
-24.12691642641425
-24.12693067133255
-24.12696767138193
-24.126978029831545
-24.1269993891095
-24.127025083883375
-24.127052722040414
-24.127068331964235
-24.127083591854245
-24.127100902342416
-24.127118448524374
-24.127135528827363
-24.127157853427708
-24.127179367608875
-24.127204207050877
-24.127213058325847
-24.127227619330743
-24.127240050968084
-24.127253151979414
-24.127282784829518
-24.12728776709606
-24.127308092077204
-24.127321985078986
-24.12733641070652
-24.127353465782956
-24.127368267199923
-24.127382159420325
-24.127391679269206
-24.127403585220762
-24.127421823212952
-24.12743882363274
-24.127451418964615
-24.127469591058915
-24.12748753739894
-24.12751349172987
-24.127529888398364
-24.127552763346124
-24.12758493079883
-24.12761961374045
-24.127646286067726
-24.127666217840257
-24.127680530991704
-24.127706069837956
-24.127738075508365
-24.12774503668809
-24.127746891247984
-24.127746891456045
