500 iters for seed 56 on ER0.3 which is in the 24.105072021484375 percentile
 Maxcut: 28.0, MedianCut: 18.0
-16.023982056572383
-17.98721655985375
-17.999198237165437
-18.05828481742443
-18.098032367526812
-18.119777669849327
-18.16262070318252
-18.197744204027234
-18.241615161055925
-18.28158589682137
-18.31343921750399
-18.334590373127504
-18.354630410923832
-18.373861922907107
-18.39252170455092
-18.406033907809636
-18.419432529061112
-18.428659042340072
-18.441782419302637
-18.44697480908063
-18.458247869638438
-18.46314559244073
-18.470315419882525
-18.47961780694697
-18.484468146142415
-18.492189702258493
-18.49749349659776
-18.503620571773233
-18.50827982913126
-18.513868179572896
-18.518070247521038
-18.521868243760228
-18.52581194080071
-18.53000669699619
-18.532928129363285
-18.53612042190992
-18.540861575826433
-18.542448458745255
-18.54590724087887
-18.547470483573964
-18.54974192495197
-18.553146145950187
-18.555140223913938
-18.55785300257571
-18.56003004065436
-18.562716193133518
-18.565427975077313
-18.568490367403143
-18.571262330224204
-18.573280207998117
-18.576096998654496
-18.579020354678352
-18.58129974392945
-18.583472022753362
-18.585401053063634
-18.58806892633104
-18.590674178988017
-18.594117498765772
-18.597023252780975
-18.599596443358415
-18.60158643634712
-18.604254254408495
-18.605520677959895
-18.607111907292765
-18.60910429223098
-18.611184247967678
-18.61296746191357
-18.615062257485388
-18.61631512181683
-18.61773209248969
-18.619540714529997
-18.620446844847528
-18.62219522447686
-18.62323876623827
-18.62424448821282
-18.62527742808126
-18.62610878962284
-18.62692153591783
-18.628313864412107
-18.62888460159064
-18.62986466152421
-18.6310854363867
-18.631849723225503
-18.63286977739752
-18.633549052514567
-18.634618237122744
-18.635449544896165
-18.63622386861143
-18.636942638405618
-18.637502696679125
-18.63835200929094
-18.63919064915187
-18.639824014791202
-18.64072669983322
-18.64119696103623
-18.642586094598247
-18.64340964926544
-18.644203537694473
-18.645455948791884
-18.6464329023068
-18.647537964169583
-18.648269864122405
-18.64922235007117
-18.65019822163719
-18.65143644726765
-18.652298879459256
-18.653192375342822
-18.654406033007103
-18.65566392028248
-18.656701137274844
-18.658089887709792
-18.65914174969966
-18.660272015113126
-18.66121278885684
-18.66227184117098
-18.66300074556266
-18.663752693781994
-18.664419067291874
-18.66511060309147
-18.665903331014928
-18.666839609942453
-18.66763940528716
-18.668601366003656
-18.669392373272597
-18.67022854814091
-18.67123508661041
-18.671985090081407
-18.672807182314116
-18.673796129903288
-18.674424616840632
-18.67506967734922
-18.676135713230266
-18.676702875921826
-18.677273356011238
-18.678564080112036
-18.679063802458163
-18.67967365409322
-18.68046260170593
-18.681042966866542
-18.681967799469838
-18.68245634327318
-18.683122377696726
-18.683578997946796
-18.684241623619933
-18.684796440663014
-18.685539205732592
-18.685909169249086
-18.686368836901604
-18.68703398801989
-18.687707325592697
-18.688233424829335
-18.688977760436412
-18.68943861269442
-18.690067292628235
-18.690760093979833
-18.69128823134765
-18.691825645975825
-18.692569504004005
-18.6930266857688
-18.693600842750822
-18.694079734984733
-18.694735886715232
-18.695142677090573
-18.69560892569308
-18.696045420784223
-18.696586247378782
-18.697096583238448
-18.697552111478586
-18.69816719987749
-18.698755893579857
-18.69915702186509
-18.699751203372983
-18.70021846373793
-18.70086620394801
-18.70139268136387
-18.70183422858219
-18.70230020282704
-18.702719766293985
-18.70314347645172
-18.70357897090793
-18.70393688313092
-18.70450006785687
-18.704947397368823
-18.705296939833246
-18.705781518642603
-18.705969805256892
-18.70627040742617
-18.706495036106528
-18.706701494611767
-18.70711468444094
-18.707386487310366
-18.707797692335582
-18.70812974717659
-18.70843228544505
-18.708739372830976
-18.709123098250583
-18.709445661743988
-18.709777913245333
-18.71012145889018
-18.710536052790967
-18.710861361287407
-18.7113561652761
-18.71166655445532
-18.712034315939157
-18.71226763753672
-18.712687846886034
-18.712941774527366
-18.713223914809532
-18.713655086177237
-18.713822742411047
-18.71427462458383
-18.714463946707557
-18.71472322801099
-18.715130116937992
-18.715324946343813
-18.715651193846945
-18.715823319832595
-18.716035584606097
-18.716484444625575
-18.71672076849905
-18.71700172282795
-18.717257612222838
-18.717488135427317
-18.71777382675617
-18.71801601564144
-18.71824004183301
-18.718541826075363
-18.718814551147826
-18.719115915640952
-18.71939106704732
-18.71964325211468
-18.719901049739384
-18.720136476313844
-18.720357313814425
-18.720533205124376
-18.72071255284044
-18.720992234668508
-18.72108015273657
-18.721352317353627
-18.72146564884549
-18.721663067072612
-18.721907091592627
-18.722100415377753
-18.722378409999138
-18.72255924440659
-18.722810847233273
-18.722962198138106
-18.723139358851377
-18.723310935182475
-18.723464015886734
-18.72357835849299
-18.723861174957385
-18.72395078984394
-18.724074535316834
-18.72426848922739
-18.724432319735403
-18.724662599717057
-18.724817670418204
-18.725000443155633
-18.725135208941946
-18.725293612915056
-18.72546125720713
-18.725572118320386
-18.725852052192216
-18.72595306466198
-18.72618141010657
-18.726284646606523
-18.726429630150495
-18.72667856305666
-18.72687414292901
-18.727052133369483
-18.727205842832255
-18.72732932891666
-18.7274378888963
-18.727727604339563
-18.727812137453725
-18.72795809103242
-18.72816083526899
-18.72830903773901
-18.728546489982904
-18.72868502201078
-18.728821485730546
-18.7291049909154
-18.7293054037122
-18.729501345538758
-18.729642836299178
-18.729815053839786
-18.72992828695087
-18.73023493053771
-18.730343188093407
-18.73050066867947
-18.730748655628247
-18.730919505366977
-18.73119115948234
-18.731400304691537
-18.73161286652718
-18.731719541726054
-18.731910387585106
-18.73204234669969
-18.732170851328522
-18.73239930295692
-18.732526948850442
-18.73275604239401
-18.732927214520103
-18.733125792746602
-18.733310829787566
-18.733512987438953
-18.733684277835458
-18.733843698230956
-18.73400165824232
-18.7342876391918
-18.73435234046056
-18.734554908603666
-18.734648019098923
-18.734779236598037
-18.734993997003784
-18.73511811280457
-18.7353508482086
-18.735531303888184
-18.73572884038662
-18.735913157659024
-18.736107286041403
-18.736334781683187
-18.736514159392442
-18.73672482157852
-18.736917054552315
-18.73718916919087
-18.737361364611843
-18.737561955874497
-18.737711479711006
-18.737983778929372
-18.738163023898945
-18.738334374746994
-18.7386476500543
-18.738823610047508
-18.739100068206024
-18.73929688298346
-18.73953663518109
-18.739729746494767
-18.739939371461706
-18.740127526805242
-18.74026982730268
-18.74044311876794
-18.740686433682768
-18.740805500538265
-18.74097446637694
-18.741138720554307
-18.74133932515786
-18.74150884230031
-18.741626513508255
-18.74182726339306
-18.7420327499999
-18.742189225627477
-18.742418293291482
-18.742550869252696
-18.742708738771732
-18.74293266855138
-18.743069632115017
-18.743287384559725
-18.743453457903207
-18.743588093855788
-18.7438754615685
-18.744047311639743
-18.74425347061353
-18.74443044584597
-18.744607084715433
-18.74488879219049
-18.745147496235777
-18.74532789357926
-18.745572071973104
-18.745745136376975
-18.745894378783564
-18.746126254358536
-18.746246907529603
-18.746357159687214
-18.746659397148942
-18.746786815183373
-18.74702083183646
-18.747190989215458
-18.74736068627124
-18.74753783499473
-18.74770608255347
-18.747905331552705
-18.748135071889116
-18.748260943612486
-18.748443402741632
-18.74857338394622
-18.74875815199005
-18.74894897355616
-18.74909531913157
-18.749168386764527
-18.749430951702557
-18.749527442252937
-18.749672798592066
-18.74990614383141
-18.750061603995945
-18.75024808244731
-18.75036871214136
-18.750514378554293
-18.750676710231232
-18.750831825258807
-18.75095187394244
-18.751045866418345
-18.751190795028116
-18.751316421247203
-18.751435567233898
-18.75157688871979
-18.751673997426508
-18.751803918178545
-18.751921000660555
-18.75203855115288
-18.75217309041049
-18.75232060210816
-18.75247501067734
-18.752603659563665
-18.75272897078692
-18.752878542146764
-18.753020444556864
-18.753106526192447
-18.753234442015746
-18.75332852461988
-18.75345568664767
-18.75354811609191
-18.753645839071847
-18.753773545388356
-18.753879588433374
-18.7540084491186
-18.75413400373663
-18.754255791674634
-18.754378990026566
-18.7544953747664
-18.75461188927443
-18.7547116226209
-18.754824612803155
-18.75495412066602
-18.75506327402736
-18.75516399122209
-18.75526956134864
-18.755367455560737
-18.75548473710655
-18.75563703584733
-18.755735140579468
-18.755824938331514
-18.75595601099216
-18.756054838765948
-18.756197197367936
-18.756331015354917
-18.756437834828553
-18.756521955601627
-18.756663919704547
-18.75678730235156
-18.756925397480522
-18.75703573952431
-18.757139761834136
-18.757246321326427
-18.757369214433595
-18.75748528208453
-18.757577831918702
-18.75766332625064
-18.75774161669308
-18.757820780312475
-18.75790981119994
-18.757986662325855
-18.758050963203267
-18.758119690189627
-18.7582564542505
-18.758384666455502
-18.75848913899536
-18.75857316543214
-18.758643725675128
-18.75874112645264
-18.758815552005558
-18.758876938632433
-18.75897517254133
-18.75907221999997
-18.759162769293724
-18.759313931103947
-18.759413056185096
-18.759493927990246
-18.759609374378606
-18.75968345084584
-18.759758563104597
-18.759868367853905
-18.759932830474888
-18.760067900668822
-18.760196346765305
-18.760261191342096
-18.76036740940525
-18.760430994389587
-18.7605095654378
-18.76060021091237
-18.760649677824002
-18.76073282431795
-18.760811821989876
-18.76084995268213
-18.76095395409675
-18.760997382448487
-18.761054998251623
-18.761142082182836
-18.761210148038437
