500 iters for seed 30 on ER0.3 which is in the 67.59567260742188 percentile
 Maxcut: 27.0, MedianCut: 19.0
-20.000000000925116
-20.00000015900715
-20.000000374928412
-20.000000731320196
-20.000001346609622
-20.000002429314357
-20.000004353772873
-20.00000779196796
-20.0000139538186
-20.000025016957572
-20.00148970627514
-20.002678063095143
-20.22084721570638
-20.31156901021936
-20.41030256945594
-20.51109983415535
-20.96497524174078
-21.180189808062334
-21.50348837665824
-21.8447173370967
-22.311887710062262
-22.759862887094904
-23.03708988478819
-23.211801440422175
-23.506750451745102
-23.715526024169122
-23.914763465701196
-24.15033152669036
-24.29095007565561
-24.4076314494824
-24.494386861540377
-24.559963640796674
-24.615496459981852
-24.69474721862218
-24.716636410719914
-24.754434870750618
-24.783985915850696
-24.81373186909584
-24.828928345378557
-24.845108432143533
-24.864834776030143
-24.880628202726374
-24.889108477155762
-24.899525646740045
-24.91126372810575
-24.92085591343434
-24.93245051305817
-24.93624704621917
-24.940952420872957
-24.944216152159278
-24.948574732898976
-24.951300117303155
-24.953676529062484
-24.95857605330157
-24.960551450723933
-24.965446669284287
-24.967498208746544
-24.97009702177884
-24.973483297094198
-24.97467185037068
-24.978399332142764
-24.97971385447476
-24.98174376104365
-24.984184115466316
-24.985526527191404
-24.98721058297963
-24.988122659396318
-24.98955468885564
-24.990894290772147
-24.99218386002622
-24.992846231137005
-24.99343219886132
-24.994190016144
-24.995056747199698
-24.995613325781147
-24.99602925619565
-24.996407339797145
-24.9966663878612
-24.996954447300965
-24.997162398919205
-24.997398911474008
-24.99759449437286
-24.997782350995493
-24.997924061281072
-24.998024804343544
-24.998058119716852
-24.99825311780803
-24.998300750208617
-24.998379462070584
-24.998493882070356
-24.99857504395244
-24.998689492784308
-24.998749324326152
-24.998811940080078
-24.998901001820194
-24.999002727594416
-24.999084016776393
-24.99914161075851
-24.999191016478136
-24.999267935740264
-24.999338828663163
-24.99940677631362
-24.999457877859232
-24.999506153138185
-24.999585874020934
-24.999616885096387
-24.999644470994326
-24.999664021711553
-24.99968712153057
-24.999713296364256
-24.99973161299282
-24.999744089067857
-24.99975957079716
-24.999777252928958
-24.99979280636825
-24.999802661488264
-24.999810257762192
-24.999817988081055
-24.999830343198774
-24.999841239224235
-24.999851083058832
-24.999859398564105
-24.999867554797614
-24.999873600788522
-24.99988144670241
-24.99988601094784
-24.99989121073049
-24.999899311542503
-24.99990281729078
-24.99990921048287
-24.99991197320946
-24.999916477733812
-24.9999221063018
-24.999927650551417
-24.999930985140065
-24.99993465208436
-24.999938282854366
-24.999942406969524
-24.99994550771356
-24.999948003907626
-24.999949486224782
-24.999952785871415
-24.999954052159758
-24.999956163459597
-24.999957884367678
-24.999959358514367
-24.99996035893018
-24.999962335223817
-24.99996352493974
-24.999965068650038
-24.999967274228137
-24.999968856675682
-24.999971485231026
-24.999972977109362
-24.999974246836924
-24.99997541861855
-24.999977054158023
-24.999977786032574
-24.999978536026436
-24.999979627140313
-24.99998038351839
-24.99998144479255
-24.99998237406879
-24.99998316743371
-24.999983759623774
-24.999984522114342
-24.999985000692362
-24.999985749566836
-24.999986343142997
-24.9999869172586
-24.999987799854953
-24.999988650799832
-24.999989136695312
-24.999989846531093
-24.99999038639284
-24.999991049017012
-24.999991806494705
-24.999992293543638
-24.999992696609453
-24.99999350187081
-24.99999374271086
-24.999994172454777
-24.999994469907197
-24.99999470568524
-24.999995143595076
-24.99999535323686
-24.999995995554027
-24.999996204730632
-24.999996481308067
-24.99999683672135
-24.999996925117117
-24.99999728606672
-24.999997380362668
-24.99999755349106
-24.99999781071036
-24.99999795341156
-24.999998193426432
-24.999998301971313
-24.999998411046906
-24.999998513916346
-24.99999863725305
-24.99999874626573
-24.999998870645737
-24.999998893460937
