500 iters for seed 115 on ER0.3 which is in the 24.306488037109375 percentile
 Maxcut: 32.0, MedianCut: 20.0
-18.065118045001103
-19.979292750023674
-20.009201131565035
-20.102207474525727
-20.139376528872155
-20.16447477200812
-20.18031076016298
-20.256645091167215
-20.283929897574183
-20.321095492652894
-20.354323679418357
-20.382511622269803
-20.404399382433773
-20.42353802711824
-20.440384564737506
-20.455399893588396
-20.468420421610908
-20.48418591320666
-20.495945830790042
-20.508041810376575
-20.520015880210153
-20.529305837025255
-20.53854255433466
-20.545498077613246
-20.551449326070063
-20.558198146979635
-20.56454421884858
-20.571605456737224
-20.579173569304952
-20.58427019735838
-20.589784391105965
-20.59547432293023
-20.599692954288155
-20.604591938073376
-20.609202044431566
-20.613519860216567
-20.617462264774844
-20.622075136588975
-20.625774111006123
-20.629692431111756
-20.63267029372357
-20.635998393837156
-20.637896597604467
-20.64146692219896
-20.643203237291107
-20.645497062413796
-20.648793779058643
-20.650619019445703
-20.65350383911876
-20.6557473314166
-20.65838487465921
-20.660631567647595
-20.662645093830562
-20.665500108172427
-20.66712765368584
-20.669025511223946
-20.672247368016173
-20.67396089863902
-20.675764717786056
-20.678119125549134
-20.679636452991332
-20.681472657346646
-20.684019577670686
-20.685542471510733
-20.686772773540163
-20.68841111813676
-20.689740921022977
-20.69130953159554
-20.69263939876016
-20.694149050668425
-20.69545598265164
-20.696843116161297
-20.697956613020857
-20.69886180416099
-20.70018631005979
-20.70128973218728
-20.702332257173047
-20.70338793455112
-20.704385466178596
-20.70543722099456
-20.70636841403121
-20.707249798769613
-20.708129352742763
-20.709272618177916
-20.7101905328706
-20.71091526257706
-20.711792569435826
-20.712695245050362
-20.713622678696094
-20.71464972994374
-20.715338185809237
-20.716086383432813
-20.717021102893696
-20.71788159276679
-20.718809022670847
-20.719610012440953
-20.720453299047985
-20.72129552957458
-20.722370118803493
-20.723374584582714
-20.72428069653317
-20.72526878302692
-20.726430911689274
-20.7275721649332
-20.728465025376703
-20.729855785681124
-20.730492279271573
-20.731202531055878
-20.732187687753026
-20.732844195087388
-20.733018159264333
-20.734756671382577
-20.73516106065994
-20.73589785132555
-20.736961638659054
-20.737358700968194
-20.738943062994245
-20.739505649278165
-20.740201349970867
-20.741258871948233
-20.74152167924873
-20.742716309148545
-20.743096882962885
-20.743720879015548
-20.744579259701684
-20.74503258592209
-20.745669126010274
-20.74612782585365
-20.746642102365122
-20.74721471788147
-20.74802322198031
-20.748500524350572
-20.749016189417915
-20.74946088281753
-20.75005553795937
-20.75059992479916
-20.7510207969935
-20.751916185940406
-20.75225210313316
-20.752843501492094
-20.75331030719761
-20.75386683185318
-20.754327708688248
-20.754648309230813
-20.75502184919217
-20.755370073237955
-20.755776218194814
-20.756096548171918
-20.75647665860891
-20.756692729093466
-20.75705655631819
-20.7575522905214
-20.757636936075276
-20.758323615583055
-20.758519357019757
-20.75886157135463
-20.759265062780575
-20.75971756561151
-20.760042253982483
-20.760419208038524
-20.760641989009915
-20.76097778556249
-20.761279973552337
-20.761537298584937
-20.761914031102535
-20.762262480325003
-20.76250053679355
-20.762848857263222
-20.763069341471322
-20.763364090247364
-20.763684889876107
-20.763863803240888
-20.76418608403641
-20.764484487070355
-20.764688727411908
-20.76503047327366
-20.76522268843319
-20.76551852112881
-20.765725485162616
-20.76592551257948
-20.766296712886337
-20.76654275518923
-20.766860034444377
-20.767125652591425
-20.76744670892051
-20.76771699662177
-20.768049136008464
-20.76830498225367
-20.768568367517414
-20.76886135511391
-20.76919213132625
-20.769481362527575
-20.7696854611945
-20.770125084141224
-20.77037285327703
-20.770643002573905
-20.77090794618851
-20.77119490076797
-20.771465788186738
-20.771837380632952
-20.772053888961235
-20.772301581122434
-20.77248358775079
-20.772768387742552
-20.773003666763152
-20.773144937314072
-20.773466207096035
-20.77368152235404
-20.77395715461044
-20.774227897627647
-20.774520917299487
-20.77474776515877
-20.77498833096124
-20.775276612412576
-20.775469029438025
-20.775761136785356
-20.77602821704469
-20.77622061956844
-20.776437992580895
-20.77662707903426
-20.776797383070804
-20.77702537363825
-20.777224100958556
-20.777534633179013
-20.77774853915485
-20.777915766796056
-20.778155440972235
-20.778350945850466
-20.778583635672245
-20.7787984938015
-20.779000096926303
-20.779202082314686
-20.77949640291994
-20.77959474186418
-20.77990621539869
-20.780047406192576
-20.780230876660653
-20.780484551636718
-20.780669695309527
-20.781062946936714
-20.78123199271659
-20.781500699576338
-20.781639790120327
-20.781969626197807
-20.78214471334267
-20.78235926445647
-20.782650578096366
-20.782878834142686
-20.78320388783967
-20.783398365923116
-20.7837129966682
-20.783837459572478
-20.78415102703451
-20.784316236686145
-20.784528583696826
-20.784678091944542
-20.784908851170215
-20.785186585182977
-20.785446320313206
-20.785681801603292
-20.785918755735832
-20.786189509877158
-20.78637635074247
-20.786610979916027
-20.786897052240214
-20.787205203053567
-20.78746304413057
-20.787727573789045
-20.787982267749832
-20.788230517187042
-20.788394464588695
-20.788637284275023
-20.7887699835216
-20.788950540248216
-20.78915081552566
-20.789296356170084
-20.78956535760074
-20.789830170674573
-20.790006593563923
-20.790291998963834
-20.79046563042191
-20.79067934993245
-20.790921224558847
-20.79105806493943
-20.791411388031648
-20.791520207776802
-20.79173143030336
-20.791811599264562
-20.791967612829943
-20.792183902890034
-20.792290067785554
-20.792463543908312
-20.792586922224764
-20.792722707256303
-20.792850863539332
-20.793002817025368
-20.793114086370927
-20.793255398317925
-20.793349290759195
-20.79353072116099
-20.793674781710273
-20.79379562087946
-20.794025055518997
-20.79408265294375
-20.794460844618904
-20.794560106992567
-20.79470334870533
-20.79483665428687
-20.795005884900046
-20.795202161282887
-20.79534661608338
-20.79544441401185
-20.795630937114826
-20.79572060497633
-20.795835490890394
-20.795983300830848
-20.796152056504603
-20.796276695868514
-20.796407179115484
-20.796511749923404
-20.796625390555505
-20.796760010403997
-20.7968650519596
-20.79694461137632
-20.797130960494663
-20.797152991133977
-20.797291398463294
-20.797355881805267
-20.797472167616828
-20.797586876973554
-20.797686391780747
-20.797874126066212
-20.798003197548866
-20.79815856609574
-20.79826037047883
-20.798414779552356
-20.798548487255964
-20.798657063855075
-20.798843388445505
-20.79889961908969
-20.79909564852282
-20.79917107377865
-20.799303875195918
-20.799402042745285
-20.799585444671067
-20.79969553251045
-20.799797905782025
-20.799957875285195
-20.800022643276456
-20.800226456907716
-20.800299554005896
-20.80038341266045
-20.80050869784933
-20.800598155842977
-20.800749682660914
-20.800866704851796
-20.800982613450262
-20.801082864576
-20.80120190596506
-20.801311893733228
-20.801413714995117
-20.801506929653915
-20.801645798986826
-20.801742879690615
-20.801832664063372
-20.801916672637415
-20.801990561445315
-20.802102935522793
-20.802198599535867
-20.802254124384
-20.80237081518646
-20.80245878204643
-20.802573106772215
-20.802666711648072
-20.802756589537857
-20.80281077625912
-20.802913695690457
-20.802948645380948
-20.803082603875154
-20.80314729752112
-20.80324256262277
-20.80337271646633
-20.803405054828197
-20.80361884285741
-20.803684225454806
-20.803785753083023
-20.803838291229674
-20.803951301497577
-20.80403734988457
-20.80410712915509
-20.80423851992608
-20.804329590315344
-20.804494296384313
-20.804654131357157
-20.804792003378694
-20.804935508761183
-20.805092274054253
-20.805282435461173
-20.805402472227904
-20.805612406970077
-20.80574291522373
-20.805895021238157
-20.806130485550852
-20.80618064536091
-20.80645924313252
-20.80656368370203
-20.806727948907312
-20.8069370461314
-20.807063385492473
-20.807242716700156
-20.807338544611213
-20.807497966778215
-20.80767326608033
-20.807927328409562
-20.808080621492252
-20.80822522349114
-20.808429804686586
-20.808563172773955
-20.8087144976542
-20.80884857430261
-20.808980722313756
-20.80912142051972
-20.809317091786028
-20.80944625227697
-20.809579819709082
-20.809792463568623
-20.80990692140543
-20.810075423476636
-20.810163342237356
-20.810277946736928
-20.810414733754545
-20.81056268623439
-20.810653034100934
-20.810736248849796
-20.810901671389463
-20.811070404648866
-20.81119421254687
-20.811396846735487
-20.811557057750314
-20.81174802350437
-20.811903670025394
-20.812071576095597
-20.812191911721527
-20.81232525472793
-20.81251674768513
-20.81264990132661
-20.81276392460027
-20.812996428755593
-20.8130193891179
-20.81326108767774
-20.813394989054498
-20.813575203044067
-20.813775280735427
-20.81403800766567
-20.81431102547296
-20.814431719067095
-20.814598875319643
-20.81471115899567
-20.81485366639475
-20.815076817196097
-20.815205151447515
-20.81533052612013
-20.815538067265486
-20.815667273108545
-20.81581386511698
-20.81604888125014
-20.816246593689115
-20.816384602253066
-20.81651997991729
-20.816659325492772
-20.816853918540467
-20.8170215762623
-20.817167625497575
-20.817283690399915
-20.817395869528468
-20.81753417140383
-20.817643593882746
-20.81779916430549
-20.817934437363753
-20.818047277442044
-20.818172808027306
-20.81828350982407
-20.81837512747662
-20.818500844387195
-20.818610796049143
-20.818713428895506
-20.81886615765158
-20.818944874318856
-20.81905987409605
-20.81918020381645
-20.81928607466739
-20.819364422844565
-20.819538331940123
-20.819607091839124
-20.81967530090271
-20.819807594471808
-20.819863696397377
-20.819934930302164
-20.82004187238995
-20.820108841946254
