500 iters for seed 178 on ER0.3 which is in the 30.162811279296875 percentile
 Maxcut: 31.0, MedianCut: 21.0
-19.014234045095055
-20.498150579703058
-20.520296911741113
-20.60328818184842
-20.647869844253087
-20.666580442879884
-20.721468503384536
-20.76128342247864
-20.77639223210724
-20.80462513747505
-20.826422698446244
-20.84947996837687
-20.87162855506368
-20.892702335132768
-20.907560520623846
-20.92252023341333
-20.93533304272757
-20.944567478171336
-20.95608408164376
-20.96637584525187
-20.976612698903722
-20.986041407117202
-20.994333091405455
-21.00149301308766
-21.009327586784977
-21.014454678511573
-21.021496818158745
-21.0235313135085
-21.031097704847596
-21.03374348216629
-21.038104689012034
-21.04177445400523
-21.046076526245486
-21.0487828945517
-21.052059086374417
-21.054916129256032
-21.05813694657877
-21.061118114701426
-21.063983178231737
-21.068488546020756
-21.07321303469175
-21.076150692371584
-21.080177063863818
-21.083311161236814
-21.086664186136698
-21.089878466903947
-21.09192066642042
-21.094586667943613
-21.097059330394053
-21.099627920737063
-21.101913434772243
-21.10419558696958
-21.106335626764025
-21.108178059120185
-21.110799197366358
-21.112669192530596
-21.11416436245495
-21.117020506029483
-21.11905286615277
-21.121597912943436
-21.122998290041508
-21.12436867969702
-21.1261216248877
-21.1275430395101
-21.12913513517982
-21.130526281133577
-21.132026685100954
-21.133623352285163
-21.134728371440197
-21.135778305929442
-21.136694989224114
-21.137938914600696
-21.1396808218944
-21.141140001222368
-21.14213896193077
-21.14338815624115
-21.144168474473634
-21.145238984989778
-21.14640442831549
-21.147060878126624
-21.14866072031687
-21.14937594870094
-21.150670688064963
-21.151488331230855
-21.15240526130437
-21.153655019516556
-21.15488748053212
-21.15552898169775
-21.1563800533637
-21.157135307984316
-21.15804780539534
-21.159038493499835
-21.15971472197046
-21.16088395721712
-21.162615881461
-21.16281848545701
-21.164750314111092
-21.165429648019963
-21.16639733893512
-21.168106548116423
-21.169134761729268
-21.17175061710685
-21.17266691832226
-21.173806327338497
-21.174538196283066
-21.175623839044952
-21.176377098536594
-21.17705690025757
-21.178060943867195
-21.178834849657047
-21.17998434889166
-21.180678579647548
-21.181489851616327
-21.18224004719622
-21.18292896341964
-21.183684685268798
-21.184315970437723
-21.1851918735801
-21.18603241171079
-21.186893171744984
-21.187504148345933
-21.18817689041638
-21.188796646091618
-21.189450266037596
-21.19054222998472
-21.191468280408444
-21.192226970379288
-21.19306880040238
-21.19366867456332
-21.19445769388785
-21.195333685016898
-21.195930347711496
-21.19668799330043
-21.197682685840505
-21.1985606119124
-21.199064042143885
-21.19985379474322
-21.200596556686094
-21.201389197924136
-21.20216364688749
-21.202602937596563
-21.203203306850078
-21.203691561311807
-21.204628179795897
-21.205089573799373
-21.20581417455587
-21.20677468271704
-21.207519415334936
-21.208216902002448
-21.209126151774228
-21.20957901966248
-21.21009893105154
-21.21087980422653
-21.21131503503616
-21.211844988026705
-21.21281739928143
-21.213030331530774
-21.21372781345564
-21.21408830496223
-21.21459074143676
-21.21531986509539
-21.215672321686295
-21.216503017715976
-21.216874610967253
-21.217391884731388
-21.217785674573484
-21.21848509604986
-21.218854341090488
-21.219295105927888
-21.220072775405455
-21.220943896634935
-21.221771238430087
-21.222228253302124
-21.222700062360293
-21.22304157931056
-21.22351538757148
-21.22413721362694
-21.22450058281647
-21.22483291050627
-21.225463247843642
-21.225761026207795
-21.226003975699232
-21.22624630610325
-21.226532618099167
-21.226951592846742
-21.227212253649345
-21.227749516045257
-21.227960896380544
-21.228243672284236
-21.22857260799226
-21.228934891413587
-21.229217772266896
-21.229583810259122
-21.229809260539017
-21.23005511511653
-21.230559937512517
-21.23078957669407
-21.231062392330077
-21.231369395953223
-21.231622132511234
-21.231765142185967
-21.232182996689502
-21.2323623843294
-21.232587939933964
-21.23289001742682
-21.233224212217934
-21.233477233106413
-21.23381099196588
-21.23400870711615
-21.234260731443992
-21.234575857450864
-21.234793164690576
-21.235008883124195
-21.235366374229514
-21.235528922226262
-21.235757346302055
-21.236006540398368
-21.236292803381254
-21.23648951794761
-21.236713028549268
-21.236960164506307
-21.237168696575406
-21.237357736641055
-21.237610934883676
-21.237836421808826
-21.238082321231353
-21.238398329789213
-21.238629660116906
-21.238778304554216
-21.239111867989394
-21.239247496517088
-21.239400724528927
-21.239663734874757
-21.23982042981804
-21.2401752481535
-21.240474571656883
-21.240753921338936
-21.24096476235009
-21.241165128450344
-21.241329578310395
-21.24160647235601
-21.241735532558636
-21.241872233910236
-21.242099590190307
-21.242180499187565
-21.24256226960919
-21.24267955188203
-21.24287914783169
-21.24314364033953
-21.243426418705837
-21.24364610305972
-21.243938566257164
-21.24411351552472
-21.244368227919082
-21.2446616339165
-21.244810933482785
-21.244928779373247
-21.245081084424648
-21.245241191958538
-21.245448204659304
-21.245601958311653
-21.245788295929458
-21.245943940380194
-21.24610208802614
-21.24627211645435
-21.246440390685464
-21.246660630636274
-21.246811137613527
-21.246988358127105
-21.247206885307445
-21.247397760085903
-21.24750104794098
-21.247746908010466
-21.247773729247452
-21.24802582706593
-21.248121596196814
-21.24826238463306
-21.248446425090833
-21.248525798148204
-21.24878827928633
-21.24889353013194
-21.249074041591893
-21.24924929160804
-21.24944528292027
-21.249599380854153
-21.24981144351772
-21.249969730668248
-21.250134716219407
-21.25036316364881
-21.250494528197578
-21.25068053702534
-21.250930445765587
-21.25104282190492
-21.25118427966904
-21.2513498121889
-21.251544625965142
-21.251703209983578
-21.251839933792485
-21.252002348772397
-21.25213873455795
-21.25229780286651
-21.252427237842955
-21.252536125214927
-21.252692219040533
-21.252865964511336
-21.252964943165804
-21.25311801683033
-21.25326120141299
-21.253416612049975
-21.253557880356553
-21.2537297058634
-21.253867915346582
-21.2540004690558
-21.254295973005267
-21.254386904503345
-21.254494999828683
-21.25468460356055
-21.254797867701747
-21.254930462720765
-21.2551123410541
-21.255238683241004
-21.25539207036694
-21.255541016808927
-21.255676722718967
-21.255820598888025
-21.25587557467184
-21.256102564411616
-21.25618843124679
-21.256291729318257
-21.256449107113383
-21.25664416892301
-21.25689717705692
-21.257014217999668
-21.257149886447916
-21.257300754088035
-21.257491385663428
-21.25768151510683
-21.257806216633526
-21.257917721269134
-21.258058888506653
-21.258199207351176
-21.2583460779541
-21.258494685325328
-21.25861675133313
-21.258741858419747
-21.258870027070202
-21.259020911418332
-21.259154316166125
-21.25929555212788
-21.259404804585216
-21.259629279981755
-21.259735654001425
-21.25985129997741
-21.259977254565147
-21.26012912396222
-21.26024489452912
-21.260365055088815
-21.260523065012293
-21.26062765100118
-21.26078129666896
-21.260863007512587
-21.26097058819682
-21.261102865373655
-21.261232789403063
-21.26131252384409
-21.261410162126893
-21.26151835739647
-21.261655193681918
-21.26182853148223
-21.261933778762184
-21.26206979087281
-21.26219626338738
-21.26233581751137
-21.26243084316515
-21.26252341219722
-21.262668811459612
-21.262768942039223
-21.26288174799771
-21.26309764515584
-21.26321046457959
-21.26334041147861
-21.263534313077063
-21.26364752545438
-21.26377401865066
-21.263937900840524
-21.26405371299866
-21.264169403915577
-21.264315267245898
-21.264418629515355
-21.264518265760174
-21.26462026814733
-21.264720638524487
-21.264803784120794
-21.26493705577617
-21.26501493905707
-21.265097136613676
-21.26523049427368
-21.265306649725307
-21.265407195835476
-21.265478852705904
-21.265557530703763
-21.26572251379247
-21.265799503338094
-21.265934587700652
-21.26603250295352
-21.266131927612278
-21.266223768815443
-21.26631872656059
-21.266426427684454
-21.266511233299003
-21.266592146345587
-21.26675265646676
-21.26680765585209
-21.266938221316924
-21.26700645056773
-21.26710106002193
-21.267243131985513
-21.267394132337554
-21.267512069700444
-21.267648774456312
-21.267763386305752
-21.2679031711869
-21.268015215829703
-21.26810362804349
-21.268229137299265
-21.268331342307526
-21.268439839582975
-21.268535207291485
-21.268650580899994
-21.268751745160873
-21.268856099765152
-21.26900687148128
-21.269108117206763
-21.269275172418283
-21.269416040012988
-21.26955284790548
-21.269664080842357
-21.26980855175007
-21.26995860605056
-21.270131714445014
-21.270232277397753
-21.270347132990608
-21.270487488859803
-21.270652137545166
-21.270779910927182
-21.27091764085552
-21.27103838829499
-21.271161454484687
-21.271287050821893
-21.271383695624586
-21.271509167750303
-21.27162120485574
-21.271710680517025
-21.27180432897786
-21.271892724294712
-21.271983631982984
-21.27212994833669
-21.272219757677142
-21.272322068212173
-21.272398301294487
-21.2724944041899
-21.27259501826888
-21.27271629030045
-21.272768615203276
-21.27283772445881
-21.272884083807043
-21.272950174755216
-21.27299907936211
-21.273042498924205
-21.273130257756215
-21.273184463122416
-21.27328751639439
-21.273369961299522
-21.273438032146156
-21.273511467384612
-21.273558890452968
-21.273622048000504
-21.273696329005052
-21.273777379308232
-21.273853661019697
-21.273939780106936
-21.274005543149705
-21.27407514990715
-21.274180328868987
-21.27422532182268
-21.274299463752484
-21.274315216624522
-21.27441433641676
-21.274462467081296
-21.274518385978926
-21.27460375695666
-21.274664796273207
-21.274763920911436
-21.27482527902557
-21.27490251912762
-21.27497681878182
-21.27506578283796
-21.27513545203858
-21.27521319261752
-21.275279904913116
