500 iters for seed 31 on ER0.3 which is in the 78.91921997070312 percentile
 Maxcut: 28.0, MedianCut: 19.0
-20.999999974514253
-21.00000008664718
-21.00000199878233
-21.000034545167757
-21.000040991443264
-21.000084386634896
-21.00014913920902
-21.000315348911084
-21.000900722014375
-21.003274081232362
-21.0078569635147
-21.014183317830785
-21.032875120605862
-21.083160612540034
-21.16837210293076
-21.352557641837905
-21.564076178429843
-21.72680307367646
-21.808861682977913
-21.89077402308307
-22.02050274758375
-22.10332251398825
-22.216740239356774
-22.307507097204567
-22.391676315700533
-22.47109340920152
-22.562480429158146
-22.66477330537412
-22.766355767494357
-22.923574744536054
-23.099524524595495
-23.22334618467718
-23.3183272476803
-23.417910154190967
-23.470281299812946
-23.54519511540205
-23.612976958527387
-23.65665371904969
-23.695574437897175
-23.729096871383355
-23.76857870517097
-23.809684660528685
-23.837442665871134
-23.85519500984616
-23.879579208980054
-23.898299759884054
-23.91624240315878
-23.929378934161797
-23.940307885135603
-23.95264508281264
-23.964311204968702
-23.97241631063493
-23.977485670873094
-23.981321699719324
-23.98425376733264
-23.98936126030286
-23.992857392514438
-23.99634102231063
-23.99773572135466
-23.99968801176496
-24.00122418389601
-24.00288228334331
-24.00404316793471
-24.00488493926828
-24.005814855545513
-24.00663149622542
-24.007101847979577
-24.007849168547306
-24.008272367320743
-24.008695704503523
-24.009242793267568
-24.009497466094157
-24.009925621357045
-24.010325676311428
-24.010471933500725
-24.01070306926894
-24.010920691494164
-24.01096744031715
-24.011293391256938
-24.01137568092667
-24.01152627273953
-24.01161268437025
-24.011805160990782
-24.011906540480506
-24.012001384093622
-24.012148619012265
-24.0123257954216
-24.01257772886706
-24.01269956054503
-24.012867018811207
-24.0130699383346
-24.013319024660415
-24.013514826773935
-24.013671877184667
-24.013893932444617
-24.01410662580977
-24.01432217240398
-24.01466869927261
-24.01491135060769
-24.01548889428294
-24.01590736826013
-24.016268745411626
-24.016636908708247
-24.017050072365578
-24.01779240200333
-24.018348766303202
-24.018905423193434
-24.019469391928233
-24.019927377954
-24.02063214988287
-24.021323000688753
-24.02201701637619
-24.02248690269896
-24.023225069881786
-24.023694974880698
-24.024281765828544
-24.024824683967964
-24.025162243048786
-24.025851698192067
-24.02652765173795
-24.02707835423339
-24.027791394070604
-24.028323236615588
-24.028777864155497
-24.029265602972373
-24.029587528958057
-24.030053317439595
-24.030904265368083
-24.0312100380302
-24.031775823060592
-24.03209403710022
-24.032532415463606
-24.033082669734792
-24.033685774544978
-24.034093023166587
-24.034806427776324
-24.035081454386006
-24.035601865754217
-24.03620696982332
-24.036725323591007
-24.03782227180991
-24.038218025582573
-24.040869385621274
-24.042021311036653
-24.043517918337397
-24.045668753997138
-24.04727730044235
-24.05077744529482
-24.053889872095986
-24.057624409701276
-24.060119956388228
-24.066065585778375
-24.075081648976248
-24.081126484116947
-24.08772614399947
-24.094424444441294
-24.0994698367585
-24.10208811139137
-24.109478939984157
-24.11250582302016
-24.116867840200705
-24.122252141722644
-24.12752140046833
-24.131863736181543
-24.13663175333558
-24.141189931913637
-24.146881528294003
-24.15041432557833
-24.1550934226563
-24.159217115358846
-24.16452125298499
-24.169928742038895
-24.17388352661577
-24.18461126646335
-24.189939871326118
-24.200152111955177
-24.21008244267693
-24.220326738618375
-24.23391833536578
-24.244961935478923
-24.25617425999473
-24.26337820716224
-24.27273163658393
-24.283306315021882
-24.29517244014291
-24.301450607650775
-24.308773679487473
-24.31709056453251
-24.326580389462638
-24.33660582605104
-24.3450855928267
-24.355185912308382
-24.363921153385856
-24.3741978159061
-24.388027768822845
-24.39502810478536
-24.402544533802256
-24.408094403215088
-24.41420991231198
-24.42048617045524
-24.428720423175324
-24.43387960529737
-24.439136388033134
-24.446247344170807
-24.453883322221948
-24.458929683519692
-24.463908284278904
-24.46919674756915
-24.47508252376663
-24.481584589439045
-24.486763827756835
-24.49178511262432
-24.49739114723708
-24.501764922627178
-24.504984887434507
-24.508925718235826
-24.510974600901772
-24.51287961939159
-24.514903752813478
-24.51677723108749
-24.518670654563753
-24.52129460935689
-24.522866972028194
-24.525186242927973
-24.528062329696606
-24.530484923098427
-24.532191467121855
-24.534007168250714
-24.53580560610868
-24.537687435669298
-24.540345953043246
-24.541493862281428
-24.542960605886027
-24.544244221709445
-24.545928383135205
-24.54725876236003
-24.548345719729625
-24.55101539429934
-24.552097216127947
-24.553308803500016
-24.55437547827105
-24.55554404458714
-24.55675411319371
-24.55801512412579
-24.559445085837908
-24.560719601151245
-24.561930345789076
-24.56391578473267
-24.564201008757287
-24.566039807080536
-24.5668693463919
-24.567880024128822
-24.56918249638385
-24.571256116380948
-24.57318864269134
-24.57447549253537
-24.576118837735336
-24.577636626078554
-24.580134144778
-24.58099349539042
-24.582988128168402
-24.584177868905773
-24.585875583966363
-24.588622840472603
-24.59013985003911
-24.592540948564128
-24.59476512573682
-24.597080845979352
-24.59930735973769
-24.60186872379022
-24.604590695596325
-24.60623157902445
-24.60834522483243
-24.609664248620696
-24.61171234093402
-24.612683016178234
-24.614135104460296
-24.616178748090924
-24.618837536293032
-24.620602575712773
-24.623086074888942
-24.624863978461484
-24.626752185449394
-24.62872279260306
-24.62997342413604
-24.631617276659014
-24.63245262568128
-24.63540318904837
-24.636164046792036
-24.637740309019133
-24.639791492804616
-24.64096196147649
-24.642885025006354
-24.64434124545044
-24.64613766161375
-24.64709280684389
-24.648599045015533
-24.649249301830867
-24.650124205466287
-24.650656561696508
-24.651883317234073
-24.652775680921867
-24.65359518976924
-24.655019601101127
-24.65640563999723
-24.658710729871963
-24.660342278200613
-24.662109906303527
-24.66374328069254
-24.665507653976082
-24.66736457396627
-24.6693169336229
-24.671532200334354
-24.673333472727396
-24.67549997410652
-24.677405859705555
-24.68018055068856
-24.68195237354326
-24.68515386086579
-24.687134765017102
-24.689522444505457
-24.69236703247283
-24.695818856091567
-24.697623417694928
-24.6999493706782
-24.702134767602743
-24.70436402402356
-24.706331712020596
-24.708636991415275
-24.711283370714163
-24.715058773224133
-24.71783482888831
-24.721133215311
-24.724098563901865
-24.727006929423506
-24.73012573762161
-24.732819005113107
-24.734210396533385
-24.737816040214945
-24.73922745871187
-24.74145450111315
-24.743814866007586
-24.746011563802984
-24.748235676969916
-24.750814048431863
-24.75282967531408
-24.755549787021636
-24.75745279884492
-24.759975387558104
-24.763433940765186
-24.767309034180943
-24.770100778986755
-24.77338880018984
-24.775356173053495
-24.77766349441268
-24.779881499564333
-24.78182270778214
-24.785800506335644
-24.787223342985644
-24.791484715852018
-24.79307951416332
-24.796152561272244
-24.800855300358283
-24.80495879282102
-24.808776262120734
-24.811990420977097
-24.81438068375343
-24.817643766241698
-24.82140890466696
-24.82391323581989
-24.82722506353308
-24.830435922694907
-24.832953873590753
-24.836080647577678
-24.838348156245452
-24.840799549597964
-24.84506354758647
-24.846555849382064
-24.84865941488094
-24.850845593710783
-24.852733912320634
-24.854732789453927
-24.857562026537536
-24.858709139337925
-24.86076840676335
-24.86346987784131
-24.867270328259902
-24.87136982746672
-24.873722127191783
-24.877284254930025
-24.880619497558804
-24.88450933616175
-24.888779076575084
-24.891710077999935
-24.894283456543636
-24.89878495381209
-24.902030709683267
-24.905570597536503
-24.90861727958558
-24.91052740753306
-24.915210926196277
-24.91727627716674
-24.919978667667994
-24.92264400941274
-24.924370425665565
-24.926229264666468
-24.92766730234705
-24.929390347091395
-24.931074123535954
-24.932834782004285
-24.933996614078602
-24.935694273343277
-24.937192432961655
-24.939101464979434
-24.940448629247562
-24.94207118368764
-24.94334898061785
-24.944822483701863
-24.946958323251508
-24.94815627951032
-24.949959000120007
-24.95099359618528
-24.952259290442697
-24.953302910817616
-24.954946470156607
-24.956077451277732
-24.956999316626924
-24.958823293483366
-24.960076585303664
-24.961414622011823
-24.962489996687562
-24.963989666991033
-24.965494835976553
-24.966964005958804
-24.968932403700737
-24.9702049354504
-24.971635531313687
-24.972477757575767
-24.973226230207622
-24.97398413240938
-24.975104562838254
-24.975983234516942
-24.976738760285464
-24.977354588576397
-24.978082767212467
-24.97938762121576
-24.980384530444624
-24.98106336264279
-24.981968692479
-24.982618768889843
-24.983349072637452
-24.984289792941556
-24.984836591819786
-24.98543367529783
-24.986476640072375
-24.98747571712836
-24.988823715483704
-24.989447406205123
-24.990537555465796
-24.991269242457147
-24.991890742883168
-24.99247906508936
-24.992927191810686
-24.993675128749544
-24.994436144384895
-24.995259551679535
-24.996002306880786
-24.996552345472626
-24.997285384257683
-24.997980812882872
-24.998486156591838
-24.999329114266896
-24.99973493967184
-25.000301569653953
-25.000902423580268
-25.001423739673
-25.001896536865054
-25.002382060694288
-25.00279867723025
-25.00315632868894
-25.00362062706622
-25.00402314030672
-25.004468438848008
-25.004939038706613
-25.005486794128416
-25.00598112416132
-25.00645588364691
-25.006866366072217
-25.007598282053216
-25.00798737071911
-25.008439444676622
-25.009066471683866
-25.00944798876129
-25.01010420551817
-25.010932953355194
-25.011720799147152
-25.012113644308556
-25.01247202984269
-25.012871021474893
-25.013144285051165
