500 iters for seed 119 on ER0.3 which is in the 74.05014038085938 percentile
 Maxcut: 29.0, MedianCut: 19.0
-21.00000036561038
-21.000001098540785
-21.000003610812218
-21.00001298625265
-21.00004906214464
-21.000189531720057
-21.00073771591711
-21.002858082310688
-21.010770889506535
-21.037106400265785
-21.104036406281214
-21.228844547996612
-21.40060613347781
-21.573805466608338
-21.923186487439004
-22.218978342726025
-22.595360221805365
-22.87596408136291
-23.155101784045936
-23.373211418780315
-23.617577768591634
-23.83214566920323
-24.04555229990141
-24.189839648889375
-24.310436838250812
-24.56133328187843
-24.79212542559099
-25.049963876294306
-25.27217233767793
-25.453932016355132
-25.63040943401669
-25.750988177001673
-25.88230210453521
-25.99684258251541
-26.082856196334927
-26.148089540346405
-26.19341930030764
-26.239645001246874
-26.282456914058137
-26.317222496068798
-26.342158541445727
-26.376749898189612
-26.400989110487632
-26.424683601680144
-26.44095048968307
-26.451822352528957
-26.465726604973383
-26.471495601008282
-26.479209509116757
-26.482920334135585
-26.488359901467224
-26.491844981891333
-26.496319303807514
-26.498856684665633
-26.501395621460002
-26.504075459910386
-26.506498971997896
-26.50847672989306
-26.509698679143327
-26.511321021574666
-26.512484870654486
-26.513697502846313
-26.514915941211143
-26.51575591385202
-26.517030402340094
-26.518247720104533
-26.519136288651357
-26.520064816340646
-26.52065705627181
-26.52136128623647
-26.522375240260786
-26.52291087078994
-26.524765792550344
-26.525492015247874
-26.52670478545251
-26.527771237713758
-26.529125124413383
-26.53085076647813
-26.533207750689623
-26.536808244837164
-26.540966505976613
-26.54583900662131
-26.55301107997774
-26.56090483863934
-26.568556165397034
-26.57721588173278
-26.596661479222412
-26.611002813741734
-26.628931244931362
-26.657070317464154
-26.685052462293726
-26.70512608563285
-26.735317013779053
-26.75906104458467
-26.77463246987493
-26.8200749523762
-26.83257682659051
-26.84984961699818
-26.86991509612004
-26.890330742482252
-26.9054491421242
-26.92087453766666
-26.933716126207734
-26.94804280278344
-26.964826863952634
-26.975974100487097
-26.983155566177437
-26.995616866083914
-27.00278544115273
-27.009619632310134
-27.022845216921183
-27.02998622430591
-27.04072572635527
-27.05056158370203
-27.05878595445862
-27.06309711514737
-27.069769905176926
-27.076547453161275
-27.084787451231133
-27.09046549269319
-27.094985402135098
-27.098325229299263
-27.10170986988787
-27.105451804124748
-27.109523238462327
-27.11301668132515
-27.115367079761917
-27.11754285132063
-27.119355584386902
-27.121308299737116
-27.12269799591983
-27.124206302943485
-27.125715031261947
-27.12718360562952
-27.128246703758492
-27.129336143911097
-27.130510747273895
-27.131953059562065
-27.132998682630795
-27.133969067458423
-27.134854883807606
-27.135836757813735
-27.136670384047246
-27.137749536122513
-27.13841680717587
-27.139066665522776
-27.13997314109018
-27.140967793050773
-27.141597786604596
-27.142302192330906
-27.14303121315148
-27.143931813596144
-27.14555017417546
-27.146609324512603
-27.147551797036634
-27.14909746473071
-27.150221880169273
-27.151455631027886
-27.15330240994882
-27.154537012123463
-27.156137853122615
-27.15855983912155
-27.160534403489415
-27.16238682621166
-27.163970984034755
-27.16600083114083
-27.16791942168577
-27.17151612778717
-27.173296058577126
-27.17576769981031
-27.17894969423944
-27.182082727297683
-27.18481142750061
-27.187605506621892
-27.189699251181324
-27.1917197057496
-27.193964330120508
-27.19560160954515
-27.198241216741216
-27.201166578141432
-27.203528840953418
-27.20619765214386
-27.20954392559768
-27.212951642289767
-27.215578399208052
-27.219685870076727
-27.22265835121567
-27.227197670497503
-27.232158716859974
-27.236607831284864
-27.239451326020912
-27.244141309759524
-27.247921427980994
-27.25031751842107
-27.25478530384054
-27.257472075406763
-27.260495783327645
-27.264591476092495
-27.26651096679927
-27.26851110841463
-27.273260678012225
-27.27445481193844
-27.276813431303246
-27.278834056372
-27.28112364057545
-27.284522729792723
-27.286917023862046
-27.290585363757643
-27.293031007125844
-27.296262221188265
-27.298745517739533
-27.30133800690386
-27.30457404022436
-27.30670662354996
-27.310347848430087
-27.313993243410387
-27.317679830235143
-27.321597511905328
-27.324542299355176
-27.326754060095755
-27.329700365900152
-27.332043054577966
-27.335094363246053
-27.337661468481286
-27.339347049839287
-27.34132890254523
-27.343429144223258
-27.34585996816169
-27.348350897837186
-27.35097003646416
-27.3545509733922
-27.358580274275088
-27.362005650716167
-27.366174752568682
-27.369608812256526
-27.37277105737171
-27.378169239274936
-27.38181189684198
-27.38537870123848
-27.389209195356152
-27.392981173425675
-27.396804255836507
-27.401073188337342
-27.4036708075652
-27.406203267170607
-27.40932338629849
-27.41218271396423
-27.415192610993536
-27.41775730849426
-27.420491609869647
-27.423506531544614
-27.426048133104608
-27.428825112178004
-27.432097564843364
-27.436027649252814
-27.43966540294693
-27.442612792771705
-27.447000771103475
-27.450701946240986
-27.45394738919892
-27.45667580451398
-27.459427643564833
-27.462376874527482
-27.465498804900648
-27.46838322157345
-27.471378701020125
-27.475133744279056
-27.478251259097643
-27.48195585373946
-27.48421272843521
-27.486382568622176
-27.488810283681193
-27.490984010193927
-27.493379459419344
-27.497290290943834
-27.499107055927595
-27.50227466211007
-27.505626067449462
-27.50950268350607
-27.51360370522167
-27.51639508081086
-27.520183887361064
-27.523919111742035
-27.52844138650682
-27.531899399324367
-27.535293267727837
-27.540669979282676
-27.544144471754137
-27.548227353625688
-27.55435443437812
-27.558824480998098
-27.562016896437108
-27.56799620766953
-27.571697907163458
-27.577093168574393
-27.582091247963472
-27.58525125412423
-27.58983632041408
-27.593116174400997
-27.596964676918105
-27.60192428451207
-27.60463353384387
-27.60973241163679
-27.61248700207582
-27.616694612122718
-27.618376320660886
-27.621243177415433
-27.625015065740385
-27.62655421806148
-27.630816608660503
-27.63239594263293
-27.63515521384748
-27.63894588686967
-27.64295696141875
-27.6480224877019
-27.650946547536343
-27.65445481835915
-27.659743760987162
-27.661780697224952
-27.66563431119016
-27.66839806675255
-27.671665579136153
-27.676316499094064
-27.679094786373682
-27.683007205222793
-27.685654636680795
-27.689388255589122
-27.6935994008978
-27.697789478779974
-27.70242042377139
-27.705817220816936
-27.709506443436133
-27.715550754078308
-27.719299408597053
-27.72430282397854
-27.7290105632842
-27.73426412101246
-27.73859620459101
-27.74424448052698
-27.747258730463678
-27.752503986403603
-27.754461805766496
-27.758233897859363
-27.763388024472338
-27.765037624905332
-27.77265765060293
-27.77518632033044
-27.77895292118727
-27.784784587131234
-27.788770550110833
-27.794027065391006
-27.797476751144433
-27.801039189417324
-27.804368549101767
-27.807749158993122
-27.81110725053474
-27.815297406467096
-27.820393211965616
-27.825818241973266
-27.82879798519187
-27.832362270844474
-27.83573006460965
-27.83889488582811
-27.841390454618324
-27.8438970059912
-27.84604976315703
-27.84894195900583
-27.850223789576543
-27.851833455694923
-27.8542770258265
-27.856946515599986
-27.859513497970386
-27.861648575302787
-27.863969190776153
-27.866695005293266
-27.86823566635799
-27.870170179193863
-27.87156533368723
-27.873650869964678
-27.875062550090703
-27.876372377651702
-27.87812507529347
-27.880077539525526
-27.881503131409236
-27.883722374494578
-27.885046945468137
-27.886682064047605
-27.888683752900594
-27.889806361395458
-27.892287735012424
-27.89306698348402
-27.894602637293165
-27.895299178042727
-27.896563234962535
-27.897482004942923
-27.89906133274849
-27.89987682930883
-27.900771561488867
-27.90214455929398
-27.90359156560498
-27.90579076420412
-27.90680958054916
-27.90822799117657
-27.909985445898304
-27.91212635583081
-27.913826674661642
-27.91510754999011
-27.916037306754927
-27.91697903864761
-27.918511087353718
-27.920345509177253
-27.92226873107822
-27.924060723548425
-27.925635798288816
-27.927039976070382
-27.92863655740297
-27.930418497986647
-27.932122692607628
-27.93335826486608
-27.93532961015682
-27.935575873396342
-27.937347120801572
-27.93799457620129
-27.938903939286565
-27.940302269234557
-27.941350648679066
-27.943628554086736
-27.944686510950493
-27.94630985918064
-27.947363173151956
-27.94914759556691
-27.95047857543748
-27.951617356051322
-27.95393497273775
-27.95514384341724
-27.957227133503906
-27.95888955294484
-27.960732689971426
-27.962466156608578
-27.964341773970936
-27.966464700404394
-27.96851537906462
-27.970508393708986
-27.972363802819856
-27.974226471204766
-27.976030905280208
-27.97784075884229
-27.980078919338368
-27.982461852441695
-27.98411346083533
-27.986587116481033
-27.988645061153953
-27.99155806732677
-27.993036082077925
-27.994744767113012
-27.997107518716216
-27.99974760040938
-28.001892289054762
-28.004151922261514
-28.0060603818886
-28.00785567129246
-28.010110662761527
-28.011828340476022
-28.013464329757593
-28.01530392136867
-28.01676022059243
-28.018170541550525
-28.020430142526546
-28.021352411931712
-28.023292828156766
-28.02482973571131
-28.026891460292823
-28.02841421501515
-28.029884762519814
-28.031247374751246
-28.03278732201445
-28.034364006372172
-28.03554015006538
-28.037341332836576
-28.039404276533126
-28.040341821131967
-28.041586591805086
-28.042374601028875
-28.04349544092951
-28.044665464530073
-28.04556973687565
-28.046543501393863
-28.048171796172937
-28.04908554936091
-28.050266892605958
-28.05194693936569
-28.053555930666302
-28.054885234794018
-28.05605535737959
-28.057085782420234
-28.05736236148366
-28.059082670100512
-28.059456749329183
-28.060261369716713
-28.061114602196238
