500 iters for seed 188 on ER0.3 which is in the 84.04006958007812 percentile
 Maxcut: 31.0, MedianCut: 19.0
-21.999999998757374
-22.000000171234742
-22.00000049492235
-22.00000120750878
-22.000002828533216
-22.00000655799382
-22.067827839371787
-22.067831908769612
-22.069842327604846
-22.11368085150477
-22.2132479704017
-22.32838295391733
-22.452214389187976
-22.557712428512943
-22.70900304842673
-22.872800961852953
-23.03652317688721
-23.221743343892317
-23.400559786961402
-23.521146515460444
-23.655250091590958
-23.752299953827922
-23.83190821926746
-23.899713776954236
-23.953570378590033
-24.04369662490902
-24.07634466216765
-24.145123036114427
-24.188205835663364
-24.249640354331525
-24.317877330446198
-24.359070360187303
-24.39752497111067
-24.43230573018744
-24.472245113524025
-24.55916875263407
-24.59139688018977
-24.633502477822052
-24.673384186695053
-24.69195253621237
-24.72156807759233
-24.75146011491601
-24.773040685798268
-24.809292900831537
-24.83209577775144
-24.85840583964709
-24.87509220599681
-24.890148946530537
-24.90197178203872
-24.91433852991377
-24.920432764682943
-24.92856068441887
-24.94302901700856
-24.949327707716037
-24.957911384337855
-24.964306264106924
-24.970835648888634
-24.976610193353846
-24.982040161894577
-24.988145758031305
-24.992813689636687
-24.997377550006775
-25.00086196274634
-25.004358895885126
-25.007282612324857
-25.009706369342506
-25.011435271365983
-25.013343648381657
-25.015130196137555
-25.016861025048176
-25.01895466224482
-25.02032489044558
-25.022084483749758
-25.023772218974067
-25.02488186969004
-25.027750682965717
-25.03053356892383
-25.03349238830283
-25.037055961018705
-25.040577308764483
-25.046225601025387
-25.05432836814402
-25.06031494499944
-25.074082562475933
-25.089000091439836
-25.105287756080624
-25.114458788280327
-25.149498896043987
-25.16408755594616
-25.187105664421843
-25.207512567927946
-25.221020045332914
-25.24735782083763
-25.26588191874033
-25.285449151975726
-25.31659805518532
-25.343663887919625
-25.363584696314494
-25.38620589852432
-25.407579304031962
-25.42226437030116
-25.431507629402926
-25.447586353132532
-25.46028049907695
-25.470644975780164
-25.48291395511588
-25.492981948121347
-25.50334037670069
-25.510813680540572
-25.515185511560006
-25.521098282932204
-25.527411649757944
-25.532192588318594
-25.537709447348117
-25.541981477580673
-25.547759986188815
-25.553543102956674
-25.557875906124757
-25.560735852899015
-25.563951633183702
-25.567576594219652
-25.57156199482267
-25.57564234596016
-25.57804259114267
-25.581380733442252
-25.584741859624355
-25.589388866782535
-25.594380700049534
-25.59884572724219
-25.603661290807956
-25.608556854416555
-25.614795845108862
-25.618423770482373
-25.627065441250647
-25.632135872655915
-25.641561945254747
-25.65070612943369
-25.663343648702277
-25.675939580075532
-25.688643124427024
-25.70211522742447
-25.70880245504645
-25.73402791196995
-25.750728604905266
-25.767764886548896
-25.790300994060132
-25.80828522734449
-25.825520266650017
-25.848159107108295
-25.863170131079226
-25.891085191419815
-25.91529501219936
-25.948717674584774
-25.97649990651946
-26.014172195432316
-26.03111636776963
-26.054276956414018
-26.08727477037489
-26.115013516564126
-26.136651936694747
-26.154816484594882
-26.1782585641055
-26.18866403358388
-26.20469874004965
-26.21712072606754
-26.22814807316253
-26.247761773580493
-26.26356823471125
-26.2756759133428
-26.296347622591885
-26.31448737954258
-26.337225398463705
-26.356781257662153
-26.374548103006518
-26.394577467798612
-26.415322254877022
-26.437228899310856
-26.45100496302619
-26.467988497653167
-26.48178683961389
-26.49571289885215
-26.509314458657617
-26.522427386773803
-26.54620467424799
-26.561863865138644
-26.584639767924813
-26.594123141040342
-26.607562651589944
-26.621862591893112
-26.639986286805236
-26.655462158039057
-26.672574871406685
-26.69105086140772
-26.712252840684613
-26.73238111660853
-26.757922703634037
-26.779821954156816
-26.800834302923732
-26.824575081549348
-26.839098104407093
-26.853196956288436
-26.88241346310666
-26.889674783768594
-26.90404267102373
-26.92066892412788
-26.932120929861252
-26.94666767366549
-26.960631519913996
-26.973791882583644
-26.987959920992576
-27.002943303081075
-27.01937791191665
-27.03659578418336
-27.047170880432137
-27.060893206602014
-27.079047867116824
-27.095419831041703
-27.11353138045824
-27.130040214006964
-27.142858465974395
-27.157447729490993
-27.172829048311126
-27.18670214682564
-27.200355800112845
-27.21656876553843
-27.235170954092748
-27.247627152184783
-27.267044765400826
-27.276526255682118
-27.289518415807834
-27.304345188899976
-27.31847154573265
-27.32981635304763
-27.338660796175024
-27.34881530358067
-27.36045316143805
-27.364182072589728
-27.373469622783155
-27.37788601948392
-27.385737867584293
-27.396465503777442
-27.40846890779684
-27.42109872825476
-27.426623293703884
-27.433637347466025
-27.43927582405446
-27.446637602122692
-27.451790612978574
-27.456352539297928
-27.459944570172624
-27.466706814799995
-27.468939534115638
-27.47600294498959
-27.479688924856813
-27.48477220049916
-27.49253305575512
-27.497596679464316
-27.51122729181779
-27.516670113437588
-27.52153064482255
-27.52790364035587
-27.536297508680104
-27.54518328071855
-27.550910491757836
-27.555521261714667
-27.562614744061907
-27.568276740664952
-27.57828629922748
-27.58800290601825
-27.596268432361796
-27.60744394253059
-27.61426894164671
-27.62404221348739
-27.634649990249688
-27.64329175040969
-27.651505172027576
-27.659528277585608
-27.667405248095324
-27.673708157533756
-27.68236070954512
-27.693175954597244
-27.707577972403858
-27.71949361801535
-27.729145541681028
-27.73893064794885
-27.748627859889783
-27.754098685067913
-27.762474408872453
-27.768809333640938
-27.776890156677897
-27.78603563967316
-27.79666694857996
-27.804455706562166
-27.812926071854097
-27.826743652133224
-27.834813747746058
-27.845825860082833
-27.853760617250654
-27.861054841306355
-27.869892365588257
-27.87954027698227
-27.890431427641303
-27.898512105069113
-27.90640289357006
-27.9170194566592
-27.92466334016457
-27.9308838785276
-27.939728326047003
-27.945187093496422
-27.957117600987004
-27.963784691782408
-27.973456305835803
-27.981186695194886
-27.9907470734627
-28.001301224262825
-28.014282019150237
-28.024204272711398
-28.034193544658173
-28.047873024902156
-28.06126855130185
-28.073888041570445
-28.08627975057262
-28.09728117415913
-28.11375444692115
-28.122048384984335
-28.134786058934377
-28.14803488935032
-28.16192304041221
-28.176876876128244
-28.192370029486664
-28.205659323157597
-28.218297868159
-28.227935641849395
-28.236807660018417
-28.247838427521497
-28.26094839783324
-28.277931635170088
-28.294512903373853
-28.304570012016526
-28.31924166431733
-28.335987071757906
-28.347985605016007
-28.36810450666394
-28.389130736245225
-28.402044179470206
-28.41613953276697
-28.431519402085588
-28.450632479553235
-28.459620855085497
-28.471730860723568
-28.481992774121576
-28.49112876826075
-28.500569398373845
-28.508072816451488
-28.516376608387166
-28.521675961318394
-28.525431623100097
-28.529722536539282
-28.5344462335784
-28.539077432495315
-28.542988574930305
-28.54699722348116
-28.550360874493965
-28.55365376222464
-28.557639663496676
-28.561271329094982
-28.562754715061434
-28.567476808260523
-28.569375503200433
-28.573306047172284
-28.576380871390533
-28.57951727249889
-28.584374202792777
-28.587316531648767
-28.59110636491582
-28.593004714313224
-28.596019112277613
-28.60026955608351
-28.60488943628732
-28.608441038872297
-28.613223313861333
-28.616356953192557
-28.620080196547573
-28.62488302101072
-28.628078155897487
-28.63085430575619
-28.637050894427823
-28.639138363595396
-28.642656098847443
-28.645420292747453
-28.647456180847783
-28.651574635072127
-28.65554635467801
-28.659254986171767
-28.662427229572092
-28.665781541049245
-28.66735646976459
-28.671415513717147
-28.6728890702693
-28.675073838192354
-28.678581667103437
-28.68069853132379
-28.683916733968378
-28.686002294067034
-28.688225156859186
-28.690272900886725
-28.69225094977739
-28.694421444154035
-28.695773498803643
-28.697279548821406
-28.69894141820584
-28.700233582232944
-28.70259793208215
-28.704473035073203
-28.70615363050256
-28.70869896633432
-28.710487784464487
-28.713000566451765
-28.71538593036538
-28.718656129196937
-28.72001506005298
-28.722986600536323
-28.72357961710082
-28.726718729881767
-28.728400547286626
-28.73002393508299
-28.732008366404138
-28.733526599842595
-28.735848699529072
-28.736677992863427
-28.73817133400221
-28.738755574036354
-28.74019096571982
-28.741105307667024
-28.742123372788978
-28.743895246951077
-28.744154977891707
-28.747167378734144
-28.747965546005513
-28.749080287866803
-28.75040336787502
-28.752006771359603
-28.753372658720163
-28.75512476941221
-28.756198606525608
-28.757435925377237
-28.759088080064373
-28.76018595231972
-28.762018176554115
-28.764167005175644
-28.765233726082748
-28.766895483912336
-28.76819897106995
-28.76935663428929
-28.77156410675895
-28.772782302977205
-28.77454826370499
-28.77622566770323
-28.777746599136467
-28.77857218199773
-28.780191831351473
-28.781570658490033
-28.78273795195009
-28.784617386302926
-28.785793136026218
-28.787586799301458
-28.790067891728665
-28.791089449289004
-28.79324277706815
-28.794039449283957
-28.795385292729787
-28.797191924256467
-28.798782127294185
-28.799843445526555
-28.800930080527852
-28.801969746965717
-28.803501090780653
-28.804744640806984
-28.80608866536135
-28.807001715668527
-28.808482763869808
-28.809520628876257
-28.811092236079226
-28.81212596038446
-28.813084946740634
-28.814647300744227
-28.816410606280844
-28.817723515001866
-28.818921889459748
-28.819815055427895
-28.820964648890616
-28.822392570725786
-28.823496987717544
-28.824333346116966
-28.826086072539393
-28.827390828392225
-28.828900552476835
-28.82998355797122
-28.830938522317858
-28.831684035909177
