500 iters for seed 55 on ER0.3 which is in the 75.75149536132812 percentile
 Maxcut: 30.0, MedianCut: 18.0
-20.000000003359656
-20.0000000938038
-20.0000002295306
-20.000000483793023
-20.000000996064028
-20.000002066701466
-20.000004353441327
-20.000009304826495
-20.000020129969435
-20.000043967827636
-20.000160822905393
-20.000356828142554
-20.000794741197566
-20.00177409820721
-20.066159572034152
-20.12987828310572
-20.22744534040953
-20.343904106731546
-20.56280972317805
-20.64911860317103
-20.77760418769941
-20.92799847161125
-21.0276863252289
-21.10420147939263
-21.185196893947573
-21.2592008714842
-21.32871457313582
-21.40550324942994
-21.50897382635283
-21.60208252496111
-21.701099534003912
-21.804664233099185
-21.881732113579268
-21.966780901740666
-22.036658801579087
-22.07523590955539
-22.120221830863144
-22.145707017191327
-22.176479233794932
-22.194887639346568
-22.22851605390783
-22.249287392060108
-22.271652928864327
-22.308638375648485
-22.32318301760067
-22.354422817273147
-22.3680279929393
-22.386285729801806
-22.409028446555457
-22.428321686761745
-22.440092593285378
-22.458014061783945
-22.468025426005532
-22.47764994233566
-22.48828751835808
-22.49609237790229
-22.509583691936758
-22.52486947290079
-22.530652466184453
-22.53891751019525
-22.541888804789174
-22.549547990260276
-22.553709423093732
-22.557153151879202
-22.562869138722583
-22.565482880906874
-22.570293050328008
-22.57179155048028
-22.573932821333344
-22.575037839598213
-22.577139339127374
-22.57801600847304
-22.578856935967213
-22.579734893183208
-22.580837720818682
-22.581653950872123
-22.58224169554782
-22.582798226930972
-22.583304156913794
-22.584012832088092
-22.58462250887122
-22.58532628697523
-22.586353617146603
-22.58679191416963
-22.587620889094712
-22.58819154385567
-22.589259500847938
-22.59022380699611
-22.59122894637006
-22.592959699673877
-22.59450649114996
-22.596301325070026
-22.5978909524426
-22.60038981878409
-22.602986159172673
-22.60696539501553
-22.608677918548874
-22.611307831098156
-22.61466828665206
-22.615807198170426
-22.622550045614936
-22.625192612395434
-22.628960427540715
-22.633069225987946
-22.638355146492493
-22.64419086972179
-22.654408973879704
-22.660198131363007
-22.671261740711806
-22.68415915091188
-22.695033231268315
-22.711773009564112
-22.722241316070555
-22.731282238411303
-22.741824927542282
-22.752460390032724
-22.769334209949502
-22.78529969779068
-22.804815475441547
-22.828305759430947
-22.853083079067595
-22.876254678114307
-22.902009063319603
-22.949954609820253
-22.987781853694518
-23.025822418727678
-23.08285096113378
-23.14931883669167
-23.210605569301812
-23.277402263428417
-23.386297137288654
-23.46635660778393
-23.54959207375246
-23.604567609593573
-23.760209334641367
-23.90311289927868
-24.088334990956714
-24.270221608428717
-24.411338284782175
-24.542584776464665
-24.686730535610543
-24.757250225584706
-24.906824662616824
-25.008145531763883
-25.073390261548866
-25.147903473358152
-25.238133014345138
-25.293225270601923
-25.350628485234328
-25.40711072565271
-25.45808604310781
-25.551067411071926
-25.585037339930516
-25.6735578082896
-25.713347247668594
-25.76620902253796
-25.821524101459506
-25.86927792245314
-25.919173771472984
-25.95709855310032
-26.012060605870673
-26.043571336596457
-26.07288631044626
-26.103436779063465
-26.13978241645224
-26.16511609867847
-26.202962100932666
-26.22480455612967
-26.248065533300945
-26.257842763059223
-26.299748426729387
-26.317178828493844
-26.33712891722749
-26.365466947541567
-26.376766868991123
-26.41887568760336
-26.431923490771357
-26.454681522837685
-26.46677276034447
-26.484797347378574
-26.50497692967052
-26.519134908835056
-26.53383144693826
-26.547700685637224
-26.559905848153516
-26.571467689930078
-26.580450764102235
-26.592035613433566
-26.607867700438703
-26.620145054705358
-26.630009715635254
-26.642123881576403
-26.650228174208223
-26.66116005371458
-26.674114391590575
-26.680605382031224
-26.687671665497703
-26.69555336119375
-26.70372182479881
-26.718372173503997
-26.72075078553896
-26.740350234582486
-26.74652013145931
-26.755715452890616
-26.765727365427306
-26.779201542847623
-26.79102534514449
-26.80344513575115
-26.819889621877717
-26.834977292911464
-26.84687734094783
-26.85801674402809
-26.872160084056972
-26.884447211352153
-26.896933415841552
-26.907426013578718
-26.917829825669884
-26.930345479703714
-26.94516148655867
-26.953789886687936
-26.965184461945658
-26.975362640262038
-26.989280178199266
-26.998241618606052
-27.0070920746109
-27.020503749026965
-27.03606471992397
-27.05377429156293
-27.07136729429452
-27.09654424553585
-27.12035669604479
-27.16000810407962
-27.195267336609206
-27.234488211790673
-27.257274702718163
-27.28558778752933
-27.310377950524245
-27.333308717079692
-27.36462634179264
-27.388241546624606
-27.401519143404332
-27.419760961557408
-27.44480637225206
-27.459975080848853
-27.473282277903433
-27.49125054732825
-27.505298450731118
-27.515922608323805
-27.53594168617252
-27.544218151844156
-27.559047944195626
-27.56334629627332
-27.577392292778622
-27.583405729346552
-27.58975282289038
-27.599165816343124
-27.60543318525747
-27.615666636953456
-27.62251284319438
-27.63002174004741
-27.63696599295068
-27.6448771500636
-27.652883750760154
-27.66115513169924
-27.66901858431815
-27.677866314047513
-27.687048164153882
-27.69449341259968
-27.707020650791264
-27.71406303770487
-27.720179868877317
-27.726133505905715
-27.731845138348167
-27.739035841424016
-27.746609094485922
-27.751870330417713
-27.758200766212234
-27.765045395948427
-27.773013208543205
-27.777792120810904
-27.784875641002984
-27.791742649976445
-27.79917578139359
-27.805442287083817
-27.811847528416195
-27.817816742651626
-27.823019086588758
-27.829550672693415
-27.835009470238216
-27.838265599846434
-27.844780812356017
-27.84760119881987
-27.850577809825733
-27.85798889260972
-27.86283245094397
-27.869633522816507
-27.8759800401063
-27.88082903397181
-27.88704960572835
-27.89210345780252
-27.897225092655617
-27.90214517221467
-27.90601145551068
-27.91308334008909
-27.91887350812451
-27.92303917070948
-27.92627758717789
-27.929817504217386
-27.935521322040536
-27.940520042706204
-27.94443401768046
-27.94917796867376
-27.952860439630086
-27.958400306342565
-27.965054031501513
-27.970843264534004
-27.97525734798382
-27.978327891465153
-27.980999635366455
-27.984452640098535
-27.98684640057281
-27.990374710210684
-27.992166998981055
-27.995361305824794
-27.99678503242232
-27.999179284028088
-28.002460953311257
-28.00420914464955
-28.008301793103808
-28.010000377101186
-28.012634940914854
-28.014293958978772
-28.01669949328883
-28.019194504319714
-28.021394591284853
-28.02414009715859
-28.027405045865137
-28.029647161530303
-28.033061542080407
-28.03552846784472
-28.037946072044246
-28.04182093052593
-28.04414562746225
-28.047196468239143
-28.049044821731957
-28.05047899102471
-28.052073237621588
-28.0539817319936
-28.05666434799001
-28.0580964591489
-28.06023834565943
-28.061519055908544
-28.063235961414573
-28.06600089970441
-28.066589934712212
-28.07005607269991
-28.07114371390346
-28.072905313723865
-28.074990648870585
-28.077242887412822
-28.078761420267487
-28.080202421544428
-28.081879641362484
-28.08478095742643
-28.086830383961466
-28.088890037280244
-28.09133439316137
-28.093894401841897
-28.096045174302695
-28.09897179751344
-28.101162343185695
-28.103085186997543
-28.105723270680933
-28.107131149612783
-28.10870312330026
-28.111366015362215
-28.112504651810568
-28.11461184075075
-28.117319611094548
-28.11810542143613
-28.119805967189336
-28.120749094266756
-28.122140815634786
-28.123385078390076
-28.125028873247274
-28.126285711965327
-28.12795225630519
-28.129540256409264
-28.131631531760522
-28.132994918741495
-28.134196217201072
-28.135750469550032
-28.137302031029794
-28.13858581220223
-28.14073480504899
-28.142292953149184
-28.144210981870284
-28.14567996962945
-28.14698571157023
-28.14862518898968
-28.150025782562633
-28.151393341864335
-28.152802837632787
-28.15387034558969
-28.15481546395114
-28.156620232111933
-28.157081071754593
-28.158225235019582
-28.159033023009535
-28.160033315867988
-28.160790717881408
-28.16145492951007
-28.162509389909893
-28.163573939318415
-28.164431342773256
-28.16553776603448
-28.166599934381168
-28.167809280829445
-28.169179727295713
-28.170226756252017
-28.171148438206313
-28.173377735350208
-28.174075607198134
-28.175528627478787
-28.17639603885965
-28.17764605805866
-28.17858948931662
-28.179954590192494
-28.180907462276867
-28.18200962641528
-28.183528972298607
-28.184483203557406
-28.18598520633411
-28.186699387418447
-28.187606919632014
-28.18899541831207
-28.190492836195183
-28.19145186394554
-28.19286874044164
-28.1933030714218
-28.194926995176708
-28.195841401301518
-28.196695249911972
-28.198102709404232
-28.199520160919096
-28.201794769051684
-28.203265089158585
-28.204856395493362
-28.206378456311285
-28.208503535721746
-28.21038344206656
-28.211907691926204
-28.21347656975127
-28.214676473553542
-28.215938743238844
-28.217515070514395
-28.21850684649654
-28.21957271014151
-28.221666345882664
-28.22233763687199
-28.22317869100788
-28.224601029281253
-28.225631807303348
-28.227553353488123
-28.228897331478347
-28.23065653892351
-28.232351583734705
-28.2338468449756
-28.235496459399176
-28.23743433485711
-28.23937999100798
-28.241254571364262
-28.242364976298102
-28.24431703769112
-28.24523173597723
-28.247147121076225
-28.249141025032873
-28.25051336154415
-28.252910376120305
-28.25459998740972
-28.257250750950938
-28.259138974522568
-28.260754683670097
-28.262350504284676
-28.26449187177346
-28.2665435392116
-28.26853294262813
-28.2711998624003
-28.27304513918221
-28.27489914599258
-28.27743152024823
-28.279015764855842
-28.28121221094524
-28.283176488040848
-28.285355156681995
-28.28738246035391
-28.288935323691515
-28.290964296674687
-28.293339418756673
-28.29585041978907
