500 iters for seed 58 on ER0.3 which is in the 79.22744750976562 percentile
 Maxcut: 28.0, MedianCut: 19.0
-21.000000087916483
-21.00000033572652
-21.000000900488917
-21.000002337107958
-21.000006143757417
-21.000016428284308
-21.000044491557432
-21.00012170394801
-21.000334978918875
-21.000924860230775
-21.002549728664935
-21.124207799473037
-21.127613778280427
-21.219899580588613
-21.341297135642595
-21.463959370453228
-21.568245679702695
-21.648802845333503
-21.698497525699587
-21.787959681905225
-21.875071131591476
-21.971409930185512
-22.108639845147366
-22.242698029361733
-22.37361024260629
-22.488034656170825
-22.580226015941342
-22.653185651867833
-22.711832996389333
-22.76259267724227
-22.809673849352937
-22.848550983472364
-22.883791141669416
-22.91039917702667
-22.935008909773657
-22.958223443143236
-22.981807902372577
-23.01020469842508
-23.03912252842927
-23.084541787988933
-23.13887697313884
-23.18684357831348
-23.267790199002917
-23.324514663383898
-23.382796738155246
-23.457007216305747
-23.502013960645165
-23.588023487492507
-23.658209627762023
-23.751969325509698
-23.84949820951087
-24.0402318851305
-24.26125797833505
-24.532912996902382
-24.75311933626616
-24.947244415797726
-25.099026190700947
-25.3628728506027
-25.537853722808787
-25.781750233736766
-25.977108730058863
-26.113081161476032
-26.230941984865577
-26.315581281615678
-26.445845209507794
-26.549512533647665
-26.605331837040097
-26.64247433248048
-26.688504085430665
-26.734212420779105
-26.78290771055098
-26.81451212844811
-26.840353878368113
-26.86267534768226
-26.877864142868702
-26.893182401884815
-26.901688783208478
-26.9139135845844
-26.93153942126232
-26.938497994616025
-26.946018176506996
-26.951684875314026
-26.956970368130648
-26.962021938669903
-26.965588014694795
-26.971384727959673
-26.974288810976546
-26.977707285126037
-26.980024688158085
-26.982084733082623
-26.984369105189792
-26.987582790077454
-26.989518333587277
-26.990764444217895
-26.992913356259024
-26.993685460276282
-26.994956347566962
-26.995646696011214
-26.99630696487751
-26.99680461304116
-26.99715981480105
-26.997654674796276
-26.998017497883616
-26.998279062076477
-26.99863853470498
-26.998798929831565
-26.998934978658063
-26.999178259434977
-26.99929121649394
-26.999408947318148
-26.999538554119756
-26.999590436533573
-26.999647051405574
-26.999707594537252
-26.999730655990415
-26.99976883861594
-26.99978779401964
-26.999811414284196
-26.999840681372767
-26.99987430518736
-26.999898741292064
-26.99991156918685
-26.999922710368736
-26.999934899068077
-26.999946884094367
-26.99995627110431
-26.999961735804973
-26.999967052248827
-26.999971976422973
-26.99997611580825
-26.999979095163404
-26.999982713876577
-26.999984361638738
-26.999988988100924
-26.999990109595288
-26.999991817603316
-26.99999362156003
-26.999993845075448
-26.99999522730037
-26.999995549456166
-26.999996216957328
-26.999996324493083
-26.999996877363245
-26.999997034817305
-26.99999727286069
-26.99999762429281
-26.99999786423937
-26.999998198181228
-26.999998355374498
-26.99999852958026
-26.999998717545306
-26.999998881078564
-26.999999046365915
-26.999999183365865
-26.99999927846509
-26.999999366066717
-26.999999451427463
-26.999999496380354
