500 iters for seed 47 on ER0.3 which is in the 90.02609252929688 percentile
 Maxcut: 24.0, MedianCut: 16.0
-18.999999819232556
-18.9999998858332
-18.99999997971977
-19.000000071149845
-19.00000020753238
-19.000000410500853
-19.00000086103446
-19.00000283602112
-19.000028901284235
-19.0000723856953
-19.00026423950253
-19.000358673844236
-19.001076892139817
-19.002483413238007
-19.00720107663999
-19.01696866322638
-19.031258511833265
-19.068112559539003
-19.138556876440962
-19.24850150607812
-19.37493116970871
-19.422886981692365
-19.661456274760653
-19.815564890579683
-19.980112002669152
-20.08238274611609
-20.168937471674607
-20.2882060088429
-20.385011209081313
-20.49948497594647
-20.596526286864012
-20.6585211701172
-20.702950864660544
-20.745313652968957
-20.78956688435571
-20.81162113888287
-20.856330110398876
-20.87144135674722
-20.90251837447037
-20.927767677583017
-20.95074527539276
-20.965976108420207
-20.982197640346946
-21.00250560641285
-21.022513133990433
-21.049981137009116
-21.076605747187774
-21.116433245100446
-21.160400589409
-21.212737911064416
-21.267889454140928
-21.330555859876373
-21.402335517382443
-21.474079685584524
-21.520021845606315
-21.614688828299705
-21.676885317471946
-21.736254560132178
-21.811121003309804
-21.8669511249342
-21.90301194609971
-21.947584277119205
-21.971812917520275
-21.996466603211974
-22.0236084110543
-22.03699433990548
-22.052325034786453
-22.070134084449272
-22.079309247018852
-22.090280314445103
-22.10412109156418
-22.10845878512718
-22.118393231891808
-22.12350529895177
-22.130348129324936
-22.13589724410919
-22.139521374535146
-22.14700914866441
-22.14948254470524
-22.157631292519504
-22.160449035338043
-22.165051324284093
-22.170166235519773
-22.17613056589844
-22.180830001430884
-22.184637888753677
-22.18869559878852
-22.194983610657367
-22.20043435898499
-22.206241085086337
-22.210519985679017
-22.216047161550332
-22.221649420908687
-22.229180879969544
-22.235004209544122
-22.240976284500928
-22.253063438218543
-22.25963472881727
-22.269616331261396
-22.2789546921244
-22.28842608188412
-22.297876723393493
-22.308794795308742
-22.31744568549784
-22.32643493511824
-22.33267304000196
-22.33922549147958
-22.346859442900232
-22.352165256153068
-22.358522891058314
-22.366429895396795
-22.37320235493698
-22.380644353829815
-22.392985436141352
-22.40081397106953
-22.409073499079597
-22.42007577686561
-22.427698770708474
-22.434994173965606
-22.44558841878812
-22.452711049869187
-22.460086553694627
-22.47434324759852
-22.48261206286135
-22.493231794285762
-22.501279251318383
-22.510134079803493
-22.52089075660763
-22.529562455174375
-22.538657416667597
-22.546781863632123
-22.555300520810974
-22.56765323315389
-22.578085375085404
-22.58610400945662
-22.593160204320846
-22.600297989326872
-22.60610328560518
-22.614619415900766
-22.62002706990171
-22.625948949703524
-22.63427609581693
-22.63895693209952
-22.64184332871732
-22.6538716992773
-22.657249897187288
-22.662713886097297
-22.6713875301489
-22.677366933389603
-22.68369469005467
-22.689321188023435
-22.69428384244689
-22.69969978873224
-22.707655955577795
-22.71142482728939
-22.716815614822913
-22.72302473044498
-22.729591926823574
-22.735188126127138
-22.741653803752847
-22.746983147188846
-22.755522395877946
-22.763408371674537
-22.770954012822436
-22.778647089328675
-22.785635896835725
-22.792644668442314
-22.79794845180312
-22.804296950588217
-22.81535948090923
-22.824795588972055
-22.83348496620849
-22.844231276233362
-22.853889960843482
-22.861844209913716
-22.87543650953963
-22.8847515543226
-22.893640900698728
-22.907980445644085
-22.91397221210895
-22.92202338219865
-22.926567568947487
-22.930914842899302
-22.938142057335863
-22.941487516996563
-22.949341004173732
-22.95209878718813
-22.955628940231065
-22.960463909633436
-22.96375653503329
-22.969674793018797
-22.97228726666342
-22.976129706648777
-22.981201741752994
-22.985351623737944
-22.988918550686336
-22.99172764441189
-22.995761594596683
-23.000346615230544
-23.003773433401673
-23.006934367057674
-23.011267739884904
-23.014717577234315
-23.0184889411014
-23.020463005640277
-23.02324892507617
-23.025434026129105
-23.027517621547904
-23.030155048174674
-23.032161245331142
-23.03473255417078
-23.03767373244664
-23.03962819588674
-23.041725398422184
-23.044689824765047
-23.04656812710486
-23.04916249268896
-23.050661282646658
-23.052678020571577
-23.055195593533092
-23.057051270072336
-23.058953046253965
-23.060287413279866
-23.06176978572919
-23.06375926712744
-23.065426506526656
-23.067555796011114
-23.069559406261153
-23.071893403970837
-23.07493714137161
-23.076833964412597
-23.07974176876511
-23.082518910846925
-23.08528772078661
-23.087437771776887
-23.09111935564306
-23.094199793577715
-23.097011202748106
-23.099417613692836
-23.101667424146125
-23.103534309933277
-23.10618038733458
-23.10754066041127
-23.110402832135673
-23.113821683849586
-23.116493209338447
-23.119116703671303
-23.121220478282904
-23.123449485170468
-23.1265812220414
-23.129774978879805
-23.132664410881723
-23.135865308626094
-23.140545849258313
-23.146444397440597
-23.152833066778243
-23.155780406887924
-23.16187511142152
-23.166471902546295
-23.173268781816688
-23.179673605834864
-23.18616458832482
-23.191601308572974
-23.195062532394356
-23.200162663231175
-23.205037327303295
-23.20948490573492
-23.212904752185477
-23.21792099023346
-23.222527549295247
-23.227518798905127
-23.231487691487484
-23.234890205797452
-23.238874821010604
-23.246245473410212
-23.252545243849013
-23.257169917990243
-23.262826220220404
-23.26774054407104
-23.2739088481042
-23.279044962508966
-23.28191744336972
-23.28414365256721
-23.28778415553512
-23.289789343487367
-23.292227769392394
-23.295340781676273
-23.298291646150826
-23.299639199913685
-23.303317186493373
-23.304502380217627
-23.307208397118668
-23.309241032339614
-23.311249940324124
-23.315018957176306
-23.31737613788662
-23.321663730122165
-23.324360766500018
-23.32708371495982
-23.329407473540453
-23.332415670553146
-23.33550281352992
-23.33852822938842
-23.342115219958202
-23.34392723261321
-23.346522594801176
-23.34868189647704
-23.351328617079634
-23.353819145910332
-23.355657074075047
-23.3585028669274
-23.36146073464795
-23.362807161649368
-23.364513076724645
-23.365668820978428
-23.366931451694338
-23.368965107647938
-23.37001971984854
-23.372708841800378
-23.373707876658266
-23.375371547639155
-23.376534059885483
-23.37810406969708
-23.380279708426905
-23.38115997704835
-23.382899236108603
-23.384190097520307
-23.385862374918737
-23.38720001241554
-23.388479444211015
-23.38969292108056
-23.39076679056002
-23.392208991388518
-23.393497995821953
-23.394682242129562
-23.395795920264106
-23.396761768897623
-23.397928109020448
-23.398634060518493
-23.399269441166478
-23.40028178379356
-23.4007901725456
-23.401529686879705
-23.40199173516781
-23.402622435629436
-23.403802757967433
-23.404843733626652
-23.40584663391957
-23.406831829040645
-23.40767670455577
-23.40890669838683
-23.410646999085227
-23.411571681538522
-23.41287583178563
-23.41410734417619
-23.41555161356138
-23.41666672213307
-23.41750439043944
-23.418383881597617
-23.41963243404162
-23.42066449980058
-23.421391924936717
-23.42249520154064
-23.42337465232761
-23.42407680387658
-23.42530611716447
-23.426187746381316
-23.427343453078734
-23.428255835007644
-23.428992588658982
-23.430244432432985
-23.43133368953478
-23.432622243987822
-23.43375889485564
-23.434666184949986
-23.435978360040195
-23.437247022602563
-23.438195631148577
-23.439345499559064
-23.440278273682576
-23.441281869711275
-23.442835939379112
-23.44395367736201
-23.44495297688531
-23.446441405681583
-23.447936580416737
-23.448823231266825
-23.451310111679657
-23.452316757030296
-23.454201894489266
-23.455812118042747
-23.457324790058824
-23.460462284822995
-23.462298834840897
-23.467234005380774
-23.4698709401249
-23.47353104179242
-23.4765277313232
-23.481277839970783
-23.48547232345431
-23.48976552734997
-23.494430606708306
-23.499801586478576
-23.504152834519147
-23.508171944397226
-23.512595415943935
-23.51764123225514
-23.523370637628446
-23.528277669887828
-23.53206088550942
-23.53607754609108
-23.540125067975424
-23.544810211991013
-23.54850804553555
-23.551898745202777
-23.553928760620973
-23.5575195920125
-23.55995054476923
-23.562703465328955
-23.56712291498023
-23.569445745724234
-23.57264612661351
-23.57512708239827
-23.57794898838575
-23.58039794348681
-23.582701630567147
-23.584778680685996
-23.586469402361327
-23.587629301692083
-23.58974036371699
-23.59089879976766
-23.59226424543089
-23.594465271970833
-23.59575413907512
-23.598049010730627
-23.599729954848236
-23.60181683458104
-23.603111283357425
-23.605065583898664
-23.60632627373467
-23.607463559293794
-23.60928221537884
-23.60994952785254
-23.612297575532924
-23.612850231676532
-23.613824847797066
-23.615149596681825
-23.61560951534506
-23.617225097611225
-23.617731258598063
-23.61856298209553
-23.619689669193544
-23.620991768881137
-23.621951720154684
-23.62308687814982
-23.623916278839467
-23.624757949698378
-23.626527678871014
-23.627288695465065
-23.627919561526635
-23.62912091342318
-23.629823476797682
-23.6315809930031
-23.632565678288348
-23.63348998068905
-23.634456513832816
-23.635298463744558
-23.636180032280354
-23.637006358938773
-23.63768074607809
-23.63854418400792
-23.63960439248354
-23.64061576439233
-23.641127800411866
-23.64199681068777
-23.642766788883133
-23.64394362159329
-23.644904334516912
-23.645606514644083
-23.64707535355902
-23.647978267110847
-23.648934736272235
-23.649781075550084
-23.650602261360763
-23.651601461728177
-23.652595273210547
-23.653591600640844
-23.65450732221737
-23.655419361287457
-23.65632311371258
-23.65696667840572
-23.658048345930737
-23.658684218001568
-23.659425399631083
-23.660196123283544
-23.66071756236761
-23.662148300459073
-23.662860817816952
-23.663651781838457
-23.664451064564126
