500 iters for seed 53 on ER0.3 which is in the 70.77102661132812 percentile
 Maxcut: 27.0, MedianCut: 16.0
-17.00377940881654
-17.674906615337207
-17.678578873795555
-17.788401025767335
-18.27935089811942
-18.52526746447452
-18.836487914655024
-19.041814784906812
-19.16500280644617
-19.2800119174147
-19.38595461597767
-19.435046953400796
-19.497281829692547
-19.530096889646703
-19.56765760511392
-19.610320405881662
-19.649822339466596
-19.672459663523526
-19.70525671739144
-19.730001644158595
-19.758105068286945
-19.78066262462185
-19.80228973270954
-19.82608277293835
-19.846636442001213
-19.86510809333608
-19.885310039250818
-19.919953161477007
-19.95956589534124
-20.005757858466577
-20.06322278482871
-20.12449453107865
-20.19350961199121
-20.250368239941192
-20.29094549524677
-20.322946305088923
-20.357548669900293
-20.38215364057024
-20.41276986947215
-20.4359169925301
-20.459457820522996
-20.480337380610127
-20.497205310518638
-20.52166667559495
-20.555199421353848
-20.572066485551872
-20.604270712107255
-20.63684996908785
-20.683641940162452
-20.728929771711098
-20.779860200803146
-20.86024674371485
-20.952494657047872
-21.112201065138457
-21.372673055764185
-21.606582208102818
-21.747174555290822
-21.9906334097704
-22.232933572856496
-22.379712857269862
-22.575578229773996
-22.67216034098496
-22.785947089199315
-22.91368570219761
-23.000968044889202
-23.095756587723642
-23.16530218386612
-23.234119876381506
-23.28267124935266
-23.348969550134047
-23.365926309748485
-23.39991625585448
-23.417940909478208
-23.44781045567881
-23.466886859226406
-23.48244952182016
-23.515674027024385
-23.530484595739747
-23.54429234090387
-23.55778636236207
-23.572795113691335
-23.576952792312493
-23.594992059929613
-23.602254643022675
-23.610251026616666
-23.62094302280497
-23.627575217131987
-23.63838822322834
-23.644461000803346
-23.649856282532355
-23.65540490971163
-23.66062857572795
-23.66442008377853
-23.667134290998277
-23.67063096635505
-23.67481617032834
-23.678390767374918
-23.6809366021975
-23.68362987033188
-23.68648317793221
-23.68887612380815
-23.691172043188857
-23.69285490668828
-23.694148325744234
-23.69569592894506
-23.696742140401938
-23.69811887442374
-23.69950434493201
-23.700608681168397
-23.702557857208813
-23.703605852289726
-23.704535121056434
-23.705097611679616
-23.70586867121376
-23.707352324577464
-23.708253417014593
-23.70983277497084
-23.711118474669497
-23.712130675770346
-23.713005493467055
-23.714122007082743
-23.71510556984221
-23.71626145863845
-23.717492028210764
-23.718709453491947
-23.719569128747242
-23.72140028561358
-23.722665683662733
-23.723529489599105
-23.72515130464077
-23.72644764240494
-23.728295265833932
-23.729663890531917
-23.73110090179194
-23.73244507676683
-23.734109348063093
-23.73590851029865
-23.737340933359253
-23.738517004967964
-23.739432268209146
-23.740530045530583
-23.74215069204844
-23.74294837153397
-23.743688318834952
-23.744523324370018
-23.745187388309436
-23.746432532700968
-23.747543042648264
-23.748266296759688
-23.749348399756528
-23.750359857999904
-23.751923250683937
-23.7531290328114
-23.754395770560123
-23.755794376792334
-23.757540070517454
-23.759667972613133
-23.761394162935204
-23.762998287205694
-23.76544964441248
-23.767833624060806
-23.770998659519645
-23.773233146843058
-23.775553157570968
-23.778827088932328
-23.782481933254083
-23.785630536622424
-23.78866082041151
-23.79114113517404
-23.79373750197362
-23.796731672037804
-23.799272804973445
-23.80281529997117
-23.80611398923861
-23.809124697393305
-23.813163191847877
-23.816239118996062
-23.819688703844847
-23.822108731823022
-23.825578779589577
-23.829606286157922
-23.834591179684455
-23.837919545143922
-23.8411058491298
-23.844834758292382
-23.849122092958357
-23.85470435359194
-23.85963378889484
-23.863192719791446
-23.86909800986027
-23.872817984610176
-23.877453542591144
-23.882269587918465
-23.886304646048337
-23.893161297666065
-23.89439129059893
-23.90388745413025
-23.907230508552274
-23.914222360628546
-23.922338814108958
-23.930721199709712
-23.939112821483956
-23.946700217444725
-23.95561601801397
-23.96400933287289
-23.973102263521735
-23.982493346338178
-23.991486217099894
-24.00082924402436
-24.007296411918954
-24.01435409370837
-24.023778574805167
-24.02983187044409
-24.038266404488926
-24.045073164690717
-24.05089783898555
-24.058196715979285
-24.065840078807945
-24.07251491513877
-24.081525743056872
-24.088313290994808
-24.09497536104076
-24.099935609915903
-24.105218075356
-24.11407681614494
-24.121961390488615
-24.130099923552066
-24.137423858017666
-24.14549350140115
-24.15877278325131
-24.171948847696225
-24.182029238927075
-24.19042861894799
-24.199912202523507
-24.209153736081987
-24.21570412421435
-24.222188009462077
-24.228744179799797
-24.236256053321448
-24.242243376484115
-24.24789149454897
-24.253222705688724
-24.25902900587307
-24.26451593408599
-24.26923577115994
-24.27445505012702
-24.28012801359753
-24.28505681534334
-24.29047102445924
-24.295245901226387
-24.299694571103355
-24.30377502820032
-24.307710641101536
-24.311283729605908
-24.314736749230157
-24.317178173997288
-24.320267389575086
-24.32363993928222
-24.32709697410083
-24.331545802500663
-24.334980093334398
-24.33874788144468
-24.3414557249765
-24.345121387960074
-24.3469768073255
-24.350388297194357
-24.35188369195476
-24.35549179832744
-24.357649954692576
-24.359759968929033
-24.362755013420497
-24.365330337196703
-24.368867812870214
-24.371404820742104
-24.37433394937075
-24.37736499743976
-24.380375941118068
-24.384963702493764
-24.387010456641036
-24.389216643457978
-24.391715868602976
-24.39414671149155
-24.39900765070106
-24.399803052943803
-24.40482242792388
-24.406526340498758
-24.409525508308363
-24.413020269968822
-24.41688349363831
-24.420117040881006
-24.424615538214358
-24.427816348951694
-24.431820278410175
-24.434668737781188
-24.43709216851253
-24.441590551278907
-24.444153620838822
-24.448900820596673
-24.451452788010343
-24.454186990389413
-24.45876032997929
-24.463080613480574
-24.466303008640363
-24.470510824996364
-24.473515009259657
-24.47706078785594
-24.481096748365186
-24.484218254786533
-24.489069590396472
-24.49366490682486
-24.49824903039456
-24.503750668988257
-24.507913061549974
-24.512625627283388
-24.51620683629906
-24.521179590033476
-24.52567667313803
-24.53103866948208
-24.53850041663599
-24.545157641667895
-24.553218184916833
-24.562005340433778
-24.57290073952808
-24.579591583971368
-24.591492173863216
-24.599403587863687
-24.61264761072152
-24.621391215577
-24.630579356359636
-24.638996408526726
-24.647611691974625
-24.655920021123894
-24.659968769667646
-24.664127915682432
-24.66983556739715
-24.67443335359423
-24.67756146397185
-24.684615257661953
-24.686796668799403
-24.689727947999696
-24.693162504929067
-24.696670150316866
-24.699562515887767
-24.702915106373236
-24.705700700712
-24.70872301362206
-24.711683220859634
-24.71374018600136
-24.71665349681904
-24.72011817247758
-24.722973572170616
-24.72545489154823
-24.727585082517606
-24.72965634665223
-24.731585798438143
-24.733901827351996
-24.73618478242859
-24.73869732723127
-24.740725500154753
-24.74272649061951
-24.74401218710101
-24.74751626083939
-24.74889582818856
-24.751066480953007
-24.754697993921486
-24.757108152267143
-24.762930671324128
-24.76524572738705
-24.768248176901654
-24.771126568096975
-24.77458388736411
-24.778267892478365
-24.7806515190658
-24.78403886472008
-24.787846394991725
-24.79218744016655
-24.795708104825497
-24.79841960170734
-24.80417591683743
-24.80818851276015
-24.814197857202362
-24.81738713849375
-24.823344036179346
-24.826693172299386
-24.830735582306172
-24.836434217830806
-24.840630901452315
-24.8450250349661
-24.84961628488197
-24.852973626627836
-24.857056484396946
-24.862711421535636
-24.86640220305903
-24.872017466581134
-24.876767204399023
-24.880807994375907
-24.88390876761118
-24.888125139527503
-24.891785020281578
-24.89503009745223
-24.89990139481919
-24.903212057781033
-24.906169375234658
-24.910006190933267
-24.912368871558737
-24.91519866114194
-24.91864335459902
-24.920342473914324
-24.923697471705335
-24.926313749768717
-24.928896179825426
-24.933683326795332
-24.93681000499132
-24.941265172730706
-24.94481210476982
-24.948469017511542
-24.952282355548803
-24.95671812092962
-24.961508249835326
-24.96548985728177
-24.96958467257665
-24.974369005684864
-24.97891623569874
-24.98173346384818
-24.98644719320373
-24.989593918614347
-24.994569056623266
-24.997544383898187
-25.000668547319858
-25.00581468887572
-25.009596564524422
-25.014395573475717
-25.017218347942205
-25.021717629609974
-25.023682623785444
-25.02690949527612
-25.029486667770605
-25.031799911825427
-25.035477024167072
-25.037454038702304
-25.039607881111714
-25.041250434854824
-25.043031372256593
-25.04517059455997
-25.047339260569473
-25.049392881861344
-25.05180044929881
-25.055064865662864
-25.058507048942456
-25.061318049574755
-25.06377909993489
-25.06694892325945
-25.06753734863713
-25.073288159607802
-25.074795251713493
-25.077698953764035
-25.081499499396607
-25.08384868316718
-25.086694807489497
-25.08864169296559
-25.09121032390984
-25.093936180666
-25.09677344357617
-25.09959565749857
-25.101089893015374
-25.10276276934715
-25.1066978701872
-25.10907150492674
-25.11379031475657
-25.11653723475378
-25.11933550962882
-25.12205092062348
-25.125247723485277
-25.12882507950906
-25.13298230720147
-25.135087632085607
-25.138303498483793
-25.142405554306603
-25.14619500033133
-25.149561619717236
-25.152405417912195
-25.156950269941863
-25.161428740576326
-25.168393564515704
-25.173081165996305
-25.177801452193595
-25.18495522131326
-25.193111444171816
-25.198407135933113
-25.2025908964692
-25.205857389133747
-25.209606922027326
-25.21631514086597
-25.21881257724706
-25.222161813866396
-25.22537415475709
-25.229122595393633
-25.23539554434508
-25.239926518355464
-25.246818264468676
