500 iters for seed 5 on ER0.3 which is in the 79.16946411132812 percentile
 Maxcut: 28.0, MedianCut: 19.0
-21.0000002568667
-21.00000097121984
-21.000003214037022
-21.000010588058462
-21.000035068931783
-21.00011615308827
-21.00038336892548
-21.001249172906615
-21.008190702668283
-21.021672736874606
-21.04704074921632
-21.084673102005482
-21.13096861093172
-21.180896021925083
-21.361684858356405
-21.475472333786787
-21.588583797799764
-21.75833147600941
-21.98369149351836
-22.254929562903566
-22.418883388589943
-22.571253646750804
-22.66839193133735
-22.737725348016355
-22.82128496179158
-22.855472764852333
-22.903646122037497
-22.93514977895165
-22.960378094318767
-22.98916151448869
-23.0133747123589
-23.02684902801377
-23.053996473558037
-23.06857742323957
-23.088379798151816
-23.11613323638535
-23.13971055372344
-23.192069048654936
-23.216547658404522
-23.27312851354922
-23.31242627650485
-23.348302873656635
-23.386887185677768
-23.43334878081826
-23.469410982170984
-23.514314592284858
-23.533244348308493
-23.592412030880475
-23.615267155485903
-23.650077074315316
-23.68970895380894
-23.730037695189136
-23.768767330466297
-23.802874692634404
-23.83917281083201
-23.872883538950685
-23.892206613571556
-23.910194804999055
-23.92299339169004
-23.9332661736194
-23.94633684295655
-23.953367063767335
-23.962804380910928
-23.969675647407307
-23.976722333914214
-23.982362900390697
-23.988099598869038
-23.990257286035778
-23.992697572559052
-23.995516667041727
-23.998255993063918
-24.00012017734987
-24.00179851356996
-24.003623810860137
-24.005152241373942
-24.006246294567006
-24.007436996645012
-24.00826839183846
-24.009252415241388
-24.01008686744823
-24.01073567729286
-24.012133321251266
-24.012572570606896
-24.013333569136545
-24.013772688541337
-24.014179325547737
-24.01454835592361
-24.014857896795213
-24.015172452959725
-24.015419697011346
-24.015668857398115
-24.015901849760027
-24.01608389092658
-24.01640006603299
-24.016636609128355
-24.01684885377535
-24.017116550503594
-24.017328567103387
-24.01767185971016
-24.01806266191234
-24.018479566097575
-24.01883611866421
-24.019386573139204
-24.019727752278584
-24.02019517903629
-24.020698524889593
-24.021176440399387
-24.022270443968974
-24.022668559863032
-24.024562949377554
-24.025569104426758
-24.0268927415311
-24.028095851559687
-24.0296937223865
-24.03155306887539
-24.03255015965354
-24.0344596045412
-24.03607430918885
-24.03745766483979
-24.03893913012054
-24.040830628166226
-24.041598870639337
-24.04382267897079
-24.044749964972937
-24.045960358204532
-24.04751038268566
-24.048350696858353
-24.049423185057847
-24.05009666813541
-24.051113636211475
-24.05175228798754
-24.053061005655426
-24.053770094232345
-24.05457317924632
-24.055943289715373
-24.056302754415533
-24.058588401007242
-24.059339185696167
-24.060399628243893
-24.0618966068826
-24.062228279091602
-24.065352955440698
-24.06628459356749
-24.06801864738428
-24.069607860711752
-24.071746682972023
-24.073535171424076
-24.07517932783832
-24.077005379959644
-24.079051633969527
-24.08055345353043
-24.082671153086306
-24.083594587911175
-24.085455013069808
-24.086502113885054
-24.08813917925147
-24.089220833539347
-24.090214095199727
-24.091014454603354
-24.09255842320622
-24.09339496179169
-24.094191957324185
-24.095432182765336
-24.09620610428087
-24.097278354866425
-24.09829046268799
-24.099524837005468
-24.10082318383701
-24.10239108949113
-24.103765683961242
-24.105149723573295
-24.106322965104592
-24.10733023563471
-24.108588128026252
-24.10955602736309
-24.110940362089824
-24.112191149751713
-24.113479837274568
-24.114716239900172
-24.115844500911503
-24.117304364244514
-24.118514545067217
-24.119570561228677
-24.120921574140876
-24.122185233838053
-24.123641717639057
-24.12473687209118
-24.12549870187028
-24.126614847863593
-24.127466168971395
-24.128392585373522
-24.12937150806782
-24.130522320242367
-24.1314558658262
-24.132544699651845
-24.133452485802785
-24.13432718162752
-24.135735153023035
-24.13680611767739
-24.13746995688641
-24.138217693125316
-24.1389157553613
-24.139788144154785
-24.14072507538793
-24.141080748309303
-24.141442518110868
-24.142105958062306
-24.142550668528475
-24.14336447918344
-24.14395336071747
-24.144412118586096
-24.1448878940878
-24.145400154272476
-24.146091836211088
-24.146651010426517
-24.14732838555466
-24.14777747794067
-24.148320942882382
-24.148752271230624
-24.14912485491799
-24.14968803610994
-24.15026267978559
-24.150704379783622
-24.15125924134699
-24.151837966970394
-24.152496685747643
-24.152994259522956
-24.15355766786007
-24.153930619420127
-24.154504173076116
-24.15479849285203
-24.15541401647681
-24.155791136340188
-24.15621553511728
-24.156969245418637
-24.157423435652028
-24.15815763723843
-24.15847921164195
-24.15895003447726
-24.159375294186848
-24.15990213849841
-24.16017061794918
-24.160474498121967
-24.160887830082103
-24.16114718790708
-24.16160233814648
-24.161950379159496
-24.162318593218966
-24.162660096668965
-24.163022272376033
-24.16329357133445
-24.163631259585863
-24.163934271747728
-24.164393091517688
-24.16494424471081
-24.165513076939057
-24.16583877869869
-24.16643714577116
-24.16656928217131
-24.16714707018057
-24.167454485926555
-24.1678189475121
-24.168332589538142
-24.16867123514469
-24.169069044810165
-24.16934704913571
-24.169736769079954
-24.16994642028491
-24.170332610592833
-24.17059939660865
-24.17083949779858
-24.171288186800243
-24.171576933825055
-24.17201716892911
-24.172322991773587
-24.17265293980583
-24.173097666152326
-24.1735292226666
-24.173966332183806
-24.17437858081914
-24.174736327900277
-24.17517183335907
-24.17565351327571
-24.17598399951295
-24.17638769760007
-24.17692401429102
-24.177292070436327
-24.177672713695095
-24.17798363449266
-24.178318652239927
-24.178708879263496
-24.179150269285586
-24.17948532371663
-24.179841350281045
-24.18019917172586
-24.180563117597796
-24.181115751179956
-24.181482799632544
-24.181873943337322
-24.182448522323703
-24.182801392600343
-24.183166213152617
-24.183738793462577
-24.184118890261693
-24.18457846941764
-24.185273386033558
-24.185562874763686
-24.185953421631833
-24.186421562203684
-24.186930442647526
-24.187493306509936
-24.18781908465913
-24.188344388789055
-24.188872188199895
-24.189496006218405
-24.189915023128748
-24.190496101264163
-24.19082495404291
-24.191223069413258
-24.191595354370115
-24.191861587369637
-24.192332026326635
-24.19255747688438
-24.192825656330783
-24.192959488674376
-24.19322744472555
-24.193499185505036
-24.193817789268326
-24.194100207026747
-24.194410114658194
-24.19481247522295
-24.195219374109424
-24.195655886187634
-24.195985160395107
-24.196377869423102
-24.19675053393124
-24.197119750549305
-24.197473653469668
-24.197732416927348
-24.198143833762135
-24.19850421508035
-24.19889258669225
-24.19935368093957
-24.199697639175753
-24.200120532442924
-24.200624942851107
-24.20088443676073
-24.20131513974042
-24.201650734524076
-24.202044280656725
-24.202476097963057
-24.202869840306438
-24.20325016693684
-24.203745989485505
-24.204053613427604
-24.204382886379765
-24.20473227813538
-24.20515938579781
-24.205549628375625
-24.205899483921677
-24.206258999192585
-24.206767276768147
-24.207124147080975
-24.20746859721978
-24.207707505599824
-24.208216118247233
-24.208630119834332
-24.20901523035624
-24.20966405254227
-24.210088321303456
-24.21079923791181
-24.21131424803323
-24.211812697135752
-24.212165908347348
-24.212522085973216
-24.212960714731146
-24.213253941764897
-24.214038719156115
-24.21438318019673
-24.214835735606915
-24.21522655414688
-24.21557466947451
-24.21597076116044
-24.216614609333185
-24.217019999910416
-24.217466489013372
-24.218270456957253
-24.218427940913422
-24.219075874122495
-24.219361365758186
-24.21987456744331
-24.220424841964636
-24.220996713645476
-24.221505111887343
-24.22205807323979
-24.22248138756322
-24.223105337987494
-24.223768913551048
-24.22428823344173
-24.224685476763803
-24.225388630251178
-24.225658235794622
-24.226017976021506
-24.2262576512563
-24.22655275407024
-24.227009185735675
-24.227319358721665
-24.228029306868578
-24.228338979847166
-24.228799677079053
-24.229233976366217
-24.229785996383843
-24.23018716887958
-24.23058451271785
-24.230985738928485
-24.231417119934793
-24.231807795713703
-24.23244434395516
-24.232800211232917
-24.233170493834425
-24.233734503207906
-24.23411711975094
-24.23482881174636
-24.23573502423957
-24.2362038798403
-24.237306545474453
-24.237612198284744
-24.238483204300078
-24.238937755195703
-24.23935697433622
-24.239970841669308
-24.240589017219946
-24.241350577974757
-24.242079221617097
-24.242748010441467
-24.243417470113446
-24.244044427513025
-24.245022976931327
-24.245781721224684
-24.246655287081776
-24.247951844461873
-24.248922150816668
-24.250418706857808
-24.2517607912453
-24.252798882056968
-24.25392439670937
-24.25494162090438
-24.256037701669243
-24.257197364242437
-24.25820109480674
-24.25966318418355
-24.261618649732203
-24.263039308997918
-24.26451198493594
-24.265628011032728
-24.267203610879342
-24.268479375093705
-24.269757094201168
-24.27141158847806
-24.27347294141943
-24.275990258981743
-24.27873518596851
-24.280789637003927
-24.283616325842228
-24.28730480177585
-24.29023591641627
-24.29253518239854
-24.295138680039084
-24.297987446154433
-24.300371594650514
-24.30258019883955
-24.30562707445303
-24.308563088561343
-24.312308076276405
-24.31559155922996
-24.31800753666572
-24.32103257444882
-24.325028008438345
-24.328521676861612
-24.330781574058317
-24.333616465940562
-24.337088235648068
-24.34019987980015
-24.342762645565475
-24.344829295635783
-24.34666443077427
-24.348743551733588
-24.35099399397778
-24.352765797561222
-24.35454880751766
-24.3557318253716
-24.357147972215568
-24.359178189590285
-24.361115518861325
-24.362315073361074
-24.363685368678663
-24.364840532736245
-24.366238741541522
-24.36816137625473
-24.369147988028736
