500 iters for seed 170 on ER0.3 which is in the 62.227630615234375 percentile
 Maxcut: 26.0, MedianCut: 17.0
-18.02420392594159
-19.152284680378465
-19.212179883828433
-19.538258427099464
-20.079356660071557
-20.38233072163679
-20.662313729180422
-21.03194809828322
-21.396551681023222
-21.83639804612903
-22.029219220130553
-22.28977649543254
-22.426024206897104
-22.559690474305448
-22.728640639217755
-22.86406112718275
-23.003215227452003
-23.109652308441074
-23.194144884011042
-23.264881635011353
-23.34205301433958
-23.401571877910158
-23.453534688995358
-23.52435735566552
-23.557529401235087
-23.599396803090897
-23.630976882068186
-23.66248999643634
-23.714045385816448
-23.745643552320796
-23.776227199025435
-23.80819591754541
-23.831004612215075
-23.85480465201222
-23.869526771945708
-23.880398428668755
-23.89461150885396
-23.905873401622657
-23.920538349099964
-23.929996455347915
-23.93880143325137
-23.95038434299761
-23.959020524535745
-23.96354346584169
-23.969840734488145
-23.974078187843375
-23.978762298169265
-23.981388214822513
-23.983488662690554
-23.98583150071364
-23.987413333096534
-23.98914574935126
-23.99026387362548
-23.991162314113694
-23.99169459591777
-23.99294160540186
-23.993372542088512
-23.993899563178232
-23.994711727818444
-23.995098997480575
-23.995721926710356
-23.996089449386044
-23.99644476134695
-23.996770887694414
-23.997231838091015
-23.997626907925973
-23.99799007955292
-23.998251039153306
-23.99846691173473
-23.998637250991624
-23.998824004589544
-23.9989752720616
-23.999061116254357
-23.999183108982866
-23.99923019507994
-23.999306498082824
-23.999349661042103
-23.99938549226173
-23.999457195090827
-23.99950711587905
-23.999574375242766
-23.999615114103147
-23.999660144390468
-23.999696121290544
-23.999723467537596
-23.99974856006111
-23.99976871814872
-23.999787553007906
-23.999812944932632
-23.999832417758824
-23.999844710921508
-23.99987158468399
-23.999882230201955
-23.999889429310343
-23.99990354498611
-23.999913127895166
-23.999923887265123
-23.99993648475613
-23.999943654242838
-23.99994924642055
-23.999959178548718
-23.9999625983057
-23.999966133816727
-23.99996786990146
-23.999970563090884
-23.999972974613797
-23.999975276105882
-23.999977524210593
-23.99997915583371
-23.999981064405326
-23.99998241203809
-23.99998360183185
-23.999984612999125
-23.999985579486548
-23.999986250040415
-23.999986836608564
-23.999987428491174
-23.99998789882268
-23.999988469083732
-23.99998886112047
-23.999989239826654
-23.999989596371083
-23.999989886736138
-23.999990290323755
-23.99999044511458
-23.999990675367894
-23.999990879792975
-23.999991036151922
-23.999991333369497
-23.99999144986088
-23.999991630910205
-23.999991757510525
-23.999991863915195
-23.999991966968967
-23.999992061799425
-23.999992125723328
-23.999992185691426
-23.99999230257712
-23.999992354524554
