500 iters for seed 101 on ER0.3 which is in the 74.50637817382812 percentile
 Maxcut: 28.0, MedianCut: 18.0
-19.999999991040237
-20.000000059366204
-20.000000500364898
-20.000004577907784
-20.000018362758517
-20.000699400759988
-20.000703544491653
-20.001176243869267
-20.002202988248182
-20.00350030297983
-20.006482220667216
-20.028135290716147
-20.054732934910056
-20.104151269254164
-20.23983926152127
-20.39590988430895
-20.514007852608795
-20.619760317094162
-20.725378435763517
-20.815839216216236
-20.937143541601063
-21.011677625286033
-21.108982427990227
-21.17331232351128
-21.22183110329201
-21.27753747808353
-21.315467305573204
-21.351301094507793
-21.405733456666532
-21.45517987985104
-21.527857983088868
-21.576270745913504
-21.689345008800494
-21.80296710837461
-21.909653352553935
-22.027215554319774
-22.18783391960266
-22.340035621017215
-22.55711821086797
-22.60916683658951
-22.8618384581679
-23.0083403790778
-23.163473180897256
-23.384595772796285
-23.554148378982784
-23.725497591483784
-23.88422192616408
-23.966490394976024
-24.083033937505483
-24.213015867522728
-24.306307795343674
-24.41851155581489
-24.50446596985106
-24.565684031884736
-24.635341489234715
-24.688568226358623
-24.74246730862696
-24.82812250548315
-24.893229474487384
-24.950960949763385
-25.004165580336775
-25.041106292463535
-25.079733141961878
-25.116852346697343
-25.13671225481183
-25.16035473901475
-25.183640219497683
-25.20915878028959
-25.227760759164063
-25.24182497442547
-25.261899088763272
-25.27963890578835
-25.291809529075643
-25.304773212921756
-25.31437085231092
-25.323922574693842
-25.3318876881866
-25.338765887496905
-25.342528074527866
-25.350683185626774
-25.353267663595865
-25.356400385692094
-25.362091673988285
-25.36501437378767
-25.368392277543695
-25.37170912959418
-25.374565307460852
-25.37726402258862
-25.379562909182265
-25.381728380555476
-25.383339343599786
-25.384451049420424
-25.38635950553335
-25.386783114485993
-25.388473800165748
-25.38941646130608
-25.39036833463103
-25.39162027783183
-25.39250455246028
-25.39376196062866
-25.394349537607678
-25.395073008558153
-25.39560393170906
-25.3960048148157
-25.396562426241218
-25.39686430120459
-25.397228547111325
-25.39769351971165
-25.397868900970792
-25.398151821423685
-25.39841270282436
-25.39864245414482
-25.399039368399215
-25.399367844384805
-25.400072234411873
-25.400386395969882
-25.400774680717365
-25.40108724452738
-25.401486983675568
-25.40183466182202
-25.402182660442776
-25.402603636565185
-25.403086664981103
-25.40351738487625
-25.404262590202542
-25.40473073848196
-25.40527126490016
-25.406174159498082
-25.40673017851458
-25.407222750225145
-25.409480013609432
-25.41048465063715
-25.411788385592203
-25.414135041651672
-25.416057091165005
-25.41775249451764
-25.421825702744556
-25.425029183970558
-25.427500134805147
-25.430094463860534
-25.432923554817958
-25.43528596935073
-25.437034801432038
-25.438742844780307
-25.442314313042925
-25.445177939410346
-25.447342034065475
-25.4497574701511
-25.45224662924712
-25.455078477268003
-25.45756680246901
-25.460613950271835
-25.462636011445976
-25.46465273700548
-25.467265718778556
-25.46955922590172
-25.471199092312183
-25.473704514819282
-25.474940605490087
-25.476767772605974
-25.47843707352511
-25.480004003993166
-25.481803367381676
-25.484174666117536
-25.485541501350465
-25.487334091960555
-25.48983285140534
-25.490647669481646
-25.493009927201
-25.493888211924308
-25.495512257119895
-25.49757847663158
-25.499517898594732
-25.500912451960613
-25.503145292579912
-25.50496227007206
-25.507466503750543
-25.510159931460624
-25.51266952254409
-25.514124739331223
-25.51899230168836
-25.520411025922105
-25.523744540432975
-25.52530140821988
-25.52744208194609
-25.53112474075119
-25.53343069939358
-25.53712482503897
-25.539816244825293
-25.54255385063699
-25.54473636935719
-25.54693165243396
-25.549631440000297
-25.551513844917523
-25.553517094357503
-25.556063143223806
-25.558402877162244
-25.560664357036337
-25.56429492778846
-25.565805414544982
-25.56715922336134
-25.568996560122915
-25.570314805307735
-25.572262851917376
-25.574044611319746
-25.575746227776495
-25.577824366461172
-25.579760417385426
-25.58180717174139
-25.584362284016873
-25.586175184885125
-25.58914298531899
-25.591873302214456
-25.59424195989095
-25.59780329243298
-25.600112351973642
-25.603343104322196
-25.605949801153372
-25.60842198538726
-25.612978037070413
-25.615598904789483
-25.618521801287955
-25.62140722790934
-25.625182141109534
-25.629317386166004
-25.6337508112849
-25.637654554366584
-25.640560272292642
-25.64403535937712
-25.64900225003384
-25.653534509841013
-25.657866122445462
-25.662075325092342
-25.666169638402643
-25.669204777839763
-25.672541604480127
-25.675833634286505
-25.678348319197035
-25.681681849456428
-25.684244910327738
-25.687430644645485
-25.689982222713855
-25.692401079443126
-25.694808111741537
-25.698342015574696
-25.700940938142605
-25.703259020378283
-25.70711634737806
-25.7101771318061
-25.71176958689023
-25.71533021023438
-25.71761824984552
-25.72096245466773
-25.72394634784988
-25.726653292277568
-25.728540370395994
-25.730885244067245
-25.733136740393743
-25.735373717109034
-25.73714264030829
-25.739006202949813
-25.74156760591418
-25.744260243741394
-25.746566371290893
-25.74792321435559
-25.749233500806767
-25.75115846047846
-25.752661611431144
-25.75420336424149
-25.756568066313672
-25.757734113568553
-25.75965562312361
-25.762313612619185
-25.764770865052416
-25.766572475683475
-25.768444610147004
-25.76971882448757
-25.771414311921585
-25.774231716256796
-25.77539498945403
-25.776775317325015
-25.778735654705898
-25.77998515187706
-25.781468482839283
-25.78293330137615
-25.78425830226246
-25.786286674929926
-25.788350774572994
-25.789616631433383
-25.791128973708542
-25.79226038699826
-25.793715408821527
-25.796544841229117
-25.79810477091692
-25.799966019232112
-25.801888148780456
-25.80325944937112
-25.804375075079616
-25.805269253587905
-25.806235308994093
-25.807262924294093
-25.80812519029454
-25.80919905907554
-25.810075164736514
-25.811058107843895
-25.81242979073527
-25.813056734904947
-25.8137790466708
-25.81521648090145
-25.81569427600397
-25.816336521628752
-25.81733977840672
-25.81806507403881
-25.819528699383046
-25.820292396698623
-25.8211655177702
-25.82192172578133
-25.822756460256556
-25.823458977070384
-25.824278092101192
-25.825126997269148
-25.825859954790943
-25.827010961526693
-25.828283476413294
-25.82896597257073
-25.830040017426207
-25.830955110767835
-25.8319253293917
-25.83270891545229
-25.833404645932212
-25.834023837549474
-25.835056099015148
-25.83589776945553
-25.836729085148264
-25.83774329294172
-25.83866357331296
-25.839661121055716
-25.840737244831285
-25.841510969207537
-25.84247541929654
-25.843540298750646
-25.84424182346348
-25.844945963652837
-25.84572540783645
-25.84640267040226
-25.847452002361933
-25.848488925948367
-25.84913503570938
-25.84997407648976
-25.850688572123286
-25.85165321771915
-25.853046007907988
-25.853847159680253
-25.854758235057425
-25.8559409910969
-25.856756491352066
-25.85758381179515
-25.85869322732639
-25.859549736082613
-25.860440239434535
-25.86156118507789
-25.862119140516235
-25.86308540419209
-25.864034262080555
-25.86494189413542
-25.86608566849892
-25.86685741341233
-25.868084049889468
-25.86934054373654
-25.8705472032348
-25.871397457165166
-25.872091259571878
-25.872708523463828
-25.873451297575638
-25.874595098598338
-25.875544227307103
-25.876574839491262
-25.87733429446356
-25.878189753597344
-25.87903980961167
-25.879882623368186
-25.88085338731213
-25.881624081694106
-25.882350807483707
-25.883170403033397
-25.883838614298874
-25.884345703742092
-25.885526867784236
-25.885813926435354
-25.886625890903378
-25.88702983584922
-25.887566159404432
-25.888324529030825
-25.888815811004978
-25.889659660780563
-25.890300361917244
-25.891025974228434
-25.891649156719463
-25.892227996153615
-25.89296289280099
-25.89355933426617
-25.894265362983496
-25.895259297545238
-25.895912637529193
-25.89657328764133
-25.897182962711817
-25.89785872200999
-25.898195285757204
-25.89943176761353
-25.899896442599243
-25.900547927693413
-25.90142413801009
-25.902084443212818
-25.90304530669245
-25.903702284401042
-25.904335036659038
-25.904897921899313
-25.90539131312845
-25.906178085504838
-25.9068269797814
-25.907515717825092
-25.90831407365653
-25.909010457018475
-25.909680773187247
-25.910653310481052
-25.911266887066333
-25.9116780998104
-25.912251944140916
-25.912731534454657
-25.913080332576843
-25.913594676261926
-25.91379660445228
-25.9142667358008
-25.914441792532518
-25.91512896723497
-25.91544644440955
-25.915807568720467
-25.916392330896702
-25.91676555469398
-25.91758867889226
-25.917910216040752
-25.918402485058685
-25.918718912784
-25.919274581788233
-25.919731923245486
-25.920098261229175
-25.92079501942228
-25.921382535790322
-25.922109349150716
-25.922566149690617
-25.92317739537126
-25.923372285046224
-25.924244741074293
-25.924544273408966
-25.92497975888429
-25.92559090342981
-25.925966723513284
-25.926652337940162
-25.92709784089282
-25.927592014442617
-25.928094117129557
-25.928752183808
-25.92908253122114
-25.92964738382835
-25.929968825179994
-25.93055603856251
-25.931413542202655
-25.93183850133562
-25.932439789848214
-25.93289873717507
-25.9334059034944
-25.93395918010618
-25.934591207504297
-25.93506621507019
-25.935524858016915
-25.936106548703627
-25.936750422981774
-25.93771767871916
-25.938198162859127
-25.93906269183408
-25.939520249339854
-25.94013463973237
-25.94087476374369
-25.941634624221464
-25.9422827780559
-25.942950205188186
-25.94360999899738
-25.944262149366487
-25.94518387796794
-25.945673167185674
-25.94615647469354
-25.946751463455048
-25.94728341910203
-25.94788309051542
-25.94848321482294
-25.949159413532588
-25.949749727147708
-25.950438911709725
-25.95131334764089
-25.95209224867032
