500 iters for seed 4 on ER0.3 which is in the 1.354217529296875 percentile
 Maxcut: 24.0, MedianCut: 15.0
-8.066931032520719
-14.521744103795083
-14.580520684504075
-14.649892014730735
-14.670220273405198
-14.697811471490606
-14.73216402303432
-14.757930832989496
-14.778766581446266
-14.798831015878863
-14.817233737525259
-14.832873574661988
-14.847677353599542
-14.86097328919413
-14.87172538156214
-14.882399606638133
-14.892553249243088
-14.902146489210281
-14.910587032719882
-14.917318024580974
-14.924787162922527
-14.931401717538112
-14.937824273143486
-14.944414002099691
-14.94746971509588
-14.951496457315065
-14.955259095648772
-14.957795144436147
-14.963323753490823
-14.966193623955785
-14.96941948287692
-14.973690656663736
-14.9770614538254
-14.981507469677194
-14.9855685717767
-14.988725100019643
-14.9911040568162
-14.99461743467161
-14.996650943878072
-14.998997850821866
-15.001025590727767
-15.00274605869086
-15.005957087241576
-15.00762892818695
-15.011328422735843
-15.01281835596908
-15.01521358270438
-15.016536506085487
-15.019260255410757
-15.020837699597864
-15.022245003116543
-15.024413979212536
-15.02663429296089
-15.029748576863886
-15.031225586113912
-15.033000613764909
-15.03457002902711
-15.036335581675118
-15.038321600891885
-15.039542120474767
-15.040412270783435
-15.042508881259328
-15.043455121169872
-15.044525536136469
-15.045813327215281
-15.04659836252438
-15.047760637904965
-15.04876655132075
-15.049649705729223
-15.050447588922182
-15.051602554309762
-15.052695069425935
-15.053416054972978
-15.054340587664786
-15.055009226872231
-15.055488500101642
-15.056250410406754
-15.056861200614987
-15.057717861371389
-15.058009032642968
-15.058606466493757
-15.058929898372167
-15.05948375273669
-15.060138025157029
-15.060792730256725
-15.06129987557752
-15.062033704358436
-15.062574867204118
-15.062861425692873
-15.063628429012958
-15.063914296725581
-15.064464658170595
-15.06488171604398
-15.065431887744982
-15.06576758212193
-15.066060751732396
-15.066448933807553
-15.066873640349213
-15.067199883526428
-15.067686715528403
-15.068062315359082
-15.068543273314136
-15.069289597417606
-15.069763423951883
-15.070344969922832
-15.071145955849902
-15.07170933757025
-15.072217053813418
-15.073167998064747
-15.07393692900515
-15.074419231848415
-15.07549277444842
-15.075922079505077
-15.077000801534854
-15.077880584706305
-15.079027862647127
-15.079844440622548
-15.080610996646135
-15.08188036476367
-15.082652938778882
-15.083635480852726
-15.084501029903047
-15.085214983068777
-15.086198739102871
-15.086935408919205
-15.08761907902389
-15.08816591183138
-15.089051558402772
-15.089764520658004
-15.090318951017172
-15.090945352399874
-15.091683147344567
-15.092472203009764
-15.093120330420094
-15.09374143684169
-15.094215843889863
-15.09474343644272
-15.095284114193092
-15.095670848319884
-15.096091960024994
-15.096562828976511
-15.096921951944228
-15.097475315479333
-15.097956174355936
-15.098356177187993
-15.098974019134783
-15.099439525789915
-15.100031054836544
-15.100600712375126
-15.101054850914348
-15.10140112409142
-15.102051978117974
-15.102404351715386
-15.102885989191188
-15.103429343761729
-15.103962872271087
-15.104293337395108
-15.104687941381252
-15.105207804433629
-15.105611054627122
-15.105930979529207
-15.106268869888225
-15.106555734421583
-15.106712697378802
-15.107256758148916
-15.107406539836777
-15.107674304143174
-15.108128291308681
-15.10841717941027
-15.108765646560661
-15.10905672335233
-15.109384090428405
-15.109685259843975
-15.109937978024567
-15.110339161883775
-15.110607280020822
-15.110871836798475
-15.111192497201463
-15.111372823082966
-15.11158191634011
-15.112051886987281
-15.112233432654786
-15.112433347383556
-15.11276890891048
-15.112968369966381
-15.113194392709895
-15.113569474638364
-15.113738440666607
-15.114047489334213
-15.11430235160676
-15.114605982015034
-15.114861354127093
-15.115107335055992
-15.115319112038692
-15.115539373761555
-15.115864774769097
-15.116075389364088
-15.116444415586752
-15.116700745178461
-15.116881859476454
-15.117209386462248
-15.1173428379611
-15.117486801812577
-15.117717437522192
-15.117856632984486
-15.11819005200115
-15.118465828706253
-15.118685966282827
-15.118938953200265
-15.119075444169933
-15.119241854543086
-15.119581401749215
-15.119755061425428
-15.120106748370258
-15.120389656377242
-15.120540992286685
-15.120753555403693
-15.120950095975015
-15.121200063766112
-15.121407354574426
-15.121629173068234
-15.121873002209956
-15.122089667316942
-15.12233136759839
-15.122440868732127
-15.122615145547204
-15.1227541051422
-15.122904089030186
-15.123092674862118
-15.123215171846134
-15.123410768237772
-15.123649968496567
-15.123800404230275
-15.123946177339684
-15.124070107558238
-15.124223862076922
-15.12444998057249
-15.124572487697101
-15.124705853298893
-15.12489371355327
-15.12502740112767
-15.125183262185862
-15.125333458286024
-15.125495427518425
-15.125717516963007
-15.12589514365635
-15.126030145854227
-15.126209232518645
-15.126352509300748
-15.12661331843503
-15.126827847622154
-15.12703897004515
-15.127194549193886
-15.127318047515216
-15.127489875320565
-15.127678728951896
-15.127784843431526
-15.128038091462322
-15.12814370772218
-15.12829809300813
-15.128527698100234
-15.128744099096462
-15.128954904419105
-15.129117703657004
-15.129329631476383
-15.12946089320953
-15.12960518016602
-15.129701259325696
-15.129809441246588
-15.13001950749603
-15.130183372897173
-15.13035922805642
-15.130489437226966
-15.130643537329654
-15.130785502153948
-15.130937721526152
-15.13110313994556
-15.131218463642824
-15.131346915588745
-15.131463959594363
-15.131579047227705
-15.131688361161293
-15.131761823798534
-15.13186233389549
-15.131946986171348
-15.13205596028097
-15.13218259687427
-15.132306930637707
-15.132413526256128
-15.132526658110487
-15.132616732649385
-15.132729977355629
-15.132859530378738
-15.13296870764868
-15.13309272638233
-15.133176986020878
-15.133271629459205
-15.133365434610127
-15.13343793640026
-15.133560408108131
-15.133697177959013
-15.133795094196543
-15.133890110939475
-15.134056206380832
-15.134150898172454
-15.134249211529237
-15.134317379161883
-15.13439555776896
-15.13456239187729
-15.13465677504105
-15.134787043567568
-15.134887101143972
-15.135002001442048
-15.135131614248598
-15.135259441316864
-15.135376447964585
-15.135478801292942
-15.135585655459023
-15.135724641376996
-15.135828173734591
-15.135896626450403
-15.136033398522363
-15.136104878329924
-15.136177719353402
-15.136326615203794
-15.136405738022502
-15.136494995423256
-15.13660404708142
-15.136711702728205
-15.136895090936166
-15.136982894682335
-15.137112528995324
-15.137226958893438
-15.137342578635756
-15.137460100260805
-15.137590567842654
-15.137704214796598
-15.137843233932902
-15.137980487646601
-15.138129861120557
-15.138232894001398
-15.138349753206251
-15.138492365621024
-15.138618435007098
-15.138726622342741
-15.138897878055468
-15.139099380984666
-15.139202202646308
-15.139354113444499
-15.139508547678451
-15.139676711071155
-15.139843067704376
-15.1399601485471
-15.140097924396144
-15.140224996725166
-15.140376546822067
-15.140544463211427
-15.140716033819938
-15.140840063501253
-15.14099530064034
-15.141097950289213
-15.141252794462648
-15.141382882658217
-15.141469981659471
-15.141674916565195
-15.141802248037667
-15.141978094735466
-15.142123265930591
-15.142249423247295
-15.142353296436402
-15.142484711599524
-15.142570185654385
-15.142696593043869
-15.142865528943458
-15.142947526111364
-15.14307898777993
-15.14315600602633
-15.14324968269915
-15.143387071363925
-15.143485472713554
-15.14358835488553
-15.143705338059537
-15.143801296588434
-15.14389419878152
-15.144001961227202
-15.144123787481062
-15.144239172816294
-15.144354195674133
-15.144446542691473
-15.144575720741656
-15.144666877208586
-15.144753326676671
-15.14487171963554
-15.14495834470861
-15.145131902516304
-15.145256942017461
-15.145354348870153
-15.14546514937925
-15.14555831013262
-15.145694270504572
-15.145825889837095
-15.145941536322649
-15.146033022274967
-15.146130656098673
-15.146265941414555
-15.146436223511433
-15.146467023774372
-15.1466246606968
-15.146670189206898
-15.146750973732562
-15.146870518190171
-15.146935513701157
-15.14704863843727
-15.147095138453102
-15.147161891413317
-15.147296579615997
-15.147346007744543
-15.14748412218424
-15.147540004963059
-15.147615074136402
-15.14772102349925
-15.14783692199131
-15.147963963490671
-15.148063962440695
-15.148135613769604
-15.148285897093288
-15.14838411958611
-15.148474204557818
-15.148628131600399
-15.14873563034212
-15.148849552285336
-15.148909242029072
-15.148984374628332
-15.149154001001392
-15.149233029756305
-15.149344425360582
-15.14944884771845
-15.149539598245802
-15.149653806485361
-15.149793484816852
-15.149897404737192
-15.149961446776365
-15.150107646032595
-15.150165622964195
-15.150260629681396
-15.150375032532711
-15.150508729311662
-15.150619278273227
-15.150750317058103
-15.150850568138514
-15.150946961899411
-15.151124610891754
-15.151222311400865
-15.151307407841674
-15.151472799838329
-15.15157074389999
-15.151718807614472
-15.151857328861551
-15.15199774226081
-15.152101628271287
-15.152207115776532
-15.152367076239907
-15.152459708201102
-15.15254844950391
-15.152717602338521
-15.15282153700202
-15.152963427865986
-15.153111944382546
-15.153259820647293
-15.153381743309023
-15.153483349932507
-15.153625536201009
-15.153738199421495
-15.153854319671861
-15.153981217757947
-15.15405841682472
-15.154202844744093
-15.15427806851322
-15.154384008612102
-15.154499332827305
-15.15460127141128
-15.154728870855353
-15.154829961653165
-15.154923949601418
-15.154994078783123
-15.155053487030052
-15.155162672709091
-15.155264748831428
-15.155324218446244
-15.155415586330006
-15.155498552505088
-15.155629571678588
-15.15571599993795
-15.155784245327252
-15.155892041315425
-15.155971282450219
-15.156055770290765
-15.156132242144018
-15.156191812255331
-15.156276960300165
