500 iters for seed 10 on ER0.3 which is in the 41.089630126953125 percentile
 Maxcut: 26.0, MedianCut: 17.0
-16.04449744062519
-16.51119062717342
-16.58035953211284
-16.662477249718002
-16.669210697031502
-16.70024962558527
-16.706851287151757
-16.762030320859886
-16.779665142688923
-16.801573226710634
-16.822620076591406
-16.836476127906757
-16.847871542531266
-16.86463270921984
-16.876638510486803
-16.886812425290117
-16.897533738288587
-16.905333455890485
-16.91366242113269
-16.921399449330146
-16.9291240078617
-16.93751145500762
-16.944041231733394
-16.95053523847555
-16.95664146515987
-16.96247158425073
-16.967076276543523
-16.971771661869084
-16.976403268369438
-16.980364994141972
-16.983489371162833
-16.98741202543786
-16.989906023486334
-16.993344112096565
-16.996674773465447
-17.001015922726285
-17.004225490185522
-17.007571461189325
-17.01211679388816
-17.01604018051938
-17.019114130460636
-17.02259692251116
-17.025439900941343
-17.028879000235225
-17.03210079043459
-17.035072702742518
-17.037629382876982
-17.04147358460653
-17.043104446939918
-17.04661234375536
-17.048785759542085
-17.050979993576007
-17.05444238174217
-17.056231231101464
-17.058934930594077
-17.061176978686127
-17.063847476000404
-17.065769877559486
-17.067514710989833
-17.069504530705004
-17.070842667427083
-17.072909112100206
-17.074863466200483
-17.07620326653738
-17.077744029059673
-17.078942124310366
-17.080026283942534
-17.0815864044542
-17.082848340038787
-17.084516364653112
-17.085671521647168
-17.086610822494098
-17.08871448972851
-17.090091149119946
-17.091803379115518
-17.093575568840702
-17.094839476470142
-17.096668116618723
-17.098244119326527
-17.099288153220996
-17.100700649409198
-17.101868407731896
-17.102632064290695
-17.10460008950549
-17.10529302332558
-17.10650732522278
-17.10772168547332
-17.108716505540205
-17.110403909203473
-17.11144015371243
-17.112565812036745
-17.113387924124865
-17.114336209782792
-17.11496026753223
-17.116689066916862
-17.117506989297933
-17.118286943567085
-17.119713684531543
-17.12040298847022
-17.12225730535487
-17.122771777963955
-17.12373651296472
-17.124729393995075
-17.125827305609235
-17.126657103643307
-17.127457313948554
-17.128287074530185
-17.12918283193226
-17.130043759018566
-17.130737695885472
-17.13156038238959
-17.13239597409729
-17.13303599103703
-17.133945797205687
-17.13443969117259
-17.134998457442354
-17.13570399919167
-17.13616084705314
-17.13677132558406
-17.137680784126328
-17.138075899662333
-17.13880928561795
-17.139005894735053
-17.139763376038974
-17.140101307079576
-17.14050886892823
-17.141178117217304
-17.141564358795524
-17.14224625310524
-17.14276951925936
-17.14327444354352
-17.143684244018253
-17.144026581625877
-17.144599158172017
-17.144885330560662
-17.145261870872652
-17.14580824873555
-17.146172639262026
-17.146810719355994
-17.14737817850668
-17.147666070323602
-17.1482073987094
-17.14859193142187
-17.1491478387528
-17.149702675820816
-17.15024861525694
-17.150706030352872
-17.15116791050211
-17.151763595155646
-17.152215583154433
-17.152656386730293
-17.15321945121223
-17.15369668825774
-17.154071589760562
-17.154496283749037
-17.15483242369945
-17.1552863938189
-17.155892218611413
-17.156278613575576
-17.156651450244023
-17.157153250680228
-17.157544740325086
-17.158114780270626
-17.158589777606732
-17.15909103534139
-17.159608452535416
-17.160182561771116
-17.160725039757782
-17.161163299138973
-17.161532993006528
-17.161903746117982
-17.16230260584203
-17.16268459976351
-17.163106999804576
-17.163453755888117
-17.16386613017458
-17.164221482918805
-17.164742091516956
-17.165167121605762
-17.165581892357917
-17.165949041598402
-17.166403677255197
-17.16690061590751
-17.167403704946075
-17.168015621707784
-17.168559025504663
-17.169118996991806
-17.169502690802055
-17.16987044442891
-17.17031303023169
-17.17077707541423
-17.171258029081372
-17.171606793405797
-17.17193907519423
-17.172431079356258
-17.172703420061424
-17.173054366339564
-17.173429970125838
-17.173713571487973
-17.17431697162391
-17.174422828126918
-17.175007035904663
-17.175224699680843
-17.175584826855026
-17.17602666639712
-17.17651294287481
-17.17700212388266
-17.177391657125845
-17.177815998847443
-17.178212859041096
-17.178637769837035
-17.178724594195693
-17.179308342438986
-17.17958966398011
-17.18000330453301
-17.18042077419748
-17.18070214073947
-17.18105790782261
-17.181262848893933
-17.181522269380338
-17.181823430516882
-17.182082765124456
-17.18227520042643
-17.182498239942802
-17.18267550453729
-17.182971619051578
-17.183201964452294
-17.18340513311616
-17.183766012681524
-17.184011100431412
-17.184286902331145
-17.18444034936465
-17.184691273888596
-17.184922396870057
-17.185247468199492
-17.18540853881184
-17.185614794744286
-17.18586457371076
-17.186099128470406
-17.186327723854514
-17.186514655524984
-17.186682179741204
-17.186844401663585
-17.18715554158557
-17.187322050658167
-17.187507523710536
-17.187825143016067
-17.18803013903889
-17.188233476144195
-17.18841073778031
-17.188651115151607
-17.188796905809816
-17.18907675317359
-17.18922026980963
-17.189386941829973
-17.189573536617747
-17.18980491568598
-17.19002126424079
-17.19022792032875
-17.190475059424614
-17.19070194864802
-17.190856089701064
-17.19104997342251
-17.19119552452932
-17.19134716099002
-17.19165644776123
-17.191782960223996
-17.191902277357922
-17.192099012027068
-17.192237523857578
-17.1922913330821
-17.192691798942658
-17.192796642791322
-17.19296214576564
-17.19321008036606
-17.19345598751737
-17.193739051222458
-17.193844292436538
-17.194053002787182
-17.19415106509552
-17.1943064274674
-17.19444271855537
-17.19453889357607
-17.194755155694956
-17.194904109876543
-17.195098819938778
-17.195237950163932
-17.19538262306444
-17.195604729154425
-17.195798602338435
-17.196016098018212
-17.196241442869855
-17.19643607225651
-17.196688409666876
-17.196925944431435
-17.197112020529794
-17.197273226892737
-17.197479844759403
-17.197712263815376
-17.19794117081842
-17.19811406195842
-17.198282837656368
-17.198492911650337
-17.198705972343493
-17.198922103074853
-17.19911610099302
-17.199321754500918
-17.199499595986353
-17.199705962696132
-17.199900327484535
-17.20011325614825
-17.200344851284214
-17.20055638025149
-17.200738808741622
-17.20092984707821
-17.201107246597807
-17.201262758384633
-17.201413806649498
-17.20157295636394
-17.201783345910563
-17.201951518749034
-17.20208668638443
-17.202272503955065
-17.202386939843755
-17.202558186850155
-17.202711027210363
-17.202837110387105
-17.203008338292456
-17.203228139688846
-17.203342961957684
-17.203534862095218
-17.203614389889424
-17.203777708587197
-17.203876205426578
-17.203983623510197
-17.20416815725544
-17.204292124717824
-17.204488813188814
-17.20463405500997
-17.20479704193902
-17.204926034794966
-17.20505536936163
-17.205226031342516
-17.205355384666483
-17.205525835225263
-17.20566587475009
-17.20582486684618
-17.205932988684733
-17.206113730792055
-17.206209142134295
-17.206352039743933
-17.206505877297115
-17.206675546491187
-17.206831884127844
-17.206999098274984
-17.207087651128308
-17.207266495087442
-17.207391333246758
-17.207543363083367
-17.207733585232887
-17.20784903014463
-17.20805740963254
-17.208242454296222
-17.208321619793495
-17.208442068349882
-17.208541886501948
-17.208659961503702
-17.208776578490156
-17.20889266633478
-17.209015173419324
-17.209039752599637
-17.2092828717665
-17.20934061530671
-17.209440808962746
-17.20957425968414
-17.20969887520713
-17.209835649097393
-17.209935946862302
-17.210046863625518
-17.210176390414706
-17.210284307324258
-17.210408914872335
-17.210503633628683
-17.210622164286228
-17.210757849077638
-17.21086694436727
-17.21095310473818
-17.211105075368124
-17.21119726587238
-17.21128580076835
-17.211399987473243
-17.211488582602357
-17.21161925401724
-17.211752368740537
-17.21181456588089
-17.211922228074013
-17.212010275839365
-17.212120938910097
-17.2122274990938
-17.212339904496673
-17.212439048310994
-17.21255143460496
-17.212652657936772
-17.212779747295457
-17.212895786193535
-17.213006507848135
-17.21311676497587
-17.21327816305954
-17.21339439219657
-17.213486578259584
-17.213651527999186
-17.213733148612626
-17.213833130611953
-17.213965582788926
-17.21406466376512
-17.214293603354943
-17.21443320159185
-17.214590531874897
-17.214690657425333
-17.214803547389167
-17.214963555947826
-17.215099738372793
-17.21521806960739
-17.215342507645694
-17.215473753682645
-17.21558462954846
-17.215699472197464
-17.21579053573197
-17.215918123138028
-17.216059245730175
-17.21619616810569
-17.21633778764678
-17.21654130880468
-17.21663725863355
-17.216748959157783
-17.2168519172405
-17.216935571056005
-17.217016470198065
-17.217147368662374
-17.217216949604218
-17.21733053392221
-17.21748472409538
-17.217529462001743
-17.21767780343828
-17.217737639321374
-17.217841815155587
-17.21799214369141
-17.21808630697158
-17.21819203335745
-17.218276484309783
-17.218390651104453
-17.21847081009962
-17.218586211572216
-17.218657948510455
-17.218746029068935
-17.2188906649654
-17.218965139399913
-17.219093757722764
-17.21916079109041
-17.219241730386553
-17.21929518355793
-17.21943180864287
-17.219497159950706
-17.219577068637058
-17.21966410369941
-17.21976434509525
-17.219833691495
-17.219924530734488
-17.219993647249254
-17.220061704409602
-17.220175497664695
-17.220234847852534
-17.220301763578362
-17.220433630972057
-17.220504077911183
-17.22055200169797
-17.220669411214715
-17.220720046549495
-17.220805780922618
-17.220907392474793
-17.22101393158782
-17.221077360157516
-17.221125582950396
-17.221196547981137
-17.22125205045694
-17.221300055501374
-17.221384641840466
-17.22142155318114
-17.22148645770422
-17.22154199729301
-17.221607663000142
-17.22167382691216
-17.221719301038178
-17.22178178584658
-17.221843898335706
-17.2219073530562
-17.221972315248667
-17.222038023676664
-17.222122393798433
-17.22218768898838
