500 iters for seed 167 on ER0.3 which is in the 63.883209228515625 percentile
 Maxcut: 22.0, MedianCut: 13.0
-14.000000203859683
-14.000000806518587
-14.000002664517702
-14.000008582774381
-14.000027636251259
-14.000089416912969
-14.000291446346695
-14.30054990944582
-14.300747879031475
-14.319058911615981
-14.39739477874814
-14.421865762361964
-14.454962144570096
-14.511964713791478
-14.63786013268836
-14.921373499010013
-15.365492521132635
-15.716059162142633
-15.94008726026317
-16.33535271162945
-16.578700071825917
-16.925357213184324
-17.16916692340559
-17.38928054370065
-17.55646966978227
-17.696639988604947
-17.794325110800536
-17.90802820284428
-17.951009427363942
-18.048637332486475
-18.100232248738994
-18.15831784459482
-18.227340743354677
-18.281685540526706
-18.32117373159528
-18.366434231115868
-18.38564163517176
-18.411309827057288
-18.42669924215025
-18.43555443505145
-18.453523825642378
-18.460632372839473
-18.469463274622576
-18.47736672958545
-18.485736710736937
-18.4916521560333
-18.498256352500952
-18.50097251894503
-18.504081511194215
-18.508091857934996
-18.51179922256806
-18.514182107348837
-18.516219207801626
-18.517422681790823
-18.5186194923747
-18.52064764124295
-18.521597812826677
-18.524414551202753
-18.52591291088417
-18.527069747459677
-18.52847681069623
-18.52966119533468
-18.531361487770795
-18.53273736018031
-18.534099116260503
-18.535806341787282
-18.537050868837355
-18.538279326231628
-18.53991515720061
-18.540970544848896
-18.542658970776735
-18.543919036043338
-18.545817340470453
-18.546780798655256
-18.548162264551
-18.54950676987819
-18.550997352232848
-18.552723502856207
-18.554046465975624
-18.556363525528536
-18.557169648241004
-18.559348078699745
-18.560002738005053
-18.561436549950823
-18.562835026955533
-18.56429386050182
-18.566791207895726
-18.568256727768354
-18.57015217666598
-18.57232282200024
-18.574055839199097
-18.57591240810742
-18.579200571467766
-18.582613727084716
-18.58465164046939
-18.588629761635865
-18.591496924276207
-18.594327335421788
-18.601512154223553
-18.60494705339316
-18.611060898875074
-18.62090746333506
-18.62802674709279
-18.636873889514902
-18.64610845146438
-18.651869672882462
-18.662277726745987
-18.671055603956958
-18.679710168310987
-18.684035300224007
-18.695642577554153
-18.700801800047884
-18.70663812361125
-18.71427908876725
-18.721414957950607
-18.729488811268897
-18.737356557906608
-18.742432200767254
-18.750026568271235
-18.753682177760354
-18.76369456818762
-18.768842760491005
-18.776622424392507
-18.78070955995125
-18.78709742908933
-18.79311230107456
-18.799221570110664
-18.806882784719463
-18.813103030201734
-18.81830573884788
-18.82374044066735
-18.829315401985575
-18.834920522933928
-18.839414788870705
-18.845003430554964
-18.849037880061758
-18.85340197569912
-18.857091937011383
-18.86113294286448
-18.86410991013853
-18.867236020662034
-18.869809238396037
-18.872209913399843
-18.87516830748266
-18.87791428868483
-18.879972903647932
-18.882089922210753
-18.885084271949218
-18.888355430024358
-18.89091240101716
-18.89344972169637
-18.895108681136673
-18.8983562293709
-18.901822460725263
-18.904635628698493
-18.906833548305933
-18.909081302014407
-18.912065259296483
-18.915641858261615
-18.918423703470058
-18.920865969349432
-18.922865373375895
-18.924951415381102
-18.92765775494455
-18.929491898507493
-18.931574859187627
-18.933567855612466
-18.935258005245863
-18.93684676191322
-18.938444974185998
-18.94026616850063
-18.942186218085777
-18.944506544953867
-18.946541249734498
-18.948397397982845
-18.950082364458613
-18.952738462292473
-18.953523410207293
-18.957368668683085
-18.958528839680547
-18.96040625274618
-18.962890340309535
-18.963762610720117
-18.96673072214634
-18.967648507318213
-18.96948359740479
-18.971026480992936
-18.972844983472392
-18.974532628167758
-18.97591811430387
-18.977551323845002
-18.980286126970352
-18.98219315785559
-18.984144988064195
-18.987497225511966
-18.988836637485523
-18.990955257642508
-18.99234049494189
-18.993788390462925
-18.995210777422624
-18.996602846175737
-18.997356610788966
-18.99818897298514
-18.998957973643034
-18.999879950633037
-19.00145148781573
-19.00258311991027
-19.003562639883494
-19.004545323858313
-19.00551759527915
-19.00653143433972
-19.008012966001687
-19.008854743942166
-19.009838653742385
-19.011563380993895
-19.01360287959372
-19.015514803695027
-19.0175925822746
-19.01918212898256
-19.021184373931074
-19.023687832241322
-19.025558286126877
-19.02744798319073
-19.029656161473564
-19.031783739729452
-19.033769301964373
-19.037199401951142
-19.03922961007332
-19.04112346153287
-19.043250538252092
-19.045131879030187
-19.04716805203486
-19.048958181243982
-19.049866567631227
-19.05198257982218
-19.053318989937246
-19.0549650317659
-19.057469536572654
-19.059083411749505
-19.061614323146916
-19.06328657999089
-19.065651681233266
-19.067510340614188
-19.069601808831877
-19.072062972955937
-19.073442188613217
-19.075252675756563
-19.078758330533354
-19.08179252647039
-19.084763668143488
-19.087376154776397
-19.0899868955596
-19.09329345886316
-19.096047226272468
-19.09875409468912
-19.102049498075928
-19.104665973742662
-19.107407320660556
-19.11073845981973
-19.112949423326054
-19.115750043581524
-19.11942565644666
-19.12228325193864
-19.127659584095575
-19.13049642242681
-19.13383902389736
-19.135765741945253
-19.138505076641565
-19.141486768161826
-19.145341363549605
-19.148510064532495
-19.151784076171555
-19.155633678289472
-19.15959976175641
-19.162648247601343
-19.16709663287413
-19.170001561616832
-19.17317065531106
-19.176150170320206
-19.17800330772287
-19.181129448980055
-19.18426443195095
-19.188076429120084
-19.189948036458432
-19.19192018743041
-19.19445690019564
-19.197480515499603
-19.19963445249325
-19.202090805515212
-19.204060069871097
-19.206121499016973
-19.20819774063528
-19.209947129624204
-19.21254340844605
-19.21458756464706
-19.21686582108424
-19.218632961618756
-19.220628434732546
-19.22250122783667
-19.224049616855236
-19.226440151973303
-19.227721484101952
-19.229273701585036
-19.231752622087686
-19.233270920248618
-19.23637968264309
-19.239799056495478
-19.241703927939646
-19.244122941201358
-19.246440597207318
-19.24950409590866
-19.251614619469102
-19.25393441424906
-19.255721537835726
-19.25824922675279
-19.26040506985084
-19.263426786071857
-19.265529698919426
-19.268259014541673
-19.27076001552511
-19.27315303135369
-19.27585612765386
-19.27751619896223
-19.280226688927407
-19.28284398553079
-19.2853013608122
-19.286438833105716
-19.288112802205166
-19.28979869999507
-19.29200028642066
-19.294139189234347
-19.295914630047246
-19.298364220317335
-19.30167873962212
-19.303342062130262
-19.30606090611502
-19.308650865141118
-19.31179160001082
-19.314372452454766
-19.316254232182107
-19.318227493109664
-19.32191348245628
-19.324340405746074
-19.32677937699982
-19.328478420396145
-19.330540279028583
-19.332236910970558
-19.335001837479457
-19.33661319388546
-19.338413574250957
-19.341364325050524
-19.34432140810131
-19.347041312773964
-19.349972048540565
-19.352159575204965
-19.355993949398304
-19.35989710468573
-19.36359503789514
-19.366173408824988
-19.369717571890455
-19.372593517383045
-19.37513114170415
-19.377602691907775
-19.37965501082144
-19.38305583677519
-19.38565259265821
-19.38946381782534
-19.392263208290313
-19.395460205006138
-19.397659581735322
-19.400496926916418
-19.402947526294135
-19.406454638452765
-19.40805158758178
-19.411129184435563
-19.412858960099836
-19.41497158188066
-19.418327729434303
-19.42100109237704
-19.42440068952414
-19.426913423686855
-19.430140386594857
-19.433223404148467
-19.436641955610728
-19.43931833238359
-19.442087128826884
-19.44502106546746
-19.448549849702424
-19.45226165550124
-19.45502555539477
-19.45779644252277
-19.462993243904215
-19.465557708528664
-19.468817012987635
-19.47445887580535
-19.478250418141037
-19.48428143988474
-19.488357528781073
-19.49327710636328
-19.496847618036075
-19.50037818477268
-19.503355949763012
-19.505795966710654
-19.50956199215799
-19.513514675038692
-19.517500051263305
-19.52077232437144
-19.52485533848462
-19.53018382278875
-19.53520954782051
-19.539370182142473
-19.542891873793263
-19.549096963161954
-19.553194504785026
-19.558658154669583
-19.562856574999923
-19.566485211312923
-19.570626177983343
-19.575574920479234
-19.578919908411216
-19.583109172390035
-19.58660033703785
-19.591894891855514
-19.594891564293487
-19.597798016721544
-19.600973647399343
-19.604419152790147
-19.60712658573122
-19.610151667011106
-19.61270274065284
-19.615597208050584
-19.620153980636537
-19.62228193128164
-19.624610518049124
-19.629147301567134
-19.63246633362198
-19.63621945448096
-19.640911020029975
-19.64483880436842
-19.647657625421004
-19.64990096848625
-19.65246873380475
-19.65523158423357
-19.657833027428623
-19.6608833211236
-19.663057116789915
-19.66487313589386
-19.6679894587446
-19.669448273860613
-19.670872239128773
-19.67245671285072
-19.673624562411305
-19.676500407733105
-19.67781649754403
-19.681117882011932
-19.68269873491095
-19.68486447404838
-19.688657639922575
-19.69080932950496
-19.693919625094455
-19.696251191169384
-19.698750003455487
-19.701628474299262
-19.704608271953674
-19.70666489635753
-19.7085777371262
-19.71078907026859
-19.713702054635593
-19.71754386289249
-19.718982809782066
-19.72240064899847
-19.724063435214298
-19.72637365251793
-19.729748054581574
-19.730546993146124
-19.736354628134634
-19.737976568102592
-19.740041641244492
-19.74189751530575
-19.744357509617586
-19.7472687769338
-19.749425801926694
-19.75161940034853
-19.753461614154336
-19.756225861014226
-19.75827505642008
-19.76022980272172
-19.763817408495793
-19.765817768441085
-19.76877614586181
-19.77062035833195
-19.772107266319566
-19.77449624485872
-19.77647877450203
-19.779274401998535
-19.781555122489184
-19.783005330472424
-19.785098009924546
-19.787139095393503
-19.78897874780499
