500 iters for seed 190 on ER0.3 which is in the 28.244781494140625 percentile
 Maxcut: 29.0, MedianCut: 20.0
-18.03721217888721
-19.495107661853435
-19.60790954775873
-19.62885299038421
-19.700059794723856
-19.742111442566127
-19.769312372836634
-19.802086521503234
-19.82921032883288
-19.85068964984195
-19.87099124336863
-19.88933169531694
-19.908829951922378
-19.927479777828324
-19.942289006741508
-19.95668118867828
-19.96683840458129
-19.977200407160854
-19.985465028763212
-19.99270417875224
-20.000821604504054
-20.00925543564239
-20.016741947856588
-20.023227360857494
-20.028562665396507
-20.034605199321025
-20.040488422832812
-20.046916932609548
-20.053144799628633
-20.058285274940086
-20.063629512978853
-20.06857894626227
-20.072943998221568
-20.076807431631885
-20.080652737994807
-20.084587844429997
-20.088017377875772
-20.091376388288552
-20.093904901483576
-20.096341029812532
-20.098295389307108
-20.1006575991393
-20.102267500450594
-20.104248002327836
-20.10580441179735
-20.108803501887813
-20.110208300136208
-20.111686981472666
-20.113716967270417
-20.11601632241358
-20.11801584031935
-20.12052844316645
-20.122096986004795
-20.12383561264202
-20.126167683409015
-20.127613234575445
-20.130478882735012
-20.13266339126593
-20.134060818894948
-20.13568034956587
-20.13709466642733
-20.138829080766474
-20.140250479076443
-20.14153518480094
-20.143096694488907
-20.14403845950552
-20.145704188515534
-20.14648349945274
-20.14746528768097
-20.14914172151918
-20.149782144315676
-20.15151442562094
-20.152207834451964
-20.153251838187316
-20.154093723574896
-20.155261362098106
-20.156000691249034
-20.156956989358022
-20.15813519656544
-20.15952762974766
-20.160447831433185
-20.161685703567834
-20.162648820668547
-20.16354930286264
-20.164621255615863
-20.165287094431818
-20.16642227785016
-20.167168777886385
-20.168075426297545
-20.168895597088508
-20.169721806462416
-20.17111857513004
-20.171790668020734
-20.172547656926266
-20.173194596400094
-20.17389849501097
-20.174755785706978
-20.175567757770082
-20.176088081499326
-20.17679146083391
-20.176953772886105
-20.177904892273553
-20.178300751231777
-20.17869542276171
-20.179252605259634
-20.18006037369583
-20.180984483406085
-20.181474959974334
-20.182158901366712
-20.182820929168663
-20.183620220517863
-20.184324683618456
-20.184945198362627
-20.18567538460765
-20.186503521296718
-20.187157022220877
-20.187749236309237
-20.188052276856837
-20.18867238390619
-20.18908584839583
-20.18942625742757
-20.19003770011299
-20.190398062748795
-20.191273224823455
-20.191605501144444
-20.192126290283422
-20.192778702879032
-20.19326988832884
-20.193785815663425
-20.19423089317049
-20.194787040399696
-20.19514100745743
-20.195935765281313
-20.19623966767511
-20.196635192266488
-20.19734712258028
-20.19770445775736
-20.19837733422278
-20.198835046133507
-20.19929861855933
-20.199803442314717
-20.200375189056743
-20.200927961770848
-20.201348254054498
-20.201803974552025
-20.202224723156096
-20.20260564133823
-20.203143150946122
-20.203726514632635
-20.204314364348935
-20.204738066618695
-20.205321145009766
-20.205696736848637
-20.206168841489077
-20.206548817887963
-20.206841766608957
-20.207281445704638
-20.207693891566578
-20.207999912987763
-20.208451681913942
-20.208825389648105
-20.209385468968858
-20.210059781155163
-20.2107719126262
-20.211192590728793
-20.211777694494522
-20.21223599863114
-20.21266397564713
-20.213309959486402
-20.2137230254258
-20.214434849566317
-20.21479373439557
-20.21519234684017
-20.21552385880771
-20.215912219713935
-20.21653845933344
-20.21705559869931
-20.217424706597225
-20.21795735278044
-20.218370333442845
-20.2192414594094
-20.21965196474907
-20.220293443409616
-20.220614197711498
-20.220990622747145
-20.22140157021253
-20.221824903449207
-20.22224149581792
-20.222540932626117
-20.223118090070788
-20.22349974703438
-20.223835439572575
-20.22417136786486
-20.224573509009897
-20.225270728182593
-20.22564358849238
-20.226241183176697
-20.226586021423966
-20.226969925552744
-20.227116528945444
-20.22780500754535
-20.228032469028165
-20.228301719384056
-20.228737530475186
-20.2294170307112
-20.230069469466436
-20.230454674050428
-20.230906924998642
-20.231248473766783
-20.231706634950246
-20.23219253396579
-20.23259898839315
-20.232893722282054
-20.23341113662249
-20.2336191807469
-20.234087883767494
-20.234400870279117
-20.234658434455017
-20.235182218827788
-20.235866166287945
-20.236412586904404
-20.236823922848313
-20.237173894682297
-20.237506772170047
-20.238035557015095
-20.23845428040199
-20.23872126092303
-20.23909549477708
-20.239541930047253
-20.240013890067537
-20.24033714265947
-20.24082751645283
-20.24117260919578
-20.241611197710636
-20.242091217029795
-20.242393268588557
-20.2426386121424
-20.24311781392977
-20.243351851013706
-20.243637820291536
-20.24414637379229
-20.2442614498337
-20.244893166902692
-20.245071092560607
-20.245439663390172
-20.245937021707505
-20.24613465330617
-20.246622477415194
-20.246830122312968
-20.24712067780028
-20.247318077545806
-20.247614319142677
-20.247942252832342
-20.248199045236113
-20.248531926801057
-20.248869110314022
-20.24915181974915
-20.249575476579174
-20.249742419525685
-20.24999521982978
-20.25038803089752
-20.250605278081135
-20.250934586528192
-20.251128030362167
-20.251364773238926
-20.251521917423208
-20.25172148825569
-20.25202406640389
-20.25248769726297
-20.252764225339867
-20.253023195643173
-20.25323471503495
-20.25342934364182
-20.25371770262447
-20.253965050997223
-20.25414043485069
-20.254339648044812
-20.25449652574465
-20.254718406085317
-20.25491788966428
-20.25502602122988
-20.255319676207925
-20.255503253620635
-20.255725569358074
-20.255938029084955
-20.256159321801448
-20.256520953694878
-20.25673759184609
-20.256950806584562
-20.257131931803446
-20.25732255813528
-20.25747506568991
-20.25778780398764
-20.257886631654525
-20.258023137290273
-20.2581932242128
-20.258448924621973
-20.25863666198445
-20.258812375882794
-20.25901448478832
-20.259153749348673
-20.259391314784224
-20.25964631453786
-20.259779036127476
-20.259969654377866
-20.260065751827092
-20.260232756138407
-20.260386278466008
-20.260478041835924
-20.26067430841242
-20.260709931276715
-20.260987163821135
-20.261063347745644
-20.261189611244554
-20.261315959293732
-20.261476332223744
-20.261599907936464
-20.261730563043265
-20.26187904475627
-20.262054700301476
-20.262206507240776
-20.26231643936052
-20.262459646033637
-20.262595713469146
-20.262764229598048
-20.262879869334004
-20.263018339866548
-20.263174912588536
-20.263310553179025
-20.26344379096803
-20.263629632706127
-20.263768669967156
-20.26391117631992
-20.264070887516777
-20.264153272787947
-20.264275747742694
-20.26437057572909
-20.264469275329983
-20.264626079168167
-20.264697923055095
-20.264873356576164
-20.264943808329146
-20.265045860497242
-20.265104842278426
-20.26522825684017
-20.265301687949954
-20.265378017696126
-20.265501011627926
-20.265581996371807
-20.265673342791292
-20.265751658713402
-20.265832439083518
-20.265956300542243
-20.265997526775514
-20.26613995099807
-20.26619756689464
-20.266294358613266
-20.266404693850326
-20.266526377352648
-20.26661169366567
-20.266698671986155
-20.266768727482486
-20.266853709198287
-20.267003430247055
-20.26710928952317
-20.267222315990793
-20.26734548158129
-20.267443842412163
-20.267514062360515
-20.267624957557913
-20.2676909138969
-20.267775987845802
-20.26787860888552
-20.267947678844394
-20.268008536202657
-20.26811416406765
-20.268148423336047
-20.26825902869805
-20.268331566242313
-20.268425852915477
-20.26855244673056
-20.268633712978442
-20.268692838977742
-20.26879517365999
-20.268848685840254
-20.2689229473312
-20.269026075614732
-20.269095961461524
-20.269137224355777
-20.269249537393517
-20.26928498304919
-20.26935562303168
-20.269452844510365
-20.269556667712532
-20.269637716682162
-20.26974633091476
-20.269805980017043
-20.269890278439902
-20.269966615020753
-20.27002560092943
-20.270139447027073
-20.27016347546474
-20.2702922836457
-20.270331162136628
-20.27039436146945
-20.270490108338386
-20.270575467429495
-20.270644114765634
-20.270729595220494
-20.270796302164886
-20.270838089612642
-20.270971227022528
-20.271004976768126
-20.271076829822803
-20.271134689159133
-20.271211027377028
-20.27127547764489
-20.27131075391586
-20.271399045201452
-20.271408750388968
-20.27149669640774
-20.27153056942252
-20.271587596361673
-20.271658723145123
-20.27174197492998
-20.271812468733497
-20.27189282033348
-20.27194010193467
-20.271983069999298
-20.27205071625399
-20.272090713308124
-20.272152750074504
-20.272222203445377
-20.272247733446317
-20.27232036634225
-20.27235706159712
-20.27243561935403
-20.272477866182573
-20.272524061350286
-20.272575832715987
-20.272640885584327
-20.27268669832892
-20.272736687702288
-20.27277454556677
-20.272831235918613
-20.272861176809556
-20.272909675238335
-20.272965211626982
-20.27302339825679
-20.27306630873895
-20.273120775588083
-20.27316609928868
-20.27322802744923
-20.273277879233405
-20.273343343654144
-20.273376976527143
-20.27344245731914
-20.273461619971314
-20.273529535038847
-20.273570444233684
-20.273617566976156
-20.27368626574213
-20.27373738068927
-20.273842764814365
-20.273878362127075
-20.273925035543265
-20.27395655509069
-20.27400920071166
-20.27404463750505
-20.274074060846296
-20.27413418077529
-20.274159817865243
-20.27426264837461
-20.274300626622423
-20.274346523752865
-20.274405005600126
-20.274474561758943
-20.27453442895704
-20.274583258885812
-20.274638312642185
-20.274695569285647
-20.274742505731822
-20.274812211456847
-20.274863149513557
-20.274928199142998
-20.275018287395245
-20.275057820662735
-20.275108096914003
-20.275156826052424
-20.27520631450788
-20.2752688529732
-20.275335615605744
-20.27538159970281
-20.275436724734192
-20.275480943476122
-20.27554152970967
-20.275592741901637
-20.27563586772811
-20.27567666611843
-20.275742988912004
