500 iters for seed 182 on ER0.3 which is in the 41.242218017578125 percentile
 Maxcut: 24.0, MedianCut: 16.0
-15.000250471762277
-15.481002069750001
-15.492703913839769
-15.540237914555942
-15.550976800718198
-15.629017706254608
-15.646439971347842
-15.692097500134068
-15.709072239748336
-15.732006212682512
-15.756562595689418
-15.777279174376368
-15.80152260603829
-15.819165252740586
-15.841477192364653
-15.856277013740064
-15.867540484692512
-15.881268319377206
-15.890534226553768
-15.900053935331506
-15.913006232099722
-15.919984007514817
-15.927570137101544
-15.93516849548712
-15.941247323993043
-15.948461933238626
-15.954318884009579
-15.959042132886442
-15.96417076084324
-15.969930416707149
-15.974684162132272
-15.978136922835636
-15.98312692821737
-15.98586092288369
-15.989748902829685
-15.992245273908448
-15.994887323685774
-15.999745503483615
-16.002661942366938
-16.006744780998254
-16.009462892809534
-16.012525778090485
-16.0157573181211
-16.01845750526298
-16.020318593622637
-16.02226339509294
-16.025748888902868
-16.02797250067731
-16.03021726381189
-16.03186382593465
-16.033879961276426
-16.0354273524795
-16.038022750921716
-16.039259999812646
-16.04075418512275
-16.04238719965371
-16.04400116928032
-16.046298205249904
-16.047759390139415
-16.050226457386696
-16.05206382160975
-16.053347639475888
-16.055707434604585
-16.056339919162976
-16.058370286239388
-16.059280443326248
-16.060573020881897
-16.06211455635302
-16.06289722834149
-16.064267687876498
-16.064839544946306
-16.065824346725822
-16.067225028804458
-16.06867520466336
-16.06967113574872
-16.070726961010152
-16.07164601293458
-16.07248867867473
-16.073712457942506
-16.074480489309714
-16.075688471984193
-16.076438238960396
-16.077452552166317
-16.07839118748412
-16.079522705527992
-16.08050392579733
-16.081304691910734
-16.08255845085037
-16.08351638860661
-16.084320382186924
-16.085567751248597
-16.086376069655934
-16.087104600899625
-16.088373020549277
-16.08887603464221
-16.089459607257623
-16.090462509200695
-16.091098671431514
-16.09183078687869
-16.093512262384788
-16.09412337358143
-16.09477209789449
-16.095631466241954
-16.09641849808795
-16.0972875269135
-16.097927794091607
-16.098599666477366
-16.099074586492016
-16.099484699669794
-16.100124386547265
-16.10056437914387
-16.10099263220011
-16.10169884011318
-16.102104144773314
-16.10341100230873
-16.104092471473646
-16.104992373493726
-16.10575230374393
-16.106455415461905
-16.10795430514074
-16.10864239739128
-16.10944149599127
-16.110205844158205
-16.110762276987224
-16.111483447579456
-16.11226665240744
-16.112784388586483
-16.113248512619588
-16.114411709113007
-16.11482739696615
-16.115371904406928
-16.11593111172767
-16.116418150644222
-16.117268949506776
-16.11760344877437
-16.11832467956622
-16.118599907154344
-16.119066269311677
-16.11961757295404
-16.12026208553636
-16.12076983850594
-16.121320801437456
-16.12180033397673
-16.12239572126387
-16.12308929280821
-16.123536333421633
-16.12403885483616
-16.1245838114958
-16.12503236489612
-16.125614423364965
-16.126132981373864
-16.12647495075283
-16.126870781964133
-16.1272889326289
-16.127534076871715
-16.128397716449907
-16.128668464943928
-16.12904964189991
-16.129632840996813
-16.130073178396273
-16.130610722662958
-16.130900158201076
-16.13130988184203
-16.131528909394426
-16.13187878385162
-16.132200430967963
-16.13250208728606
-16.132852670860327
-16.133262223739884
-16.133741375462357
-16.13397716391702
-16.134343478428097
-16.1345992096224
-16.13496737607112
-16.135385894979297
-16.135727554095
-16.13612058948022
-16.136285494847822
-16.136729717552196
-16.137073964048092
-16.13744994750596
-16.137715992248715
-16.137993883013177
-16.138383422743875
-16.138827276201933
-16.139048386802255
-16.13941943562878
-16.13964499724597
-16.139917062467482
-16.140168911879908
-16.140375663545104
-16.140625254382037
-16.140873401727667
-16.14116417427467
-16.141426103107904
-16.141720270189275
-16.142129964604838
-16.14231342136396
-16.142522729442064
-16.142848008031727
-16.143065667029823
-16.143312614262847
-16.1435001623143
-16.143699326998195
-16.143889216119817
-16.144048764400875
-16.14425134555911
-16.144459682212535
-16.144718971372807
-16.14494993548219
-16.14508788787679
-16.145384160557995
-16.145499071632727
-16.145757351666994
-16.14595261637828
-16.146120163656796
-16.146327569012275
-16.14659779303765
-16.146820798499213
-16.147088342251323
-16.147265766201134
-16.14743981154621
-16.147687125473965
-16.147854669941523
-16.148204958157173
-16.14852455847726
-16.148666700235584
-16.148859204110224
-16.149052587311584
-16.149292869586496
-16.14954290884834
-16.14968900862467
-16.149804007621
-16.149966613393822
-16.150114769414554
-16.150374575561464
-16.150559153321804
-16.15078618256099
-16.15094447843057
-16.15114455911223
-16.151350239195086
-16.151661391443447
-16.15183392112391
-16.15204978164216
-16.15217543203305
-16.152461714226504
-16.15259594146231
-16.152729960513177
-16.152948640815815
-16.15311855328871
-16.15339965351504
-16.153578528646126
-16.153774855514616
-16.15395376716269
-16.15417974958533
-16.154386239575874
-16.154621921379434
-16.154836301916834
-16.155041506059902
-16.155198760077315
-16.155513947899163
-16.15570621479834
-16.155907967110473
-16.15615393893086
-16.156375487627187
-16.15658988051944
-16.156842773085963
-16.15699147147761
-16.157202277819362
-16.157363615473123
-16.157638544989936
-16.1577795028098
-16.157910156518565
-16.158079800051276
-16.15823546259233
-16.15846922010819
-16.158646967459212
-16.158859817741465
-16.15904391538143
-16.15925828016293
-16.15941839781677
-16.15959928270846
-16.159772372852
-16.159936302130127
-16.160022377102756
-16.160223082853406
-16.160322180133804
-16.16041591132091
-16.160631628132336
-16.160781280192136
-16.16098025565959
-16.16119654640422
-16.16137357850357
-16.161509561927232
-16.16172405244915
-16.16182639191638
-16.161959627931445
-16.162095438508814
-16.16220613492986
-16.16226633327768
-16.1624357056496
-16.16250318627023
-16.162610701232598
-16.16273166361127
-16.162872357215807
-16.162975917363248
-16.163095020456474
-16.163237217560447
-16.163396963768136
-16.163519948919383
-16.16367707675467
-16.163821422240254
-16.163990778030865
-16.164160588889118
-16.16430327123301
-16.164409052449983
-16.16457595429133
-16.164624530415683
-16.164843304123472
-16.16493598638297
-16.165056494102743
-16.16522467192945
-16.16549908561277
-16.165743643744086
-16.165884844644214
-16.166050446461615
-16.16618924619982
-16.166334102558885
-16.16650589784415
-16.16660404334733
-16.16675007900807
-16.166908102049213
-16.16706828464083
-16.167177667758637
-16.16735071043993
-16.16749684205708
-16.167651202261624
-16.16781448143116
-16.167921894373677
-16.168037538446768
-16.168198372880315
-16.168283812385667
-16.168392413837722
-16.168503874714244
-16.16867010748766
-16.168783640486083
-16.168900324038056
-16.16906465792416
-16.169225124326104
-16.16934363186558
-16.169506062797502
-16.169628773145494
-16.1697864606828
-16.16987663744773
-16.17000428742974
-16.1700715300357
-16.170212074485466
-16.170381402451497
-16.170505459503328
-16.1707222376328
-16.17082729972293
-16.170969679849474
-16.171104734370076
-16.171279211711095
-16.17142035678517
-16.171533906595418
-16.17164882654191
-16.171793119150706
-16.171907131162403
-16.172011926336484
-16.172098874487908
-16.172217081312393
-16.1723883668611
-16.17250438614916
-16.1726983643636
-16.172866153314814
-16.172983654495805
-16.173175414572462
-16.17338174122897
-16.173627597161083
-16.173761088198077
-16.17396882263427
-16.17409182055217
-16.1742353719869
-16.174365634600917
-16.17449002322543
-16.174639736739167
-16.174833053100166
-16.174953177330107
-16.17510644975895
-16.175355841225844
-16.17547661694649
-16.175689716916636
-16.175843365590186
-16.1759936454048
-16.17612338884702
-16.176232288076513
-16.17635459100995
-16.1764671887207
-16.176608560610948
-16.176756455257042
-16.176906752323806
-16.177047095296444
-16.17719037483316
-16.177320673641137
-16.17755521183594
-16.177706861336095
-16.1778303914639
-16.178029587600747
-16.178059858153514
-16.178204527977726
-16.178317231104838
-16.178441676988776
-16.17859673611186
-16.17867124680543
-16.178965515056
-16.179063475584325
-16.179211823955885
-16.17934072411817
-16.179503597471246
-16.1796456129568
-16.179837784917318
-16.17999520806898
-16.180159515633946
-16.180360728533635
-16.180469186199865
-16.180581353877592
-16.180892260315098
-16.180998224701842
-16.18118212133887
-16.18135659794486
-16.18149694861617
-16.18170762969793
-16.181849082381255
-16.181993380543304
-16.18216472498769
-16.182292994001127
-16.182474121864015
-16.182636123514154
-16.182784500549133
-16.182947289197728
-16.183150181377165
-16.183377364765935
-16.18361344863081
-16.18380036279122
-16.18398500721298
-16.184190433244012
-16.184344675582246
-16.184500619009633
-16.184668375119145
-16.1848342127415
-16.185002013531793
-16.18518699492393
-16.18533538356162
-16.18547858272082
-16.185701015283374
-16.185832325422467
-16.185972205847136
-16.186191322063113
-16.186353232245523
-16.186555753964267
-16.18674098536811
-16.186894760158594
-16.18702994913072
-16.187212586013985
-16.187362313516584
-16.18751140897365
-16.18767643117848
-16.187794644536865
-16.18787218125488
-16.188105340676866
-16.18815861796505
-16.188309684557872
-16.188400474807466
-16.18849248011802
-16.188631115790393
-16.188752757237037
-16.188901464713545
-16.188979850858846
-16.189079149756026
-16.189267118781352
-16.18931533829819
-16.189503215297698
-16.189573533351062
-16.18968390520741
-16.189869937664596
-16.18999810671842
-16.190241831099474
-16.19032457207451
-16.19044256616016
-16.19049492242496
-16.19056384680044
-16.190701089284904
-16.190815802765563
-16.190940401462825
-16.191064992901584
-16.191178208275584
-16.191296317426175
-16.191391646876056
-16.1914950513752
