500 iters for seed 124 on ER0.3 which is in the 69.78988647460938 percentile
 Maxcut: 26.0, MedianCut: 17.0
-18.000000064157163
-18.000000275058234
-18.00000068307797
-18.000001611426075
-18.000003810067884
-18.000009094144485
-18.000021866264692
-18.00005281625332
-18.000127871989758
-18.000309760112867
-18.179118249252863
-18.310147110644223
-18.469166908597234
-18.640942909736808
-19.186403429827198
-19.29125315813098
-19.495235828482894
-19.70687651695031
-20.01993433378893
-20.263681838563446
-20.46092286183876
-20.62359847267686
-20.79806783754281
-20.925541845292877
-21.030390617023635
-21.135961296963295
-21.21600013561636
-21.29710655179423
-21.39318047889716
-21.5055863008221
-21.562098475681246
-21.662383230199342
-21.701943933858676
-21.743730585331495
-21.791005908251687
-21.83525284788545
-21.86032021982239
-21.89101167097847
-21.92744913937045
-21.973185980127074
-22.01724449855993
-22.053047648966913
-22.09129065609371
-22.12836934857029
-22.177738291892826
-22.22287844950885
-22.294258550530746
-22.339971458941072
-22.40816506003137
-22.42689635835335
-22.487874154274007
-22.52666207040173
-22.56061658580729
-22.60650074443372
-22.638952602033108
-22.67110561671582
-22.704097456767805
-22.731237270753446
-22.772962647860997
-22.801421853750988
-22.82483337142908
-22.84786403753901
-22.862235654883946
-22.877765572274114
-22.894853853410055
-22.907958481980373
-22.92052242238957
-22.92987774394743
-22.939101944190917
-22.9461749527585
-22.951772724943478
-22.956106952054554
-22.960965561324155
-22.964736126724965
-22.968391352639284
-22.970462274293116
-22.972782231857543
-22.974784626932713
-22.97692443512757
-22.978242646519533
-22.97948193509962
-22.98082974555566
-22.98251257291635
-22.983444562098263
-22.98441513910226
-22.985559231098513
-22.986882924338282
-22.98859515553355
-22.989573295372974
-22.9903696572992
-22.99122803290729
-22.991970218527815
-22.992779671025083
-22.993806297854167
-22.994252848092888
-22.994831638171963
-22.994984821281015
-22.995585032847085
-22.99581586308359
-22.996092396329182
-22.996474739182055
-22.996593844059554
-22.99725478258281
-22.997402813936958
-22.997623836002667
-22.997879457982823
-22.9982026327381
-22.998434692363794
-22.998612875596447
-22.998689771141787
-22.998774264591862
-22.99885878531988
-22.99892687865651
-22.999036524257008
-22.99914472366073
-22.99919651075796
-22.999273733259248
-22.99933123727841
-22.999378254492722
-22.999460451194402
-22.99950369073978
-22.9995670856912
-22.99962234469119
-22.999668028784566
-22.999702002998404
-22.999727596858147
-22.999753435424203
-22.999778611747963
-22.999800335300932
-22.99982030565141
-22.999844828882345
-22.999858303539497
-22.99987422485666
-22.999884083621552
-22.99989787181063
-22.999907957574315
-22.999919856679586
-22.999928877099045
-22.99993880602213
-22.99994647075394
-22.999951850639405
-22.999957420338998
-22.999962064688216
-22.99996602357976
-22.999969785217615
-22.99997359196585
-22.999977445742697
-22.999979431311836
-22.99998268689359
-22.999984170140408
-22.99998590285533
-22.99998718505564
-22.999989010969152
-22.999990291952205
-22.999991340708995
-22.999992019801127
-22.999992973356743
-22.999993649788713
-22.99999432897363
-22.999994895498645
-22.999995388955654
-22.999995954749686
-22.99999632518937
-22.999996514196145
-22.99999720561815
-22.999997353956463
-22.999997595459725
-22.99999780757146
-22.999998054248895
-22.999998225842916
-22.999998433860505
-22.999998580174452
-22.999998748592528
-22.999998877769013
-22.999998999337127
-22.999999104008523
-22.999999211992495
-22.999999303206096
-22.99999936755471
-22.999999386534277
