500 iters for seed 13 on ER0.3 which is in the 30.341339111328125 percentile
 Maxcut: 36.0, MedianCut: 26.0
-24.012024899636987
-25.497539211176562
-25.49991739841219
-25.587718064297835
-25.613747122590567
-25.678605769780944
-25.73910210627303
-25.793609431140723
-25.846821478676652
-25.887475494745523
-25.90964909921576
-25.936343975822883
-25.95251388841726
-25.973471075618875
-25.99319378028456
-26.005710460559044
-26.02181645501647
-26.038710676702138
-26.0509269863858
-26.06090548282033
-26.069500327114092
-26.077250574071037
-26.08693911858817
-26.09534362760192
-26.103216032528515
-26.10778745855225
-26.114724167262874
-26.117569896528884
-26.122694712937598
-26.1266660344029
-26.130229030606642
-26.136990716376058
-26.14203649516968
-26.14905541383797
-26.153732426691313
-26.159293157459267
-26.1638868301566
-26.169235308795756
-26.173681270913434
-26.177291693952917
-26.17845488894731
-26.18584199460951
-26.187832566680868
-26.19124845428471
-26.195305466858848
-26.197579432651175
-26.200717763272884
-26.20232864716551
-26.204500846402677
-26.20829062917706
-26.209564779302383
-26.212984388622477
-26.214479950573804
-26.216672849225247
-26.217851281020064
-26.220248647710974
-26.2215693055309
-26.222822704948324
-26.225422941370226
-26.226661407511042
-26.22832477384024
-26.22983642804352
-26.231641736452453
-26.23332703830376
-26.235095694615786
-26.237008125334086
-26.238549632222924
-26.240250978220402
-26.24172326362514
-26.24313863787833
-26.24457496181483
-26.245806990398947
-26.247279228587086
-26.248497856334456
-26.249760984407125
-26.251906045575797
-26.253151010192067
-26.25447660318285
-26.25544095908511
-26.256558032244115
-26.258448771357415
-26.259171328111076
-26.260748570127042
-26.26160983213808
-26.262720402467075
-26.264737942785096
-26.265880560414455
-26.267350104863915
-26.268560014572724
-26.26960253827839
-26.271566681976022
-26.27276403681994
-26.27392767129416
-26.274876767092458
-26.275905934703193
-26.277163339694912
-26.27873730042731
-26.279593070185797
-26.280724770278876
-26.281765966344103
-26.28297185032082
-26.283962933771726
-26.28479489139452
-26.28561330110526
-26.286337249755196
-26.287713024908822
-26.2884013732676
-26.289324359392268
-26.290281663744622
-26.290939253856365
-26.292128144916823
-26.29271220242856
-26.293672460946418
-26.294188009204397
-26.294889427954793
-26.295943930537963
-26.296621958163357
-26.297189366198374
-26.29770489862247
-26.298167709628572
-26.29880594291171
-26.29965109007117
-26.300201385121277
-26.300822127054033
-26.30151502340359
-26.302100790273467
-26.302682888015276
-26.303398023958675
-26.303990511868758
-26.304680562054564
-26.305457420521847
-26.306402739094693
-26.306931674712654
-26.307523377408298
-26.30813009960639
-26.308774661804982
-26.30961394803782
-26.31017496587839
-26.310736911682852
-26.311641533994308
-26.312133655842008
-26.312675342558258
-26.313417110828336
-26.31398906028787
-26.314480968024082
-26.31530187639168
-26.315612559435056
-26.316024623894425
-26.316636081331524
-26.31701616048663
-26.317856904275562
-26.317968403573616
-26.3188642660602
-26.319148011440895
-26.31967353146255
-26.320222869878798
-26.32084021483812
-26.32136665975258
-26.32184616292703
-26.32235588323611
-26.32290204506802
-26.323158110133758
-26.32360867290612
-26.323890652352333
-26.324319630151834
-26.324973171210996
-26.325454446582807
-26.32615396402643
-26.326617551954914
-26.32702916836601
-26.327452386238726
-26.327922884753157
-26.328320991447004
-26.328655427823332
-26.329080092863453
-26.329413992602305
-26.329783429604035
-26.330236429984275
-26.33058011783867
-26.33110750075721
-26.3316458018293
-26.33217418135176
-26.332662046358138
-26.333053866718565
-26.333485838489363
-26.33397921563211
-26.334405972897738
-26.33500824937393
-26.33551407069131
-26.33602616496663
-26.336424142641977
-26.336836261697155
-26.33719801578652
-26.337686774843903
-26.338105628712228
-26.338544607684813
-26.33914472378871
-26.339527159733645
-26.340069405210016
-26.340338452644755
-26.340928861484915
-26.34115379062005
-26.341558849501677
-26.34203381733346
-26.342230856606133
-26.342810081593246
-26.343072734480096
-26.34338677350834
-26.343980673882285
-26.344365242927836
-26.34478795245786
-26.345170661734706
-26.345581738250452
-26.34599205848197
-26.346459773771887
-26.34688561686987
-26.34725131772864
-26.347651237693597
-26.348133586733848
-26.34857898124382
-26.3491111589226
-26.3497416386065
-26.350176878445307
-26.350612630914313
-26.35093832769268
-26.351356145574073
-26.35165080751693
-26.35224030527026
-26.35249509497586
-26.35282267944825
-26.353175687560572
-26.35364925831179
-26.353985328752287
-26.354349945528238
-26.354845516521248
-26.355104918452856
-26.355506700313455
-26.35570455756621
-26.356030966561008
-26.356498018714095
-26.35669318164238
-26.357061578623757
-26.357213168614688
-26.357449023405678
-26.35774222043832
-26.358044319370386
-26.35838055924307
-26.35862256936051
-26.35899397704066
-26.359328883932704
-26.359693587486383
-26.360056771173824
-26.360500993285108
-26.360933884534315
-26.36126924461638
-26.361708592755466
-26.361987740081336
-26.36233514454886
-26.3625381711814
-26.362780965261436
-26.363105110096743
-26.363458395175
-26.363692533858313
-26.364026137332523
-26.364330528323368
-26.364677573130184
-26.365022690027445
-26.365286437758794
-26.36559900231778
-26.365912030435926
-26.36622527388934
-26.36645855646507
-26.3666628875935
-26.366967215002823
-26.367236273164345
-26.36753353207405
-26.36782750186923
-26.368044040360722
-26.36823629441874
-26.368562014572202
-26.36876507390552
-26.369045609129593
-26.36935166903539
-26.369614410657128
-26.36980184689881
-26.369977592711436
-26.3702692228878
-26.370402148998302
-26.370666418924692
-26.37100209325718
-26.371277787067164
-26.371706728189757
-26.37197629583022
-26.37231615478882
-26.372586924464898
-26.372878306574563
-26.37328693751344
-26.373506979237114
-26.373789891244577
-26.373969101328527
-26.374151195335884
-26.37436033942467
-26.374589174048154
-26.374811507880327
-26.375107478056115
-26.375266173329
-26.375510387190875
-26.375760838842492
-26.376045201400995
-26.376267546226956
-26.376532453477942
-26.376743447773354
-26.376943132105573
-26.37722641172426
-26.377419657987026
-26.37754387247465
-26.377878577699363
-26.37804357040543
-26.378260293321006
-26.378529593230628
-26.378679164412606
-26.379078981704453
-26.37928199287258
-26.37948724690773
-26.379687632672436
-26.379890882846674
-26.380108225084903
-26.380327172193294
-26.380558091125106
-26.380753934057672
-26.381018303961174
-26.381286920646463
-26.381560230049462
-26.381781964085416
-26.38210750786316
-26.382346948739663
-26.38254138650933
-26.38276057345166
-26.382950583159555
-26.383188068567886
-26.38341022241944
-26.38366260552279
-26.383891165725004
-26.384126634589197
-26.384460061002827
-26.384686955458488
-26.38487021012655
-26.38525594040493
-26.385410004342358
-26.385577729647274
-26.38581569165483
-26.385966665890056
-26.386236325461724
-26.38638105297266
-26.38657122581892
-26.386669420325514
-26.38679552617576
-26.387047985034954
-26.387232785717664
-26.387405165452616
-26.387549765820953
-26.387702574506523
-26.387776628322634
-26.388090455079556
-26.388194554458288
-26.38834235721933
-26.38852233343173
-26.388711331287826
-26.38884951630021
-26.38897860696199
-26.389143165819316
-26.389321711957773
-26.389567478768086
-26.38966964423434
-26.389834929042287
-26.39004131284757
-26.390284531020495
-26.39045473533261
-26.39061836411519
-26.390770587686458
-26.39091471397178
-26.391056773222367
-26.391146651773617
-26.391242701838788
-26.391412178948052
-26.391520142846215
-26.3916649672058
-26.3918126354233
-26.391951156990388
-26.39206408064714
-26.39218156684543
-26.39232051467625
-26.39246882619054
-26.392586905063432
-26.392699420554962
-26.392809475307413
-26.3929142085844
-26.393081395772576
-26.39310497682114
-26.393291274547266
-26.393390112324788
-26.393521256365883
-26.39369224196205
-26.3939499352359
-26.39416777940323
-26.3942863286181
-26.394423786945115
-26.39454562385775
-26.394700404339304
-26.394844463141105
-26.39496920063383
-26.395088435998073
-26.39524235879533
-26.395358434814593
-26.395461405937972
-26.39557628033123
-26.395702145760012
-26.39583976885349
-26.395980575787323
-26.396079158486444
-26.396196393776084
-26.396260300502938
-26.396420985176245
-26.396509714465353
-26.396602118359276
-26.39678908142682
-26.396826228702178
-26.397146404668828
-26.397266949240688
-26.397430133441873
-26.397657898690436
-26.397714054416188
-26.3980495553645
-26.398163355967082
-26.398341063975145
-26.398584906224173
-26.39871346886507
-26.398967441302688
-26.399080934801393
-26.39919819371506
-26.39941755299814
-26.39964474583787
-26.399919852767763
-26.400131371131693
-26.400394666356263
-26.400622903737766
-26.400908363788954
-26.40115105161556
-26.401346539588765
-26.401702126662478
-26.401891535658272
-26.40208591954138
-26.402354121077543
-26.402534965999774
-26.40267134534301
-26.403074563124292
-26.403224318688626
-26.40341660659156
-26.40372744772334
-26.404245427496846
-26.404582489361445
-26.4048794421918
-26.405091403772627
-26.40530751069487
-26.40557142074129
-26.40594107913455
-26.40610769500828
-26.406293301812926
-26.406496218127202
-26.406694104547054
-26.407093734707825
-26.407208656587315
-26.407385995186157
-26.40771498457802
-26.40791202297758
-26.40815168979899
-26.40841133759716
-26.408606673352743
-26.408722742416828
-26.408958975061967
-26.409074026743173
-26.409225021369743
-26.409377093668677
-26.40955975795726
-26.409708701465323
-26.40992729021624
-26.41005275165777
-26.410266766395306
-26.41041369666494
-26.41052967958579
-26.410733117341366
-26.410804233345786
-26.411108173870474
-26.41120552407839
-26.411331020740295
-26.411439002423577
-26.411594977753733
-26.41170556887567
-26.411807974327935
-26.41194523406441
