500 iters for seed 107 on ER0.3 which is in the 34.613800048828125 percentile
 Maxcut: 26.0, MedianCut: 17.0
-16.02128425237034
-17.028917105703542
-17.06571410072197
-17.140407593861582
-17.16276406546015
-17.192693734612593
-17.233934712709978
-17.266325283619164
-17.293998832580375
-17.3189767006021
-17.335230838840804
-17.347636652482063
-17.364669711577825
-17.377118598339234
-17.389537333209628
-17.401800133686326
-17.410915494271404
-17.421103904365825
-17.432357896111526
-17.438045399644004
-17.444408687558454
-17.449392925995955
-17.45458364089452
-17.460464203609032
-17.46556010175825
-17.470977596847078
-17.475908604071645
-17.478682357308344
-17.485270235171885
-17.48810416264299
-17.492794991192856
-17.4992549550516
-17.500468885474092
-17.508319075233423
-17.510528533641075
-17.51426976505683
-17.51584593716702
-17.51913093934379
-17.52112424212743
-17.523122758258936
-17.52681013608329
-17.528357285647992
-17.531220289360288
-17.533211794730562
-17.535259673827728
-17.537555068524448
-17.539703973898682
-17.541886591951783
-17.543913014715297
-17.545900066209086
-17.547681954430136
-17.549051834831715
-17.551211779973567
-17.553206269754718
-17.555263443626696
-17.556859169630616
-17.55834021143442
-17.560443064693
-17.56233344578552
-17.56434489869862
-17.566168783791657
-17.567739775827768
-17.569576145540225
-17.571203892115506
-17.572370324295363
-17.57476215498466
-17.575898772186562
-17.57801767070847
-17.579926300305647
-17.58116971451137
-17.583835504084696
-17.584824648855694
-17.586263401112497
-17.587236418594344
-17.588401869550804
-17.58944940436811
-17.590715766686113
-17.591702912610756
-17.59284393933208
-17.593898306089336
-17.595255324734953
-17.596291164051227
-17.597436098255884
-17.598551881416775
-17.599469700737924
-17.600922503166057
-17.601784055029714
-17.60264699174158
-17.603428595605717
-17.604210757274085
-17.605132711501646
-17.605967129430084
-17.606660945452806
-17.607555882608807
-17.608457128670324
-17.609382599290193
-17.610382801267267
-17.611211862055928
-17.61219741903425
-17.61301743529476
-17.613949913092085
-17.614607004782034
-17.615298590171065
-17.61594370135673
-17.61671743143931
-17.617496516823646
-17.618126350498216
-17.61877388873945
-17.619505811901863
-17.620477275095617
-17.62127245833906
-17.622003899796034
-17.622834622806334
-17.62353958593338
-17.62436787720668
-17.624901389402666
-17.625654756245627
-17.62656401085384
-17.62741409382577
-17.628081006619126
-17.628589557795618
-17.629135791252722
-17.629658767731872
-17.630538353337453
-17.631026646075163
-17.63153654106121
-17.63235010991381
-17.632820848618753
-17.63342992520322
-17.633654812133017
-17.634365611445425
-17.634582831684313
-17.63500160365488
-17.63558818006242
-17.636031198941723
-17.636629995686572
-17.63701928534474
-17.637584409657563
-17.63818984991111
-17.638778365794575
-17.63926093201791
-17.63961176513533
-17.640094001770684
-17.640572064414236
-17.640935767572234
-17.64143758130862
-17.64183998920817
-17.64217820779704
-17.642635075763373
-17.643006675067447
-17.643499139919133
-17.64389539449149
-17.644325586951528
-17.644861718378007
-17.645367445083632
-17.645735319744766
-17.646000168238878
-17.646284994579716
-17.64671771265153
-17.647165387907542
-17.647570180560834
-17.648004245853656
-17.64836164751717
-17.648799923609946
-17.64924337372106
-17.649630465562236
-17.649819842632013
-17.650154760317335
-17.650372521933022
-17.650656778153635
-17.650955973547443
-17.65119723653384
-17.651537163255426
-17.651876840408953
-17.652167649107614
-17.652533993514897
-17.65287910300631
-17.65333221887546
-17.65362839817349
-17.65408585137192
-17.654395214989393
-17.654790024561702
-17.655118418809582
-17.655416493734837
-17.655717563214733
-17.656101218495568
-17.656358169338652
-17.65681363258002
-17.657221869638185
-17.65768628092467
-17.658015004716408
-17.65844911345375
-17.65880944585305
-17.659202790794684
-17.659678619325355
-17.659919070476022
-17.660286547205587
-17.66072371317401
-17.661118176632645
-17.661337372553348
-17.661681905628516
-17.661986909234916
-17.662402927110975
-17.66273265800664
-17.663021386641084
-17.66332639144009
-17.663612557112653
-17.663951969689712
-17.66427350357958
-17.6645586057445
-17.664869593963456
-17.66516276780715
-17.66548174229515
-17.66576801537972
-17.666077048376692
-17.666428804463823
-17.666722881259705
-17.667024749160955
-17.66728360981737
-17.6676439423972
-17.667921051533952
-17.66818314275087
-17.6684916555649
-17.66873394816416
-17.668992387699326
-17.66925404656159
-17.669486937711632
-17.6698024762043
-17.670113140851072
-17.670510881098778
-17.67085828439329
-17.671268426305957
-17.67158739067994
-17.67193968650825
-17.672172763817454
-17.672415319817304
-17.672635373076314
-17.672878497472173
-17.6731537303557
-17.673376698397327
-17.673658939876486
-17.673913283494198
-17.674266657498826
-17.674659708724874
-17.67495721367235
-17.675129166845643
-17.675508271902252
-17.675580177370797
-17.675884953950188
-17.676029047518035
-17.676219592102
-17.676510729596124
-17.676696046599503
-17.676925127529397
-17.67709878486272
-17.677313632345907
-17.677560660498763
-17.67787971905466
-17.678151758588932
-17.678430861310268
-17.678617579838694
-17.67889017877164
-17.67906398962773
-17.67930351559622
-17.679518062406235
-17.67968106602234
-17.6800553842222
-17.680235919197518
-17.68045170715841
-17.680663252764298
-17.68092252886944
-17.681177022985793
-17.681414811369265
-17.681740339631673
-17.681905982375547
-17.682073400707452
-17.682278496562716
-17.68240462984321
-17.68259056551521
-17.682745145375996
-17.6829760965267
-17.683100304280163
-17.683258459898163
-17.683418327387972
-17.683571167513563
-17.683753672159526
-17.683875219542156
-17.684070945184676
-17.684235020891713
-17.684423088589092
-17.684598589838224
-17.684754856651633
-17.68493423126232
-17.685060501944548
-17.685195756680045
-17.685390232966828
-17.68549153922917
-17.685602503154886
-17.68580932649063
-17.68591649486801
-17.686068261821458
-17.68624736411311
-17.686395715375085
-17.686497263417763
-17.68669908889101
-17.68678737802818
-17.686881859118238
-17.687034512142127
-17.6871275754656
-17.68722712981325
-17.687416720363213
-17.687534727060687
-17.687662650599023
-17.68776879451411
-17.687882774395103
-17.688004179963578
-17.68812916602036
-17.688244248928605
-17.688393600208144
-17.688512681137674
-17.688641411484653
-17.688826066023676
-17.688954729079505
-17.689022336771018
-17.689169028355643
-17.689264264356467
-17.689367701419144
-17.68949675213147
-17.689574661684432
-17.689681320683096
-17.68985777280723
-17.689946884828316
-17.690067112887153
-17.690159736234826
-17.690277387884368
-17.69045220308497
-17.690616825550293
-17.690741312692403
-17.69088493755849
-17.690991485377328
-17.691116832211264
-17.69131249700164
-17.69143588906994
-17.691576995167328
-17.69169580265026
-17.691877422051018
-17.691954014227356
-17.692080436070583
-17.69226869135617
-17.692315703519483
-17.692589114430994
-17.692664308314797
-17.69280493898058
-17.69292800903375
-17.693062728231304
-17.693192701083696
-17.69327799947401
-17.69352847075244
-17.693651807232833
-17.693769634790705
-17.693896585297423
-17.69399868228937
-17.694134962677083
-17.69432764609451
-17.69448014404459
-17.694648223115085
-17.694774230025562
-17.694950580476032
-17.695052441531875
-17.69522197393333
-17.695357749877125
-17.695445579780383
-17.695613641014067
-17.69570827471914
-17.69583163876629
-17.69592347164852
-17.696056965959613
-17.696141265665805
-17.696254235543435
-17.696369992940408
-17.696440859215755
-17.696611281070844
-17.696696075591348
-17.696804887458768
-17.696895948120503
-17.696985597573267
-17.697087960005753
-17.69721992356781
-17.697318789223363
-17.697419480433375
-17.697528536126367
-17.697653642481765
-17.697790728909773
-17.697891798468206
-17.697983397068995
-17.698108088683995
-17.69817012275807
-17.698252257484924
-17.69830806193917
-17.69838257751224
-17.69845383810373
-17.698502024473726
-17.698618328622963
-17.69869541582561
-17.69879344083197
-17.69888346656848
-17.698977112627695
-17.69908922274382
-17.699200361248806
-17.699312554437363
-17.69939797858221
-17.699489309866944
-17.699596473180943
-17.69968103086885
-17.69978063919442
-17.69988777894441
-17.699999281948696
-17.700078187945735
-17.70016653762368
-17.70023516278273
-17.70033025080496
-17.700375951461062
-17.70049163682036
-17.700560196930663
-17.70062922003787
-17.70071585550774
-17.700821911533048
-17.70090563934676
-17.700995956208033
-17.701062572913585
-17.701128496359633
-17.70122277978866
-17.70128284435478
-17.701375964618784
-17.701487183713724
-17.701601807123293
-17.701674232252373
-17.701784797002087
-17.701819866885817
-17.70191931328264
-17.701989469257114
-17.70204648446508
-17.7021484137912
-17.702212647742545
-17.70231368087827
-17.702382228541556
-17.70248201835525
-17.702552088247206
-17.702605788999207
-17.70268022626923
-17.702734864877396
-17.70281412589618
-17.702893622459598
-17.702965586783094
-17.70302861865385
-17.703100796567533
-17.703173713425354
-17.70323378916177
-17.703309294067935
-17.7033566563473
-17.703403704633935
-17.70347342915225
-17.703529467500218
-17.703619427149015
-17.703666410810712
-17.70373934297155
-17.70379660832021
-17.703852502668177
-17.703968230790267
-17.70402880003978
-17.704120040863238
-17.70419434858567
-17.70425760292486
-17.70432367649115
-17.70441587367187
-17.70447350509385
-17.70450525393427
-17.704620001609754
-17.70465179825446
-17.704705624352247
-17.70478105252375
-17.704852212668058
-17.704970438566402
-17.70501694967486
-17.705084226112806
-17.705159550818045
-17.705235034241525
-17.705285191845526
-17.70533938102001
-17.705407939584273
-17.705530570670003
-17.705617762608178
-17.705691913110865
-17.70575057078867
-17.70583152960674
-17.705902163118928
-17.705997405255275
-17.70604760167304
-17.706105495326817
-17.706172364523894
