500 iters for seed 110 on ER0.3 which is in the 34.540557861328125 percentile
 Maxcut: 29.0, MedianCut: 19.0
-18.01397590078432
-19.006529692022895
-19.01704877534747
-19.03852965949659
-19.075611730882994
-19.079826158084504
-19.124343506475032
-19.18027998818294
-19.224568444358106
-19.272739559983496
-19.302184000074256
-19.31687748439149
-19.34621015898219
-19.36422376097458
-19.37585779479005
-19.39145290782211
-19.408736085412052
-19.422440478361313
-19.435963172280132
-19.446514038297586
-19.458281906393186
-19.469031182993227
-19.478397080658496
-19.489523727985684
-19.498905714669487
-19.504652768364018
-19.510460049488927
-19.515614355014865
-19.52172820728787
-19.53083300067695
-19.534251253142436
-19.54227625820598
-19.546863140076752
-19.55318499813697
-19.559242500650818
-19.56496433710727
-19.56959480955752
-19.57391901223039
-19.578049997727813
-19.581502827121525
-19.58580198687162
-19.589517947526378
-19.594372386566643
-19.598461221336745
-19.60080639678139
-19.604649558553103
-19.60777172694364
-19.610559605624974
-19.61403562645144
-19.61754263855216
-19.620220525099974
-19.623148869233564
-19.625291746817823
-19.62777769122951
-19.629956143870952
-19.632681591082957
-19.634196882705435
-19.636220779509337
-19.638420197087783
-19.641118657755015
-19.642839741213855
-19.64507226934523
-19.647798499746628
-19.649639103117668
-19.6521901144892
-19.653498709558846
-19.65509587247882
-19.65685512632512
-19.65873711061804
-19.66052222609315
-19.661698040757813
-19.664645305018087
-19.665987796459397
-19.667333950201733
-19.668968005621636
-19.670497132824302
-19.67208829317169
-19.673675645205385
-19.67540738115676
-19.67698336302265
-19.678640373762963
-19.6800912227152
-19.68116039222876
-19.68249804302464
-19.684103497959537
-19.685320721373756
-19.686279563974498
-19.687615711017525
-19.688562863797763
-19.68971424607942
-19.690856809205936
-19.691869278598908
-19.692616124630113
-19.693422030400196
-19.69451925144312
-19.695415411362244
-19.696022296934363
-19.697077295023767
-19.697622855902544
-19.698265528908934
-19.69918265569138
-19.699920372652027
-19.701305306811694
-19.702108969635624
-19.7031724066758
-19.703871577428465
-19.70478851969314
-19.705628598318796
-19.706373662994864
-19.70706491521939
-19.707678567841768
-19.708345987667997
-19.708995900905705
-19.70956887252531
-19.71011593547319
-19.71093364153402
-19.711630645452036
-19.712116405291788
-19.71299171778843
-19.713793299568444
-19.714849308527693
-19.715783239945175
-19.716653753700626
-19.717252656140786
-19.71797062853321
-19.718365755503463
-19.719050003225725
-19.719535192439693
-19.7200299483623
-19.7208753779777
-19.721465762927863
-19.721886513991674
-19.722269372771734
-19.722706690598095
-19.723538257587627
-19.72410495046708
-19.724661230061287
-19.725153387506975
-19.725616156275237
-19.726024826991623
-19.72683801851137
-19.72712871950573
-19.7274800094302
-19.727820012590225
-19.728278330758688
-19.728632229176906
-19.729063842481537
-19.72947699527758
-19.729874119693257
-19.73040418205477
-19.73075223144073
-19.731115724366948
-19.731524488534816
-19.731887183454752
-19.732400461572503
-19.732850341468733
-19.733265783982233
-19.73365994368894
-19.73417158662279
-19.734641460717814
-19.734986177395612
-19.73532325012031
-19.735846827416722
-19.736327062265765
-19.73667632915801
-19.73708963684627
-19.7374937986719
-19.737903664296194
-19.738344989469397
-19.738692611275525
-19.739085322573867
-19.73950878997
-19.739818235668142
-19.74011844412526
-19.740482412346186
-19.740884999111955
-19.741303067991474
-19.741640090041095
-19.74196066662173
-19.742300976294576
-19.742649205223017
-19.742953673065816
-19.743294836391172
-19.743595022989254
-19.743964070311204
-19.74423847639955
-19.744469490064155
-19.74471871621786
-19.745054407469127
-19.745213001444522
-19.745717318061843
-19.745953539182175
-19.746279793968405
-19.746755916142604
-19.74684451263523
-19.747613330381785
-19.74784144049422
-19.748204346031443
-19.74858910274376
-19.749084062304448
-19.749491607161804
-19.74995225826978
-19.75023384401933
-19.750518084974022
-19.750958726659626
-19.751220199721423
-19.751620711437855
-19.75191469260936
-19.75219859190257
-19.752612547362602
-19.752892484684534
-19.753217360649316
-19.753473444370904
-19.75369943327344
-19.754084897758926
-19.754339644296472
-19.75462421078764
-19.754860529387784
-19.755045704801912
-19.755306168792735
-19.755582475736432
-19.755754026222707
-19.755990400344793
-19.756199572429423
-19.756442058980728
-19.756811799411217
-19.757009263342237
-19.757215274337
-19.75754864066404
-19.757758770117718
-19.7578909691058
-19.758161549017764
-19.75839392516582
-19.75870105138598
-19.759089754436094
-19.75929003422321
-19.7595715127217
-19.759782274838226
-19.760018523419735
-19.760442312112364
-19.760674318155413
-19.761061664086153
-19.76128338910445
-19.761594273620638
-19.761792257467555
-19.76201378946503
-19.762391307808592
-19.762645160048685
-19.762998026405185
-19.763285662575413
-19.763545776289046
-19.76380297984695
-19.764042906311992
-19.764360405316797
-19.76459975349637
-19.764891293571758
-19.765228140904345
-19.765492091654846
-19.76567092112039
-19.76599765626514
-19.766177258102395
-19.76636662427006
-19.766563248431563
-19.76674747263953
-19.76686251541032
-19.767163873477426
-19.767281641301032
-19.767448785297926
-19.76768674315712
-19.767760931817108
-19.768117055757944
-19.768230055808626
-19.768388643156957
-19.768623264920308
-19.76872629903532
-19.769106849129656
-19.769215704874686
-19.769376295698173
-19.769463531590134
-19.769636997188123
-19.769777362952958
-19.769895867742314
-19.770116724288446
-19.770242601657188
-19.770433159105956
-19.770597313723506
-19.770754538921334
-19.77094875712752
-19.771131328048533
-19.771314339748287
-19.77149779375461
-19.77170460076101
-19.771929594938104
-19.772108653429807
-19.77227358910816
-19.772498369486225
-19.772682892669028
-19.77284448668872
-19.773143101523754
-19.77331983137285
-19.77347574108976
-19.773699127677318
-19.773884531566242
-19.77408857824628
-19.774378431814252
-19.774505069526555
-19.77471113146189
-19.77484606212516
-19.775062408320146
-19.775211275424557
-19.775327513374584
-19.77549946588895
-19.775699825266134
-19.775826499717965
-19.775987126944603
-19.776095566675494
-19.776246523123906
-19.776392247816776
-19.776509621311465
-19.77676484163095
-19.77687829163085
-19.77701095948021
-19.777140167595796
-19.77726082524864
-19.777409047460946
-19.777547150056254
-19.77767239589572
-19.777779572227878
-19.77796077993512
-19.77813079991183
-19.7782741277572
-19.778434795538445
-19.77856757311675
-19.778758684928597
-19.778926014845254
-19.77903565158295
-19.779196466494753
-19.779317455873723
-19.779444669279503
-19.779609142168432
-19.779724631452833
-19.779928878060552
-19.78009758743887
-19.78021937240885
-19.780450069157933
-19.780574127841273
-19.7807198723215
-19.780876828651607
-19.78099932642606
-19.781269332559297
-19.78136495872547
-19.781567665839866
-19.78173062118188
-19.781901770834917
-19.782063771189048
-19.78221102842535
-19.782347342381524
-19.782462662200768
-19.782615300009706
-19.782758306476012
-19.78292109821339
-19.783066055280024
-19.78320685611328
-19.783363470656738
-19.78352798113891
-19.78372477692903
-19.783864300534454
-19.784052223085446
-19.784247341538737
-19.78440304946067
-19.78455990148624
-19.78471912899925
-19.78489497674513
-19.785031536317447
-19.78517025427235
-19.785332999350015
-19.78546433153394
-19.785624738038177
-19.785762357677562
-19.78587142885455
-19.78604344634119
-19.78615327824096
-19.78628834529771
-19.786386921115163
-19.786500849154997
-19.78671274542368
-19.786761708390372
-19.786976351100897
-19.78705296013337
-19.78717839927738
-19.787305414661887
-19.787450630045335
-19.787551038009564
-19.787671233825492
-19.78774350975084
-19.78784400528156
-19.787952022326856
-19.78802348833024
-19.788199263118486
-19.788287707542093
-19.788428380241708
-19.788601100149645
-19.788757442665315
-19.788916866014198
-19.789086141459812
-19.78924188837477
-19.78940158132364
-19.78953446480928
-19.789715738560922
-19.78978911997627
-19.789908739252834
-19.79001673113449
-19.7901188819045
-19.790319817718853
-19.790439644598308
-19.790633294484948
-19.790760134212963
-19.790888404337192
-19.79102457670222
-19.791185105567745
-19.79134780932894
-19.791475941594506
-19.791632944524068
-19.791760763972057
-19.791884222341885
-19.792094951418193
-19.792216318045867
-19.79240585026111
-19.792567624764803
-19.792731243387436
-19.792835524568503
-19.792970564847984
-19.79307194687512
-19.793212306415974
-19.793321281702767
-19.793417015487186
-19.79363828905136
-19.79375594657165
-19.793939166760417
-19.794067917222616
-19.794198941765124
-19.794323962825434
-19.794515859391083
-19.794610387720574
-19.794731694102012
-19.794851871741354
-19.794961841494292
-19.795117151692363
-19.795185942451237
-19.795355717641502
-19.795453663798696
-19.79555178003054
-19.795726372475613
-19.795826615043968
-19.796005699321455
-19.796165125858842
-19.796306600985645
-19.796440382656023
-19.79658088154697
-19.79676242672369
-19.796888998742993
-19.79705316426281
-19.797240727210262
-19.797374902400364
-19.797496249206425
-19.797660653807586
-19.797759182694804
-19.797876906502655
-19.798007992594425
-19.798114503164605
-19.798250421032304
-19.798392308749133
-19.798542614497926
-19.79867668818016
-19.79883382301371
-19.798994598791054
-19.799114285721142
-19.799241171382768
-19.799357013385215
-19.79948310226718
-19.79967068714748
-19.79977321748438
-19.799884235177107
-19.800087752528988
-19.800183352154374
-19.800364290836313
-19.80051564574459
-19.80058446492912
-19.800707587952
-19.80080249956778
-19.800916812408673
-19.80105939086865
-19.80115013576289
-19.801309478446193
-19.801443047628855
-19.80156167231488
-19.801696231345524
-19.80178795905024
-19.801980278585894
-19.802120196517023
