500 iters for seed 184 on ER0.3 which is in the 18.038177490234375 percentile
 Maxcut: 25.0, MedianCut: 16.0
-13.042212450446483
-15.492519068561284
-15.503992586366705
-15.51871618834098
-15.5521727134363
-15.60755817438213
-15.640225787219265
-15.669330617574659
-15.69664241069319
-15.72568270150191
-15.745820570526844
-15.772622696229304
-15.79564120524477
-15.816266576197032
-15.843520220199212
-15.861933370038184
-15.876732768934382
-15.891348201241023
-15.902504073014207
-15.913228808133606
-15.921543610218034
-15.932711633149669
-15.941968273446411
-15.952166470457442
-15.964313610275392
-15.970332533702878
-15.976535654551524
-15.982415796555417
-15.986666649170788
-15.992568390548765
-15.998180008781631
-16.00130413480026
-16.007111330684964
-16.01113541826287
-16.01576855209367
-16.021275479652022
-16.025207067163592
-16.029541407652207
-16.034305641200294
-16.03706096930551
-16.040082589293583
-16.042618474530048
-16.045186150115054
-16.04812562191248
-16.050637880260712
-16.05353716263136
-16.05611971425502
-16.059159675033772
-16.06182799188443
-16.064298353137517
-16.06630325340611
-16.068726090504285
-16.07134500582351
-16.07392294960571
-16.076437760052784
-16.078967435791654
-16.081191098829336
-16.08326683734074
-16.08489669632304
-16.087286462863503
-16.089098176469488
-16.091390950463797
-16.0937213555579
-16.095515077184157
-16.09740723055653
-16.100362166026596
-16.10156694765452
-16.103313836632452
-16.105440021600195
-16.107513222232946
-16.109141120466866
-16.110725633322247
-16.11221166606082
-16.114007096481345
-16.11550831221928
-16.11679455157389
-16.117993332454436
-16.119254052324994
-16.12065079867621
-16.121367282433045
-16.122880150581402
-16.12343793592479
-16.124634552512113
-16.125410464553113
-16.126174878450662
-16.12750827691177
-16.128225822469567
-16.129161605190937
-16.12994731011533
-16.13082473795633
-16.13168547200354
-16.132386233089495
-16.133075340863893
-16.133710760248043
-16.13445528070213
-16.135045754627843
-16.135766409105678
-16.136157877622768
-16.136864920096652
-16.137550622631608
-16.138326434311782
-16.13901768163976
-16.139558751590332
-16.14017418760717
-16.14086758186056
-16.14151836041858
-16.142063729397638
-16.142430992386856
-16.143091109305143
-16.14342038286272
-16.143852474987607
-16.144213480556157
-16.144550923007866
-16.14520845294233
-16.145563841267006
-16.146160034084865
-16.14662700810055
-16.147053529801585
-16.147498345514016
-16.14809167463244
-16.14860062067133
-16.149054349725773
-16.14940021469067
-16.14994656099872
-16.150331946046418
-16.150760606727374
-16.151206450869136
-16.15153716774254
-16.152105876554945
-16.152559742560975
-16.152883958518075
-16.15347542135109
-16.153917529792132
-16.154393859882468
-16.155018265401146
-16.155429561811232
-16.15599180913901
-16.156486086766904
-16.15684950043257
-16.157370097144298
-16.15780641777216
-16.158241439467545
-16.158778392178604
-16.159161638764022
-16.159843325931
-16.16036440904607
-16.160807523778267
-16.161272139718232
-16.16168967175356
-16.16214311555356
-16.16254841232721
-16.1629304334731
-16.16333707940021
-16.16376736271738
-16.164150925462174
-16.164588198017636
-16.16502985901765
-16.16545698939717
-16.165756094014814
-16.166178325770193
-16.166407583240257
-16.16675525125094
-16.16712785032983
-16.167381125151465
-16.167968905758173
-16.168288216423647
-16.16859152131497
-16.168867190112596
-16.169163373488267
-16.169508882922123
-16.169821931387293
-16.17008908218706
-16.170342230420722
-16.17067768886757
-16.17091906363212
-16.171132307661487
-16.171353736234188
-16.171588237067787
-16.171875367496263
-16.172127469256594
-16.172353353435213
-16.17260885922324
-16.172847946323635
-16.17304649030751
-16.173242202808765
-16.173397645206318
-16.173626479444756
-16.17384138865156
-16.174044996499624
-16.17419747113663
-16.174423133483113
-16.174568181834495
-16.174748577333496
-16.174956284999947
-16.175090253930954
-16.17521506964257
-16.175458582919305
-16.175548753615683
-16.175700304978243
-16.17586739847263
-16.176067208831174
-16.17620068533401
-16.17637798202575
-16.17654011890479
-16.17674381429002
-16.176911733393514
-16.177067360434386
-16.1772176736665
-16.17744478980142
-16.177586279994927
-16.17771007179918
-16.177932669894282
-16.178077043257552
-16.178272470802085
-16.178524024306384
-16.17872413580863
-16.178856129782623
-16.179060499922535
-16.179234395412045
-16.17943139692848
-16.179588952200206
-16.17973161666764
-16.17991329457844
-16.180088348531104
-16.180251662411717
-16.180368562831166
-16.180506368035044
-16.180706843307014
-16.180846123671344
-16.1809746600843
-16.18119987022691
-16.181355145414546
-16.18148909692974
-16.181818009163294
-16.181948142523307
-16.182055445146684
-16.182286785445932
-16.1824276646147
-16.182608282171927
-16.182872368635287
-16.183034329237188
-16.183282726964972
-16.183510563945458
-16.183699891449432
-16.183887845241475
-16.184136127734376
-16.18433713115576
-16.18455031851841
-16.184710453772325
-16.18487275204814
-16.185007494801276
-16.185266720213576
-16.18537835868615
-16.18553069838183
-16.1856577087694
-16.18584310394406
-16.186030882412094
-16.186151003031956
-16.18640009964093
-16.18656027458442
-16.18674314270792
-16.186876651860324
-16.187035394087466
-16.18719475621018
-16.18733511688481
-16.18752172317542
-16.18766901938576
-16.187818322607527
-16.18798668594978
-16.188079877332232
-16.188190426367733
-16.188331294737708
-16.18848338338317
-16.188651695224124
-16.18878362597685
-16.18890167803887
-16.189090039325507
-16.189215008944522
-16.18929220822652
-16.189484483220205
-16.18959960415837
-16.189739646963325
-16.189861417535454
-16.189956981474474
-16.190065091634242
-16.19018056504111
-16.19029220455458
-16.190454678739485
-16.190552267169927
-16.190660397755202
-16.190826162275275
-16.19089354072036
-16.190961476429116
-16.19114428769288
-16.191239789170314
-16.191391836310054
-16.191520126969632
-16.191598990508
-16.191738092959355
-16.191807680481535
-16.191892389851425
-16.192012334372095
-16.192083766742027
-16.1922823661639
-16.19239034035605
-16.19249691438547
-16.192623199566214
-16.192732077904584
-16.192865865062018
-16.19301525820639
-16.193101009525645
-16.19318206261286
-16.19332746506501
-16.19340277732069
-16.193492320536816
-16.19367803342142
-16.193768151714124
-16.19388554619615
-16.1940163874786
-16.19413996463142
-16.194205579556588
-16.194333272064153
-16.19437615725863
-16.194470395826688
-16.194541952219062
-16.194610184979553
-16.194723080753484
-16.194788268364995
-16.194912117937584
-16.19501881415619
-16.19514500051875
-16.195222989017374
-16.19531011135802
-16.1953936359498
-16.195472732446948
-16.195556362533466
-16.19566661807386
-16.195732554843378
-16.195802596506898
-16.19590387161256
-16.195930972500964
-16.196088753762844
-16.196140290595416
-16.196223021914843
-16.19633091691246
-16.196372368419354
-16.19650992150484
-16.196554762114506
-16.19663095597051
-16.196748203824534
-16.196813001837796
-16.196914262784787
-16.196986796880637
-16.19707773130728
-16.19715059974247
-16.197219734129245
-16.197315454474236
-16.197387847380746
-16.19747946919987
-16.197589139779488
-16.197691175674855
-16.197748648401916
-16.197863082158808
-16.197890450612526
-16.197971454469172
-16.198015544167376
-16.198076681440746
-16.19816179127386
-16.198192890047064
-16.19829396598267
-16.198324999611675
-16.198378431615478
-16.1984544687929
-16.198494690367827
-16.198544759854535
-16.198593971135146
-16.198643616469347
-16.19872613611719
-16.198777800060387
-16.198833629300566
-16.198880720983578
-16.19893109626957
-16.19900055067057
-16.19907724653101
-16.19912540286989
-16.19919384076153
-16.199249484743575
-16.1993165769624
-16.199397650386164
-16.199440390614473
-16.199518532802955
-16.19957455467563
-16.19963915071875
-16.19969011960681
-16.199726164955084
-16.199770144351064
-16.19983022205649
-16.19986110846888
-16.19990716650666
-16.199965183482888
-16.200027007040504
-16.20007076034764
-16.200124078025794
-16.200176271507885
-16.20026275397239
-16.20030168290254
-16.20036688685662
-16.20040140856767
-16.20044813165152
-16.2005180523563
-16.20056842577957
-16.200637355038797
-16.200692328947557
-16.20074976598263
-16.200804816176138
-16.20085256399805
-16.2009179193466
-16.200954213406117
-16.200999842932656
-16.201074495993847
-16.20112336798482
-16.201169942358632
-16.201231281219776
-16.20126387392928
-16.201324935026772
-16.201398846098545
-16.201461362872514
-16.20151367932309
-16.20155389798191
-16.201619567152754
-16.201670062317543
-16.20173296772816
-16.201777657488293
-16.201830214589656
-16.20188863770269
-16.201946263301675
-16.20199681826169
-16.2020420832188
-16.20209837268614
-16.202149657677307
-16.202203520698234
-16.202256913403907
-16.202329165763345
-16.2023795345132
-16.202427491953035
-16.202509477283737
-16.202554802628597
-16.202631493726138
-16.20269391790307
-16.202762290555533
-16.202826927034454
-16.20287696523282
-16.20294589234249
-16.20301429480315
-16.20306429788171
-16.203116419397293
-16.203154278464925
-16.203197443306145
-16.203230819885256
-16.203261767507975
-16.20332128723656
-16.20335618697724
-16.203402495549973
-16.203436887086376
-16.203470510352087
-16.203539819830972
-16.203567081216587
-16.203637033429093
-16.203671526829044
-16.203717902406787
-16.20376613370924
-16.203825965856648
-16.203870676832558
-16.20391051323792
-16.20395593758773
-16.20400601237126
-16.204051285219165
-16.2040860634994
-16.20412455225303
-16.20416136759804
-16.204208514738283
-16.20423829402583
-16.204271112377356
-16.204324470775735
-16.204353103386083
-16.204375485039225
-16.204422385976883
-16.204451875022638
-16.204495370220357
-16.204533155397968
-16.20456071972962
-16.204594919412468
-16.20463267541943
-16.20466933347561
-16.204709662937763
-16.20473671935795
-16.20476839319125
-16.204812250322778
-16.204845323816404
-16.204883615652754
