500 iters for seed 131 on ER0.3 which is in the 80.69839477539062 percentile
 Maxcut: 27.0, MedianCut: 17.0
-18.99999993927981
-19.000000015725277
-19.00000092067847
-19.0000347089885
-19.00003723857845
-19.000071171615563
-19.00508336824143
-19.01070673336193
-19.020008501210782
-19.05034255504829
-19.143620895367132
-19.371953774921117
-19.58887640899217
-19.764758833014636
-20.017239018610837
-20.21377482820584
-20.450918111939806
-20.6371639006313
-20.785786961958845
-20.942009802444215
-21.11287434593611
-21.264908991139432
-21.376643357981592
-21.44518108462969
-21.512678991386295
-21.568511916324486
-21.62107285472926
-21.687958600214156
-21.74174859912228
-21.784951409769526
-21.812919490478063
-21.841203298986837
-21.85517958093228
-21.879975711084047
-21.8915781403571
-21.904184542884977
-21.92255207357339
-21.929856433405565
-21.940512045689115
-21.948400299134068
-21.95440608278849
-21.959946271838536
-21.965691207426673
-21.970437422883247
-21.974268984086606
-21.97666654787655
-21.97885902007052
-21.98074424104203
-21.98319994112882
-21.985297576810524
-21.987021360909647
-21.988827008566847
-21.990286552648605
-21.992003918166468
-21.99334861769839
-21.994286286232295
-21.995374482535535
-21.9961298463497
-21.996884585702475
-21.99749896445121
-21.997951312512235
-21.99857252837695
-21.999081093953585
-21.99937802675631
-21.99980162113397
-22.00022234102822
-22.000670688372477
-22.00088897504858
-22.00117549358601
-22.00145832481093
-22.001788886365112
-22.002337785766496
-22.0026678616255
-22.003060367146354
-22.003588954268324
-22.004033575925718
-22.004604325716834
-22.005350550740403
-22.00635672858949
-22.007468177397723
-22.008714745756993
-22.011834032888583
-22.015040507348274
-22.019329234063168
-22.030426244015654
-22.035378160958203
-22.049602871446208
-22.08812971668924
-22.121513209845354
-22.135891581865597
-22.186881851472627
-22.24990173953413
-22.273634342930336
-22.32535205327944
-22.382121621126995
-22.429207111716888
-22.469998677745547
-22.500281841685155
-22.530462087753406
-22.565292376411087
-22.5935606283377
-22.616974026027112
-22.637098888509367
-22.652610573601837
-22.666084599359316
-22.679859645032693
-22.691254132388263
-22.700975324151898
-22.710925205911828
-22.72004370738073
-22.728366462335444
-22.73360651626708
-22.738752269200138
-22.742406916005855
-22.746447762033814
-22.75071706104898
-22.7537953662937
-22.75719526556327
-22.75996103858275
-22.763555448646418
-22.766253190491934
-22.769130462578527
-22.771510319626746
-22.773401733476675
-22.77595394915004
-22.778630129752617
-22.782154598915607
-22.785267186737798
-22.78862927635561
-22.79371873194599
-22.799346290671366
-22.80549183514353
-22.811871884625127
-22.820771097630296
-22.830705969825893
-22.84186301772472
-22.853478535774254
-22.862436984316577
-22.87375055625929
-22.889056811597065
-22.9005048299577
-22.91254271637642
-22.92547353013181
-22.941514777111653
-22.955168054023467
-22.973524854393453
-22.992887919260205
-23.007807936934277
-23.017575542706997
-23.028709961760093
-23.04240542674151
-23.059314945130883
-23.072263357644893
-23.092347280230086
-23.100384808251256
-23.116112384408265
-23.125798544135737
-23.1376770906211
-23.14951618905603
-23.157869086587198
-23.172595424464145
-23.185216349406925
-23.19498604856195
-23.20454836964618
-23.21555822136864
-23.227677066598986
-23.238222110030975
-23.24645312429072
-23.25571554841554
-23.266258359947518
-23.27955050759788
-23.289288322849757
-23.301014637295978
-23.307947882761514
-23.31637253794577
-23.328876043970475
-23.336672029131314
-23.347835178174766
-23.35495668651235
-23.36293574804319
-23.370805223623346
-23.37927227392458
-23.38702262200004
-23.39481869158232
-23.404896198573756
-23.41356938451154
-23.421412919098348
-23.430402732193468
-23.43775352989151
-23.444307826308496
-23.453022499457642
-23.458206644569003
-23.463764224082464
-23.46992259030631
-23.474315001179175
-23.480638815860583
-23.485075702621465
-23.48907530486277
-23.49356351963588
-23.498038923871547
-23.503921051623827
-23.510893628728834
-23.514858793366205
-23.52149715474624
-23.5257204109659
-23.531183692046444
-23.535097042746834
-23.538882122111232
-23.543720177142866
-23.549091803079197
-23.555019551047263
-23.560509936857247
-23.566377895999988
-23.572121900946378
-23.578775595720195
-23.58208980656451
-23.58646264276067
-23.590643736778528
-23.595363038039817
-23.598915774048383
-23.60371705964836
-23.608636289104634
-23.61188633520863
-23.61792514315419
-23.623384960669764
-23.62841499404558
-23.63384426400184
-23.63890776507199
-23.642798971531978
-23.650257878316047
-23.653000900289907
-23.657687151920857
-23.661691755482405
-23.666571345272743
-23.671335753954864
-23.675418780064497
-23.67969513367356
-23.685464433698623
-23.68873551581199
-23.693183892866656
-23.698433310092526
-23.704249204990663
-23.71000677761228
-23.715745167480723
-23.72162990280949
-23.730461335001067
-23.738549876322594
-23.745877905100365
-23.752568488842286
-23.760683529056266
-23.766795997557104
-23.77348921620245
-23.77666518726451
-23.78257239013981
-23.786756394527444
-23.79249406281677
-23.795675635547102
-23.800266746317035
-23.804935485205906
-23.809996901489416
-23.814636900056787
-23.818681191557076
-23.823350468348814
-23.82812207498112
-23.832105933909073
-23.835036101606182
-23.838008584139608
-23.84123764118606
-23.844729815193215
-23.847757479112836
-23.850973386103057
-23.853973510252917
-23.857845018343536
-23.862532994659528
-23.865633074299357
-23.868858692023498
-23.871372020351163
-23.873432510299672
-23.876457957393384
-23.87949740433824
-23.88302950564349
-23.885538928178388
-23.888048933326644
-23.891795988283885
-23.89402942603257
-23.896696817310982
-23.900226607929483
-23.90221679100365
-23.904785719338072
-23.907231617340635
-23.908450978063588
-23.910877414698554
-23.91127132015619
-23.913532433180546
-23.91441150768373
-23.915697137647754
-23.91758741141126
-23.91799041095289
-23.921031731130796
-23.92188596014515
-23.923220535166596
-23.925153804856176
-23.92608083450972
-23.928738896876087
-23.92974429088175
-23.931501812033957
-23.93376098293299
-23.93572470673978
-23.937001702774158
-23.938485542138807
-23.93968144312169
-23.941460536426362
-23.94305971243107
-23.944573381910516
-23.945936838984263
-23.947397399151864
-23.948592246096585
-23.94944442774014
-23.95061966245941
-23.951860435391094
-23.95289673619968
-23.954468792772406
-23.95526142001279
-23.95618027429269
-23.957430007428705
-23.958409783728555
-23.959713463938623
-23.961508096929986
-23.962331217664385
-23.963987630964958
-23.9647304768547
-23.96573617852507
-23.966709199816986
-23.96764600892139
-23.968489656892057
-23.969307765341664
-23.970389984017768
-23.97121813318894
-23.97193795647401
-23.97324589727185
-23.97410545333009
-23.974957352901846
-23.97603394161518
-23.976560819205243
-23.977174647602958
-23.978421582673406
-23.979183946836535
-23.97978803552625
-23.980623713565528
-23.98136187477385
-23.982144738712663
-23.983594018512136
-23.984139609642792
-23.98488205341181
-23.98529014684658
-23.986085224233747
-23.986624990926735
-23.98712726587811
-23.988066875023897
-23.988752571936974
-23.98963840674416
-23.990149540131853
-23.990835801810746
-23.991487228149875
-23.99258747478752
-23.993042614963738
-23.993762454412906
-23.99460568093705
-23.99536752214738
-23.99645501225149
-23.997035180789048
-23.997706790261326
-23.99911797647442
-24.00009335931047
-24.00132898402314
-24.002218952512013
-24.003093244720475
-24.00401928703931
-24.005045470952382
-24.006350200865715
-24.007290607803917
-24.008073642189643
-24.009005367196455
-24.00958393355952
-24.010306969053403
-24.01176101631751
-24.012491967427106
-24.013185102427848
-24.014514569009577
-24.015241115561473
-24.015950678298424
-24.017138748905328
-24.01784855327826
-24.01867940576521
-24.019821550281378
-24.02033211506233
-24.021055886254764
-24.021780204955412
-24.02271013677808
-24.023427349527417
-24.023914326011564
-24.024897446698038
-24.025828513529593
-24.026446646357055
-24.027283843010842
-24.027838157383876
-24.028515487957726
-24.029607279909907
-24.03066563845044
-24.031273854958496
-24.0323912651379
-24.033024333753502
-24.033992335957507
-24.03482055515274
-24.035399310507774
-24.036619606764773
-24.037246617876555
-24.03809139256045
-24.039040147910335
-24.03998258168408
-24.041062476053074
-24.042225549566325
-24.04307776281611
-24.04390707584856
-24.044439080424873
-24.045257674243988
-24.046517099571233
-24.046742265771073
-24.04823363146354
-24.0486836385807
-24.04961673380205
-24.05107741692017
-24.051643187054793
-24.053379651571895
-24.05409262249208
-24.055248179543113
-24.056460967502797
-24.057809752853665
-24.058603473143656
-24.059333564244103
-24.05994868314922
-24.06068694202112
-24.06156770415738
-24.062048739982885
-24.06261840635478
-24.06370026328614
-24.064174646539456
-24.065204387355124
-24.065862576833702
-24.066835762786233
-24.067686452515197
-24.0685295963011
-24.069976034536122
-24.07086151905073
-24.072468615571236
-24.073205078905033
-24.07403177247276
-24.075187780260677
-24.07633144575909
-24.077015233476164
-24.078044989456757
-24.078595818314266
-24.079358860569407
-24.08030706018206
-24.08089360363508
-24.08245953667569
-24.08306096884089
-24.084304619244378
-24.084888129545067
-24.085834739304424
-24.086586124082217
-24.087389312946776
-24.087925180927364
-24.088480741355355
-24.089085224989923
-24.089850962055316
-24.09033853187264
-24.091042584223867
-24.09126457094294
-24.09203124057776
-24.09253484706915
-24.09310308300947
-24.094002731638014
-24.09454802676617
-24.0956152494002
-24.09632200282201
-24.097081073601743
-24.097506738468596
-24.09807207885307
-24.098611203444104
-24.099107344551545
-24.100097289721976
-24.100685278637734
-24.10155158181956
-24.102455122113803
-24.10330504017668
-24.103934100367983
-24.104968997473605
-24.105527362172623
-24.10627006337151
