500 iters for seed 189 on ER0.3 which is in the 22.267913818359375 percentile
 Maxcut: 26.0, MedianCut: 16.0
-14.024010592840803
-16.001100272266637
-16.010184876347637
-16.028638474524243
-16.059170241469012
-16.136393267637654
-16.154712606795922
-16.188631295402082
-16.21106568893818
-16.22719577177336
-16.244289273856122
-16.266398683874172
-16.285959071668973
-16.30252856988387
-16.3207672079869
-16.338062236338708
-16.352941380215828
-16.365322263421106
-16.377642783584278
-16.38708483305791
-16.394021329621967
-16.403675290593483
-16.410639222365443
-16.41698088966957
-16.42310207985175
-16.42911716052599
-16.436615005117204
-16.443051389526765
-16.44886761076212
-16.453761092512806
-16.456887309022612
-16.463332055227525
-16.465717221910772
-16.46893993360082
-16.472617270705538
-16.476361883986005
-16.480895425702645
-16.48386167104827
-16.487287981015076
-16.49123452626209
-16.494282308286724
-16.497029079108486
-16.50028452434626
-16.502676911160567
-16.505194778293156
-16.507475956612492
-16.509771317242187
-16.511275763844317
-16.51291167536737
-16.516132530741636
-16.517826452552157
-16.51983554515071
-16.522144293043297
-16.52380459407825
-16.52602563135109
-16.528078979010196
-16.529543341329088
-16.53141991188423
-16.532974630132454
-16.53508521644259
-16.536479709791443
-16.53769521479489
-16.53918104741662
-16.540726470274365
-16.54186369394963
-16.543201184605852
-16.545322881675425
-16.54677032400388
-16.548553443414733
-16.549976675548454
-16.551603904888843
-16.553404049364733
-16.555418554840827
-16.556930211206158
-16.55816362296402
-16.559461732399733
-16.56071405388292
-16.562448704255996
-16.563760858687306
-16.565144279985297
-16.567203612581732
-16.568472834082616
-16.569690860981623
-16.572265028239944
-16.573113725287385
-16.574471349679897
-16.576015945269805
-16.577348098879668
-16.57959263917165
-16.5800762031609
-16.583370040908193
-16.584374474762303
-16.58534618052241
-16.586803705345964
-16.588199996574943
-16.58929576606743
-16.590687933113937
-16.59175051493866
-16.59294810647594
-16.59456133682845
-16.595866590444604
-16.596912789462465
-16.59836901289078
-16.599449169454928
-16.60029333328411
-16.601246730586084
-16.602077287964626
-16.603469624728696
-16.60458911089441
-16.605612226550534
-16.60650542166298
-16.60743972897675
-16.608482996376676
-16.609418127000264
-16.610406935724114
-16.61129556125474
-16.61219349435867
-16.613122688438096
-16.613832569393377
-16.614711392299068
-16.615311145367446
-16.61591698930344
-16.617045749564458
-16.61759670733396
-16.61822530278655
-16.618748344144727
-16.61922293355102
-16.61979415466544
-16.620277093808163
-16.620780487532656
-16.621219845065667
-16.62178348489073
-16.622366596584136
-16.622962313677917
-16.62330614672948
-16.62406652650671
-16.624374249428474
-16.624785273873204
-16.625342064426206
-16.625761620204017
-16.62623224576981
-16.6266956488613
-16.627227286885233
-16.627597873118795
-16.627988068485493
-16.6285130372881
-16.628854342760512
-16.629391111936524
-16.62993576823543
-16.63020530046094
-16.630798956485368
-16.63112014023271
-16.63159401738413
-16.632060266057046
-16.632392684444497
-16.63278857168244
-16.633161613594183
-16.63341156938187
-16.633803381114493
-16.63410307042427
-16.634513934181975
-16.634868444073867
-16.635078648659007
-16.635638566783076
-16.635951143724906
-16.63643926772687
-16.636836186457142
-16.637118242954287
-16.63740947304497
-16.637712165644686
-16.638093304502746
-16.63859604446372
-16.638797949940965
-16.639459062237414
-16.639721900780344
-16.64013565583986
-16.640498317645747
-16.640951959305312
-16.64128484565296
-16.641646512071787
-16.642131785638355
-16.642309689948434
-16.642917907415615
-16.64309606588345
-16.643429554370016
-16.643928842738433
-16.644264038029988
-16.64477196417763
-16.645059759520247
-16.64538524662765
-16.645925435272705
-16.646384380017807
-16.64671994063275
-16.64705999226189
-16.647370905366827
-16.647669781434974
-16.64815104738385
-16.648432368797558
-16.648788435382656
-16.649148968627895
-16.649589742421043
-16.649983694587434
-16.650341251720988
-16.65066847967527
-16.651024874546323
-16.651306071967333
-16.651595136878207
-16.651955481387027
-16.652290051076953
-16.652624406165174
-16.652895686720296
-16.65318608916285
-16.653497496219433
-16.653785624694383
-16.65408992979222
-16.654310204248603
-16.654596321000252
-16.65483835684472
-16.655068377723815
-16.65524310177615
-16.655432887339565
-16.65563078830897
-16.655859336255222
-16.656107772662622
-16.65633805486621
-16.656585479316583
-16.65696133843914
-16.657149576257627
-16.657324816046483
-16.657535673642997
-16.65772782488582
-16.657819274601078
-16.658179383235378
-16.658292854251563
-16.658472128967393
-16.658723030877404
-16.658868183644955
-16.65924558378182
-16.65938039062102
-16.65960867131331
-16.659923357650015
-16.660160320522483
-16.660483366227695
-16.660700580264624
-16.660940470347605
-16.66112704844538
-16.661395403014232
-16.66155703951252
-16.661739222041653
-16.661945095229342
-16.66219274524323
-16.66238461057217
-16.66261994789384
-16.662767984630563
-16.66295544205677
-16.66314005208708
-16.663421783475165
-16.663630731481796
-16.663834427392437
-16.66412089002688
-16.664181366505566
-16.66441552322557
-16.664542732523856
-16.664682220345114
-16.664875219501575
-16.66491001973008
-16.665325932380536
-16.665435914022943
-16.665611038970944
-16.66578880409068
-16.665934688917734
-16.666255600087403
-16.666371354731027
-16.666595627163808
-16.666724497835762
-16.666969558303787
-16.667160247245924
-16.667288778416175
-16.66747209961604
-16.667661213146005
-16.667968802741157
-16.668186101959265
-16.668418812532664
-16.668600631572822
-16.668842155570438
-16.66903684916146
-16.66919189668823
-16.669448099460013
-16.66958439009032
-16.669741716197095
-16.669969924626947
-16.670100740644997
-16.670275743027567
-16.670482808349117
-16.670627621207085
-16.67078277668407
-16.671117219656843
-16.671274987435257
-16.671519492091768
-16.6717210913049
-16.67198008308524
-16.672186491743414
-16.672396504218696
-16.672609224613154
-16.672765089175392
-16.672885299913652
-16.673121463406762
-16.673264682645677
-16.673432309878965
-16.67358655362013
-16.673751493050446
-16.673912370163865
-16.674035684538488
-16.674189312825717
-16.67430414350246
-16.67444690522388
-16.67464952226375
-16.674727400656455
-16.675036421125228
-16.675142373053557
-16.67528443924555
-16.6754053615592
-16.675574144947106
-16.67573179863503
-16.675820599195916
-16.676083067650314
-16.67620502002299
-16.67640793425568
-16.67656365020118
-16.676742211853643
-16.676943822972685
-16.677157921668883
-16.677383271140087
-16.677523814374624
-16.67774589130896
-16.677874313487663
-16.678027402357856
-16.6781741434164
-16.67827586778028
-16.678505435237554
-16.67864712507918
-16.67886087676613
-16.679033679898186
-16.679184015009266
-16.67933174274409
-16.679470737670005
-16.67966103786853
-16.67978643774692
-16.67990210753219
-16.680044948060782
-16.68015989893273
-16.680392550746536
-16.68055016097268
-16.680649054627196
-16.680779806330055
-16.68090314410861
-16.68104906717501
-16.68121097064229
-16.68130469905169
-16.681419351218384
-16.681493540163743
-16.681596014910262
-16.681740303286325
-16.681812546915943
-16.682015235277095
-16.682094207956247
-16.682250819626198
-16.68233925888555
-16.682473437336352
-16.682622207581744
-16.68278934620076
-16.68289153160572
-16.683000069065418
-16.68309817896349
-16.683200033967402
-16.683326493026122
-16.68341884834859
-16.683590873693518
-16.68377628730464
-16.683903358043523
-16.68403280070197
-16.684143800013807
-16.68426703165885
-16.684398313272087
-16.684507622877682
-16.684623950685214
-16.68475195777713
-16.684896410919155
-16.68501120470991
-16.685152587126304
-16.685264143745584
-16.685390597317333
-16.6855254634342
-16.685682939265526
-16.685780158105864
-16.685894400042244
-16.685999586331597
-16.686133580300538
-16.68625894026763
-16.68635140764062
-16.686453439800076
-16.686598776144585
-16.686692544005844
-16.686780889297914
-16.686874151602723
-16.68696678435344
-16.687129424103826
-16.68723097028188
-16.687360793398117
-16.68747498136883
-16.687570238662495
-16.687701986264535
-16.687814130401435
-16.687919728899026
-16.688013464379143
-16.688133877130596
-16.688196770634505
-16.68827107569113
-16.68836511314668
-16.688464433789793
-16.688587370384607
-16.688733402984578
-16.688818663332363
-16.688945285922614
-16.68902881821544
-16.689155425494285
-16.689258465546402
-16.68934646489496
-16.689512658301155
-16.68961651658181
-16.68972484924538
-16.68980517699864
-16.689887077932077
-16.690004549670213
-16.69016005372678
-16.69028277388533
-16.690368143555887
-16.690483682507654
-16.690576713163964
-16.690695663917808
-16.690821794628118
-16.690911818621693
-16.690988854342855
-16.69113865217997
-16.691180208931062
-16.69127026643377
-16.691345682116047
-16.691416683936474
-16.691532769455684
-16.69160019089521
-16.691786727843585
-16.691865583189937
-16.691956343465854
-16.692087000178987
-16.692192488135667
-16.692342817381544
-16.69243960032624
-16.692555467904686
-16.69263909288575
-16.692727730303716
-16.692813095798346
-16.692869694704665
-16.693054132636696
-16.693086957053502
-16.693276152640905
-16.69335401008267
-16.693441824514423
-16.69359232897034
-16.693689971578397
-16.693845744899715
-16.69394112510252
-16.694037204665477
-16.69412523916924
-16.69421042603696
-16.694326624821386
-16.694395757215823
-16.69451861575409
-16.69459136453265
-16.69466645777411
-16.694795401413778
-16.69487646282039
-16.694968993998817
-16.69504522294571
-16.69512109720369
-16.695214151619876
-16.695305128190117
-16.695391944026134
-16.69544946411434
-16.695540866417815
-16.695625349615046
-16.695704934642812
-16.695791926336106
-16.695856587951983
-16.69594393028707
-16.69604874032754
-16.696115618330452
-16.696185072089435
-16.69624891453695
-16.696303525719056
-16.6963712149246
