500 iters for seed 137 on ER0.3 which is in the 12.009429931640625 percentile
 Maxcut: 28.0, MedianCut: 18.0
-14.034324896858585
-17.508556728974195
-17.515314270138756
-17.580088278460003
-17.615767599857925
-17.660934249815853
-17.685415262710574
-17.707855096092093
-17.73696008272808
-17.75674236838138
-17.774411657085817
-17.79398393179139
-17.815314226446638
-17.83324806874671
-17.84925010451599
-17.86741418339544
-17.880956908709905
-17.89126526145893
-17.902140781081734
-17.91152103609069
-17.920020703405612
-17.92836718338101
-17.93493472593744
-17.942076481643394
-17.949756426289394
-17.95606723271396
-17.96299951500085
-17.96964971744783
-17.975133096816954
-17.98064750415623
-17.985646860891265
-17.99143743582491
-17.995134124566793
-17.999295220024905
-18.004251233813473
-18.00765077658608
-18.014292744972668
-18.01715899716977
-18.019696055670686
-18.022619759692418
-18.025007496347722
-18.02783933576633
-18.030286455453993
-18.03279955678261
-18.035314658416386
-18.0377270923025
-18.0400849386643
-18.041793723052507
-18.04371456255389
-18.04531830689322
-18.048319974433397
-18.04972150804974
-18.051549239188883
-18.054326233574866
-18.05569316034271
-18.058129756189178
-18.059981717092104
-18.06249540219855
-18.064022441704438
-18.06595288071513
-18.067454619177
-18.068816354264722
-18.070495417645688
-18.072112378816218
-18.073303573471485
-18.074741199095016
-18.075932641270928
-18.077265522456955
-18.078813264322182
-18.079525051552935
-18.08014369367165
-18.082067085883676
-18.08324054853655
-18.084591784108753
-18.08608284200244
-18.087139175466394
-18.088629353662032
-18.08996675846798
-18.09094512891729
-18.092104760683743
-18.09312381279123
-18.094076833481704
-18.09516608010697
-18.09606810953303
-18.096737222547077
-18.098276160681078
-18.09905266361694
-18.10029787879367
-18.101465950667528
-18.102226294437415
-18.10372240841333
-18.105012049112727
-18.106626094148094
-18.107321161330038
-18.10826315453634
-18.108945879466873
-18.109683130743523
-18.110969325064488
-18.11163170779429
-18.112755721324135
-18.113528276376368
-18.11425933227807
-18.115081023478112
-18.115641848441285
-18.11628535660174
-18.117101148903846
-18.117696021610858
-18.118895683978764
-18.119471283075097
-18.120077579003638
-18.120714988463554
-18.121302026583187
-18.12196262058577
-18.122483758916108
-18.122911525237914
-18.123563072881986
-18.12405632996243
-18.12458410744382
-18.12505988354515
-18.12553088739003
-18.126022314074863
-18.12652799417539
-18.12695916194537
-18.12745061477603
-18.127999709301122
-18.128498491606113
-18.128995626049626
-18.129287219354495
-18.12975224521
-18.130190207461588
-18.13063378088553
-18.131132559999756
-18.131451205331224
-18.131853333645083
-18.132503888543564
-18.133091417011478
-18.133677253710136
-18.134215001794246
-18.134452643848444
-18.135032746416165
-18.135317421909637
-18.135793723237736
-18.136317358155647
-18.136863623653856
-18.137228602811685
-18.137631761278534
-18.13799057389121
-18.13841695036814
-18.138881647842936
-18.139177014975097
-18.140001728569416
-18.140382104256563
-18.140962703594557
-18.14144422287179
-18.14206267282864
-18.14236512968878
-18.142892131849496
-18.143295168860643
-18.143628444315883
-18.144159630517855
-18.144601781911405
-18.145044573878206
-18.145413580822147
-18.14577328817002
-18.146470375330125
-18.147071666437558
-18.147367260870595
-18.147805836591054
-18.1482529173963
-18.14883109682855
-18.14938591480605
-18.14991937586222
-18.15042597961104
-18.151042746784317
-18.151611583381914
-18.152085918273862
-18.15264476462057
-18.153390350024434
-18.154078194985477
-18.15465770716404
-18.155168705263147
-18.155652659474658
-18.156291348387384
-18.156600202486548
-18.157187410816658
-18.15752762106083
-18.157865512582944
-18.158499225973085
-18.158856816636877
-18.159514055493723
-18.15978483832601
-18.160248581716893
-18.161163530888235
-18.16157447956485
-18.16225508243766
-18.162728128630675
-18.16341052630697
-18.164026662643675
-18.164642823266863
-18.16523417169919
-18.165949314087907
-18.166381455769944
-18.16694710976299
-18.167599541050322
-18.168138888511294
-18.16881927209596
-18.169317750091317
-18.169797262922444
-18.17021067972426
-18.170681383895946
-18.171439544102448
-18.171934225223364
-18.172352241877498
-18.172711063373622
-18.17318198415559
-18.17391105181862
-18.1746028128251
-18.175066247912028
-18.175638959903203
-18.176108200455644
-18.17658883938979
-18.17716541282277
-18.177571117149252
-18.17793078883449
-18.17855135283657
-18.17880813572856
-18.17910436471697
-18.17964258889305
-18.179867847332943
-18.18020287672124
-18.180567967205782
-18.180829748297395
-18.18136537501651
-18.181706522378306
-18.182059168888244
-18.182380020263018
-18.182711237092562
-18.183071370424802
-18.183357673273203
-18.18367447981359
-18.184000600508462
-18.18435011788649
-18.184673748313088
-18.184916098474208
-18.185235250391973
-18.185683269038915
-18.18585194259899
-18.18613711922772
-18.186283544217055
-18.18649941617994
-18.186774209058967
-18.187082036262574
-18.18730934271986
-18.187633953424502
-18.187747914654388
-18.187994299158422
-18.18825448431088
-18.188406091173675
-18.188755986979395
-18.188944077373485
-18.189287579549795
-18.18953408492185
-18.18979878433862
-18.190011691119775
-18.190185352780997
-18.19040084754058
-18.190614678106417
-18.190897200040663
-18.191137270460185
-18.19143656276029
-18.191639909265565
-18.191851386829764
-18.192092724822498
-18.192311578891015
-18.192603950970415
-18.1928158718109
-18.193039030388313
-18.193250928284474
-18.193436274112305
-18.19362519783354
-18.193918932813418
-18.194164372827743
-18.194337234131684
-18.19453779957407
-18.194676865994115
-18.19486069577018
-18.19507417376828
-18.195201852157076
-18.1953316515797
-18.195479777065497
-18.19560855650165
-18.19582160340481
-18.195988699591922
-18.196131203375703
-18.196257565970587
-18.196397951415225
-18.19659619362702
-18.1968248697538
-18.196934860302548
-18.19709917046656
-18.19727081808248
-18.197478205538207
-18.197699271174535
-18.19784271488111
-18.19795844314427
-18.198117370990353
-18.198210292510634
-18.198332859641123
-18.19846977323506
-18.19857168440607
-18.198756158625898
-18.198847738947862
-18.19901963260441
-18.199098059083827
-18.199201899260768
-18.199372614396925
-18.19940259946832
-18.199640130473096
-18.199713857285374
-18.199854305912275
-18.199957720163663
-18.200084393093324
-18.20019094904265
-18.200279213939485
-18.200410302635003
-18.20052900418961
-18.20063343460942
-18.20077584876955
-18.20087020511244
-18.201024580003413
-18.201154490476675
-18.201325478858365
-18.20139918556824
-18.201512734631095
-18.201601547680298
-18.201702600419985
-18.201892037153517
-18.20202614352285
-18.202228620646405
-18.20238446567225
-18.202525024896076
-18.202664820961903
-18.202834779707707
-18.202975343718634
-18.203117466599217
-18.20325261095067
-18.203443504344087
-18.20358876598629
-18.203714764026962
-18.203927048519468
-18.204068850152375
-18.204307999387698
-18.204474139151042
-18.204651397020378
-18.204787975928205
-18.204930923434667
-18.205090370941868
-18.205215571873957
-18.205326522854794
-18.205450171254917
-18.20560865847835
-18.205740445220375
-18.205854232186798
-18.20599475071831
-18.20616922142159
-18.20632604426324
-18.206450905743065
-18.20660576221954
-18.206699763991505
-18.20679655305052
-18.20693277867897
-18.207037576912775
-18.207188355080113
-18.20738769384568
-18.207479304179277
-18.207652396628625
-18.207838048408437
-18.207959932117145
-18.20817300055839
-18.208258816726755
-18.208388330066658
-18.20843509015333
-18.208624556474795
-18.208692358838245
-18.208774565480073
-18.20889848450094
-18.209103002486973
-18.209287003162448
-18.209415538984057
-18.20953712941789
-18.209626592256257
-18.209747349147975
-18.20990858130901
-18.209993469415398
-18.210062957333545
-18.21016201775582
-18.210247987416288
-18.210371248450326
-18.210496678628303
-18.210555025874328
-18.210648159118293
-18.21073399368414
-18.21085424984418
-18.210921180477417
-18.210984186456777
-18.211068482300586
-18.211171528009377
-18.211247289758738
-18.211351695456933
-18.211404190907395
-18.211485151639863
-18.211565036704762
-18.211653026027044
-18.211725488719697
-18.211800585147895
-18.211860063039364
-18.211939872097567
-18.212017735520796
-18.212089495241255
-18.212176762011385
-18.212253561937775
-18.21230545144466
-18.212364337069054
-18.212440378083247
-18.212563300896615
-18.21266338340089
-18.21274902162927
-18.21285329835883
-18.212928363643837
-18.213001962218694
-18.213099959775494
-18.213157298300928
-18.213246322780606
-18.213334462107216
-18.213422745608316
-18.213468797231656
-18.213558390521957
-18.213628218855934
-18.213686326670704
-18.213789158134873
-18.213854251854425
-18.213941347543113
-18.21398929360445
-18.214044599824057
-18.21410196779714
-18.214154981853845
-18.21420639264958
-18.21428007676315
-18.2143336782228
-18.21438796987708
-18.214493384513908
-18.214537637503064
-18.214610923173627
-18.214666605550747
-18.21472814287813
-18.214789267579018
-18.214853899229666
-18.214915248255686
-18.21497793267385
-18.215041462746246
-18.21510993759015
-18.215156148921974
-18.215206520499308
-18.21525580931323
-18.215294983104876
-18.215376779175358
-18.215413353270073
-18.215466044001836
-18.215520338954846
-18.215566994880483
-18.215633815926438
-18.215711762982195
-18.215767618394292
-18.215826546683985
-18.215863242643294
-18.21591868613619
-18.215944550223412
-18.216034220643294
-18.21607635840779
-18.2161295284586
-18.216205823850295
-18.216281217193227
-18.216356768999706
-18.216423633502867
-18.216484189856892
-18.21653659217415
-18.216636152556127
-18.216680931341507
-18.216728015975136
-18.21680861974031
-18.216849505643346
-18.216910052871967
-18.216951708165816
-18.21700244870898
-18.217081895506794
-18.217150103070942
-18.21727667354196
-18.21732223689431
-18.21738394679985
-18.21743216734925
