500 iters for seed 176 on ER0.3 which is in the 34.477996826171875 percentile
 Maxcut: 25.0, MedianCut: 16.0
-15.035598515749863
-15.994127905651316
-16.025954142540265
-16.092771617832522
-16.12993960943776
-16.210933916934273
-16.22806751711005
-16.25376022320983
-16.293126940615835
-16.323083091651025
-16.34633749767922
-16.356011914810253
-16.372881755597152
-16.384848345104466
-16.39489413408761
-16.40741298027775
-16.41696387482505
-16.428703249322606
-16.438709883264234
-16.447774105892762
-16.457998034946584
-16.467843791727894
-16.47599648940668
-16.485241086718197
-16.491444920105394
-16.498131720112802
-16.5045089277502
-16.509584769793396
-16.513603588391078
-16.519826745663003
-16.522496413842987
-16.52704098046255
-16.531240711825596
-16.53632375435831
-16.53967484488048
-16.543473811680464
-16.546927297450775
-16.550375852884333
-16.552688374382583
-16.555405281000947
-16.557150660067478
-16.559887283953785
-16.56181630595594
-16.563386116792216
-16.565887297131226
-16.56789020307057
-16.56942002922035
-16.571430636947344
-16.57303950509735
-16.575259415335243
-16.577259667282423
-16.57899070149467
-16.580282438834878
-16.582160147174356
-16.583744426633764
-16.58541279786875
-16.58695541657934
-16.588081322298446
-16.590143864543474
-16.592118478699902
-16.59335300424743
-16.59535970930473
-16.59656676903259
-16.59816939662567
-16.599877823690694
-16.60118313523056
-16.60288031734534
-16.60450660489729
-16.606466656911138
-16.60796857329327
-16.609563266219798
-16.611244644132498
-16.61250185719844
-16.613767579442815
-16.615254907729422
-16.61629269506463
-16.617454082109035
-16.619041738314696
-16.62000788030099
-16.62116259243838
-16.622437128848347
-16.62343923464339
-16.62439696404748
-16.625654084072096
-16.626406120763452
-16.62712670056645
-16.628290663287192
-16.628967446477176
-16.629850186188882
-16.630775039319154
-16.631537687395486
-16.63204593579227
-16.633145839980987
-16.633611709766605
-16.634280778384458
-16.63495889828077
-16.63551255030486
-16.636387879312444
-16.637101715690505
-16.637695528943816
-16.638352335197318
-16.63897212017923
-16.639828113613383
-16.640510053456893
-16.641191130407694
-16.6418728400641
-16.64250155933381
-16.643067572601975
-16.643611411726422
-16.644153469757537
-16.64481159658336
-16.645335864324473
-16.645836665079536
-16.646356566853697
-16.646795602232014
-16.64729666510024
-16.647754171076876
-16.648085227819227
-16.648681737339075
-16.64914449103166
-16.64945681430299
-16.64992547557779
-16.650272078922796
-16.65075677287461
-16.65109895301272
-16.65143422054871
-16.651824266020064
-16.65216461053708
-16.652511528547578
-16.65287209184504
-16.653160685478024
-16.653592287134877
-16.65394630485705
-16.654335234742994
-16.65474794952185
-16.655116148909425
-16.65552664062214
-16.655911925630754
-16.656358926044494
-16.65671681296718
-16.65707151082
-16.657419286792937
-16.657733470260244
-16.65807257360379
-16.65834891366107
-16.658655681289005
-16.65897586849315
-16.659292786598566
-16.659627421533422
-16.659960885595435
-16.660271331632
-16.660586302378825
-16.660776114427247
-16.661352894021018
-16.66158350059284
-16.66194152045426
-16.662475256854105
-16.662952158149448
-16.663368846742205
-16.66370576766936
-16.66403070011078
-16.66441771365139
-16.66490748640324
-16.665189552466217
-16.665567741419167
-16.66584580328071
-16.666225356880748
-16.66650742737012
-16.666757610357838
-16.667178423483982
-16.667266157821633
-16.66765792117199
-16.667882136256633
-16.668139504804202
-16.66850892156799
-16.668586622819785
-16.669152483915255
-16.669329403041647
-16.669642640747632
-16.670056607093343
-16.670366907672413
-16.670690240793647
-16.67092321725525
-16.671169596217535
-16.671344818888567
-16.671709038296697
-16.67186706681437
-16.672059484447985
-16.67240982864493
-16.67261196240671
-16.67293913400038
-16.67315199679819
-16.673438829145823
-16.67361574569602
-16.673804871835088
-16.6740315215714
-16.6742036039024
-16.674431967312167
-16.6746900693358
-16.674958029338146
-16.675117973114652
-16.675368984247953
-16.675525261348835
-16.675706999283832
-16.675889418396686
-16.67604829840974
-16.67634216083415
-16.676572621082983
-16.67674531346898
-16.676976581499584
-16.677169083656807
-16.677217211238304
-16.677627667457674
-16.677725845518296
-16.677888254181795
-16.678116791808463
-16.678154986257766
-16.67857920509347
-16.678710468964788
-16.678871976621345
-16.67907549478401
-16.679244365495443
-16.679486835576554
-16.67968320351897
-16.679896011764736
-16.68011916470813
-16.680333531605918
-16.680590538938453
-16.6808075136899
-16.680949702553036
-16.681295750749047
-16.681436497895202
-16.681652523087212
-16.68187549297162
-16.68209694746008
-16.682242661249596
-16.682627019990104
-16.682809534701093
-16.68302772036833
-16.683342329637732
-16.68349974184061
-16.68373379438811
-16.68392960094048
-16.684123446387137
-16.684350850876896
-16.684596456392494
-16.684837305174128
-16.68509708600612
-16.685336185823125
-16.685571845680048
-16.685876052639134
-16.68609042283431
-16.686345941176747
-16.68668654267572
-16.686891908276788
-16.68705822495895
-16.687413525852186
-16.687574608302363
-16.687752399938546
-16.687981637290168
-16.688123489073686
-16.68848737791281
-16.688695067601206
-16.68889178859236
-16.689117416209562
-16.6893285616572
-16.689587999199055
-16.689843024162066
-16.690063395827217
-16.690277825151686
-16.690665671282968
-16.690851822645094
-16.69104402791601
-16.691236088368207
-16.691427248878718
-16.69171577166596
-16.691998438273767
-16.6921555451256
-16.692424379081665
-16.692613359010362
-16.69283648654548
-16.69313497285879
-16.69331873138834
-16.693523062941118
-16.69386700473982
-16.694062579701235
-16.694250193950133
-16.694473083920386
-16.69465803481886
-16.694838099637987
-16.69514542300081
-16.695307525473652
-16.695534643094675
-16.695697607379586
-16.695934298427638
-16.696100763745957
-16.696275544657176
-16.69652665589856
-16.6967836687509
-16.696990204177034
-16.6972907548816
-16.697477022179772
-16.697722308791214
-16.697988869910393
-16.698134573289014
-16.69829694507198
-16.69853776979732
-16.698708222266475
-16.698931452457316
-16.699190242961574
-16.69931925164809
-16.699501457379842
-16.699688932770144
-16.69991783136117
-16.700178520299787
-16.70034659761117
-16.70051555509219
-16.700782817446747
-16.700943206851267
-16.701127044837243
-16.70133035785363
-16.701520883337203
-16.70168250583969
-16.701956445584287
-16.702137222293295
-16.702348212470675
-16.70268380568551
-16.70289999824196
-16.70314973375403
-16.703338326664845
-16.70355298229906
-16.703810054516875
-16.704076620410163
-16.704345418366326
-16.704556509578936
-16.704742727141497
-16.705021843754352
-16.705206942560814
-16.705327373080493
-16.705591341045544
-16.705777069597847
-16.706070419368775
-16.706372597650372
-16.70650283798676
-16.706758964387337
-16.70688339513041
-16.707085011125546
-16.70727666538837
-16.707423570020083
-16.707719292145413
-16.70793125237391
-16.708166442935024
-16.70842087873168
-16.70860063296834
-16.70883304355972
-16.709028110131914
-16.709205886356123
-16.70942952934735
-16.70961046731278
-16.709815701322952
-16.709985987274514
-16.71012269180317
-16.710318676874422
-16.710521992088207
-16.710666318293168
-16.710807165284816
-16.710954786392264
-16.71112387789088
-16.711264341630248
-16.711389196369407
-16.71153942506439
-16.711748882431777
-16.711861606656555
-16.712042292530676
-16.712267669115647
-16.71235353008806
-16.71262077175951
-16.712706959634957
-16.712874188760154
-16.713069956211864
-16.71329566135358
-16.713459600002665
-16.713633296986337
-16.713763162868677
-16.713897472407446
-16.714071157903835
-16.71418948456474
-16.714390630335778
-16.7145075194024
-16.714635691143993
-16.714763578217724
-16.71487980912438
-16.71507500470229
-16.715110882899047
-16.715313768246975
-16.715386842900774
-16.71549943792308
-16.715672714690516
-16.715789561899403
-16.715941720666784
-16.716053444883077
-16.716190498183398
-16.716290391611892
-16.716429044259968
-16.716526143991167
-16.716611026042933
-16.716743388672526
-16.716879898755966
-16.716968932673137
-16.71706798520986
-16.717139156807878
-16.71722957663935
-16.71732302634452
-16.717398735070372
-16.71748085906665
-16.717592485037432
-16.717654809141738
-16.71773001742071
-16.71783496627736
-16.71795869392196
-16.718052576550654
-16.71818623943646
-16.718236737358108
-16.71834898095144
-16.718421959802164
-16.718489645820366
-16.718612234362034
-16.718681528936077
-16.718798341549086
-16.718882198030382
-16.71897756750152
-16.71905122579875
-16.71914841664691
-16.71922772846291
-16.719307793616398
-16.71941209443401
-16.719520498108253
-16.71958611509085
-16.719694755670098
-16.719764826103862
-16.719846191621805
-16.719945897630247
-16.72001241653222
-16.720124788552663
-16.720227566036154
-16.720339016504976
-16.72042879401364
-16.720518648655187
-16.720633823204032
-16.720718854572276
-16.72080539730251
-16.720883394517845
-16.720954819455557
-16.721064346302217
-16.7211797726334
-16.721274039928204
-16.721372412069865
-16.721489108225896
-16.72158749875775
-16.721676612574413
-16.7217566686268
-16.721826250050963
-16.721971896510855
-16.72201240495274
-16.72216031509985
-16.722240224843215
-16.722328392043067
-16.72244871990543
-16.722556899312863
-16.7226525035386
-16.722735260650822
-16.72283193205569
-16.722927482549142
-16.723053158628908
-16.723120075867318
-16.723214845308103
-16.723320466541324
-16.72344261472238
-16.723539784948382
-16.723619665950366
-16.72375561814607
-16.723806223128637
-16.723941924838833
-16.723996444289607
-16.724065492248283
-16.72415151868423
-16.724247516311884
-16.724320614104606
-16.72443858445379
-16.724469394248786
-16.72456294740191
-16.72462218867413
-16.724676444925542
-16.724767958315752
-16.724825486037286
-16.724930535248156
-16.725002592696466
-16.725077839029673
-16.72514456426421
-16.725212256176505
