500 iters for seed 151 on ER0.3 which is in the 55.550384521484375 percentile
 Maxcut: 28.0, MedianCut: 18.0
-18.00033670760851
-18.360750147403657
-18.387067982248563
-19.386480139268027
-19.491098206087667
-20.235331381097527
-20.591568246036957
-21.055364246340044
-21.37981824495256
-22.11887190324105
-22.442113034860423
-23.017999715350836
-23.62576736245174
-24.03871827863142
-24.280507590148893
-24.50749344393596
-24.717508023507918
-24.962027023727043
-25.11440696999868
-25.25679659300096
-25.381243180250603
-25.455343124115622
-25.52496140770071
-25.624300156867687
-25.679677772245707
-25.724856385382182
-25.77775510819235
-25.806878420610264
-25.83876788358354
-25.857828407953733
-25.875966430290685
-25.891779832004545
-25.905925355681926
-25.915584513089147
-25.924692948524232
-25.93278650919518
-25.94097412260583
-25.947444995720574
-25.95410111071614
-25.957548675982416
-25.96612656778812
-25.968402172154953
-25.97102499052716
-25.974203137615696
-25.977523444441854
-25.979912810539666
-25.981169150249002
-25.983398514945936
-25.984861026375135
-25.986699677197734
-25.989105178013297
-25.990309477499615
-25.99179442834269
-25.992481364987007
-25.993379016498313
-25.994421978983418
-25.995338195214803
-25.995850023462314
-25.99672092049766
-25.996981760130033
-25.997416800699067
-25.99778297224394
-25.998048580736796
-25.998445545314556
-25.998668571932576
-25.998846724957293
-25.998968842602604
-25.999128816098477
-25.999224110352564
-25.999371240827298
-25.999438523960286
-25.999515936263492
-25.999582133322384
-25.99965025732816
-25.99969684609473
-25.999724119546435
-25.999749424524868
-25.999785693020915
-25.99981503376497
-25.999840384457986
-25.999878794747918
-25.999890758143184
-25.999902361092516
-25.999913130859838
-25.99992482166822
-25.9999351007824
-25.999944982812263
-25.999953877317648
-25.99996229429018
-25.999968271373174
-25.999974463738212
-25.999978098538236
-25.999981440607684
-25.99998360456208
-25.999986280886773
-25.999987525794207
-25.999989019064905
-25.999990022857673
-25.999991065533226
-25.999993104997237
-25.999993347232753
-25.999995121260596
-25.999995579300776
-25.99999636942022
-25.999997144333832
-25.99999742886219
-25.999998025904166
-25.99999819451371
-25.999998518905
-25.999998665997907
-25.999998897682456
-25.99999910803729
-25.999999287480538
-25.99999944753012
-25.999999563096654
-25.99999963055779
-25.999999698424592
-25.999999756018255
