500 iters for seed 198 on ER0.3 which is in the 61.154937744140625 percentile
 Maxcut: 30.0, MedianCut: 20.0
-21.000000275161185
-21.000001127454023
-21.000004004684676
-21.0000138791947
-21.000047997207258
-21.068443141786084
-21.1326583550481
-21.196915189617922
-21.411193120933117
-21.704277185263265
-22.022605300148495
-22.282364266096444
-22.496978601717966
-22.799567143526943
-23.008204297981933
-23.263637006347636
-23.4658055515005
-23.693579913992235
-23.839196111063707
-23.97468397844561
-24.08665170421621
-24.218417853993447
-24.32727515147275
-24.416211247743696
-24.497599840884735
-24.58818334991033
-24.652388756346653
-24.723533311689355
-24.777402083496114
-24.84706187663863
-24.92370002917573
-24.990658551980903
-25.03350301725669
-25.11830076323234
-25.17609051749638
-25.230966472393817
-25.30431310807592
-25.359559236789924
-25.417425496193136
-25.519511868123104
-25.569618886197503
-25.616517005276854
-25.67591073551085
-25.721064684702313
-25.7616902464599
-25.809267343060277
-25.830688982819588
-25.874201953523148
-25.892938401334057
-25.93247579362656
-25.950665637744972
-25.96815219409114
-25.997286979982274
-26.00811266054365
-26.025565311815978
-26.038436382082903
-26.052864211245264
-26.06718470705998
-26.08101091187758
-26.09339106563888
-26.105785132179317
-26.11500463231053
-26.124320701885303
-26.136640432651582
-26.14695991023913
-26.161592795367596
-26.173658005066336
-26.18232368226191
-26.19164451796397
-26.200777024832895
-26.20657111652901
-26.212425708931008
-26.21709342881848
-26.221504318506994
-26.225796248109493
-26.2305568840624
-26.234327154800877
-26.23773384645067
-26.24109716594077
-26.24470242513158
-26.248546568588356
-26.251447792129348
-26.254302630448265
-26.256597722813915
-26.260799425977016
-26.262524877306426
-26.265010261244583
-26.268131057589436
-26.271282654174346
-26.273225902047617
-26.276548406822165
-26.278910883177442
-26.281481937756062
-26.285765098267387
-26.289173869430932
-26.293759550857864
-26.297355770644703
-26.300556564932922
-26.302946939953607
-26.30806347519406
-26.311402201840956
-26.315307789832367
-26.323294421358725
-26.32828788824687
-26.341002411373285
-26.34563606680858
-26.352118802164565
-26.358288525527115
-26.367831845238218
-26.375712045174428
-26.381297614141626
-26.38643878164789
-26.39302398908583
-26.398888049369024
-26.40361634704971
-26.40807688190459
-26.413055336672244
-26.41831416209106
-26.423324820843142
-26.428298920438486
-26.43295829178987
-26.438291660651668
-26.44319731849756
-26.448558873163933
-26.453655330455106
-26.457392927436818
-26.46209730207678
-26.465571005859054
-26.46967727577121
-26.473714465035936
-26.478674007428122
-26.481992619155402
-26.485698779378342
-26.48925412646215
-26.49296574151679
-26.49580207523846
-26.49813886472668
-26.500438479084576
-26.505348754044427
-26.508632798212034
-26.511944938974853
-26.517638987036882
-26.521303831857875
-26.52708364000067
-26.532008066570082
-26.53506009250991
-26.540684704571056
-26.544062327581184
-26.548293083266895
-26.552378438699836
-26.555882573314072
-26.560903307739466
-26.56736673960591
-26.570559394542794
-26.575108969193987
-26.581226336869065
-26.586432947638794
-26.5920744899404
-26.596340994628495
-26.600241315943745
-26.605305110608302
-26.60974913237901
-26.613876325167876
-26.617160513071315
-26.6215891438512
-26.626287118856414
-26.62970391522769
-26.632761557404237
-26.63618131414497
-26.639221007235324
-26.642633834305723
-26.645963172971413
-26.64876283111736
-26.651691039525808
-26.652463495066563
-26.658145657578345
-26.66011542080109
-26.66264325573213
-26.665688926109397
-26.66962551076999
-26.67640542801262
-26.680334960547285
-26.68519173082655
-26.689757457398073
-26.69503868292191
-26.699650842716053
-26.70459488531746
-26.709320062303952
-26.715863301287023
-26.721724692963463
-26.727522071900243
-26.732653712099765
-26.73802341109184
-26.742199315369696
-26.746468242824747
-26.750451173063123
-26.75556220901354
-26.759305986958797
-26.76210225701265
-26.765749614735164
-26.769400480672978
-26.77388542755407
-26.777679406531547
-26.782118330318166
-26.78598000852486
-26.78974801666796
-26.794057523799378
-26.7975994455546
-26.801083886625204
-26.80728168682481
-26.811606996483764
-26.81507889143696
-26.820875864807753
-26.823402288906856
-26.82644679505737
-26.83130535656227
-26.833722785120266
-26.83765956502697
-26.84073282836143
-26.84371441590746
-26.84795672756792
-26.851692984617483
-26.855290296829956
-26.8592617027682
-26.86310508540665
-26.866887142972608
-26.870418732507762
-26.87487654065402
-26.879042513314964
-26.883338810658408
-26.888522350622846
-26.893152647944444
-26.897115236733136
-26.905154895257926
-26.91121101113184
-26.916823269713802
-26.925606736632794
-26.933202649197845
-26.94036632011111
-26.94873168669421
-26.95978153866076
-26.96764093912884
-26.97569677413727
-26.98582528895797
-26.99430235438762
-26.998919109955803
-27.01221427886465
-27.020826750147442
-27.032476363141832
-27.04885100265837
-27.055828026260304
-27.06424868971522
-27.0744524654752
-27.083204234363198
-27.09399850505349
-27.105602971551743
-27.117084539739547
-27.128298562555074
-27.138323987701074
-27.15160641222107
-27.162398799013314
-27.175197486936103
-27.190551046289084
-27.204119265128373
-27.21585161185642
-27.22594947868455
-27.237990553058694
-27.248317825881735
-27.260164359888268
-27.268306259863117
-27.280932957566
-27.29676076506207
-27.315246517227397
-27.331179661497913
-27.352400865337472
-27.377727504267128
-27.40297179232685
-27.427356075457432
-27.44640806840601
-27.46715167211846
-27.487297302812962
-27.503519598032337
-27.53284656670049
-27.548086907094216
-27.56068446980545
-27.580958100145857
-27.597469113030325
-27.619883623736378
-27.64282337661431
-27.658740830495606
-27.67466125774925
-27.689804238952686
-27.70295799807501
-27.71375340044651
-27.733842714619634
-27.7454315101127
-27.75801658151044
-27.769972513143557
-27.77907026002573
-27.79304151547584
-27.806682364165905
-27.815293815760494
-27.829743784916175
-27.83690765805142
-27.851203098831203
-27.857411918955215
-27.864260333910043
-27.874200235289358
-27.880375948621193
-27.891645391281994
-27.899468526501046
-27.908670711494494
-27.9156433768166
-27.92443898974666
-27.93183455868368
-27.9390587585417
-27.950264998227432
-27.953680726066036
-27.964490333318572
-27.968654199450334
-27.9758950460054
-27.98500952662666
-27.990923362128264
-27.99591765140946
-27.999204112147055
-28.003597969608006
-28.009189748363053
-28.01654494188643
-28.020181915363082
-28.024017574724574
-28.028886108570465
-28.034790608672793
-28.041934193130817
-28.04618165682092
-28.052761038740943
-28.05453922657633
-28.06393912729855
-28.068168272072736
-28.072617576360518
-28.07824405012821
-28.082881819393872
-28.091369931903035
-28.097207034872937
-28.103738942816957
-28.10908181440987
-28.114758769563238
-28.12070472066086
-28.124029165953345
-28.127708704486793
-28.13231198596984
-28.135624708918538
-28.13807332057392
-28.14129732195722
-28.14319239375808
-28.14664810185396
-28.14981932609197
-28.1514299235599
-28.153659178762062
-28.15598195059404
-28.159875628986885
-28.163780667704437
-28.167562305706987
-28.1695044672502
-28.17176191329485
-28.173064895776754
-28.17527057567673
-28.17730617818383
-28.179674179424293
-28.18174319914914
-28.1831079680696
-28.18486330830724
-28.187492035099353
-28.189340206541072
-28.19157965751614
-28.194284614664554
-28.196847253119174
-28.19952556122156
-28.20231601168613
-28.20500394844186
-28.207540241142013
-28.211094714294205
-28.214235592313248
-28.215840452335083
-28.21742108971621
-28.218849359645468
-28.2219759986521
-28.224430438017414
-28.226267680569087
-28.22852374039083
-28.230159768490978
-28.232535959386006
-28.23484222738726
-28.23682083885262
-28.23875595464171
-28.24188251192104
-28.24322058480579
-28.245648621762328
-28.247368077133018
-28.24962573750083
-28.25310724188835
-28.25520949468611
-28.25850062492848
-28.26068937412449
-28.262376415290102
-28.26436977824815
-28.26690046559643
-28.269013552299572
-28.27151152286073
-28.274418845391352
-28.276665045187595
-28.279002469763764
-28.280312169026374
-28.282911899536526
-28.283673507289944
-28.285736183611963
-28.2869019992675
-28.288287863474995
-28.289997484293355
-28.290833220358152
-28.29225595599176
-28.292909645311934
-28.293927102455967
-28.295437585699943
-28.296696844961787
-28.297764778146306
-28.298807024037895
-28.299775698687508
-28.301092395337747
-28.303025669792234
-28.30409734974169
-28.305290208553018
-28.307201562243296
-28.30847756964006
-28.310297817355632
-28.31146976437752
-28.313509923317657
-28.315381147678583
-28.317233251874473
-28.319423589064957
-28.320960312037275
-28.322846391120585
-28.325185937590245
-28.32718570416816
-28.329291931357893
-28.331516515832785
-28.333359466249732
-28.33570173625489
-28.338815865113354
-28.341974062272524
-28.34421773123887
-28.346866257449314
-28.34929175559162
-28.351610709549302
-28.353480243299707
-28.355140018011316
-28.356740715223864
-28.35889771573129
-28.361038533372035
-28.36279304982537
-28.36446336200538
-28.36649687620488
-28.367862687479654
-28.36962273908817
-28.372009663801943
-28.373241588060857
-28.37497794925771
-28.375894522842195
-28.377352081775904
-28.378867166244987
-28.38011477260766
-28.380781938323185
-28.38176834605676
-28.382572091898716
-28.383477042661145
-28.38459473417121
-28.385151697559127
-28.385728294451088
-28.387117905715456
-28.388008377891992
-28.388668346158944
-28.39059649977461
-28.39117677222829
-28.392148545991915
-28.393400511301323
-28.394762566655167
-28.395951789927366
-28.396955790848796
-28.397867437932312
-28.399075803003054
-28.40005888662392
-28.401055243276225
-28.401976339458226
-28.403253440930328
-28.40424093875252
-28.40525582415483
-28.40636642971226
-28.40747292878859
-28.40825621772001
-28.40950944862068
-28.410117080988346
