500 iters for seed 23 on ER0.3 which is in the 28.412628173828125 percentile
 Maxcut: 31.0, MedianCut: 21.0
-19.009655085504892
-20.510711486437817
-20.596027590452778
-20.62056981741557
-20.65930045264696
-20.72846300843609
-20.75913706052346
-20.788146525755092
-20.82577272901696
-20.849026497782777
-20.870002209200948
-20.886980048476314
-20.90497219676854
-20.913381878781905
-20.927302054480922
-20.935849604350075
-20.94269787689725
-20.959281437593397
-20.966829219309552
-20.975752483079336
-20.98402890721594
-20.989068258818786
-20.995959052966484
-21.004098751657033
-21.007113210169553
-21.012577363162073
-21.016219311963575
-21.020224022247092
-21.02698770612541
-21.030783947036905
-21.036597927965826
-21.042408895241728
-21.04757537254549
-21.05159314175285
-21.055473194428572
-21.060750587205366
-21.06361787045364
-21.067048230172354
-21.07213055877207
-21.075116173387308
-21.07988483583979
-21.08172820231099
-21.086587069246562
-21.088701928310783
-21.091290501912894
-21.095365980570556
-21.097548420414437
-21.100310830448137
-21.103085881144732
-21.105724364869737
-21.107784308936576
-21.110585385824084
-21.112150536860618
-21.11405164870014
-21.117268657279162
-21.118074794015705
-21.12248953196035
-21.123793841156836
-21.12584786367448
-21.12673537520009
-21.12887506040219
-21.130239135473843
-21.131489239088616
-21.133503541590258
-21.134454943646737
-21.136212614021055
-21.137764444439053
-21.13965494169734
-21.14090449599244
-21.142706572763657
-21.14406303590801
-21.145346746183222
-21.14676889310281
-21.148347880104694
-21.149585625317698
-21.150818501445055
-21.152035388746988
-21.15349330981635
-21.154939190898823
-21.156260061244616
-21.1573659119577
-21.159316186589525
-21.16035742856917
-21.161581626809884
-21.163170268272538
-21.164321952276026
-21.165804726714377
-21.166822990100094
-21.168275547671897
-21.169393637039107
-21.17061822187347
-21.171662700979848
-21.172482879619995
-21.173423409395586
-21.174337263490145
-21.175451961267377
-21.17627662278786
-21.176816072219943
-21.17796512064614
-21.17848358625843
-21.17919338568432
-21.180117451260877
-21.18102514705217
-21.18171532731045
-21.182372237132117
-21.18290250700022
-21.18338378815264
-21.18389309102108
-21.184450350130216
-21.184773931942573
-21.185430028029533
-21.18584335655657
-21.186318926478464
-21.187077463907222
-21.187178816744364
-21.187973085531734
-21.18819546275038
-21.188614488560365
-21.189242771588155
-21.189628723871646
-21.1902421101666
-21.19069778874158
-21.191355196672248
-21.191947201082023
-21.19265561240005
-21.193174702697608
-21.1937082765418
-21.194115092869964
-21.19452675227968
-21.19514886269598
-21.19533040242165
-21.195827339842268
-21.19616266378466
-21.196485556609023
-21.19697147098003
-21.197687843979814
-21.198279702687856
-21.198643908798978
-21.19901341725982
-21.199382543415272
-21.19997472859603
-21.20049519671067
-21.200959510844523
-21.201338331100786
-21.201690311396057
-21.202027354948846
-21.202335015212483
-21.202632660705223
-21.202947727003423
-21.203204090995357
-21.20360250093521
-21.203775267578493
-21.204120250698498
-21.20430356425432
-21.20455794177208
-21.2049566921183
-21.20533846499243
-21.205591207314775
-21.205874783012824
-21.20608891730727
-21.20636776037975
-21.206740646480537
-21.206996450976746
-21.207234467091283
-21.20770948434008
-21.207975427528748
-21.20825551160881
-21.208541382867192
-21.208796108567515
-21.209210565495265
-21.209273710119625
-21.209744015217005
-21.209936626619267
-21.21019153210769
-21.210560661801665
-21.210798296000007
-21.211207209567263
-21.21152474238788
-21.21181837619272
-21.212133995224626
-21.212419067112513
-21.212678403209473
-21.212986109987465
-21.213215762638953
-21.21344400147993
-21.213861630689877
-21.21408271342909
-21.21439248103047
-21.21468445188986
-21.214913181734033
-21.215153451878894
-21.215393775686916
-21.215672985069602
-21.21590804366889
-21.216145012782647
-21.216421384376186
-21.216658376287445
-21.216896467917977
-21.21725480721843
-21.217701140029344
-21.217994186349948
-21.218315138473212
-21.21875373732377
-21.219035092075526
-21.219325965017532
-21.219567748124092
-21.21983434588056
-21.220146306823814
-21.22054822261684
-21.220866039944
-21.22117575067662
-21.221469371500955
-21.22183339988123
-21.222175267679827
-21.222445314390228
-21.222894642652104
-21.223310863672626
-21.223640058933434
-21.224065128853574
-21.224310613277908
-21.224566194686712
-21.2250190210789
-21.225234661689324
-21.225960228923512
-21.22620442544546
-21.22653472592859
-21.226892837602243
-21.22721913791753
-21.22757150224424
-21.2279833429971
-21.228278395525507
-21.22869477657457
-21.229138257275515
-21.229445495681105
-21.22981993846593
-21.23012337621475
-21.230446032107203
-21.23088558228518
-21.231186940835535
-21.231461494353198
-21.231968156610943
-21.23212447355998
-21.232359449085727
-21.232635115454766
-21.232832275515275
-21.233235495526777
-21.23350669160893
-21.23403515212041
-21.23420906877509
-21.234482174694357
-21.23475946769547
-21.23505774079888
-21.235480676194662
-21.23569597927338
-21.235952601696084
-21.236368195924257
-21.236490310109552
-21.236749749154967
-21.23692672362655
-21.23715153368559
-21.237471443323127
-21.237624320304548
-21.23786494017958
-21.238051506114193
-21.238329671675025
-21.238505351220624
-21.238711982284066
-21.238920018379687
-21.23909307763275
-21.239363573345365
-21.239661406323368
-21.23980489812714
-21.24006605491591
-21.24028328447104
-21.240517138214923
-21.240836963304126
-21.241055257147416
-21.241321909171077
-21.241525568020354
-21.241776257354626
-21.24198871492607
-21.24219401282008
-21.242460273257763
-21.242640710446068
-21.24283303237321
-21.24305927199155
-21.243215732303383
-21.24341353665761
-21.2436638263484
-21.24381214802849
-21.244001355179535
-21.24426101550419
-21.244540223220195
-21.24473666568714
-21.24508378749438
-21.245277408271377
-21.245522117440093
-21.245796727160112
-21.24602222856189
-21.246343263768875
-21.246660320334573
-21.24686976095213
-21.247096795688773
-21.24734441190012
-21.247653851793242
-21.2479566360854
-21.248216640712158
-21.248399240302675
-21.248972896470534
-21.249071743333083
-21.249386742901027
-21.24958247104141
-21.249818947736127
-21.250127466286116
-21.25062566535846
-21.250958576589543
-21.251280510217516
-21.25153191646225
-21.25180010887826
-21.252244874516677
-21.252583388725277
-21.25283027027585
-21.253118068370206
-21.253367895600007
-21.253760602102783
-21.254236150909783
-21.254481899341663
-21.254816288084506
-21.25523027239389
-21.255484143009213
-21.255905554719845
-21.256161719225993
-21.256471583241563
-21.25690942114706
-21.257200312360148
-21.25751577557375
-21.257779957900574
-21.25804330719551
-21.258403687864853
-21.25878818561932
-21.25912643493857
-21.259463404652166
-21.2597369514196
-21.260143450551276
-21.260376274682447
-21.26060485178291
-21.260878672215902
-21.261195631621266
-21.261531022366828
-21.26173355056018
-21.262180072363535
-21.262509629758988
-21.262751062572505
-21.263008315054364
-21.263270169652774
-21.263698032451863
-21.26395558850556
-21.264202903448922
-21.264499036983686
-21.264688584986924
-21.264929535727408
-21.265172139845447
-21.26540061111988
-21.265574626033995
-21.26585192856927
-21.265983660813397
-21.266154505566234
-21.266272839044685
-21.266499710201995
-21.2666303831036
-21.266763666548414
-21.26698154323357
-21.26712841735624
-21.267312639569337
-21.267448824526063
-21.267622934335254
-21.26780491782914
-21.267963955737017
-21.26815596706544
-21.26829982716164
-21.268431945578957
-21.268704647687056
-21.268817000377616
-21.268940363640247
-21.269104763735143
-21.26926664918605
-21.26951896603727
-21.269750277086157
-21.269892637388658
-21.270026751672308
-21.270156568773196
-21.27034719129946
-21.270498741178027
-21.27064863273631
-21.27080386985471
-21.270961410090923
-21.27113268263757
-21.271307793153433
-21.271433407141124
-21.271569469685378
-21.27164692512183
-21.271842049996394
-21.271920349113127
-21.27200764547127
-21.27215153736955
-21.27223961766527
-21.272400321188314
-21.27251347726089
-21.27261442002272
-21.272716988472563
-21.2728970428924
-21.27299751890188
-21.273110626730357
-21.273195539511594
-21.273278448456118
-21.273367018813722
-21.273478460747505
-21.273585718457895
-21.27368562818063
-21.273800488858118
-21.273947777889187
-21.274058539610817
-21.27420119310888
-21.274302472214735
-21.27440563090721
-21.274439634191985
-21.274601520959674
-21.2746674819249
-21.274767734030526
-21.274917681702618
-21.275026757933624
-21.275167862960934
-21.27527579867195
-21.275402654945715
-21.275577067852428
-21.275701973401333
-21.275840890352868
-21.27595505382112
-21.276082713868156
-21.276198012522748
-21.276369855131225
-21.276496401688735
-21.2766203447186
-21.27673704971306
-21.276891622646716
-21.277028716836952
-21.277121502891664
-21.277254168634467
-21.27737478945371
-21.277468721299602
-21.27760157514878
-21.277697694823754
-21.277818605382414
-21.27796070655566
-21.278043208117044
-21.27817166821686
-21.27834675782845
-21.278447830663048
-21.27855254742707
-21.278632554379158
-21.278736476857674
-21.278904360551067
-21.279012313184246
-21.27915171777736
-21.279246781442193
-21.27935344598609
-21.279526878096473
-21.279673881928247
-21.2797755293359
-21.27989118671082
-21.27998192171363
-21.280110626346783
-21.28038282583508
-21.280445354838914
-21.280598812001777
-21.280680966936814
-21.280774665243815
-21.280865725806308
-21.280946786817513
-21.28107913225624
-21.2811694319914
-21.281271218060557
-21.281402506012675
-21.28147581912485
-21.281577768902473
-21.281685106943502
-21.281782159684045
-21.281866285840955
-21.281970983018187
-21.282072725250313
-21.28218297827355
-21.282275281727316
-21.282388369590294
-21.28250021547199
-21.282626477292865
-21.282738084593348
-21.282798474238163
-21.2828860736183
-21.282958983074067
-21.283026188425605
