500 iters for seed 40 on ER0.3 which is in the 73.94943237304688 percentile
 Maxcut: 28.0, MedianCut: 18.0
-19.999999955060886
-20.000000034147533
-20.000000250396493
-20.000001908694138
-20.000006190550256
-20.00001949024867
-20.000059712824605
-20.00017489083033
-20.002623167084238
-20.002737801679316
-20.005863200314607
-20.034380438555562
-20.085102749509463
-20.154603065957712
-20.234199993683227
-20.315900244022306
-20.565569934781006
-20.702421141046536
-20.827926893546376
-20.895616996482428
-20.98056425585925
-21.106848714416046
-21.268696468795273
-21.50243018831328
-21.85682394191349
-22.18652795543762
-22.43847290198278
-22.735522820077605
-23.111992379794952
-23.410280791695975
-23.646798949308454
-23.8475711995254
-24.01722854634999
-24.183900887318284
-24.31816183867238
-24.426278277498493
-24.52913532456086
-24.59288083168762
-24.640533329720554
-24.686713994599998
-24.73019653518012
-24.77002494361714
-24.800746184554114
-24.839041127056568
-24.85481181230115
-24.875390473788638
-24.88936546677964
-24.904305346589098
-24.9233932764561
-24.92979977572058
-24.93828095670878
-24.943311173722353
-24.949864985217125
-24.955245359178985
-24.959191420344425
-24.963289388652168
-24.966639893051155
-24.97087073893487
-24.974300093674753
-24.977948240890477
-24.981116785030224
-24.983812664080965
-24.9860188211127
-24.98785963082728
-24.98934302950799
-24.9907387257184
-24.992821998734588
-24.99456507244543
-24.995485670273233
-24.996157742504483
-24.99659309238758
-24.99712072056092
-24.99779288909243
-24.99815660682661
-24.99834658930391
-24.998757718226553
-24.998856252715104
-24.99901913498984
-24.999179317743298
-24.99930833198278
-24.999366453943004
-24.999431767126
-24.999487360435104
-24.99955695926601
-24.99960230684946
-24.999638811570982
-24.9996796428814
-24.999718994040073
-24.999743138798788
-24.99978114826298
-24.999795886602833
-24.999820647433758
-24.99984528172928
-24.999868872877357
-24.999883634234592
-24.99989529797431
-24.999909304020665
-24.999912097714937
-24.999923317454883
-24.99992788469299
-24.999933372405653
-24.999941137207895
-24.999945842605943
-24.999953700697443
-24.999958530307392
-24.99996362309073
-24.999967618012715
-24.999971287219246
-24.99997551997276
-24.999978453838064
-24.999980543441705
-24.99998309722709
-24.99998521128521
-24.999987199026922
-24.99998961970009
-24.999990325244763
-24.999991918114727
-24.999993378040635
-24.999994889820833
-24.999995820401885
-24.99999645202754
-24.999996919253725
-24.99999738893008
-24.999997691535356
-24.99999798716643
-24.999998131598193
-24.999998563363548
-24.999998696246845
-24.999998798890044
-24.99999894451193
-24.99999898875167
