500 iters for seed 112 on ER0.3 which is in the 52.021026611328125 percentile
 Maxcut: 36.0, MedianCut: 26.0
-26.01014619445546
-26.987288858652466
-27.012389385182473
-27.34667077821306
-27.700604938907368
-27.968661381427708
-28.573071283310895
-29.058345565221497
-29.765754858987975
-30.262986537889006
-30.7196922092904
-31.175576305940538
-31.496753677908988
-31.733507938166202
-31.93385654211739
-32.2186931106894
-32.381636476951094
-32.51432200490946
-32.626680730459526
-32.7453734645645
-32.879691708023245
-32.99650124568663
-33.07065668920143
-33.15493470241703
-33.18713538981688
-33.22378897216717
-33.243593090469936
-33.270767452725856
-33.311031797061446
-33.33222498544079
-33.359682507457634
-33.37695462227215
-33.395779222387766
-33.40558660604086
-33.417819504972684
-33.42818689551287
-33.438996062394736
-33.45671008129345
-33.463033085029465
-33.47385045135729
-33.478189053940824
-33.484650527134725
-33.49320078175488
-33.50045394061007
-33.50454075972217
-33.50994473697006
-33.513456291055086
-33.51727878316656
-33.52236149274811
-33.525313650825225
-33.529494344787686
-33.53263841761578
-33.53429756098292
-33.53610724037263
-33.53788100516866
-33.53935684163678
-33.541034232492756
-33.54199831187942
-33.54320093540344
-33.54435687197053
-33.546025426129255
-33.54690529293997
-33.54779588726264
-33.54919007429428
-33.55018263373305
-33.55173013819865
-33.55349739840173
-33.55518684481884
-33.55676533067826
-33.55890632171352
-33.560503132223275
-33.56252483029763
-33.565081128931695
-33.567962233904794
-33.57104941746434
-33.574622522293105
-33.578127372977654
-33.582531964290744
-33.58820582702981
-33.59305840450684
-33.59843880198767
-33.60620485089868
-33.61071931508938
-33.6146882927255
-33.62179817088529
-33.62363752188217
-33.629620999854524
-33.63306659789404
-33.63658224728246
-33.640598249465114
-33.64484036496553
-33.64872334942968
-33.651886166915844
-33.65795886279591
-33.662766918374494
-33.667829865027805
-33.67392333345748
-33.67969171315889
-33.68844063052216
-33.69422744351698
-33.699019991610385
-33.70407570934516
-33.70944844832604
-33.71477189329395
-33.72012089446977
-33.72361534473427
-33.72834766364224
-33.73317541649185
-33.74088241391096
-33.74470686453302
-33.75096237838471
-33.75825682645022
-33.7645852538637
-33.7699002708753
-33.77495752124288
-33.77933916714117
-33.78498321984717
-33.79022108394252
-33.79444493675484
-33.79838985022536
-33.802885506737006
-33.80795816204991
-33.813065540645816
-33.81912353390717
-33.822539459352605
-33.82685990165439
-33.83323610884116
-33.84002823514367
-33.84709427362091
-33.851872450370486
-33.85853686042427
-33.86616492508609
-33.87536008865225
-33.88309505337574
-33.88932020976358
-33.89655852614544
-33.90452303853232
-33.91307682752094
-33.92059163805211
-33.92908168950708
-33.93759467253709
-33.945719344652645
-33.95191926777642
-33.95829038542403
-33.96523309330222
-33.97193231671789
-33.97751608857696
-33.98306038083747
-33.98679135275374
-33.99151154858754
-33.99758514679448
-34.00260990642278
-34.00585202145701
-34.01305481639075
-34.01558606069292
-34.01931481363568
-34.02491464544267
-34.02881046214495
-34.03328250512716
-34.03609666203201
-34.038860499762976
-34.04154017194557
-34.043821318028264
-34.04617796979987
-34.04786556792783
-34.04949442691981
-34.05220857183015
-34.0540854756203
-34.05584944525507
-34.05838634401949
-34.05977159966324
-34.061269617195435
-34.06397323920743
-34.06619071330504
-34.06747163518458
-34.071468653747
-34.0727100098961
-34.0752330624482
-34.07734981900537
-34.0790713355577
-34.08190147525485
-34.08297234427665
-34.0847362707484
-34.08633431708627
-34.08888690407221
-34.090987986380945
-34.09317127812489
-34.09614274158332
-34.09807303099933
-34.10126069807982
-34.10394749019043
-34.10657430389442
-34.10929339952927
-34.111303377624935
-34.11364207593546
-34.11542038993964
-34.11725624672408
-34.11841459552663
-34.12001517256086
-34.122734262094575
-34.12436434981617
-34.12663975400557
-34.12855708670252
-34.130635672731444
-34.133192250989076
-34.13541366802526
-34.13755725548767
-34.13973665373433
-34.14174029173304
-34.143890329763586
-34.14614506618665
-34.147688662752806
-34.14898606493806
-34.151011654944945
-34.15233724045457
-34.15391926882206
-34.15644361740044
-34.157936440250786
-34.16008499349276
-34.16181203314234
-34.163095125702476
-34.16501786819838
-34.16609407865748
-34.16716496454094
-34.168228067479916
-34.1691478352577
-34.17034353011006
-34.1719911772561
-34.17382042391944
-34.175487446640986
-34.17749863385599
-34.17919706941497
-34.180421462221815
-34.18259366391739
-34.184174596716076
-34.185945215965184
-34.18816493885189
-34.18913645597441
-34.190289272441845
-34.19193165557047
-34.193197489476184
-34.19428921822966
-34.195804408727255
-34.19643834764164
-34.19746634442088
-34.19859903762028
-34.20002664909627
-34.20115568994342
-34.202170077941794
-34.20342400634517
-34.20476272317153
-34.206408457861386
-34.207168967338845
-34.2080682603233
-34.2092208280609
-34.209979592386524
-34.211757431048184
-34.21261401866617
-34.21384470329304
-34.21488926731847
-34.215703013140235
-34.21661328377375
-34.21775019511914
-34.218684995845905
-34.219711178840654
-34.22099270415222
-34.22202063678526
-34.2228735071505
-34.22453550633931
-34.225628645778734
-34.22745113376275
-34.228775719958485
-34.23007533268454
-34.231427032495034
-34.232437646285895
-34.23352700270487
-34.23497548968769
-34.23568033062871
-34.23672387746501
-34.23778185828018
-34.23859434050498
-34.239951191100175
-34.24131069569497
-34.24214024720743
-34.24354320029476
-34.24474586095163
-34.24597958030152
-34.247516111151526
-34.24862793652954
-34.24990114715984
-34.251212550403416
-34.25240830250556
-34.25364494520166
-34.25480605998501
-34.2565532951344
-34.25764820259402
-34.258824158808615
-34.259951018592496
-34.26081426093753
-34.26224361982664
-34.26358457034485
-34.2642461188746
-34.26535562673143
-34.26599735730833
-34.26684286859139
-34.26767651869888
-34.268337918866216
-34.26965068107132
-34.270310880741135
-34.27143493157243
-34.27232323727327
-34.27317565278278
-34.273901818301205
-34.27499680830015
-34.27555966121796
-34.27608788235598
-34.277069931809095
-34.27747353657361
-34.278640300224446
-34.2790497887248
-34.27963847447017
-34.28044687786441
-34.281514383757475
-34.28269603929843
-34.283350477784175
-34.284100765621986
-34.28472548101803
-34.285559959413916
-34.28641173693056
-34.28710685828912
-34.28784782352492
-34.28872803151788
-34.28967063377915
-34.29038408406116
-34.29152817161928
-34.29239913613844
-34.29354791761205
-34.29446651416221
-34.295277261804344
-34.29660818855911
-34.2974513314307
-34.29849153555186
-34.29917548581408
-34.29993812819126
-34.30071252817029
-34.301923652268925
-34.30255335938376
-34.30332562369712
-34.30450650360622
-34.30489440538573
-34.306633811332716
-34.30711425520012
-34.30793837107691
-34.30891450010915
-34.309607965232665
-34.31062357480555
-34.311415660140405
-34.31238631846823
-34.31290609065928
-34.31375162592373
-34.314349123229725
-34.3149290704575
-34.31600946321766
-34.31701851248829
-34.31855472619429
-34.31933198323575
-34.320328372623344
-34.3215287030444
-34.32226478158964
-34.323489939891644
-34.324040422266705
-34.32493984827381
-34.32654803842302
-34.327707573144785
-34.32909953917016
-34.33017376090031
-34.33119832813794
-34.333317340546564
-34.33476608264255
-34.33584056444334
-34.33694575279346
-34.338056449686015
-34.33943623495073
-34.34058808519498
-34.34155228760926
-34.34258483039166
-34.34344756060173
-34.34441299904018
-34.34507128851784
-34.34578779886609
-34.34658399926709
-34.34724354394789
-34.34795842275287
-34.34858732787137
-34.34961705651836
-34.35054773623672
-34.35150923945728
-34.35226565270616
-34.35303815932897
-34.3537256649318
-34.35435621972605
-34.355158624393496
-34.35568555263047
-34.35638422120506
-34.35714896614894
-34.35772375340114
-34.358692558819975
-34.35960267177096
-34.36015768377859
-34.361059729485184
-34.361689581130605
-34.362349400913416
-34.36308335470907
-34.363533654268444
-34.36431387104948
-34.365061175923216
-34.36580097203389
-34.36662119849678
-34.36727673614187
-34.36829163747252
-34.36903783190084
-34.36976335849877
-34.37061844982777
-34.3713949946671
-34.37234092617383
-34.37323913240473
-34.373980047071825
-34.374837470865735
-34.375783986101276
-34.376625036338524
-34.377326721153054
-34.377832738786495
-34.37845245615665
-34.379354463080986
-34.37998265707431
-34.38073085196417
-34.381525392627644
-34.38245053720064
-34.383270923763
-34.38419596041066
-34.38505992148955
-34.38578658383168
-34.38641999374069
-34.387070869406784
-34.38749915088209
-34.3879459636807
-34.388392881376525
-34.3889066299989
-34.389310836415525
-34.38979149210989
-34.390527503718275
-34.390925581969476
-34.39159144471643
-34.39194993600187
-34.39247999208617
-34.393377510032906
-34.39412166242236
-34.394872693784734
-34.39559733998166
-34.39630606067838
-34.39684058883602
-34.397942342190184
-34.39838620814128
-34.399140080448774
-34.40013345441439
-34.400968365690545
-34.40171982663238
-34.402348873506014
-34.402966706727476
-34.40335125989687
-34.40439829319514
-34.40479565106005
-34.40536282984533
-34.406119444185606
-34.4065835500385
-34.4072693445578
-34.40770586050146
-34.40824564147398
-34.40867427716335
-34.40905932929508
-34.409829922352635
-34.410441142312465
-34.411292281848525
-34.41197163567429
-34.41259424658225
-34.413207807273594
-34.413927470238605
-34.41450631243247
-34.41499352321107
-34.41542516471427
-34.415931086493465
-34.416461888887056
-34.41717324833234
-34.41757564074908
-34.418106817489935
-34.41872152756451
-34.419390472728665
-34.419960330705145
-34.42056908040373
-34.42104983115284
