500 iters for seed 158 on ER0.3 which is in the 17.893218994140625 percentile
 Maxcut: 26.0, MedianCut: 17.0
-14.007155018971622
-16.435813464896356
-16.511996706582266
-16.54308223933283
-16.598347398540106
-16.61666112164368
-16.665835966280365
-16.693706110465364
-16.720097960537178
-16.7540299770993
-16.77990774431827
-16.807687847117847
-16.8241210839389
-16.84630039885966
-16.861238982212566
-16.877651169994415
-16.890682424580866
-16.902047719382924
-16.9122476304438
-16.92077550632146
-16.930242081182616
-16.938213329757406
-16.94600322840469
-16.953684282410766
-16.960584889727087
-16.96811413506819
-16.974118383547992
-16.98014127156189
-16.985444865203544
-16.989443231936697
-16.995579961220134
-16.99884335090098
-17.002437877265532
-17.006490520403606
-17.009668549478768
-17.01321350683034
-17.018319469678822
-17.021049302852596
-17.025047536288824
-17.027456270485068
-17.03051580653723
-17.03231970406999
-17.03444389655833
-17.03752050680207
-17.04052057103333
-17.04296901733628
-17.04549578770865
-17.047522169672852
-17.049925254095804
-17.05368158441893
-17.056159370385856
-17.05783570441398
-17.061005586055728
-17.062968919143596
-17.06572691725533
-17.06836180540214
-17.070996226684237
-17.07336082481811
-17.076701215293525
-17.07925422882709
-17.081498299156976
-17.083477226246305
-17.08548344719196
-17.08738478636161
-17.089741159572505
-17.090800468866828
-17.092424959981756
-17.093545183472962
-17.095262237167663
-17.096200214100588
-17.09715359925853
-17.0981374548442
-17.099382534677574
-17.10030023997483
-17.101202020832464
-17.103049353586716
-17.104060936912852
-17.105641158096766
-17.106878846067342
-17.108246700421176
-17.109541281264576
-17.110695385201765
-17.111863933314957
-17.113146576491978
-17.113608062107605
-17.115179828980267
-17.115995024384404
-17.116853676776422
-17.11834258814918
-17.118894690032423
-17.120884684019863
-17.121404115213416
-17.122355781284924
-17.123167303550062
-17.124189820271564
-17.12506813618597
-17.125684132742798
-17.126284024822542
-17.127091090115027
-17.127750120023233
-17.12842435563025
-17.12894695765689
-17.12976220894975
-17.130367180828298
-17.130967905926035
-17.131777736018158
-17.132330456318265
-17.133002162258983
-17.13373254505976
-17.13414570161683
-17.134662317045315
-17.13527356462032
-17.13575514372392
-17.136053304039713
-17.13687736075042
-17.137164516144963
-17.13766856109434
-17.138396820442445
-17.139638123306995
-17.140552862704048
-17.141380222826328
-17.142263056408922
-17.14306970338766
-17.144259009376423
-17.14519617641832
-17.14584071421077
-17.14659156462183
-17.147344062490774
-17.148296213647996
-17.14898829301157
-17.149648382533485
-17.150197753956906
-17.15107593381545
-17.151849595894003
-17.152540252553102
-17.153569284184897
-17.153871362766548
-17.15511180921594
-17.155607013253956
-17.1562887179056
-17.156790637967934
-17.15755616138242
-17.158167889113685
-17.158591428090244
-17.159195292367944
-17.159843692783955
-17.160283674398926
-17.16086089896086
-17.16138408115049
-17.161983901515374
-17.162628934724996
-17.163073956801693
-17.163413082075774
-17.164129326321486
-17.164452925740562
-17.16479659582665
-17.16540992131085
-17.165728814062653
-17.16616383801838
-17.166602334116984
-17.166973896668733
-17.16763636076709
-17.167885584495735
-17.168441415471587
-17.168693505618446
-17.169069105723707
-17.169641904671234
-17.169948324706468
-17.1703320455694
-17.170638693124786
-17.170961959210523
-17.171326471699576
-17.171702234094255
-17.172032795457596
-17.1722839489288
-17.17267084920639
-17.173020865789205
-17.17343520159357
-17.173867177161547
-17.17414799212708
-17.174448040760215
-17.174783681656553
-17.17502799382894
-17.175433064494072
-17.175773726457138
-17.175976947928138
-17.176296640117663
-17.176496512948635
-17.17676775892435
-17.177091826114342
-17.17729606764063
-17.177472739372085
-17.1779893764218
-17.178209709960186
-17.178509036869578
-17.178938426457705
-17.179207389952595
-17.179576411223252
-17.17983747231499
-17.180199544615192
-17.18038161975219
-17.180692172234586
-17.18087677716218
-17.18105867415169
-17.181350173584562
-17.181624982653222
-17.181816239305018
-17.18211955917277
-17.182350044994145
-17.182654033385745
-17.18299030051224
-17.18330626560291
-17.183507303295592
-17.183906843772974
-17.183989251017724
-17.184265171957293
-17.184401116319368
-17.184641454848318
-17.18488940235116
-17.18505703768844
-17.185306178403444
-17.185453811999807
-17.185629189540027
-17.185939599672608
-17.18611390966681
-17.186374378588454
-17.186525335756592
-17.186705262340805
-17.186943911562327
-17.18721041966432
-17.187357699399406
-17.187568122828786
-17.18775391481568
-17.18798385031548
-17.188176400562227
-17.188381805600997
-17.1885599718958
-17.188788193578706
-17.189005971683844
-17.18923227819798
-17.189437588108134
-17.18968097580308
-17.189853458272253
-17.190143422484596
-17.1904126952101
-17.190646819409103
-17.19081578533448
-17.191028583646162
-17.191227144302996
-17.19144065594177
-17.191701640685622
-17.19190528124373
-17.192065298932114
-17.19231771939331
-17.19246785343853
-17.192660537996186
-17.192893078629737
-17.193016872207963
-17.193168350571042
-17.19346716985476
-17.193579386587174
-17.193722022736182
-17.193912154849638
-17.194060729378087
-17.19424059698963
-17.19442662844927
-17.194531187370778
-17.194682962352687
-17.194860055475708
-17.195054003744072
-17.195211103139638
-17.195390380842653
-17.19552480602173
-17.19569963550252
-17.1959510488916
-17.19611790216835
-17.19625137237792
-17.196522811422277
-17.196614827952992
-17.196768389932977
-17.196973578146398
-17.19711187603259
-17.197337962040482
-17.197484278370887
-17.19762560663151
-17.197756135068133
-17.1979206876422
-17.19806196289042
-17.1982360583968
-17.198351984557984
-17.198479374299268
-17.19865749044098
-17.198822744969654
-17.198975917653385
-17.19915776626239
-17.199281161182775
-17.199425018388798
-17.199662123691823
-17.19974160228196
-17.19991651076367
-17.200043657693598
-17.200191213997197
-17.200361459548485
-17.20045788344105
-17.200615831000675
-17.200837192286077
-17.200925759673453
-17.201092224678828
-17.201186201182193
-17.20135207379508
-17.201480011547996
-17.201601414103134
-17.201684354243024
-17.201853263592838
-17.201944606757912
-17.202036664676314
-17.202207027614122
-17.202328440020892
-17.202506105534685
-17.202655765046153
-17.20282888088923
-17.202949512739544
-17.20309692369685
-17.20325462642
-17.203374489237962
-17.20348627181823
-17.20371338470796
-17.203806111970742
-17.20394103137858
-17.20411125000664
-17.204238032271423
-17.204433118146454
-17.20452320456832
-17.204654649267727
-17.20491144320411
-17.2050267916871
-17.205169363292942
-17.205283224255616
-17.20544852304656
-17.2055534907852
-17.20567178519586
-17.20580034674817
-17.205900652744603
-17.206115267166982
-17.20631073930235
-17.20643222157759
-17.206600818627038
-17.206703763231687
-17.206820537709675
-17.206983818128887
-17.20711808884549
-17.207246687784256
-17.20739916321535
-17.207539426954042
-17.207670858717243
-17.20782757882135
-17.207984828639688
-17.208139071012628
-17.208267028870353
-17.208400683881678
-17.208520693697686
-17.20863114395622
-17.20876837925844
-17.20887825911018
-17.2090348577291
-17.209132946234924
-17.209217099986912
-17.209375087375214
-17.209493683190036
-17.209624744799328
-17.209749982566965
-17.209838427249334
-17.209922207463094
-17.210026583847096
-17.21010911267302
-17.210226178603747
-17.210331091790238
-17.21040261523148
-17.210503637695957
-17.210602418972456
-17.21071387776
-17.210802088587826
-17.210882680228025
-17.210953314651576
-17.211097911035598
-17.211169070593904
-17.21125191073591
-17.21137875877081
-17.211466965102893
-17.21160292349287
-17.21166535107526
-17.211748687710372
-17.211824901552287
-17.211924699163852
-17.211998867447043
-17.21207004095815
-17.212189675052553
-17.212290738643325
-17.21238126999091
-17.21246135556516
-17.212533567476292
-17.21260227432689
-17.212720091402748
-17.2127710521784
-17.21283818388335
-17.21292286786703
-17.2130227354018
-17.21310473693061
-17.21320108892069
-17.213277407196166
-17.2133567615108
-17.21347481062969
-17.213553426454315
-17.213660933161172
-17.213824723634602
-17.213910473550897
-17.214019012036
-17.214117989634957
-17.214215871427395
-17.214374896770956
-17.214395829126165
-17.21457892713151
-17.21464028945665
-17.21474820787034
-17.214820372750246
-17.21494933542744
-17.215025747974263
-17.21510709601081
-17.21524504947653
-17.215325333230947
-17.21545912061532
-17.215554561533537
-17.215647858563017
-17.2157310659369
-17.21581746318202
-17.21593274279078
-17.21601367950787
-17.21608047948727
-17.21621732236705
-17.216288667198917
-17.216367786886682
-17.216499145104965
-17.216560742800024
-17.216690758877938
-17.216755531923443
-17.216848445625885
-17.216903132228254
-17.216964161578353
-17.217070308942763
-17.217135486045
-17.217241382788444
-17.217318790814645
-17.217403806718153
-17.217466554896845
-17.217571015685852
-17.217635360664172
-17.217689088137853
-17.217768060737015
-17.217792771245662
-17.217904697193205
-17.217940470954954
-17.217993941855337
-17.218088698752897
-17.218234583485927
-17.218338723051893
-17.218448736763452
-17.218531034694582
-17.218605255980634
-17.218708438347225
-17.218818918081556
-17.218901214444273
-17.21897642384974
-17.219061110087786
-17.219170851705922
-17.219237824286687
-17.219303380840575
-17.2194330445035
-17.21947436988315
-17.219588628612286
-17.219629008267518
-17.219693817702584
-17.219758993091013
-17.219842046518806
-17.21990009664619
-17.21996616000856
-17.22002599524771
-17.2201085641172
-17.220182250695505
-17.22024347815927
-17.22031692450478
-17.22041537004437
-17.220488490291547
-17.22058364033539
-17.22059898617836
-17.220717913248933
-17.220767202166513
-17.220832925712603
-17.22092474700758
-17.22098303259873
-17.221095317854953
