500 iters for seed 16 on ER0.3 which is in the 29.262542724609375 percentile
 Maxcut: 31.0, MedianCut: 20.0
-18.021655532757407
-19.502845377142012
-19.572227737446774
-19.607854988751555
-19.660731241600445
-19.743875117765715
-19.7723540411876
-19.804702805264963
-19.83260192407924
-19.858521020273308
-19.88520558649777
-19.907403588213747
-19.925532341410957
-19.947519766380957
-19.963677930814065
-19.97614353201611
-19.986774447290923
-19.997402760761208
-20.00606203837541
-20.015383820884907
-20.023713860493018
-20.03298931823764
-20.039350798058248
-20.046837849145586
-20.05236373272627
-20.059154154238257
-20.06411840606219
-20.06931648348227
-20.07549389043272
-20.08030521657843
-20.08647378843861
-20.0930995579548
-20.096095127047285
-20.100274889498355
-20.103774421290183
-20.10553919208231
-20.109718267678552
-20.111335093254016
-20.11443048447459
-20.117140680512513
-20.120338117955402
-20.122366498943727
-20.125301760886032
-20.127589383570072
-20.130782514793538
-20.133208720266946
-20.1352158821731
-20.138035837100592
-20.140487231539847
-20.141935925089868
-20.144235002715895
-20.144880864975107
-20.146175886263208
-20.147195233158968
-20.148251855061115
-20.150092039652684
-20.151147333212887
-20.152840403063536
-20.154161121514885
-20.15572490362987
-20.156864150462187
-20.15817263763802
-20.159425043389774
-20.160628146891057
-20.16158330204368
-20.1633076811332
-20.16417536550368
-20.165393523837878
-20.166908625599888
-20.16854760942981
-20.170007627650506
-20.17198501879965
-20.172827282385654
-20.174111152242816
-20.17558342160642
-20.1764803470519
-20.17824172467948
-20.17925235468007
-20.18056421080735
-20.181584580362973
-20.18289835982725
-20.184193860984205
-20.18573495450505
-20.186569091176576
-20.18780929871177
-20.188375499296527
-20.189582193023096
-20.190506446353208
-20.191284215625323
-20.19277951229082
-20.19338409548276
-20.194602301028155
-20.195514636716055
-20.196741105007
-20.197564805449115
-20.19861847764875
-20.19954169250572
-20.20051663441001
-20.201332530143933
-20.2028044805237
-20.203585093057207
-20.204290601606694
-20.20524021388141
-20.20586235545956
-20.206796597063313
-20.207636955742295
-20.20842951689263
-20.20926611240099
-20.21007681528649
-20.21109402451486
-20.21194395654737
-20.21298378577406
-20.213986156208644
-20.21476564276919
-20.215896782934095
-20.216938482806896
-20.218067065327148
-20.21894748933549
-20.22013953559869
-20.2207767232669
-20.221737760380552
-20.222785191604913
-20.2236932352881
-20.224594936020196
-20.22541040746334
-20.226333866851483
-20.227006108559802
-20.22785327091267
-20.22847916545261
-20.22896260956841
-20.229567152560165
-20.23019658815288
-20.23076684999875
-20.231416871136926
-20.231807451075923
-20.2322464523765
-20.233117218259135
-20.233518018756925
-20.23397208515935
-20.23458416491376
-20.234893541675355
-20.235538795592944
-20.236118536059138
-20.23642497616463
-20.23684701328127
-20.23725580874174
-20.2377837557829
-20.23820464318522
-20.238586185216285
-20.238907294341484
-20.239389950942645
-20.239657233705024
-20.23991868805517
-20.24019959259686
-20.240490899607998
-20.240954644323256
-20.241380794893992
-20.241699705379077
-20.242127430298215
-20.242463323974672
-20.24301921599571
-20.243527857692108
-20.244128551398248
-20.24454922796575
-20.24496411662199
-20.245312696911498
-20.24567803347898
-20.246016703027834
-20.24636651282822
-20.24673619440103
-20.247235867867577
-20.247445495818468
-20.24786122107255
-20.248117474115656
-20.248490311732063
-20.24891230096208
-20.24917476262023
-20.249905512762577
-20.25019761789544
-20.25064638931189
-20.251093930312265
-20.25157295126708
-20.2519984661882
-20.252309981077964
-20.25276267023085
-20.2530301598549
-20.253384448501713
-20.253752709935284
-20.25398583052079
-20.25452535515838
-20.2548765684475
-20.255230341343278
-20.25550219393871
-20.255723430511388
-20.25617976651907
-20.25650065404054
-20.256821219991835
-20.257094320527937
-20.257329957370967
-20.257662812662787
-20.25795437304448
-20.258224596131328
-20.25855285645596
-20.25889323094385
-20.259137278724005
-20.259462893620174
-20.25957607868923
-20.25983620207103
-20.260002558533255
-20.260179287679104
-20.260498379231862
-20.260716681116566
-20.26099806500281
-20.261194053511744
-20.261476471108633
-20.261635291638488
-20.26183719560746
-20.26207430261268
-20.262291174942114
-20.26257906102765
-20.262818516006313
-20.263059939043277
-20.263291276463413
-20.26356139235352
-20.263834385519136
-20.264119158603975
-20.26435070424713
-20.264572340930442
-20.26499429618476
-20.26506973861192
-20.265442935639527
-20.265588573051307
-20.26580727515843
-20.2660316703417
-20.26630512146622
-20.266511984307414
-20.266719165352377
-20.266909231675417
-20.26715188991981
-20.26732372794673
-20.26749431862922
-20.267801738384122
-20.267906844034954
-20.26833833259179
-20.26849454418277
-20.268703878670472
-20.268820127933694
-20.26905259053385
-20.26923637103208
-20.269407935435133
-20.26958316036313
-20.269834684722525
-20.269997556346247
-20.27016548550736
-20.270391025942587
-20.27064968006426
-20.27084953714936
-20.271110313054415
-20.271215955715512
-20.271372788845905
-20.271511795641437
-20.271630130614
-20.27182902823869
-20.272004281036637
-20.272144632884686
-20.272297857404162
-20.272446577979352
-20.272775102837823
-20.272836394491527
-20.273146095759877
-20.273271057908858
-20.273489931315098
-20.273784349656683
-20.273845847068593
-20.27426101605237
-20.27439958882783
-20.27463335388383
-20.274839653666557
-20.275100432823656
-20.275323389514835
-20.27556596103192
-20.275875629507023
-20.2761657987977
-20.276357038718725
-20.276591603034937
-20.276784472743433
-20.27701675108756
-20.277256713113577
-20.27745201927098
-20.277689896141737
-20.277919218723575
-20.278084136326857
-20.278247156554784
-20.278482703308732
-20.27874836864581
-20.278942576259865
-20.279134281019545
-20.27937580371824
-20.27956543040519
-20.279825887148032
-20.280004305875813
-20.28019025040635
-20.280305289175573
-20.280572391227384
-20.28070712574855
-20.280891472041603
-20.281174581152214
-20.28144689279553
-20.281663377029613
-20.28192540464682
-20.28213552787816
-20.28220812126704
-20.282568588350184
-20.28266844639319
-20.282850571364772
-20.283021531556088
-20.28325776077483
-20.283458589559764
-20.283671261625194
-20.283830573048483
-20.284105313876257
-20.284294852320926
-20.284469342514974
-20.284757328036772
-20.284984805281937
-20.285206884325188
-20.28536598697898
-20.285544951188104
-20.285654647026853
-20.285983007871305
-20.286085595434027
-20.286237766201282
-20.286440383094934
-20.286473082905857
-20.286821304774133
-20.286902344824224
-20.28705638793468
-20.287264796383592
-20.287390282732538
-20.28759540328975
-20.287750438496026
-20.287904850556917
-20.28806999390408
-20.288232314610845
-20.288421686235914
-20.288549762845776
-20.288730832449303
-20.288889155460748
-20.28901724148968
-20.289234538596734
-20.289287147143632
-20.2895326488074
-20.2896217602149
-20.289780462729933
-20.29003703683848
-20.29016010887274
-20.29034039525316
-20.29047275569235
-20.290667258766604
-20.29073209716906
-20.290954398680555
-20.291062140390025
-20.291178777246344
-20.291344074157728
-20.291462785728022
-20.291663814864982
-20.291830489430644
-20.29199069129953
-20.29210113133339
-20.29225111698392
-20.292390879326565
-20.29248829155382
-20.292696128402575
-20.292811765786883
-20.292957881601087
-20.29308893939461
-20.29323773652731
-20.293404759422742
-20.293590792406313
-20.293698571296506
-20.29382884056949
-20.29393213407085
-20.29404583649437
-20.294245519430106
-20.294337917444714
-20.294540378237123
-20.294654148782875
-20.294773667484286
-20.294910495972807
-20.29499655494439
-20.29517852372789
-20.295349528109256
-20.295451313091508
-20.295622857949024
-20.29573774963213
-20.295884195484852
-20.296017156353557
-20.296127008726174
-20.296236190924276
-20.296429916196253
-20.29655650548525
-20.29664624649375
-20.29679841681445
-20.29692237986246
-20.29708501388189
-20.297214230551816
-20.297334347086228
-20.29746716713169
-20.29757178265226
-20.2976873112801
-20.29778117394303
-20.297877074018533
-20.297970599624506
-20.29808784412447
-20.298146912822197
-20.29823673354158
-20.298350732073732
-20.29846995370861
-20.298555100963213
-20.298668912877623
-20.29875327688702
-20.29884192212869
-20.29894586803298
-20.29901574421663
-20.2990729439152
-20.299201608885593
-20.29929788894397
-20.299444898312146
-20.29959469434814
-20.299658868463315
-20.29977610654116
-20.299851227851384
-20.29990612812511
-20.299999456739194
-20.300057582442435
-20.300134704427958
-20.300299697877012
-20.300378384752975
-20.300481985438406
-20.300658153605553
-20.300752301996265
-20.300843797758112
-20.300981424316394
-20.301072145088945
-20.30115399883118
-20.30125005681443
-20.30132350873405
-20.30142772389511
-20.301510965781386
-20.301595281097484
-20.301696582610013
-20.301771366240118
-20.301876964668814
-20.30195774559063
-20.302034119599718
-20.302190207582537
-20.30225864687957
-20.302394428608824
-20.302463641019532
-20.302523808603237
-20.30263560938571
-20.302699776235457
-20.30278890462189
-20.302872185860444
-20.3029581340788
-20.303056227112446
-20.30315876045807
-20.30327025396329
-20.30335924313956
-20.30342268924204
-20.30353854751805
-20.303615063714165
-20.303688808293444
-20.303758425982107
-20.303810680995145
-20.30389335996539
-20.303967601599542
-20.304018028506142
-20.3040885360738
-20.304146775974996
-20.30421517291365
-20.30428826140581
-20.30434276726055
-20.30442492087858
-20.304476352819417
-20.304584051959537
-20.304638822734898
-20.304712069215668
-20.30482231321902
-20.304876178492865
-20.305001793594055
-20.305053884571674
-20.30513922373974
-20.305188930657312
-20.305301770240657
-20.305357177883078
-20.30541432880751
-20.305486153663473
-20.30557023321768
-20.305654354647366
