500 iters for seed 109 on ER0.3 which is in the 48.503875732421875 percentile
 Maxcut: 28.0, MedianCut: 18.0
-18.01517004377002
-19.63976339403228
-19.680155359757702
-19.94466159976027
-20.46490416405939
-20.760843151471637
-21.111698420893944
-21.390615449372735
-21.852145535192037
-22.337728289303133
-22.70707383716467
-23.229997809963
-23.72566802616226
-24.129017712366206
-24.3583760095537
-24.656775872681578
-24.821288383458658
-25.03671460831605
-25.202063766885445
-25.3232652696457
-25.420868972894162
-25.48965218896978
-25.58506844237827
-25.672391044390654
-25.709283053648715
-25.74960664508818
-25.769336089715544
-25.7962665128429
-25.821366879027323
-25.848116728402
-25.863074213909762
-25.87961778356881
-25.90037710244527
-25.90885489386033
-25.92116802993793
-25.928097749767968
-25.937353721295114
-25.943829112732733
-25.95454611885111
-25.95854514164026
-25.964039813696058
-25.967202455534917
-25.971901012410957
-25.97563989991603
-25.978339759026305
-25.982991550369036
-25.98503627881364
-25.986648314442352
-25.98781698374048
-25.98932261094293
-25.9907212438487
-25.991990159147292
-25.993017498831158
-25.99368366523159
-25.994464546192308
-25.99508856289591
-25.995645813704378
-25.996314889477866
-25.99693150282421
-25.997532663635248
-25.99789200674273
-25.99824103010915
-25.998522737054756
-25.99878733942858
-25.99899496803944
-25.99918985242755
-25.99923915582203
-25.999538114672564
-25.999615198913315
-25.99973843784254
-25.999893833238637
-26.000065461778178
-26.00018831245487
-26.000278303078804
-26.000362381370202
-26.000426932667214
-26.00048066468209
-26.000586561369545
-26.000623872062903
-26.000676093465472
-26.00070998672068
-26.00074842128185
-26.000799009463606
-26.000836660091498
-26.000860653616474
-26.000882158350457
-26.000909640514056
-26.000956730866047
-26.00097905024674
-26.001008997397765
-26.00102788457694
-26.001047401605295
-26.001078452332948
-26.001095634639064
-26.001113152623514
-26.00112720553356
-26.00114052628751
-26.001156430496046
-26.001171465732558
-26.001183403287907
-26.00120185955288
-26.00121260972853
-26.001228583893425
-26.0012389706574
-26.00124955330582
-26.001258056480737
-26.001265724056196
-26.00127666654228
-26.00128571315814
-26.001297008839916
-26.001311555598743
-26.001322818812397
-26.001330728884106
-26.001340255982065
-26.001347602838532
-26.001363066487936
-26.00137021260289
-26.001380801756483
-26.001390299320395
-26.001399433068066
-26.001408071100375
-26.00141748335073
-26.001427739354337
-26.00143873064237
-26.001451362480687
-26.001465029238684
-26.00147455102514
-26.001494131045767
-26.0015095091725
-26.001526190237676
-26.001548908851753
-26.001571788317584
-26.00160904540617
-26.001648179525958
-26.00168961432842
-26.00174324025855
-26.00181313431048
-26.001894063721107
-26.002015654106046
-26.002092967549864
-26.002192956523793
-26.00232953594859
-26.002406132960374
-26.002629992795644
-26.002870693603988
-26.00315195626712
-26.003452449780283
-26.003553585971716
-26.00410555555115
-26.00442234937875
-26.00470530646782
-26.00489339615497
-26.005298522540286
-26.005702462441658
-26.005941558588432
-26.006208737688002
-26.00649500627622
-26.006740405378984
-26.007267200167213
-26.007552393488137
-26.007881975315588
-26.00818604579604
-26.00861034281763
-26.00902567750147
-26.009356388038444
-26.00954814707537
-26.009804201135584
-26.010076252037308
-26.010408610376178
-26.01076385943799
-26.011180354406925
-26.011829928661136
-26.012338219770815
-26.012912445545684
-26.013394998673014
-26.014312023659077
-26.015159075231228
-26.01576711190261
-26.01660615680718
-26.017747569410243
-26.018452276851534
-26.019326817187444
-26.02023272607662
-26.02144343399132
-26.02311504468724
-26.02414344526425
-26.025380883592682
-26.02609896423715
-26.026985460095364
-26.028207036439387
-26.03021826556173
-26.031548625573354
-26.032900884681737
-26.033964426995798
-26.035069324828328
-26.035681787515806
-26.036152266244525
-26.036968161078473
-26.037619352766832
-26.03861105049494
-26.039600557063103
-26.040458117540226
-26.041799177272
-26.042309131369414
-26.04338903957764
-26.044168560486536
-26.04495344005899
-26.046211208282962
-26.04757180574635
-26.04908512140869
-26.050500064850738
-26.051661695828667
-26.053566679868567
-26.05551405800227
-26.05682907903812
-26.05820200647486
-26.059038843633587
-26.060159224079936
-26.06062915686599
-26.061266478694016
-26.062304637992174
-26.063283771952637
-26.06438721082819
-26.065285170385327
-26.06615207144075
-26.067219757590042
-26.068323421497922
-26.06910604080042
-26.069865274043895
-26.070942090491897
-26.07215636148876
-26.073022974283127
-26.073814338532912
-26.074612777171307
-26.07592969379568
-26.076776542273144
-26.0777639559634
-26.078928414967777
-26.079895441648333
-26.08087842188608
-26.081995057136268
-26.08272643224847
-26.08365397046921
-26.08453254522045
-26.085513703572843
-26.086027025022275
-26.086809633973
-26.0876604474994
-26.088563357606358
-26.08918105230354
-26.08987857161122
-26.090491899269008
-26.091175063528834
-26.091929853123442
-26.092468729461505
-26.092815289482367
-26.093467080680075
-26.09394146798417
-26.094600175852047
-26.095181081185213
-26.09582014858566
-26.096464996879657
-26.097114019200042
-26.09807012449125
-26.098716424787163
-26.099305472172507
-26.10015665253184
-26.10061891815247
-26.101195938463317
-26.102174082813246
-26.10270872653687
-26.10393603886661
-26.104392232377077
-26.105347125450212
-26.105766484175216
-26.10634832777366
-26.106917808754087
-26.107525394450683
-26.108255892887026
-26.108709355582242
-26.10893638281635
-26.10972051414001
-26.109925871292017
-26.110239414758
-26.11068784714634
-26.11119456604374
-26.111690087923787
-26.11200478242123
-26.112306709082777
-26.11265968008659
-26.11294292586342
-26.11323397170627
-26.113592697486684
-26.113881079610078
-26.11441653473468
-26.11469538814034
-26.114997565326437
-26.115247768977206
-26.11554424288432
-26.115943198408523
-26.11641346158046
-26.116799958148654
-26.11721096505741
-26.117655211893755
-26.118180502139218
-26.11863794004282
-26.119012475835287
-26.119446655644364
-26.119716026656683
-26.119997740774526
-26.120491190291077
-26.120743026215013
-26.12097287190871
-26.121513593653177
-26.1217644900651
-26.12209289248297
-26.122413075530726
-26.12272658083747
-26.122999314196953
-26.123223590049136
-26.123553943482644
-26.12380011504885
-26.124033195609137
-26.124370358252648
-26.124668499317636
-26.12485549642487
-26.12518404402434
-26.125377388560647
-26.125619117250494
-26.126001033738024
-26.126171751214812
-26.12638509786457
-26.126816840780652
-26.127055932411324
-26.127619419502984
-26.128025662663237
-26.128308494343756
-26.128656092819945
-26.12896070286286
-26.129427137696705
-26.12982933882773
-26.130174946785218
-26.130392461930768
-26.130706677302086
-26.131021711947128
-26.131304238927026
-26.13158066912824
-26.13174336909888
-26.13192645244026
-26.132436525527403
-26.13256022189212
-26.132849418683897
-26.133089480970735
-26.133358838295543
-26.13378340125597
-26.133942103843985
-26.134826071721704
-26.135186206222606
-26.135611663685165
-26.136131432285673
-26.136593775273482
-26.13727587202666
-26.13768997359376
-26.13809285480243
-26.13850202137919
-26.13908341546511
-26.139630348620805
-26.140061990877765
-26.14064948172688
-26.14105977816205
-26.141463910678684
-26.14201520034235
-26.142341989130017
-26.14288271329956
-26.143273182658977
-26.14375011133488
-26.14426685482129
-26.14477439994627
-26.145213534917904
-26.14556902317587
-26.1461547357374
-26.146518175510128
-26.146922862537565
-26.147559952004794
-26.14791292575099
-26.1484610164455
-26.149039395220626
-26.149425159487222
-26.15009633427857
-26.15054937014699
-26.151021629098583
-26.151426588429686
-26.15177889140004
-26.15226965898495
-26.15283007062575
-26.153497946383744
-26.15408490490332
-26.154786219315262
-26.15560484667398
-26.156502398549165
-26.157193624935292
-26.158069264461584
-26.15851473543718
-26.15932029538359
-26.15990176511832
-26.160458423965135
-26.161620059337
-26.16261007665733
-26.163648447175735
-26.164129582512526
-26.16506113789
-26.16606985380864
-26.167169149559243
-26.167924436011646
-26.16882243323801
-26.1698504084631
-26.17100973679744
-26.172170683072512
-26.173746565326084
-26.175437539898024
-26.17696760042075
-26.178755539029144
-26.180259991942236
-26.182644799890856
-26.18476551008195
-26.185942629329404
-26.187338157532
-26.18927080938614
-26.190534791461804
-26.192098196442146
-26.19362750483364
-26.19566842251902
-26.19757051845958
-26.19956592231589
-26.201793256954964
-26.20418779620797
-26.206368405698207
-26.20918654004278
-26.211707869814166
-26.214071349643746
-26.216088574551144
-26.218528469403786
-26.220985439627466
-26.22355686712159
-26.226070769230482
-26.228908823234057
-26.230973777789057
-26.23259240182358
-26.234430107322602
-26.2365322544158
-26.238250253769408
-26.239887151257417
-26.241724793650963
-26.24359516781618
-26.244747879028903
-26.24602331395905
-26.247338955567212
-26.24881377549271
-26.249851797780455
-26.25062775714516
-26.252209318312012
-26.25299696610022
-26.254285847459226
-26.255233108306257
-26.2560353847508
-26.256832724561505
-26.257607006302578
-26.258589461040916
-26.259330214061478
-26.260025621445568
-26.260864525513085
-26.261506422023718
-26.26203912572293
-26.262735232636903
-26.263318199478974
-26.264063229627137
-26.264573150992984
-26.265113743857384
-26.26560363834563
-26.266352329186105
-26.267206777264686
-26.268144995147928
-26.26887358311583
-26.269842258494435
-26.270674342440422
-26.271724043251634
-26.272467318364452
-26.27316561153926
-26.273860719667017
-26.274649166448555
-26.275174472335273
-26.27596850593452
-26.276413738867735
-26.27691793254694
-26.27722855483897
-26.2778586240767
-26.27812799282951
-26.27847290174437
-26.278968005843932
-26.279123923218094
