500 iters for seed 50 on ER0.3 which is in the 48.059844970703125 percentile
 Maxcut: 24.0, MedianCut: 15.0
-15.001401054596027
-15.091619275183074
-15.553881899896144
-15.626964674759316
-16.088138397537456
-16.291191964548307
-16.626125129371633
-17.004537934817257
-17.316732596381993
-17.50457101634109
-17.784680944569175
-17.99641262540726
-18.158778521757586
-18.313427414013848
-18.433895117498245
-18.553115803826653
-18.69741939245606
-18.810801941924087
-18.92177194364136
-19.04405438114624
-19.098653232172456
-19.161624169283776
-19.206511857273156
-19.250059263036963
-19.295185074403015
-19.33477950954851
-19.350621181206453
-19.37825485570068
-19.39211690878365
-19.405116313103726
-19.42030185577188
-19.429622877687336
-19.44202392073444
-19.457160687272303
-19.46510176486775
-19.474445115540295
-19.483183260965355
-19.49135447677359
-19.49701538985058
-19.504030436664085
-19.50856484401272
-19.513739815018127
-19.51803230155879
-19.521820324574758
-19.526456008074167
-19.530264916201865
-19.53556876549617
-19.543136719676315
-19.550558803493722
-19.556517178976257
-19.569249282046094
-19.578790655579407
-19.589848909096983
-19.61200514183662
-19.628265125818363
-19.65779096083771
-19.665271799150606
-19.71274460981651
-19.761962831234445
-19.81224988965217
-19.857907196564945
-19.905281450580667
-19.96883133417495
-20.043599821133725
-20.070046619215454
-20.12438160918581
-20.17688859543675
-20.209797659640152
-20.26574168107176
-20.32681454873463
-20.365075523546817
-20.408592601033163
-20.439533079583104
-20.4639633967721
-20.490021820425085
-20.51010653541124
-20.531070709454095
-20.54632262722787
-20.561786213978934
-20.573934381788174
-20.587331900235956
-20.60127600125558
-20.614852104324164
-20.625231881679632
-20.633860240900777
-20.641701916376075
-20.65103468162176
-20.66217027825072
-20.669547371315176
-20.675246492446174
-20.684907341918574
-20.692960440378492
-20.704272542094056
-20.71863350523759
-20.726685093219228
-20.744186432139397
-20.76259210946684
-20.784696311107542
-20.80910719936335
-20.827920157155287
-20.851845943565078
-20.884921971082306
-20.92020165237348
-20.94573555350141
-20.97003877307515
-20.993919788229547
-21.015260444383095
-21.035223552983478
-21.061045965940533
-21.093980797531984
-21.115949744831102
-21.151261943851324
-21.178391476058298
-21.208781087457773
-21.235128255281047
-21.272553350334103
-21.298259279887553
-21.31843537773011
-21.33945803430686
-21.361998358740234
-21.385296256666468
-21.40710948857099
-21.425413947824822
-21.445413229540755
-21.466789009860896
-21.488296543265474
-21.507366544070226
-21.533602531394923
-21.545834816065945
-21.562855702986603
-21.580240824680775
-21.596248195523124
-21.60493104560779
-21.628310221912944
-21.637377209527312
-21.651971313222568
-21.6724755945913
-21.690214387307464
-21.714413640772193
-21.734326387523247
-21.760653450259007
-21.775247766317936
-21.791856722860466
-21.806025229257052
-21.81655556808561
-21.828205337815668
-21.841786736670805
-21.853535498896328
-21.86876456883666
-21.88218429502158
-21.899206029852305
-21.913166767034603
-21.925635362017474
-21.938228049738893
-21.95646653021092
-21.967953813640158
-21.979308506204035
-21.997291016205423
-22.00931404488416
-22.031332821357086
-22.042747102966032
-22.056998567866376
-22.066336294827707
-22.08371044639504
-22.09219781212607
-22.102494508999598
-22.11730397796844
-22.129263365806793
-22.141544341061245
-22.15150701588492
-22.161686230802292
-22.168183350575248
-22.185443883992114
-22.192433411694566
-22.203049710907823
-22.21820959603446
-22.228259043692066
-22.246582982161964
-22.257092530586483
-22.271235988073954
-22.296132885999295
-22.310018049632355
-22.322399515136826
-22.336980002591428
-22.34873998649019
-22.36280693899109
-22.379758785339426
-22.39207015524276
-22.40669701213224
-22.428860571225574
-22.441069227310624
-22.457408904401525
-22.47722434020783
-22.490206878954528
-22.49953432736122
-22.527325456872678
-22.538337407314984
-22.552102819143
-22.562663236966454
-22.578894151869946
-22.591530562588076
-22.605684489035593
-22.616439900806494
-22.625239286516873
-22.635675480192454
-22.644091437653636
-22.656950232862027
-22.662132720655393
-22.67284288133973
-22.67661691597357
-22.68320505282391
-22.691621720936972
-22.69827460512889
-22.704202500101065
-22.710554716062624
-22.715972991603728
-22.724494109452497
-22.734457310284007
-22.739182111926535
-22.74803340153567
-22.75100167849339
-22.75796228574924
-22.76206940255894
-22.76536321774585
-22.770997379792522
-22.774602387901563
-22.781844023166137
-22.78785855775241
-22.792008681293723
-22.79574406124681
-22.798804882108122
-22.80403991851218
-22.807376348702025
-22.810706323444382
-22.81407532640398
-22.816416205995388
-22.82016350222605
-22.823179279161206
-22.825699307538827
-22.83068101316489
-22.833728310162975
-22.836417729103086
-22.84043726905976
-22.84304133168566
-22.845928218560843
-22.848714366580527
-22.85062532949983
-22.852877535952693
-22.855565949006323
-22.857991380675195
-22.858931506003596
-22.86232328785432
-22.863517787865625
-22.86583206738333
-22.86758388702446
-22.86914066501536
-22.872292976989822
-22.87428856541135
-22.876522027072074
-22.878528922873276
-22.880417224904757
-22.882245725635613
-22.884072439025044
-22.88553963258598
-22.887067938227936
-22.888341653266334
-22.88914265656945
-22.89040876780124
-22.892010493598857
-22.893730859251566
-22.894851193725152
-22.896223734410846
-22.897878318300425
-22.899811336073256
-22.90133071439416
-22.90258227172721
-22.90359939561555
-22.90463826590289
-22.905660533109504
-22.906417639271552
-22.907389317419963
-22.90822545180472
-22.908965261324962
-22.910266715612895
-22.911493257478327
-22.912219115128114
-22.91330401845255
-22.914226463764955
-22.915396428238733
-22.916472114733097
-22.91729514583191
-22.918246935469252
-22.91996432952059
-22.921077541050828
-22.921979946607895
-22.923007322325333
-22.923873789607814
-22.924618734612494
-22.92619524131386
-22.92673070899183
-22.927688387681574
-22.92859231423652
-22.92981904287374
-22.931287814878687
-22.93257540179145
-22.933996964068278
-22.935921375494082
-22.937973774146478
-22.940085723201747
-22.942559165376366
-22.945316503389314
-22.947404897285015
-22.94853241118747
-22.950536131937998
-22.95201653157938
-22.953693112123002
-22.955569317670026
-22.95660999319442
-22.95845723429414
-22.959980650182413
-22.96157083725913
-22.962441273161623
-22.96387720891298
-22.96562014618735
-22.96679561718983
-22.96827637211732
-22.969317696746337
-22.970582261245287
-22.972013678370466
-22.9734427477838
-22.975257382180285
-22.976506098318787
-22.977996193588456
-22.980149254062177
-22.98144884809725
-22.982521654241168
-22.98454068570557
-22.98532422456329
-22.986501775943648
-22.988061247971768
-22.989276917846794
-22.99141411678393
-22.9930805368783
-22.994319905254496
-22.995382750293764
-22.996696984275594
-22.998149869311497
-23.000352467803236
-23.00134081865258
-23.002722488968033
-23.004086712011247
-23.005734222568957
-23.007208888021346
-23.008460785561685
-23.009753609044736
-23.011196474742437
-23.012769252746633
-23.014456481729663
-23.015975675923382
-23.018082022954733
-23.018987585253424
-23.02079811464636
-23.021721270805447
-23.022875963577725
-23.02410581699655
-23.025668426951107
-23.02697066146579
-23.028241493570853
-23.029461787418988
-23.031332163729846
-23.033152794625547
-23.034374012625534
-23.03499121029614
-23.036801595403308
-23.037646261972103
-23.038943239736444
-23.040728299447153
-23.041908201330454
-23.043569903642144
-23.044782028060997
-23.046423764104333
-23.04790155318828
-23.049194045315005
-23.0499290970345
-23.050574922383753
-23.051194091012047
-23.052153922615616
-23.05302582812581
-23.05370295239161
-23.054443854166056
-23.055046800797573
-23.05603775772518
-23.05657194851011
-23.05724356075522
-23.058425080717203
-23.060262683181037
-23.062026925954555
-23.063527542423568
-23.065706753309712
-23.066965342970644
-23.068644190878913
-23.071316871101242
-23.07265060478461
-23.07442876293048
-23.075435274928818
-23.077763037085862
-23.07876689782587
-23.08010158826878
-23.081606997603167
-23.08284973439704
-23.083733882166253
-23.08458307857054
-23.0851923603303
-23.08600130935904
-23.086889896087847
-23.087363413309646
-23.087977979738064
-23.088709244352955
-23.089491140021412
-23.09026172441222
-23.09089139753973
-23.091732194816
-23.092332256382935
-23.09296969456494
-23.093748625564928
-23.094344465028467
-23.094764782092668
-23.09573197145335
-23.09615147662602
-23.0966267572058
-23.09735005257575
-23.097883560360284
-23.099000829600183
-23.099446344563997
-23.10016166263128
-23.100903568688103
-23.101863142923442
-23.102939199355443
-23.103701723369195
-23.10446138120122
-23.105439016483203
-23.106180193640423
-23.106793678211
-23.107690811856063
-23.108456877734998
-23.109481926354846
-23.11027374031823
-23.11101930575274
-23.1116859942936
-23.112424193475977
-23.11318455503686
-23.113779711448327
-23.114262247608114
-23.114839909334094
-23.115501592919102
-23.11620597576357
-23.11689048114081
-23.11762346461691
-23.118338821371786
-23.118900125382908
-23.119352076111934
-23.1199288559177
-23.120349499840394
-23.12108711205471
-23.12143011736317
-23.121942907121195
-23.122559596572852
-23.123238963280695
-23.123752185215622
-23.124345502833627
-23.124839371339682
-23.12529342713517
-23.126011368224855
-23.126441472842817
-23.12674029127546
-23.12772274806275
-23.127868078156382
-23.128303574012907
-23.128693099861685
-23.12907880282291
-23.129601230110943
-23.130016075415092
-23.130709328890998
-23.131183530327032
-23.13159996972669
-23.132008595615662
-23.13264583914337
-23.1332123742537
-23.133589416026965
-23.134260387788935
-23.13467731062099
-23.13520255073574
-23.135746059859084
-23.136141037590846
-23.13713587170026
-23.13764808104166
-23.138249936860408
-23.138884278293258
-23.13942227003174
-23.140069846809983
