500 iters for seed 197 on ER0.3 which is in the 68.27621459960938 percentile
 Maxcut: 28.0, MedianCut: 18.0
-18.99999992982882
-18.999999975473155
-19.00000023094595
-19.000000899682856
-19.000003368300657
-19.000012733774128
-19.000048530034586
-19.00018538476565
-19.00070685637801
-19.22008526386065
-19.22096411948089
-19.27197409132635
-19.52450805249921
-19.84448550215369
-20.326678920166817
-20.79655946728211
-21.140340196833016
-21.352142971704183
-21.50311449963761
-21.64992106346673
-21.75665363849594
-21.81816322565011
-21.858552067174884
-21.90546458067762
-21.95178469070417
-21.994295000024074
-22.023905677558574
-22.051670896819584
-22.062446318928277
-22.087477193873006
-22.098947158875177
-22.11217156162732
-22.11499170490887
-22.132238153013255
-22.138217302532134
-22.146214435220895
-22.157224028692745
-22.165472000895818
-22.18188280414984
-22.188884335201898
-22.199894027873288
-22.211185217030867
-22.22478682068524
-22.236669829904443
-22.248043649888576
-22.258379415450378
-22.269992001778682
-22.285827932050722
-22.297963950783416
-22.317667247362706
-22.339112960741637
-22.371963457173802
-22.39507209775564
-22.424415501125118
-22.447753791971042
-22.49696033765399
-22.534944306334257
-22.56771013932706
-22.599241332253325
-22.639144295211562
-22.664853477835713
-22.70028265244822
-22.716083365429814
-22.747449649256847
-22.774559340060854
-22.805522093540475
-22.828566357500094
-22.85026566557095
-22.865599877576983
-22.880996109734276
-22.89329159881664
-22.904798720331616
-22.91270293660428
-22.921750733084316
-22.927870329877823
-22.934884300191634
-22.943642012923796
-22.952495745345065
-22.956554515053725
-22.961968155073166
-22.966871947668928
-22.972180658136057
-22.975625982510454
-22.978300394780383
-22.980714238110536
-22.983015191220048
-22.98418488190507
-22.986397464127347
-22.987797265220827
-22.98963136483605
-22.99061565414408
-22.99144743493031
-22.991965086734957
-22.99282686288625
-22.99322492037806
-22.993678867779852
-22.994393749996185
-22.994647237433636
-22.995330923468465
-22.995589442691553
-22.995984536720375
-22.996426472531006
-22.996738071785927
-22.99691257689274
-22.99715868455076
-22.99736650375947
-22.99762614866856
-22.99781934791673
-22.9979762042273
-22.9981129065672
-22.998250720135864
-22.998361149706454
-22.998453357837064
-22.99855794792975
-22.998658810192154
-22.99872979476896
-22.9987892843775
-22.998846587869835
-22.99890259841656
-22.998951394025926
-22.99899271601029
-22.99904710720446
-22.999079078389656
-22.999149800336344
-22.99917856026917
-22.99922198514197
-22.999240683244597
-22.99929174138333
-22.999316977764412
-22.999341892960334
-22.999377930536774
-22.99940480702552
-22.9994502262103
-22.999477055214825
-22.9995086950397
-22.999538755695912
-22.99957280946628
-22.99961177860065
-22.999646736609133
-22.999675009111936
-22.99969287454345
-22.99971762492304
-22.99973288795158
-22.999748157896367
-22.999772259608847
-22.999781590814493
-22.999797441416135
-22.999810403982135
-22.999826003166742
-22.999840280600996
-22.99985296904387
-22.999864146735558
-22.999873909998836
-22.999885583898035
-22.999898355312766
-22.9999059459901
-22.99991280890399
-22.99991833515071
-22.999924753426015
-22.99993015599808
-22.999937149134148
-22.999944946458733
-22.999947798467964
-22.9999520006015
-22.999956602596658
-22.999961605453247
-22.99996621468629
-22.999969196384644
-22.99997203686221
-22.999974800503068
-22.999977769828593
-22.999980343827
-22.999982110550565
-22.999984866051182
-22.999986015100355
-22.999987488592705
-22.999988988445793
-22.99999018398563
-22.999990894574417
-22.99999202797857
-22.99999277198161
-22.999993744556456
-22.99999496392831
-22.99999552791492
-22.999996377660405
-22.999996798007032
-22.99999719817934
-22.99999760345575
-22.99999808744415
-22.999998495933212
-22.999998637378678
-22.99999885331717
-22.999998878427576
