500 iters for seed 152 on ER0.3 which is in the 3.000640869140625 percentile
 Maxcut: 25.0, MedianCut: 16.0
-10.159422828537151
-16.02223657965333
-16.13064606952528
-16.180213724420085
-16.200767875542383
-16.2464817227576
-16.272295310157183
-16.293513502321723
-16.32017062420354
-16.340514493692794
-16.360494781418183
-16.37522321170892
-16.389531484764795
-16.40078211564228
-16.410661664016306
-16.419345510726643
-16.42622512789033
-16.434969486642917
-16.44226270009189
-16.449084188906724
-16.456703389159387
-16.463477408799697
-16.470446414416493
-16.476754755419126
-16.482297603473064
-16.48732934858932
-16.493226995939807
-16.496807311894067
-16.50122955818518
-16.505142120245313
-16.508603931687848
-16.51133312884866
-16.514706020175225
-16.516386709445424
-16.518573745737186
-16.520900514134418
-16.523584816751786
-16.525897374868414
-16.527873086603403
-16.531756968971294
-16.53353225059678
-16.536158374241936
-16.538110738968797
-16.539649862635695
-16.541162191166876
-16.54285072716749
-16.54422805602048
-16.545681485749437
-16.547109180452946
-16.5484840967749
-16.55004894856546
-16.551565629504026
-16.553020304142162
-16.554818042794043
-16.556200854149996
-16.557306807444476
-16.558609736030554
-16.559773604002263
-16.561134596778636
-16.56217985502218
-16.563159288442534
-16.56419136013345
-16.565130006605173
-16.565923566321597
-16.56681480650632
-16.567930839639445
-16.568915011649242
-16.56956361773991
-16.570357135486994
-16.571279326241118
-16.57237322609717
-16.573252703084975
-16.574072070744815
-16.574741683093524
-16.575832409349836
-16.576321630931783
-16.577625722598153
-16.578180451348764
-16.5788534748988
-16.579834566074926
-16.580599464458587
-16.58159582013979
-16.58211254907845
-16.582977447180532
-16.58335504653706
-16.58462681080323
-16.58513749583999
-16.585814282612347
-16.58703370742024
-16.587985253422858
-16.589946525296554
-16.59094414414615
-16.592509300651866
-16.593380422979525
-16.594847737801665
-16.595778897525825
-16.596649073631212
-16.597741859527318
-16.598903003693913
-16.599543839352627
-16.600362499529844
-16.60112613815226
-16.60189863983048
-16.602788954358218
-16.60338842433586
-16.604454660250408
-16.60530935519665
-16.605933184715685
-16.60662118085586
-16.607214237467193
-16.60792298265675
-16.608537945980377
-16.60915998967987
-16.609675916376165
-16.610304324500085
-16.610737154376118
-16.61126950345554
-16.611812116290636
-16.612258869818366
-16.61296677620653
-16.613670025976106
-16.61406839493283
-16.61475743398058
-16.61523149114126
-16.61588441928803
-16.616570040199555
-16.616954872264806
-16.61738521750346
-16.617870539971467
-16.618370504974493
-16.618794940715276
-16.619163397950878
-16.619817850887195
-16.62004586355713
-16.62049033528286
-16.62080432107134
-16.621135767506114
-16.62176005227142
-16.62206202898409
-16.622552799537928
-16.62290504717808
-16.62336760198133
-16.623687030475025
-16.623987727835143
-16.62434479184981
-16.624636268475584
-16.624933965440448
-16.625482346133666
-16.625689006362567
-16.625978247650902
-16.626294548533764
-16.626653122591808
-16.626983126097038
-16.62720855372696
-16.62749929246699
-16.627676519587098
-16.627995126384707
-16.62816193555362
-16.628334334570305
-16.62868348948735
-16.628903897245678
-16.629185341380587
-16.6293948881987
-16.629656400601327
-16.629871553018795
-16.630049907571436
-16.6302545951638
-16.63038692466611
-16.630617704980075
-16.630791953498537
-16.630996424452682
-16.631232718437186
-16.631396975469922
-16.631574459523804
-16.63176902532266
-16.631912728590066
-16.63207657370976
-16.632261032321225
-16.63243369073614
-16.63261637009501
-16.63281310982855
-16.633082680075788
-16.633265575707654
-16.633442764019673
-16.63372587338043
-16.63389798201847
-16.634238924837398
-16.634462819402863
-16.634728658748937
-16.63497412675042
-16.63521663983567
-16.635397841342968
-16.635747240159773
-16.63592479070721
-16.636193654447524
-16.636608508709166
-16.636847209409723
-16.63728721663476
-16.63751454669901
-16.637832407884996
-16.63841141653672
-16.638661233876196
-16.639123200145654
-16.63949151641383
-16.6398240375038
-16.64027319775321
-16.640764746985035
-16.64128571554575
-16.6416425879679
-16.641920734776235
-16.64227432014364
-16.642613590530885
-16.64285028980634
-16.643299425496476
-16.6434700629486
-16.6439000110154
-16.644092643553126
-16.644326519248835
-16.644450570312777
-16.644749247596906
-16.64493149654838
-16.645106575656175
-16.645365279301686
-16.645665950222075
-16.645892427804476
-16.646274695945507
-16.646405151455703
-16.646671415282896
-16.64691344045921
-16.64709443079125
-16.647455801564828
-16.647612009711068
-16.64785170730693
-16.648099275860282
-16.648490914989416
-16.64866541505735
-16.648865741307525
-16.64913013689231
-16.649341113794694
-16.64980399237933
-16.650025631855478
-16.650288224132417
-16.650547895177546
-16.650759539150485
-16.651017352257284
-16.65134908651933
-16.651554865846617
-16.651744219774653
-16.652007303084723
-16.652224610671325
-16.65243273930879
-16.6527634443053
-16.652993499611405
-16.653251309322172
-16.653592415199782
-16.653830109011757
-16.653987223083483
-16.654322201393047
-16.6544287930227
-16.654639210824975
-16.654823889593388
-16.654953481479453
-16.65523694633883
-16.655319288645373
-16.655763176568023
-16.655897232264074
-16.65609541604234
-16.65635976915774
-16.6565539372704
-16.65680739614085
-16.65699199584111
-16.657170980688086
-16.65749146582919
-16.657581416196457
-16.657932658276334
-16.65805334390846
-16.65825876235639
-16.65849922100276
-16.658798323600994
-16.658988285394386
-16.659162179436425
-16.659328340787553
-16.6595173263427
-16.659731813790515
-16.659859075668862
-16.660002195976602
-16.6602062627896
-16.660361678146792
-16.66052781025762
-16.660697404572687
-16.66091397839817
-16.66108526159854
-16.66126918687635
-16.661469537443253
-16.661586537853477
-16.661728474033165
-16.66183493692091
-16.661974468345015
-16.66207268312153
-16.662219812864706
-16.662400640925107
-16.662567952922565
-16.662669111089354
-16.662773168995663
-16.662864968432192
-16.662975991037506
-16.663084503278583
-16.66317922763114
-16.66329020800069
-16.66339901016884
-16.663492355715356
-16.663627637850826
-16.663751033235037
-16.663864993270778
-16.663963628000644
-16.664064112580014
-16.664199521546593
-16.66433729622183
-16.664438160898456
-16.664541900668816
-16.66464602604538
-16.664778402242497
-16.664885509453807
-16.66500570779239
-16.665224800417363
-16.665312433021263
-16.665494024701722
-16.665577942969044
-16.665702785391606
-16.66576938654895
-16.66594254845473
-16.66601323116949
-16.66608657051411
-16.66621684464686
-16.66630925382131
-16.666425388885912
-16.666519265307503
-16.666630215091768
-16.666740815491465
-16.666841587847617
-16.666962426460252
-16.66704776468253
-16.667188072473817
-16.667243401797233
-16.66738374680026
-16.667461853926323
-16.667568867035342
-16.667745768041044
-16.66779855928274
-16.668120242382237
-16.668242320268572
-16.668394252525253
-16.668463214028794
-16.668635202709993
-16.668756785953008
-16.668872028680802
-16.669053020729613
-16.6691330878801
-16.669214807954766
-16.669367143741372
-16.66956040972424
-16.669705799320504
-16.669910621529034
-16.670071027606774
-16.670230308355617
-16.670380686702977
-16.670557596443516
-16.670778458196665
-16.670990373967886
-16.671134489561485
-16.671338854845843
-16.67145773156421
-16.671592448774334
-16.671832274376793
-16.671951522757265
-16.672175738183515
-16.672460101010248
-16.672591163542677
-16.672894315620987
-16.672995550811148
-16.673279684690595
-16.67345758888281
-16.67361186659081
-16.673875221663543
-16.674044177363356
-16.674315689483205
-16.6744734938776
-16.674701206163984
-16.67484275948441
-16.675029854147304
-16.675213563605876
-16.67536220758192
-16.67560808276903
-16.675794363788803
-16.675939753014415
-16.67611633061062
-16.676297113188514
-16.676464197760083
-16.676632318309174
-16.676717564509882
-16.67687173350326
-16.677032333173322
-16.6772619402627
-16.677393357806412
-16.677558634715254
-16.6777337207006
-16.67795424185368
-16.67812984585497
-16.678295750220194
-16.678448638690895
-16.67859199715799
-16.678744822457045
-16.67888173028948
-16.679018041539706
-16.679209776379317
-16.679327757040948
-16.67947681190263
-16.679611754249507
-16.67971233413357
-16.67983018678133
-16.679957750905512
-16.680096063827303
-16.68021937909651
-16.680297112097335
-16.68043994590439
-16.680554670176914
-16.680633059869372
-16.680718326856702
-16.68080109874428
-16.68090756130354
-16.680993379712447
-16.68106225356798
-16.6812032972
-16.68127112013045
-16.68136703770648
-16.681455044086036
-16.681532939839656
-16.681620460748
-16.681687161269185
-16.681754126727185
-16.681858515828644
-16.681911870071556
-16.68200055192699
-16.682066393149
-16.682141897649466
-16.682211442854786
-16.6822718449206
-16.682329801403608
-16.682382505895205
-16.68243645495847
-16.682512309432255
-16.682555268797866
-16.682618150175553
-16.68268956508564
-16.682751277087153
-16.68279567497226
-16.682842415384933
-16.68288782050422
-16.68294016100479
-16.68299073962757
-16.683046238344197
-16.68308407883453
-16.683135609488595
-16.683169379993537
-16.683211387663203
-16.683269367828977
-16.68331645626413
-16.683351197608445
-16.683391847566835
-16.683432866448697
-16.683455980581833
-16.683523419597474
-16.683543952173938
-16.683576959159247
-16.68362925089969
-16.683667285780732
-16.68372999056624
-16.683766845608634
-16.6838083474629
-16.683874277874963
-16.683933356694624
-16.68397289723405
-16.68401595633668
-16.684044325397785
-16.68408136581343
-16.684135921769563
-16.684171478915076
-16.684214743248376
-16.68428115638288
-16.684304828003476
-16.68435907409531
-16.684403435587924
-16.68445946461467
-16.684509017426645
-16.684551860154905
-16.684597487237713
-16.684652725278347
-16.684720197693675
-16.684778196893284
-16.684833313007566
