500 iters for seed 162 on ER0.3 which is in the 33.332061767578125 percentile
 Maxcut: 21.0, MedianCut: 12.0
-11.001036797419994
-11.995377316845545
-12.103312751510316
-12.136197707486927
-12.44003944485815
-12.696948663862509
-12.922857166142947
-13.09028408583551
-13.332199674477119
-13.761218904334466
-14.09021784364322
-14.38294217881709
-14.474817707331523
-14.65529629648945
-14.802929663637373
-14.941422951722172
-15.178661698932363
-15.324325182211293
-15.482923222536384
-15.642994180440803
-15.789379555851145
-15.956100358848715
-16.103432266981518
-16.27960630646665
-16.443285416262857
-16.534056525197954
-16.75697948462845
-16.822136166073278
-16.961243478874767
-17.09546234641718
-17.21375422447213
-17.2865414035666
-17.413582266053144
-17.493003215890308
-17.585413613103814
-17.64388319099959
-17.68117434554782
-17.724481137631397
-17.75946250471704
-17.77937546322643
-17.80637716481631
-17.82055093648497
-17.839811723164672
-17.854668024228914
-17.867008669754785
-17.874446134385074
-17.895099592773942
-17.90257044746567
-17.91203602320714
-17.92437926385109
-17.93162039928997
-17.94176457474791
-17.947833115140053
-17.955416162981493
-17.961101467628858
-17.967874848867858
-17.971564207815163
-17.974439367587703
-17.977510076547834
-17.98080874358585
-17.984443871743956
-17.985762414501703
-17.987644615344685
-17.98883818771186
-17.98980813568391
-17.991551079934172
-17.992480499222225
-17.993822332246044
-17.994505225750352
-17.99510070326544
-17.995560320837022
-17.995986387018604
-17.996646150847035
-17.99702661791426
-17.997390527625168
-17.99774034577042
-17.99798357157096
-17.998234071022303
-17.99842122334337
-17.998528835054785
-17.998651507239714
-17.998763639183355
-17.99890434705992
-17.998997906174516
-17.99910367689186
-17.999230474677184
-17.999368188282006
-17.99944510844385
-17.99952295591243
-17.99957524302649
-17.999638640363873
-17.99968389613624
-17.999715710522707
-17.999743607775244
-17.999771223385796
-17.999797025036163
-17.999816428799146
-17.999831818897352
-17.999852177384998
-17.999864335926013
-17.999877238924793
-17.999899189976517
-17.99990667845286
-17.999918059002862
-17.999926049386648
-17.999933905520972
-17.999940177348936
-17.999944325560026
-17.99994809638527
-17.999953714973707
-17.99995788922817
-17.99996229442733
-17.999967157049326
-17.999970630444302
-17.99997498835241
-17.999980084652545
-17.999981617907665
-17.99998403555188
-17.999985565474972
-17.999987409026833
-17.999989150945726
-17.99999015865345
-17.999991820741755
-17.999993301215692
-17.999994491293236
-17.99999525993333
-17.999995885871304
-17.999996737448257
-17.9999970084763
-17.999997364311035
-17.999997714318322
-17.999998027561972
-17.999998331967976
-17.999998647810273
-17.99999876923771
-17.99999893353857
-17.999999023110284
-17.99999913311054
-17.999999220541625
-17.999999273684644
-17.999999412490137
-17.99999945743801
-17.999999536607202
-17.999999590965693
-17.999999642460278
-17.99999968438568
-17.999999710035244
