500 iters for seed 97 on ER0.3 which is in the 60.063934326171875 percentile
 Maxcut: 31.0, MedianCut: 21.0
-22.005673272790727
-23.328957691165343
-23.35738339751939
-24.127130544276177
-24.52388135787838
-25.034989358597823
-25.614229248502593
-25.992839487468906
-26.497130894333164
-26.847073345534376
-27.186290478302944
-27.564170244249773
-27.72996245998531
-27.968184311752072
-28.162147497525844
-28.28811671046935
-28.47181587179205
-28.57677495842226
-28.657211466420964
-28.711184291942388
-28.7758297612898
-28.832637703094868
-28.895102386140238
-28.933252997055607
-28.97754839096005
-29.011848699981556
-29.056920001591706
-29.0920655043893
-29.12936338365359
-29.185947547875873
-29.229906704641227
-29.272782861201325
-29.307190422342252
-29.336118622004427
-29.383996359392363
-29.421669667469157
-29.467834532490702
-29.49938753428898
-29.53801153291913
-29.581373597206316
-29.635979986235927
-29.67398089144224
-29.71129019914489
-29.721910777661286
-29.771249974513022
-29.791190425502325
-29.812734436746776
-29.835586617695714
-29.859282022620135
-29.875686040999987
-29.894962331361285
-29.912151561681235
-29.925986382680687
-29.93623238097482
-29.94473173205442
-29.952772565465512
-29.959388900522754
-29.965627566719814
-29.970427978520686
-29.974012629051977
-29.977309845687053
-29.98000670307411
-29.98282710824507
-29.98486934388149
-29.986018223484432
-29.98717178394601
-29.98869326534464
-29.989771644980095
-29.991141509744605
-29.991826179124942
-29.992672355405283
-29.99421020429786
-29.994826291994958
-29.99560352663881
-29.996253520733678
-29.996830972834225
-29.997293296150698
-29.99769348218565
-29.9980064073295
-29.998206486596033
-29.99844465089457
-29.998667532583937
-29.998837210758854
-29.99898431587309
-29.999117979780326
-29.999217145968927
-29.999311957588205
-29.99939034307898
-29.999471148509798
-29.99953349823532
-29.999598353629704
-29.999670317167222
-29.99971291989403
-29.99974111311615
-29.99978712971041
-29.99980378717406
-29.99982827449335
-29.99985966711454
-29.99987550044104
-29.999891271627664
-29.999904646084456
-29.9999157535141
-29.999926951594233
-29.99993562368754
-29.999944105752483
-29.999950084266846
-29.999957999631242
-29.999961901347863
-29.999966418553015
-29.999972168687904
-29.999977059139184
-29.99997933405972
-29.999981404252814
-29.999983156337713
-29.99998544158839
-29.99998776750813
-29.99998933898706
-29.999990222406804
-29.999991947681554
-29.999993055411437
-29.999994134466014
-29.999994949533697
-29.999995531384045
-29.99999634969821
-29.99999712780604
-29.999997408918095
-29.99999771143847
-29.999997938901277
-29.99999819839931
-29.999998518860597
-29.999998695825198
-29.999998948945944
-29.999999126511803
-29.99999930721056
-29.999999370043586
