500 iters for seed 195 on ER0.3 which is in the 79.36172485351562 percentile
 Maxcut: 30.0, MedianCut: 20.0
-22.00000005427588
-22.00000021989605
-22.000000549823532
-22.000001304954896
-22.000003105126602
-22.000007468669992
-22.0000181512902
-22.00004444741056
-22.00019984464218
-22.000492409101344
-22.001208756519315
-22.004441011695572
-22.010355720036326
-22.093074655462242
-22.101543075832403
-22.15688603830747
-22.327806048669217
-22.454249803971578
-22.57878899980023
-22.69813830624136
-22.81158596030856
-22.939745975727842
-23.045852012884808
-23.169189613465928
-23.2886662268936
-23.43160869065048
-23.537006702289297
-23.62468507096864
-23.675071731437555
-23.73070569010506
-23.772373211057165
-23.819465791131105
-23.872990626719314
-23.92861451147545
-24.012368893413832
-24.110133607180824
-24.249820828415597
-24.438058957134718
-24.671345917255003
-25.01185647587455
-25.34091780793147
-25.51938224678011
-25.63569152833754
-25.872140593273947
-26.04214785218356
-26.126380171664003
-26.256381534523147
-26.33528712588878
-26.42646577518729
-26.481321502345853
-26.53811095495182
-26.595196955706616
-26.6485408658193
-26.672170099123946
-26.701680392923326
-26.744184852916923
-26.781421332917112
-26.805274574295368
-26.825212283945653
-26.844347143550483
-26.859336150535572
-26.878274300787794
-26.889324209577616
-26.904369502542316
-26.929302002583945
-26.94364594458958
-26.958562527914726
-26.967563325510593
-26.976167075189654
-26.9858826293458
-26.994302799186755
-27.001162221978753
-27.005826808399622
-27.01134171470253
-27.015287419371486
-27.019060470644032
-27.023058582595322
-27.026186717986413
-27.02795811495651
-27.032739360731835
-27.034303640895402
-27.03658630162178
-27.03953876640835
-27.04143466395498
-27.043300398002398
-27.04506413998416
-27.047171486293077
-27.048961523919527
-27.05048451998956
-27.052747114722248
-27.054597461005535
-27.058057967378705
-27.06152790067807
-27.065683008898258
-27.070228183804133
-27.074757946718687
-27.07930001213698
-27.083818519083415
-27.08827282721733
-27.0923107446828
-27.095891488074912
-27.101586804817476
-27.10603420622238
-27.11087317327451
-27.115122813102072
-27.119055345226542
-27.124625382499126
-27.130532040099553
-27.134097488388345
-27.138213697291174
-27.142088931796774
-27.1460661024822
-27.148964626770688
-27.1519076375806
-27.155958335140664
-27.16054650123219
-27.164883414477995
-27.168061936906966
-27.174025279747376
-27.176846905710576
-27.180292798856673
-27.182061177265762
-27.18452036828873
-27.187453207757404
-27.191149480186954
-27.193697433152867
-27.19700201533528
-27.199821262108376
-27.20330317143466
-27.207407736739157
-27.210234650748852
-27.21436182208195
-27.219626050388985
-27.224080293951634
-27.228325413071502
-27.23129289109279
-27.237477492570882
-27.24159847703328
-27.246671647527315
-27.25042544027083
-27.253414226455252
-27.256881907845926
-27.260830035873248
-27.26430600935266
-27.26752036366402
-27.270382316837072
-27.273558210930542
-27.276543594829377
-27.27863627628232
-27.281054617308214
-27.28340685168301
-27.286021625645574
-27.28837198944222
-27.2901879357808
-27.292222522279975
-27.293274509066038
-27.294579751635833
-27.29686374564819
-27.298511402134192
-27.299156896962387
-27.301777595399464
-27.302914606911543
-27.304572292013592
-27.30670620767254
-27.308480738653245
-27.31085621297819
-27.311997601720975
-27.313725325390607
-27.31478362829476
-27.31618736146296
-27.317473783507936
-27.31834278562179
-27.319146981075104
-27.321046262222723
-27.321932421420236
-27.32317740019119
-27.324627979902775
-27.326031443431244
-27.32680808010731
-27.32790983251664
-27.328669877627576
-27.32956554065067
-27.330651199530255
-27.331384350704546
-27.332419913347387
-27.333434031394333
-27.334455266797743
-27.335324247273356
-27.33684229791761
-27.337939159713784
-27.338886632787812
-27.33964173548752
-27.340631799391097
-27.341991360132116
-27.343508503454196
-27.34454078900174
-27.34577479540745
-27.346679531886668
-27.34791955194168
-27.348903532844623
-27.349867303477318
-27.350746399134888
-27.35199334620857
-27.352765698066445
-27.353567524741916
-27.354656969611266
-27.355845215909596
-27.356619751100354
-27.357771895670552
-27.358733013198336
-27.35982303851958
-27.360982928912794
-27.3615839431932
-27.36220123105852
-27.363469191434607
-27.364106393414914
-27.364882777012667
-27.366091847207173
-27.36636991209948
-27.367270328833207
-27.367769859316045
-27.368500582016832
-27.369530935504272
-27.37020906150079
-27.371333061384696
-27.37191989385146
-27.372606437787276
-27.373208065490353
-27.374054402185187
-27.37463464201808
-27.37530919391309
-27.375566649356024
-27.37605927415865
-27.3762561905256
-27.37678147137784
-27.377040236514397
-27.37737015786807
-27.377963877322646
-27.378374820560307
-27.37905042094952
-27.379570725712764
-27.3801433144539
-27.380763035174915
-27.381696854167583
-27.38227056054008
-27.382769680771283
-27.383290844201735
-27.383708006292515
-27.384278877277136
-27.384724638670082
-27.385203050722208
-27.385604454291506
-27.38606329776143
-27.386538645305134
-27.38704636772184
-27.38754824045804
-27.388213315093413
-27.38847798773633
-27.389152815881967
-27.389563944321786
-27.390072644884615
-27.39068682855157
-27.391447315120285
-27.391982397952702
-27.39260938209805
-27.39304526800182
-27.39345845252251
-27.39401622344429
-27.394419493193
-27.39512910832739
-27.39561369925381
-27.39603682373816
-27.39655719673515
-27.397024518428317
-27.39756935002037
-27.398186151668078
-27.398677096897554
-27.39923712038872
-27.399920716036362
-27.400356900448276
-27.40072871512832
-27.401215269238477
-27.401650924142217
-27.402476979931002
-27.40299436012666
-27.403544809116035
-27.403994038112526
-27.40442269768516
-27.405052163310614
-27.40568682503386
-27.406213336513975
-27.406670437676446
-27.407077888037918
-27.407515303786656
-27.408132659606547
-27.40858272428782
-27.409135572671808
-27.40954873546334
-27.409881054925005
-27.4106494671357
-27.411040041276742
-27.411638344502727
-27.411988362650696
-27.41233951409885
-27.41267628483514
-27.413032067906055
-27.413381470045973
-27.41374100575797
-27.414123206727307
-27.414612186335443
-27.415069814982505
-27.415506567990384
-27.415927074186815
-27.41657092482742
-27.4170670714054
-27.417514861694386
-27.418224302808017
-27.418653941794354
-27.41903373401928
-27.41952129739649
-27.419843650886573
-27.42046003077269
-27.420973619327686
-27.42131907590847
-27.42175525995967
-27.422077461975046
-27.42252592899508
-27.42305680435181
-27.42351236394382
-27.42401809063397
-27.42503924358217
-27.425417443515574
-27.425918225475325
-27.426549348910854
-27.42691514879611
-27.427410527034755
-27.427738254014617
-27.428106287307553
-27.428314281434382
-27.428803248878072
-27.42901825710037
-27.42933496444694
-27.429825895686516
-27.43012408953098
-27.430504105274462
-27.430779515577147
-27.431133927648723
-27.431523246020628
-27.431945712378006
-27.432241846812275
-27.432590245386024
-27.432895067570644
-27.433216834628087
-27.433625800044144
-27.43391740456178
-27.434350522988126
-27.434692249280946
-27.435083978154534
-27.4353666294827
-27.435703158055315
-27.43592983159597
-27.436410217627
-27.436632810941
-27.43684829908089
-27.437253482814484
-27.43787754923329
-27.43844119897402
-27.438786984171685
-27.439171080416703
-27.43943438082376
-27.439766200740166
-27.440196727691102
-27.44043761091385
-27.440666576543478
-27.441095233604493
-27.441293265644482
-27.441537035222392
-27.441764786520075
-27.441971372030846
-27.442314370470115
-27.442784486243763
-27.443097858326894
-27.443356070915286
-27.443544008588592
-27.443783389342705
-27.444000243730176
-27.444314938395046
-27.444432836448396
-27.444632393680553
-27.44478919765698
-27.445043973203713
-27.445301943145388
-27.44549653530453
-27.44584718654453
-27.446039478562682
-27.446283999854536
-27.446463898399827
-27.44677815102965
-27.44695680117218
-27.447206520381258
-27.447353153200737
-27.4474869369419
-27.447642266502953
-27.447827652458482
-27.447963332764594
-27.448108392027386
-27.448172785376997
-27.448375580230586
-27.44849443453283
-27.448623271617983
-27.44883570898068
-27.44909700206503
-27.44944359074831
-27.44963283958813
-27.44986028147459
-27.4500128805181
-27.450185286900783
-27.450423692351237
-27.45055191993275
-27.450955349239674
-27.451114564219846
-27.451409484022022
-27.451540446974295
-27.45172982301945
-27.452057909158267
-27.45226245003678
-27.45257039048135
-27.45283230190711
-27.453133630371475
-27.45339205092439
-27.45360643028323
-27.453822470505404
-27.45405597055568
-27.454321205305412
-27.45461620389191
-27.45479174803204
-27.45506261204432
-27.455396036982734
-27.45575847432238
-27.456026557974464
-27.45626666741754
-27.456611763593582
-27.45693286040406
-27.457220625296006
-27.45749454644499
-27.45791883241615
-27.45819901974358
-27.458606512896672
-27.45886174956195
-27.459172170137236
-27.459515680098814
-27.459890945582895
-27.46019395029939
-27.460496681037913
-27.460729265020163
-27.461044835068513
-27.46132838481036
-27.46157522489221
-27.462201611990142
-27.462502629276404
-27.462996462761193
-27.463426831218
-27.463809290153527
-27.464246612979217
-27.464613594671565
-27.4649944629906
-27.46551874785745
-27.466015454416976
-27.46643905938523
-27.466829010582767
-27.467262788389238
-27.467943518647694
-27.468673620308007
-27.46914041500453
-27.469723938133534
-27.470409213521357
-27.47105876102635
-27.471604298516304
-27.472254697789065
-27.472949332324376
-27.473585884760325
-27.4741057798878
-27.47450435476791
-27.474873015782993
-27.475655029969143
-27.476322895166444
-27.47708319345162
-27.477658653368337
-27.47824042594055
-27.478885945668587
-27.479511328415747
-27.48019618370649
-27.4806776294096
-27.481571784262552
-27.482093445595982
-27.48264988258231
-27.483152399686187
-27.48361525203914
-27.484637284577754
-27.4851517131516
