500 iters for seed 46 on ER0.3 which is in the 20.082855224609375 percentile
 Maxcut: 32.0, MedianCut: 23.0
-20.017163373045438
-22.49542194054633
-22.523857929252095
-22.61199627893039
-22.646085712400033
-22.68751510891819
-22.755967366175874
-22.793964060952174
-22.826214134643745
-22.857858969557775
-22.877937170546033
-22.90081405522635
-22.922018215355074
-22.94557221424635
-22.95955851807078
-22.975499245421776
-22.990230472258606
-23.00464757462445
-23.015821714318882
-23.02688613832623
-23.0372548317469
-23.047186127322377
-23.05446691743269
-23.06127536505273
-23.0705265482919
-23.07895603911702
-23.089642040984415
-23.09941582714084
-23.106710622499754
-23.115498720845544
-23.120072002245795
-23.125419710122465
-23.12976069421716
-23.133348025185402
-23.13591483768311
-23.14129720060182
-23.143540294993656
-23.14654249297069
-23.149501286426734
-23.15233942736441
-23.155026985859518
-23.157344635814006
-23.16154651134876
-23.16389732271031
-23.167521272463972
-23.169723457627285
-23.171994757160107
-23.173879019060152
-23.17584357223674
-23.177737154732736
-23.17974928573186
-23.182206007285433
-23.18418594671742
-23.186461937541047
-23.188616707909596
-23.191025158809186
-23.193037437244797
-23.194696141782416
-23.19683863252137
-23.1983299120501
-23.199939098205554
-23.20106482829851
-23.202385195921085
-23.203426307786227
-23.204589083086212
-23.205225355176164
-23.20614129045455
-23.20786359297425
-23.208802792204374
-23.210146729590576
-23.211283707023444
-23.212490273337366
-23.213642732889756
-23.214636343132128
-23.215594532852155
-23.216247774220754
-23.21675782529535
-23.217953982547503
-23.218674872807476
-23.219285051800643
-23.220851707615797
-23.22174074603167
-23.22279793784217
-23.223869368375976
-23.22454068269289
-23.225215919608587
-23.226436319927775
-23.227164269649865
-23.22767311550561
-23.228425823444717
-23.229100558114617
-23.230068086911537
-23.231011005637345
-23.232012977379544
-23.232753823514987
-23.233472313783246
-23.23438548742125
-23.235302716518397
-23.2360765976147
-23.237113068087297
-23.23797273177858
-23.238555921412434
-23.239467423414638
-23.23990003435892
-23.240466651243445
-23.241560748577857
-23.24204234211833
-23.242992515555514
-23.243886500563057
-23.24442356676473
-23.245470814717812
-23.24621108138144
-23.24708403623186
-23.24804368163052
-23.248761118346543
-23.24946928691252
-23.2504007590397
-23.250679646907976
-23.25128528985959
-23.251692640022398
-23.252190577664717
-23.252960100392478
-23.254239842325138
-23.25455535136034
-23.255619837057324
-23.25590079494765
-23.256401488324304
-23.25704116146349
-23.25735048858408
-23.258335779214892
-23.258736249939936
-23.259191708977333
-23.259423101121186
-23.260011456675144
-23.260464307012075
-23.260827881918267
-23.261416325299955
-23.261803743333285
-23.262678752290398
-23.263030853848804
-23.263568415140757
-23.26417230967082
-23.26492840048957
-23.265820069437968
-23.266166863475945
-23.266780782040424
-23.26703388338851
-23.26732070600799
-23.267944541196186
-23.26827000157549
-23.26865614475481
-23.269267121070815
-23.26969744311598
-23.270058809374085
-23.270582708853283
-23.270995220017983
-23.271493331530124
-23.271898618950267
-23.272253608279023
-23.2725578985101
-23.27277856427396
-23.27333280770179
-23.273703748459184
-23.27415132348461
-23.27453544238507
-23.274903854508253
-23.275301661953332
-23.275681122731903
-23.27614670136087
-23.276463098338343
-23.276963393943536
-23.277230558734654
-23.27758584708354
-23.277923294659995
-23.278354591917328
-23.278882026898273
-23.279418564539522
-23.27979694846284
-23.28027874794526
-23.28067239095641
-23.281122112828857
-23.281776147954957
-23.28211669153296
-23.282461485557004
-23.28314326748803
-23.283360246413828
-23.283680646741914
-23.284097297918876
-23.284347664049537
-23.28463180931061
-23.284864320851835
-23.285229564677817
-23.285535424386957
-23.285910118330484
-23.286244926383773
-23.286589816535127
-23.287077288199637
-23.287486030138172
-23.28789336810877
-23.288312093925686
-23.28866935764857
-23.28892252238181
-23.28933246937917
-23.289649421440455
-23.290079887168353
-23.29046628239746
-23.290938382995378
-23.29124471944563
-23.29161822844275
-23.2919371913138
-23.29234648377164
-23.292782481231338
-23.293155004433597
-23.29353293628871
-23.294015245358136
-23.29425576091293
-23.294621325872807
-23.294867397140482
-23.29522902781658
-23.295622391103826
-23.295854022031957
-23.29638956430493
-23.296592856958362
-23.296929025120303
-23.29724828835537
-23.29755625124346
-23.29781515892385
-23.298060073293264
-23.29828537322634
-23.298550066564154
-23.298800056258408
-23.299233374933298
-23.2994097743065
-23.29961041671038
-23.299865865173413
-23.300278222324426
-23.300470105622978
-23.300742686890622
-23.30088108583903
-23.301078794168987
-23.301216768050704
-23.301445395792506
-23.30161532422958
-23.301798255547062
-23.302069987560397
-23.302317178236606
-23.302487964764683
-23.30264658402568
-23.302817417913595
-23.30304496836223
-23.30322989846271
-23.30337991278261
-23.303515095283597
-23.30369652911389
-23.30391932817995
-23.304162536584975
-23.304377135177788
-23.304570139736597
-23.30485330636722
-23.305045908583416
-23.305265266297667
-23.305427078442346
-23.305564242351466
-23.30571502373237
-23.305832829890033
-23.305958237734885
-23.30607044451451
-23.30619146518616
-23.30646687931803
-23.306597792766688
-23.30678281632663
-23.306976788210825
-23.307146568847998
-23.30731437637191
-23.30748542329484
-23.307669263994995
-23.30779266020162
-23.307920590461787
-23.308062246105955
-23.308208182790693
-23.308368931059753
-23.308530125044143
-23.308714185014278
-23.308849795065623
-23.30901925472282
-23.309225296220227
-23.309315803267516
-23.309459444254355
-23.309612735302238
-23.309788056828808
-23.30991518788985
-23.310011950378883
-23.310111880664678
-23.31035010002229
-23.310498641377393
-23.310683926805677
-23.31080866180794
-23.310955512894253
-23.311096542647377
-23.311280923623954
-23.31136506950606
-23.311506970274742
-23.31161132029891
-23.31173600083068
-23.311832883871404
-23.311926277934635
-23.312011633136155
-23.312102282925544
-23.31220347512562
-23.31228936527189
-23.312394865524436
-23.312525957962187
-23.312601090235415
-23.312692950034737
-23.312797089258464
-23.31289969049096
-23.312969545389922
-23.313087548082564
-23.313188994863673
-23.313294927542348
-23.313409804730476
-23.313494149379306
-23.31360102196259
-23.313700644500603
-23.313804667759726
-23.31390253442582
-23.314020384391426
-23.314068823030954
-23.31420587365951
-23.314276528293696
-23.314361500695753
-23.314519930781334
-23.314650673805588
-23.31483020258328
-23.314916409809165
-23.315021071137203
-23.315134165214644
-23.315261802824974
-23.31545104429822
-23.315563047802865
-23.315670349923334
-23.315866936453354
-23.315941564001456
-23.316009727429048
-23.316155641548054
-23.31625316670052
-23.316472691313553
-23.316576911491143
-23.31673817133841
-23.31686839858415
-23.317034559823956
-23.317175726068196
-23.317325641397943
-23.317518013314775
-23.317637269638826
-23.317768181895875
-23.317967648392674
-23.318073892604335
-23.31819428676958
-23.318359648007778
-23.3184496894878
-23.318643200996178
-23.318752722740022
-23.318898587853614
-23.31905330860818
-23.319154741301617
-23.31927040707965
-23.319423913135143
-23.319560600259987
-23.319709928805747
-23.319835084561234
-23.319949958188893
-23.320017645910937
-23.32017794777022
-23.320207466755804
-23.32042650953188
-23.32049830298593
-23.320591123684956
-23.320726381234103
-23.320881194390815
-23.32107069622737
-23.32115816813746
-23.321263161470277
-23.321340526318178
-23.32142018295275
-23.321561244116378
-23.321631644297632
-23.32182541183869
-23.321882575498854
-23.3220212844104
-23.32207881822263
-23.322185340687618
-23.322293379821872
-23.322415272706046
-23.322529382306097
-23.322626262958238
-23.322697388514058
-23.32277662328021
-23.32287809924206
-23.322933583637237
-23.323092275284942
-23.32316114443
-23.32328930856923
-23.323360087257065
-23.323450370700755
-23.32358248363962
-23.323614648287815
-23.32375658913187
-23.323808141038153
-23.32389428616684
-23.324032914077733
-23.32411429120355
-23.324216630191508
-23.324306199200777
-23.324406999262276
-23.324470322971628
-23.324515015684916
-23.324618849575433
-23.32469661182785
-23.324773674058513
-23.324864905219147
-23.324936965435036
-23.325027050693997
-23.32514373084373
-23.325279839473875
-23.325353945619582
-23.325441443095638
-23.3254734315534
-23.325568099286002
-23.32563771322202
-23.325706770595875
-23.325824238275807
-23.325910685764033
-23.326043640767008
-23.326137771204785
-23.326262549806856
-23.32634332365575
-23.32644968033312
-23.326538288072438
-23.32661253975122
-23.32677296020267
-23.3268292671144
-23.326937704116283
-23.327025755550075
-23.32714799572644
-23.327207580593978
-23.327317857794853
-23.327392462083818
-23.327461546075764
-23.327600034904005
-23.327639442419482
-23.327808475704458
-23.327872179590464
-23.32797044816362
-23.327986370124847
-23.32814145283553
-23.328202832623433
-23.328262655557108
-23.32835375671177
-23.328401414965345
-23.32857732265587
-23.328644561513713
-23.328736235315812
-23.32887425768091
-23.329033496769057
-23.329194135606283
-23.32927517979663
-23.32939043030836
-23.329472947577596
-23.329548284629293
-23.32967290443655
-23.32973847925209
-23.32995330405909
-23.330105231601298
-23.33021068919141
-23.330303635965805
-23.33041248220491
-23.330563776383094
-23.330691929317705
-23.330727927292557
-23.330744202685537
-23.330844067349474
-23.33092544868367
-23.331005562607423
-23.331144749892836
-23.331230167835994
-23.331318123367847
-23.331419827454326
-23.331579769897992
-23.331709963890738
-23.331857575517812
-23.33196602951675
-23.33202487654975
-23.33214977563828
-23.332236629987086
-23.332337639131886
-23.33243823573304
-23.332531949600348
-23.332601070728195
-23.332732184792228
