500 iters for seed 104 on ER0.3 which is in the 71.69570922851562 percentile
 Maxcut: 34.0, MedianCut: 23.0
-25.0000000467344
-25.000000180905946
-25.00000183142479
-25.000035721620876
-25.00729899179015
-25.008212835482798
-25.014588889120795
-25.024595394903105
-25.05519537849343
-25.119786211982596
-25.206262830038646
-25.357651778909243
-25.650718841639126
-25.91974355237072
-26.18749966533833
-26.582845407261434
-26.8677786901
-27.351197895444404
-27.82834608585402
-28.2494293641169
-28.50589528869106
-29.142785893571887
-29.568427236346437
-29.998340660568118
-30.621359906043793
-31.00813935749719
-31.492183203433175
-31.763221317446394
-31.968935905650596
-32.195044761206525
-32.34991449385709
-32.4798259678787
-32.533246106307544
-32.617860912728936
-32.63669777373582
-32.70107533165203
-32.723072389328614
-32.75664429042963
-32.801711064232286
-32.81220004371294
-32.86447418408492
-32.875749323213945
-32.89378653264777
-32.90788523315012
-32.92488076231622
-32.937532104715274
-32.94592869294926
-32.95634417934407
-32.96603518080399
-32.96968924355753
-32.97510089130576
-32.97848612529541
-32.981908447526365
-32.985487668955344
-32.98745449485496
-32.98930784924366
-32.99142144339145
-32.99218890921449
-32.9929660760944
-32.9940668339503
-32.99440094665535
-32.99517525813769
-32.99544439390295
-32.995848607418964
-32.99633582361084
-32.99673066881074
-32.996998571353146
-32.99727753527761
-32.99752484240715
-32.99781218118562
-32.997996555791524
-32.99813310437209
-32.998317708445754
-32.99847660898634
-32.998657548800736
-32.998754628797926
-32.99884873388796
-32.99896941189169
-32.99907235904534
-32.99915032441943
-32.99924252153793
-32.9993131441441
-32.99937425108869
-32.999429701485695
-32.9994487910551
-32.999499508448565
-32.999529350481104
-32.99957237678972
-32.99960654689526
-32.99963465632639
-32.999695736153605
-32.99971974815735
-32.99975549970999
-32.999783760502176
-32.99980977273801
-32.99983111174359
-32.99984573325469
-32.99986660320085
-32.99987640094274
-32.99989661192617
-32.99990839441203
-32.999917911480054
-32.99993230219464
-32.999941428335426
-32.999949007327835
-32.999957035852795
-32.999964815668285
-32.99996813663071
-32.99997711943522
-32.99997937734531
-32.99998239974386
-32.999985127585326
-32.99998789484206
-32.99998935044888
-32.99999088172144
-32.99999216139503
-32.9999934649193
-32.99999441256766
-32.99999505734204
-32.999996205083626
-32.999996749336496
-32.999997262718175
-32.99999751830577
-32.99999784842539
-32.999997964690856
-32.99999845906391
-32.99999857348414
-32.99999874150965
-32.99999891654768
-32.999999117696824
-32.9999992880997
-32.999999415651835
-32.99999954374337
-32.999999650834475
-32.99999970255939
