500 iters for seed 168 on ER0.3 which is in the 80.11703491210938 percentile
 Maxcut: 28.0, MedianCut: 18.0
-19.999999899045914
-19.99999994961065
-20.000000079836553
-20.000000355410176
-20.000019745990894
-20.002830105094688
-20.002836878455334
-20.004263369360523
-20.015125094301876
-20.03525178746493
-20.06344811315328
-20.144035221583714
-20.358089035051183
-20.663556364433155
-21.084947700583548
-21.37092984161892
-21.743899347105298
-21.954128888654907
-22.331842866571225
-22.63393552036224
-22.94671666014908
-23.208352963880415
-23.467679558879333
-23.792682789852833
-24.02271597064848
-24.20900680912608
-24.40506036265941
-24.582941252041483
-24.770532508948644
-24.939641551093104
-25.08510956382782
-25.214656372104937
-25.352885423290036
-25.439035961932642
-25.51801857033905
-25.595196525660693
-25.6537110787308
-25.703913474893003
-25.758368982514245
-25.776199271599804
-25.802902243709678
-25.824826572278983
-25.843261873840667
-25.878418857654538
-25.895324220910446
-25.91621883025815
-25.92810577959956
-25.93811927599795
-25.947610254847795
-25.954125155025892
-25.959309835076642
-25.963522882601982
-25.968187481615868
-25.970467742186425
-25.974822198304725
-25.976825493272568
-25.97945828987553
-25.983370116306265
-25.98640603458829
-25.98830897665698
-25.9894931465567
-25.990501230715683
-25.99183908640009
-25.99301616974865
-25.994039051647913
-25.994900479406514
-25.99537482932792
-25.996230953199515
-25.9967769860104
-25.99725407789175
-25.997834851861743
-25.998127694225307
-25.998463408653297
-25.99878048005096
-25.998920386867447
-25.99917589142876
-25.999315424567904
-25.999420236100633
-25.999467641249836
-25.99952820097297
-25.999603507962068
-25.999677431808557
-25.999718876853763
-25.99975734757672
-25.999794589693277
-25.99982399918026
-25.999850741281396
-25.999868063606673
-25.999884691674172
-25.99991405057937
-25.99991798211289
-25.999926424395376
-25.999931947583363
-25.999938236321277
-25.999946765694023
-25.999951543964034
-25.999956997888876
-25.999960109873594
-25.999965031574487
-25.99996749515894
-25.999973033745476
-25.999975951778623
-25.99997831128681
-25.9999814216303
-25.999984692400528
-25.999986998629556
-25.999989374479387
-25.99999048767218
-25.9999915872218
-25.999992691915395
-25.999993348145388
-25.99999435898422
-25.99999535627336
-25.99999566452072
-25.999996161043484
-25.999996695465235
-25.999997160984396
-25.99999763958278
-25.999997846439186
-25.999998202513808
-25.999998471545545
-25.999998691217638
-25.999998830995473
-25.999998976204036
-25.99999908862769
-25.999999208986736
-25.99999930229827
-25.99999938097503
-25.99999950182641
-25.999999582234654
-25.999999637347248
