500 iters for seed 118 on ER0.3 which is in the 55.031585693359375 percentile
 Maxcut: 29.0, MedianCut: 19.0
-19.00020883209492
-19.62407151943581
-19.643655534869378
-20.175199888960133
-20.49841411982245
-20.81343234450305
-21.169955213133633
-21.60355575073096
-21.782135441334578
-22.129820847939467
-22.296133782190182
-22.489881275159817
-22.705350114605626
-22.824759517884182
-22.97489080145932
-23.105495889936904
-23.25445962447219
-23.38005245312389
-23.490660996670695
-23.573713254531157
-23.632751292342146
-23.700664313007547
-23.743394821735915
-23.771963379355313
-23.79706045807937
-23.828366189481446
-23.845653229535763
-23.87866446426874
-23.888793607661125
-23.902571891745705
-23.915269715075095
-23.927396441315416
-23.934253300480645
-23.940011093688817
-23.944598957102237
-23.9501166938551
-23.956274005631105
-23.960275586013413
-23.964765284469415
-23.97103333932425
-23.972469457196844
-23.97540422298369
-23.97766313419097
-23.979981919577043
-23.981578913548255
-23.983514149872466
-23.985047688908473
-23.986455726065437
-23.987634552422264
-23.98883902067692
-23.99016026808972
-23.99104211329386
-23.99172220381244
-23.992560821379165
-23.993338284312514
-23.993841292155608
-23.994743820589225
-23.99513241853983
-23.99590311716325
-23.99634380902169
-23.99663312038433
-23.99706222274752
-23.997486248754274
-23.99774691096025
-23.99802262985556
-23.998175830182497
-23.998373209662848
-23.998527649133624
-23.99863954485524
-23.99868518834997
-23.998893775604305
-23.998949759573087
-23.99901955268201
-23.99911454634336
-23.99917117453086
-23.999239001724302
-23.999289806379558
-23.99936145801837
-23.999396776386575
-23.99946191961262
-23.999493065026424
-23.999530366003846
-23.99957944323993
-23.99962442321294
-23.99965859676569
-23.999689393154423
-23.999720926312897
-23.999736941440744
-23.99978413274178
-23.999795119765352
-23.999814376475953
-23.999832208321465
-23.999852427823196
-23.999867916631953
-23.99988439672187
-23.99990528006715
-23.99991525650529
-23.999925315444646
-23.99993259766131
-23.99994067969755
-23.999948548885037
-23.9999547821123
-23.999960397094053
-23.999965657725966
-23.999972568840825
-23.99997620091849
-23.999978589144508
-23.999980486565395
-23.999982654892328
-23.999984437829543
-23.999986663142025
-23.999987830149905
-23.999988931321585
-23.999990325231217
-23.999991424334844
-23.99999198974843
-23.999992754615683
-23.999993284581443
-23.999993815962906
-23.99999430948585
-23.999994679612126
-23.999995162288606
-23.99999561719228
-23.999995815115287
-23.999996105028195
-23.999996440877982
-23.999996665321273
-23.99999690499736
-23.999997075990414
-23.99999726479943
-23.99999741105341
-23.99999760682873
-23.99999771725519
-23.999997823276356
-23.99999790740389
-23.999997991448744
-23.999998097406152
-23.99999815936746
-23.999998217841465
-23.999998302926794
-23.99999835359809
