500 iters for seed 84 on ER0.3 which is in the 82.76901245117188 percentile
 Maxcut: 30.0, MedianCut: 21.0
-23.999999946629583
-24.000000019348075
-24.000000329363974
-24.00000511203858
-24.00004716066177
-24.00027032150544
-24.001724059981548
-24.021793534503875
-24.022848709501947
-24.054013289389296
-24.167299759257965
-24.32958068783445
-24.521579196072214
-24.802984170092824
-25.037415632904928
-25.326109842817257
-25.5026525920956
-25.673307987296585
-25.80003441084603
-25.949318901756776
-26.120852353750777
-26.262909401002606
-26.358749371029248
-26.46852289624923
-26.520832382276847
-26.578585132546813
-26.63454706146806
-26.687503867373383
-26.751862246420156
-26.792047904035293
-26.816374804255982
-26.843951446085917
-26.875047094394354
-26.887670242902345
-26.914997207480987
-26.925011563629578
-26.940583163624083
-26.960881831752733
-26.970945703479778
-26.983527885188277
-26.99132567599609
-26.999417176600122
-27.005384383313537
-27.01043117016744
-27.01567860758628
-27.018905637582563
-27.023774573934254
-27.027276632766448
-27.0297462244189
-27.03374322149592
-27.036628486240765
-27.038943609784507
-27.041190776432575
-27.043233398077835
-27.046658465858684
-27.049704429957846
-27.051371001778136
-27.053777812542027
-27.05595692842974
-27.05903300575345
-27.06265791251845
-27.06572181277875
-27.0674496638021
-27.07406718487559
-27.07763134026642
-27.081650333289378
-27.08694080981236
-27.093520012898587
-27.101684816644923
-27.11103512996944
-27.11820445565995
-27.1292631057212
-27.136771564719613
-27.14507613168074
-27.154352811909007
-27.1616711176203
-27.173901883596347
-27.189147688548047
-27.198179699779686
-27.211637453483174
-27.223785005779693
-27.24274898304615
-27.262052175099726
-27.27514185847813
-27.289698531216473
-27.301608694131968
-27.313506316287782
-27.324489942671118
-27.33909930889799
-27.350088400447152
-27.36766379883196
-27.381459386067156
-27.39508814317223
-27.41164492118668
-27.42474123285409
-27.444765968703457
-27.455000247939378
-27.470906906299227
-27.48141519462318
-27.493272111852427
-27.501864212192366
-27.515379682752418
-27.52086321108068
-27.531342072654372
-27.54150862310144
-27.550424044068905
-27.559844585494456
-27.567833146659044
-27.57641998989274
-27.5821627614025
-27.590497590415904
-27.595811070352134
-27.60165504436289
-27.608760616295275
-27.61651258794099
-27.62520565182833
-27.633101931694107
-27.639911536024822
-27.648642485230344
-27.655493549263884
-27.66260304916589
-27.672118828027475
-27.68139664598836
-27.690028060943135
-27.70093408896111
-27.706370998704696
-27.712810487991586
-27.717933955248004
-27.722508759949093
-27.72735839214161
-27.731339269652022
-27.738584729364586
-27.745149139845527
-27.74890818835755
-27.75461367408556
-27.75908021396354
-27.764007982972498
-27.76761987111079
-27.770936527418908
-27.77486469138715
-27.777787743551606
-27.78297482473263
-27.785726633261216
-27.789194951993007
-27.794645890030374
-27.798818193010753
-27.80520899160758
-27.810091729127212
-27.81487956665503
-27.820704634914932
-27.82688941253271
-27.831713109024886
-27.836401037349084
-27.839724249489368
-27.844265533663265
-27.852341045569197
-27.857546058721347
-27.862732700122752
-27.86770920970595
-27.871480850067435
-27.87534051839506
-27.879958461998974
-27.884762882050524
-27.88972188418343
-27.895105387563465
-27.899506790379057
-27.90342971761789
-27.906700501782364
-27.910864735118988
-27.915105421383593
-27.91865140775771
-27.923712181803065
-27.926909027733917
-27.929887717076028
-27.93374839527424
-27.936273803199715
-27.939852638183726
-27.942051717896586
-27.944341901841895
-27.94604165053881
-27.94875526477596
-27.950676971765393
-27.95365894004418
-27.955667226008522
-27.957946186301438
-27.961017953263084
-27.963209292097584
-27.966887217475467
-27.96908593990627
-27.97226928068932
-27.976294478026222
-27.98041141064553
-27.98272980799652
-27.985485448600304
-27.98784109782867
-27.99070746092641
-27.994959954383383
-27.997032882527748
-27.99927330436729
-28.003961818209856
-28.005989704054702
-28.007770317078517
-28.010855011459896
-28.012930505751857
-28.013677442194577
-28.01750197313149
-28.01896849226462
-28.021602832795473
-28.024987420197707
-28.026862786927325
-28.030892264238624
-28.032548759612762
-28.03514038327519
-28.036874540638177
-28.039697437486314
-28.0417936256566
-28.043658954118357
-28.046042332146502
-28.048510639206295
-28.04999285311545
-28.052178884813383
-28.05408920140053
-28.057319189886734
-28.058803074567738
-28.062593243799462
-28.063843255687424
-28.065729818560975
-28.067745573463966
-28.069700588505288
-28.071520469009553
-28.07345637542422
-28.075199221581954
-28.076688071619277
-28.07799518478073
-28.079422779209235
-28.08113428962416
-28.082621755910903
-28.08441973926042
-28.085938057867896
-28.08739724895385
-28.089525926987616
-28.091032614976932
-28.09318944191332
-28.09464938626014
-28.095977354702587
-28.097359904381722
-28.098598342416846
-28.10000835421637
-28.101564367263787
-28.10279917577506
-28.103872685362358
-28.105322149521577
-28.10655021933493
-28.108270664708094
-28.109615988903457
-28.110760132615315
-28.11190527497334
-28.113462600432474
-28.115006668343405
-28.116480173175624
-28.11803033670407
-28.119384121948784
-28.120470984654336
-28.121583983151506
-28.12265944770413
-28.123670034671875
-28.12502335653227
-28.125686877975955
-28.126543060515324
-28.127634854727052
-28.128347569265802
-28.12963040113165
-28.130547313482005
-28.131078083690927
-28.131641815603363
-28.132259506489948
-28.13324620314203
-28.134085288932383
-28.13470185499432
-28.135293563906746
-28.135748812786378
-28.136817029587597
-28.13733826723221
-28.13806375347033
-28.138559713328213
-28.139236429979
-28.140340752453355
-28.141052337328144
-28.142014100817384
-28.142643045341046
-28.143289638530124
-28.143996868413332
-28.144971905281892
-28.145418537689565
-28.145942641445824
-28.14647887658321
-28.14712739251898
-28.147753622445972
-28.14830355925361
-28.148830333971276
-28.14960232580315
-28.1500491075757
-28.150589428535948
-28.151519360522364
-28.152001348418043
-28.153106779540153
-28.153526838438854
-28.154116435043857
-28.154980537966242
-28.155687508062208
-28.15627600294334
-28.15692054018696
-28.157440153651198
-28.15829965208715
-28.159167600884317
-28.16010194100467
-28.160780371377403
-28.161910810872737
-28.162609081375393
-28.163476239033415
-28.164100336170957
-28.164955642180853
-28.166093287147675
-28.167185933586794
-28.167901022914084
-28.168695863941554
-28.169329942112977
-28.170108926518036
-28.171266602668624
-28.171934171696037
-28.173115296752158
-28.174098643683855
-28.174955396170784
-28.17617209332349
-28.177137643615886
-28.178238675566895
-28.179488503320506
-28.18062505140805
-28.181784958357927
-28.182936882023153
-28.18470919682391
-28.185277323955116
-28.18649762408152
-28.187431359544497
-28.18857771605804
-28.189633368874567
-28.19030792729337
-28.191064002136574
-28.19179559095577
-28.192541001120524
-28.193168171666873
-28.194247090179545
-28.194911227502576
-28.195572883326346
-28.19627582460734
-28.196908863368705
-28.197712058980052
-28.198270799003687
-28.198862581345594
-28.199440090114837
-28.200171433855473
-28.200731940270273
-28.20133523309997
-28.201849101805653
-28.202663771542493
-28.20302223062418
-28.204027334928018
-28.204588656453716
-28.205222816632997
-28.2058501310658
-28.20660472675592
-28.20729593850162
-28.208030070896864
-28.208557999064023
-28.20929042297116
-28.20985252141726
-28.21036867289961
-28.211178367255656
-28.21186394688241
-28.212369428289488
-28.213133992764053
-28.213759633289854
-28.214190748368896
-28.214988811673518
-28.215244944505216
-28.21584497778652
-28.216655842683352
-28.217556707639147
-28.218388533466477
-28.21931114174478
-28.220124054572846
-28.220821113012573
-28.22168153929874
-28.222217304713148
-28.2227683546043
-28.223440881386686
-28.223959499449784
-28.225075868680648
-28.225483473417835
-28.226494825508233
-28.226960465259882
-28.227772199266802
-28.22887301438049
-28.22988914692297
-28.230791134818283
-28.231432337771608
-28.231984875807655
-28.232497157873116
-28.233205673580155
-28.23359996865618
-28.234128983180092
-28.235002137295155
-28.2356890078321
-28.236337253636574
-28.236878824361987
-28.237443274335895
-28.237990860056268
-28.238794408732602
-28.23929591288544
-28.239826975350127
-28.240351689136798
-28.241149579798257
-28.24154742731342
-28.24212157390217
-28.242731546956236
-28.24344698307853
-28.24418735207171
-28.244881140513904
-28.24544593803226
-28.246144312806724
-28.246592682593096
-28.247039858601234
-28.247420141679378
-28.248017839202042
-28.248508301848645
-28.248947948244226
-28.249467842862003
-28.25015060687517
-28.250737083635133
-28.251376825981072
-28.25214704108056
-28.253044404255917
-28.253940756354304
-28.25459180255586
-28.25528194117628
-28.256077919759733
-28.256683294932376
-28.25721866899863
-28.257575259931752
-28.258406702562944
-28.25891601391772
-28.25951540427854
-28.26063136520123
-28.2612609052887
-28.26238448313347
-28.263006359476993
-28.263752913595667
-28.264367648895583
-28.264897775916896
-28.265735957931355
-28.266237464268453
-28.266822668274703
-28.267435682416263
-28.268212572440238
-28.26847328728892
-28.2691341609185
-28.269620875916935
-28.270242588277945
-28.270950487245393
-28.27146336672727
-28.272141041567288
-28.2728405014385
-28.27347623295495
-28.274217626339528
-28.274648963901083
-28.275514356509817
-28.27605468752698
-28.27658412682871
-28.277362771982126
-28.277974772582436
-28.278428695600407
-28.278867156932716
-28.279442265880377
-28.280068575012855
-28.280876090520135
-28.2813436094335
-28.2819192788697
-28.282528344641566
-28.283159258980298
-28.28379665572174
-28.284301986253766
-28.28477616008796
-28.28535180113581
-28.285751999092312
-28.28619402761522
-28.28657934483399
-28.28697122057864
-28.287468534943933
-28.28803225100383
-28.288390376498473
