500 iters for seed 156 on ER0.3 which is in the 67.47817993164062 percentile
 Maxcut: 30.0, MedianCut: 20.0
-21.0000000202687
-21.00000018494504
-21.00000041773063
-21.000000818793875
-21.00000156632724
-21.000003016933853
-21.000005904097755
-21.00001174517353
-21.00002372042343
-21.000078079454422
-21.000162213586563
-21.599990201950536
-21.600684735908875
-21.68248770710596
-21.816053055538422
-21.98865614002043
-22.85884110631156
-23.145252083747597
-23.594043648868738
-23.91264048178116
-24.116959839606306
-24.26401079909186
-24.437224449371442
-24.53353965223456
-24.619090929911987
-24.708245080818877
-24.75808420196543
-24.81463879942993
-24.898574571380777
-24.99097770981825
-25.10324463612134
-25.25223693664428
-25.592259170514694
-25.80152544178883
-26.083276011192353
-26.248461392181476
-26.427030341763963
-26.572030209812773
-26.708592543817414
-26.831314490742713
-26.935447760630282
-26.996189094851896
-27.077705732075046
-27.141010901507
-27.199598897136685
-27.23314579031762
-27.273608748418283
-27.311353493664107
-27.35090287872715
-27.369817672046352
-27.391228167816237
-27.401213026184447
-27.42217582469435
-27.4309625688545
-27.438694281773977
-27.450213304512125
-27.452596302150155
-27.467295664058142
-27.46978899992507
-27.474419648144718
-27.478390023780126
-27.48291993015406
-27.48560297761101
-27.48828985476667
-27.490279381689284
-27.492503044624655
-27.494124073407953
-27.494966327096932
-27.495892098190673
-27.49660792758396
-27.497329881380082
-27.49801181915331
-27.498473597711754
-27.498833496667885
-27.49903278141968
-27.499344451194666
-27.499481867962924
-27.499644012694862
-27.499798218666186
-27.49990531085805
-27.499999902353984
-27.500073071168913
-27.50017423373925
-27.500238753674957
-27.500304793300387
-27.500370177805642
-27.500418189053864
-27.500461947948466
-27.500515999174212
-27.50053812528038
-27.500567681504936
-27.5005929713874
-27.500622607589357
-27.50064141048478
-27.50065985906133
-27.500666666610563
-27.500681506634525
-27.50068714674245
-27.50069308209313
-27.500701570592383
-27.500704886873017
-27.500711214955057
-27.500714047879832
-27.50071899364967
-27.50072590318118
-27.500729454643135
-27.500732322144167
-27.500734000563625
-27.50073540261041
-27.50073565080759
-27.500737540978815
-27.50073799235743
-27.500738562481384
-27.500739400851714
-27.50074039691046
-27.50074083096852
-27.500741163399987
-27.500741425387538
-27.5007415997011
-27.500741849164484
-27.50074202630912
-27.500742159774077
-27.500742252528863
-27.500742514624207
-27.500742593480656
-27.50074268507381
-27.500742792854226
-27.500742916363095
-27.500743017135925
-27.50074310064015
-27.500743187990793
-27.500743256918472
-27.500743344651823
-27.50074345417504
-27.500743568972624
-27.500743661623147
-27.50074374226792
-27.500743813915925
-27.50074390747961
-27.50074402291846
-27.500744081695256
