500 iters for seed 82 on ER0.3 which is in the 54.012298583984375 percentile
 Maxcut: 34.0, MedianCut: 23.0
-23.000001396931204
-23.00000532100576
-23.000021030626595
-23.15885210860802
-23.163650695996374
-23.2243330339231
-23.231849576881274
-23.23188115224526
-23.2823620416765
-23.887092427757295
-23.93928821863706
-24.145629182705928
-25.090760626694706
-25.249563712761482
-25.93961295448859
-26.370650085576873
-26.86054289407082
-27.436865731951947
-27.88172820814248
-28.460253757948912
-28.938729729805313
-29.40335283860698
-29.755470808004606
-30.025709554234737
-30.30284989148436
-30.57237826803749
-30.909838138504075
-31.182001349032813
-31.60274002697332
-31.698157908413684
-32.14973565311969
-32.31055556792723
-32.55442751705383
-32.72016632646645
-32.917729359025195
-32.98827691839679
-33.13257666513961
-33.23933066694931
-33.3528174766321
-33.477508887064644
-33.55197989621871
-33.63026297642371
-33.686446399244836
-33.746191947803894
-33.78645995493106
-33.81818040421747
-33.83801225329564
-33.855708143842044
-33.87325767169096
-33.88609908497351
-33.89938897099521
-33.91342961075695
-33.92671404697591
-33.9338443117918
-33.94510969760793
-33.94926574743075
-33.958579878797345
-33.96460126314144
-33.969754974325994
-33.977015011219386
-33.97983589151635
-33.98358727596087
-33.98535345300491
-33.98706862679569
-33.988520846337344
-33.98965321597002
-33.991161392716975
-33.99240232656428
-33.9935308597717
-33.99416069381802
-33.994818870304094
-33.99560703812868
-33.99638014422014
-33.99692931355107
-33.997184697555284
-33.997531305591856
-33.99773558942709
-33.99803782849335
-33.99822785766617
-33.99839536993748
-33.9986066685955
-33.9988635562442
-33.99896018468123
-33.999094561192756
-33.99922166665246
-33.99934735443345
-33.999426742291064
-33.999488444045966
-33.99953829243634
-33.999598186768424
-33.99964831318671
-33.999686948317894
-33.99973280610165
-33.99975896189109
-33.999777322089294
-33.99979834921874
-33.99982225125855
-33.99983973408236
-33.99987183549877
-33.99988394336918
-33.99990228841912
-33.99992436706662
-33.99993305229417
-33.999945997439916
-33.99995249524552
-33.999960176921775
-33.99996588501737
-33.99997098007012
-33.9999758149369
-33.99998021105405
-33.999983968344615
-33.999986697077034
-33.9999897052214
-33.9999914289101
-33.999992552596474
-33.99999402681906
-33.99999502045515
-33.99999611325934
-33.99999676783481
-33.99999721676219
-33.99999756818099
-33.99999803427601
-33.99999816266807
-33.99999844839438
-33.99999857994612
-33.99999871615326
-33.999998958275235
-33.999999182943206
-33.999999366291306
-33.999999436425234
