500 iters for seed 91 on ER0.3 which is in the 79.99038696289062 percentile
 Maxcut: 27.0, MedianCut: 18.0
-19.999999945603854
-20.00000002583039
-20.00000058231615
-20.000009386744225
-20.00106156844823
-20.00285620670173
-20.00439637017586
-20.013537806574835
-20.071025550152545
-20.23097699560334
-20.450732749119403
-20.648390124815045
-20.92598141987177
-21.262461909191252
-21.633775384898197
-21.852930448475817
-22.068458896566888
-22.210304070446416
-22.375495743248305
-22.512165702934
-22.648672912416803
-22.776158244174326
-22.857652227319694
-22.960573861209376
-23.027495665414108
-23.091646340214844
-23.18357081440939
-23.236724467744697
-23.287749673414964
-23.346685010923114
-23.3755719206841
-23.407193588638506
-23.44002213137275
-23.464745227776998
-23.497111667938817
-23.537533532958665
-23.566264063666896
-23.608493320750696
-23.648679340459008
-23.687109917648524
-23.713487497658146
-23.744548174140462
-23.770047503169952
-23.801476175399266
-23.828238910775784
-23.85659125561976
-23.89030555771609
-23.916508406239757
-23.93468835028656
-23.952180997515015
-23.974033695500417
-23.98841502182856
-24.00492358780422
-24.022650742094505
-24.039563265151422
-24.04322590774397
-24.061033816374387
-24.066534667542488
-24.07668962306225
-24.090786982516935
-24.10138298444446
-24.116187562583995
-24.128107996777164
-24.140688361067376
-24.150873657008457
-24.163231315006218
-24.17937417538828
-24.192215723549175
-24.213590838044603
-24.23048412701128
-24.24332132322478
-24.259448928067485
-24.271865357580477
-24.282640496125108
-24.299646536177576
-24.30723729415812
-24.31547599311204
-24.327999243544895
-24.337552297474765
-24.34336835629957
-24.348891584971746
-24.353973082938857
-24.358819405158098
-24.361870429041282
-24.36520456326142
-24.370092788145705
-24.37441416762674
-24.378027539491324
-24.38121171625344
-24.382907060852464
-24.38580105500085
-24.387501464151583
-24.389107357572247
-24.39180170077065
-24.392147911235796
-24.394884977270582
-24.395606843411755
-24.397292606669513
-24.398970870921897
-24.400716424640265
-24.402280643261733
-24.404071887613462
-24.406355879632155
-24.40896862745352
-24.412336512325513
-24.41562831968996
-24.419832196633184
-24.425753958175143
-24.43425748352503
-24.443299503728934
-24.451665939937637
-24.45687815531892
-24.462727807823264
-24.47570257020752
-24.482590047324084
-24.490771118013
-24.50105332901963
-24.508606996083216
-24.517521350024257
-24.52374050670161
-24.530335839267057
-24.538950545370547
-24.547666913164434
-24.552668741103574
-24.560897926275533
-24.567970814806397
-24.576935099940457
-24.586208068774553
-24.593412322211393
-24.600036741410282
-24.610337437995423
-24.617364727473415
-24.622806580176587
-24.635861372729
-24.642617351446518
-24.65621888426946
-24.669799871489516
-24.68223715473734
-24.692937360282663
-24.70427604487858
-24.71409529734625
-24.724759451511595
-24.732934841591348
-24.741426975797708
-24.74847185615787
-24.75461984979693
-24.762265450524527
-24.767795267009536
-24.77169804268989
-24.77681345388891
-24.782014331046017
-24.787612963759372
-24.79286682759758
-24.79675451657602
-24.800613528622222
-24.80917763097659
-24.812847839112667
-24.818014271377177
-24.823758200815004
-24.827922052442947
-24.835808069861457
-24.84065917123125
-24.845458171889938
-24.84992020603188
-24.854291450846603
-24.856325969934787
-24.862080279556622
-24.864150336742405
-24.867632615363576
-24.871198742951712
-24.87523149273444
-24.878922925780085
-24.882461093247315
-24.885909709400174
-24.889483775382526
-24.891881658553327
-24.894974194716013
-24.89706664380593
-24.89977449027221
-24.902300932842202
-24.90406876494017
-24.90645905634254
-24.909237448773855
-24.910837399433316
-24.91352172932775
-24.91608917451764
-24.919369657656365
-24.923160302977607
-24.925879965379725
-24.92836676833851
-24.93261572867518
-24.93613174386652
-24.939729966010365
-24.94314302129908
-24.945992328795928
-24.948622538315398
-24.951004223698806
-24.953604232866372
-24.956680737821426
-24.9594604916281
-24.962757776120593
-24.96544240976619
-24.968119634080765
-24.97152240328309
-24.973437083452723
-24.974875206161066
-24.97843959502894
-24.980413048997345
-24.983192503510715
-24.98558001001573
-24.98882098560946
-24.990329629150708
-24.994115483538245
-24.997289826072446
-25.000950817153512
-25.00490124906957
-25.007447022621953
-25.01373592051789
-25.01692442994859
-25.022075874345123
-25.024378834190713
-25.027207997349766
-25.031892439457955
-25.033868130722887
-25.041058081962746
-25.043858981885656
-25.04792582140472
-25.052536412402215
-25.05724300417162
-25.063544014955127
-25.067889624200465
-25.071886429458754
-25.07660554089288
-25.08016956581648
-25.084622851250764
-25.08977405090901
-25.09538295633462
-25.099614083852305
-25.104197597412593
-25.107713150525598
-25.111484676048356
-25.115974299688702
-25.121704921119925
-25.124729282127475
-25.1289313885137
-25.134587670483423
-25.137101338591226
-25.143678514330638
-25.146409177646543
-25.15058095858169
-25.156879133302073
-25.16059272487241
-25.16545857931237
-25.168855088969554
-25.17295341247253
-25.17620899184184
-25.180110940682912
-25.18485359308657
-25.187308638408574
-25.19010256365373
-25.195317207911486
-25.196956354706955
-25.19992094127658
-25.203736395661224
-25.206554383575675
-25.209575668269565
-25.212167696705883
-25.214635449617024
-25.21841187253401
-25.22198334462338
-25.224001214857736
-25.22771269430139
-25.229672061044784
-25.232092219883846
-25.234192586391398
-25.235772228761206
-25.238631394019553
-25.241177698190803
-25.242876800647352
-25.24537950748507
-25.24745815522813
-25.25026821070701
-25.252537646739512
-25.25422256185247
-25.25719567664992
-25.25930540064209
-25.261619343801407
-25.264277630508808
-25.266488301390197
-25.269444712673856
-25.271647914211528
-25.272964830335003
-25.27527005250928
-25.27705231639387
-25.278602306065984
-25.279853073943222
-25.280955282906508
-25.28224404972198
-25.284060675559783
-25.28589321665795
-25.28778504507246
-25.28968666329342
-25.29098415760545
-25.292379270947492
-25.29416498765779
-25.295662782388646
-25.296890015953878
-25.298980665737048
-25.29992020674799
-25.301414325967986
-25.301767853037013
-25.30356923532339
-25.30426346756448
-25.30491649091837
-25.305895887447242
-25.306537528725404
-25.30831891183273
-25.309001976556022
-25.309935706207938
-25.311204072840322
-25.312463427225406
-25.31445205406119
-25.315595339617524
-25.31715139605909
-25.318729445832073
-25.320830512695693
-25.323107037024446
-25.324993915053323
-25.327022097119322
-25.328704141031906
-25.330213226238794
-25.331532847090845
-25.333570273417823
-25.335338934102538
-25.3372864590911
-25.33895488181056
-25.340687406334354
-25.342957340023577
-25.345224521618903
-25.347369045748625
-25.349412900470547
-25.351081669979525
-25.354323263832693
-25.35678928561722
-25.359058662681367
-25.362414762514433
-25.36458547777178
-25.366367640729678
-25.371291184950646
-25.372870315532552
-25.375136704577677
-25.37697208417956
-25.378836195749216
-25.382046655130008
-25.38443080397214
-25.387178468978956
-25.389484586168944
-25.391905849400747
-25.39489916755866
-25.40001601776717
-25.40329587801349
-25.40660262186879
-25.40923959409865
-25.411625316653506
-25.413823550035502
-25.416009457899914
-25.417996639074648
-25.420401251752818
-25.42295245136244
-25.425418101094134
-25.427678578465784
-25.429688386930504
-25.432369609567843
-25.435056464069362
-25.437551766624146
-25.44042584476739
-25.44241229444131
-25.444717094415072
-25.446954125282957
-25.448818748450773
-25.45036695444406
-25.45221832774388
-25.453381350105577
-25.454946445592498
-25.45763713521305
-25.45925042376219
-25.46076369270197
-25.46164122535712
-25.462616405603136
-25.464350998485052
-25.466063039404176
-25.467964803756665
-25.469723484414498
-25.47176389314448
-25.473762077095703
-25.475701858618546
-25.47777755862322
-25.47976911727643
-25.48070617251881
-25.48312914812318
-25.48398660757684
-25.485565843851916
-25.487148418597283
-25.48887130700392
-25.49065759430767
-25.49187556588769
-25.493348924960557
-25.495720779508993
-25.496656141155032
-25.497939652714397
-25.499040900065364
-25.500552167687726
-25.50172104985557
-25.502820501677924
-25.50434736786232
-25.505854016830895
-25.507050408401597
-25.508306050138618
-25.509965763638778
-25.510633618924178
-25.5125442955094
-25.513467421920886
-25.514802556986663
-25.516897115325612
-25.518210994404768
-25.51962110934271
-25.52097529172304
-25.522507782475888
-25.524345579897332
-25.526131982748463
-25.527948335217285
-25.529535573177675
-25.532400811602802
-25.53456265087386
-25.537375422250292
-25.539769780948614
-25.54188653388974
-25.54401489628359
-25.546195097588672
-25.5485841794198
-25.55038071175201
-25.55221244516853
-25.554471408440993
-25.555905175132494
-25.557931717514442
-25.560561008924502
-25.5630490618379
-25.56479611858957
-25.567722910595272
-25.57044353894501
-25.574493692471545
-25.578088460823597
-25.581778467972857
-25.58506224206183
-25.588245663571197
-25.591303484717766
-25.595250247006533
-25.599147755593002
-25.603417395224618
-25.607255323671847
-25.61233717360039
-25.617448497033237
-25.624079134976977
-25.632048949443103
-25.637406190228518
-25.642526692354906
-25.648828776017385
-25.654897385112953
-25.66331698775048
-25.66889005155779
-25.674523773657466
-25.682125649355054
-25.6867610994175
-25.69310230790279
-25.69857239247494
-25.703662280442835
-25.71194355192566
-25.71632774138315
-25.721885322541784
-25.725214507021672
-25.729151938078914
-25.735999858101316
-25.74162210634889
-25.74656790760902
-25.752324048220675
-25.757030024434712
-25.761757775441108
-25.7708224687513
-25.77423024805892
-25.779546232792015
-25.786431386462578
-25.794834280051003
-25.801225090487474
-25.808453056809086
-25.812049460381274
-25.816513002479933
-25.822037117410915
-25.82536377660068
-25.82841726840028
-25.83630292887131
