500 iters for seed 72 on ER0.3 which is in the 41.117095947265625 percentile
 Maxcut: 29.0, MedianCut: 19.0
-18.01461752883359
-18.49030194197536
-18.49509002151999
-18.56319228669672
-18.588618264157454
-18.626291175035316
-18.65882288301155
-18.70682173695232
-18.74135043156529
-18.761175736894565
-18.78616258885158
-18.80494899429636
-18.822268562167025
-18.835981767926892
-18.84957840813116
-18.867485344213662
-18.875448944141436
-18.892100135822712
-18.901454654096966
-18.91131916400356
-18.922159643495704
-18.931978322544282
-18.939469636455488
-18.947960377163668
-18.955182912251548
-18.962911820482496
-18.969778534780566
-18.97628448671959
-18.983535727539675
-18.99042557408551
-18.99686046606783
-19.00195681445865
-19.007094145209592
-19.011871850570056
-19.016417155595203
-19.02032514875711
-19.023843542615595
-19.027242717492896
-19.030615882595562
-19.03426176128528
-19.039488787920252
-19.04192175699787
-19.04476610368119
-19.048140973977908
-19.050827929307232
-19.05397018508913
-19.056585965099465
-19.058886468094244
-19.060905950266523
-19.063568002866052
-19.066319227396484
-19.068514875887292
-19.07132605997626
-19.073595113186926
-19.075387529123898
-19.077302382176363
-19.078822010321364
-19.080546947721473
-19.08231913981869
-19.083691900831624
-19.08605133221996
-19.088355880551752
-19.09007523270907
-19.092765876101055
-19.094284865900846
-19.096109745868333
-19.098765546385486
-19.10038960457456
-19.102062515891344
-19.104469988258366
-19.10560974088286
-19.10771775307628
-19.10907090039509
-19.110844260411856
-19.112810848883484
-19.114309250662437
-19.115970844288004
-19.11786388232592
-19.11952764377949
-19.121011639185625
-19.12205810830524
-19.12369997996212
-19.124856573370923
-19.12611296043197
-19.127140874557817
-19.128175739099092
-19.12864979639872
-19.13041840827937
-19.130970968212708
-19.13180593335978
-19.13298873639468
-19.13372713343386
-19.134799104061283
-19.13562093286723
-19.136615659987683
-19.137419766706756
-19.138281430749174
-19.13924751345103
-19.139938009908892
-19.14084275308871
-19.141852718794965
-19.14231828882533
-19.14316104765455
-19.144012863410204
-19.144895557867557
-19.145649396751782
-19.146289655911367
-19.147307836821724
-19.148206684829734
-19.149044577105467
-19.149652275937473
-19.15039781930646
-19.15131872729014
-19.152068207245883
-19.15277618060592
-19.153803179348735
-19.154578333368605
-19.155375158065194
-19.156505042757544
-19.157097198719956
-19.15771901203118
-19.159009539283385
-19.15967849518477
-19.16049287269493
-19.161486658124545
-19.162168201402313
-19.16271718443515
-19.163753731590184
-19.16452899945255
-19.164909772374685
-19.16574286906315
-19.16641443175229
-19.16727292950976
-19.168250261919653
-19.169250313548822
-19.17007691480454
-19.170627034363502
-19.171862583473697
-19.172241212279523
-19.172890953920103
-19.17363716850339
-19.174275872954638
-19.17516048080536
-19.175902543756713
-19.176444704717326
-19.177175369417014
-19.177901346583663
-19.178988016789027
-19.180125724832735
-19.180806309932432
-19.181646808778623
-19.18245478761186
-19.183374731339313
-19.18415055886218
-19.184967832478357
-19.18548536713484
-19.186450800128416
-19.187075397193876
-19.1876852575241
-19.18858997365729
-19.18927649998448
-19.190076192212175
-19.19051461825177
-19.191232553266975
-19.192025679299274
-19.192827852483273
-19.193276216934137
-19.193875725369054
-19.19433835812253
-19.194930039833807
-19.1957597016529
-19.19619827425376
-19.196605460173373
-19.19753670967912
-19.197978260295187
-19.198604186948767
-19.19952094709729
-19.20010710365247
-19.200627759940215
-19.201185410018866
-19.201691158443985
-19.20228682330766
-19.202945768393512
-19.203292891143672
-19.203866688695193
-19.204415263928944
-19.205041556814365
-19.205444425956642
-19.20587465397658
-19.206229781604605
-19.206583356192684
-19.207000514745342
-19.207302738585405
-19.207867419755395
-19.20812652728558
-19.208585736792287
-19.20891261209164
-19.20920127267044
-19.209752635924158
-19.209969030183125
-19.210376240600933
-19.21069266694527
-19.21098412041489
-19.211275328638088
-19.211575719296334
-19.21188488794036
-19.21218385047742
-19.212486868228744
-19.212828734703585
-19.21314945206165
-19.213574829527925
-19.214069621350458
-19.214356708913606
-19.214778438092644
-19.21508861525659
-19.215472212129317
-19.21591141513335
-19.21619388533411
-19.216550296403113
-19.216986926999155
-19.21727425106566
-19.217681618938595
-19.21821123926393
-19.218339411862125
-19.218971975754826
-19.219153004140352
-19.219481070449106
-19.219690554791573
-19.22003781623948
-19.220215699034
-19.220423653964332
-19.220712885249895
-19.221044110993077
-19.22128613632718
-19.221565849788426
-19.221782102098395
-19.22206873602236
-19.222437352285624
-19.22270440747858
-19.222894594243712
-19.223192696257474
-19.223427869952793
-19.22370568330752
-19.22396875588976
-19.224203316270383
-19.224448992922543
-19.2246839225419
-19.224911867557807
-19.22510711442188
-19.2253223687838
-19.225608401914613
-19.22576230436773
-19.225971136410926
-19.226125742333775
-19.226313301386575
-19.22661801409165
-19.226852213700987
-19.227054225374786
-19.22723104974235
-19.22740364110416
-19.22748633590878
-19.227895114039672
-19.228018776440756
-19.228227326108197
-19.228471689000095
-19.228749249597453
-19.228987347854023
-19.229229626192783
-19.229438920774186
-19.22960096458913
-19.229895912425526
-19.22996593683815
-19.230128643642708
-19.23027646746731
-19.230434935803338
-19.23065473093949
-19.230785313090923
-19.2309899113091
-19.231068652997315
-19.231201442836593
-19.23143147343118
-19.231575389750518
-19.231789531983043
-19.2319470407365
-19.232099820426242
-19.232332003146347
-19.232568450366635
-19.23271607402839
-19.232875311079148
-19.233046306050483
-19.233240576274174
-19.23341995374057
-19.233549241640056
-19.23369000364369
-19.233868133050215
-19.234034354128855
-19.234158452630474
-19.234383430897672
-19.234542415295135
-19.23466860535914
-19.2347982566401
-19.23493551119588
-19.2351281322149
-19.23533038392341
-19.23544384562454
-19.235606888811
-19.235733819935557
-19.23587433925759
-19.23607967957661
-19.236186034548332
-19.23635807647923
-19.236570058483696
-19.236677372955086
-19.236895551073914
-19.23706135481825
-19.237281388124412
-19.237421486042344
-19.237584058422907
-19.23770147749873
-19.237901283581518
-19.23805563405578
-19.238174445596027
-19.238421144529127
-19.238541240047073
-19.23878271377503
-19.238959863785944
-19.23912709583115
-19.239278167816543
-19.23947288887013
-19.239714786065395
-19.239896079995667
-19.24008301485607
-19.240261240951618
-19.240447907464727
-19.24062453020754
-19.24083172857868
-19.24094584298079
-19.241129417496047
-19.241245629767697
-19.24141267402511
-19.241521873008722
-19.241648046474378
-19.241737143212916
-19.241914943587417
-19.24204797247555
-19.24215770725497
-19.242370643410062
-19.242396005997083
-19.24265786170489
-19.242723425606954
-19.242864801114493
-19.243033678134253
-19.243121248269922
-19.243308587180888
-19.243400459311943
-19.243512821474383
-19.243715276305025
-19.243822545191357
-19.24398985580377
-19.24412382277772
-19.244292971528303
-19.24445614347165
-19.244599153614452
-19.244782474683443
-19.244917199071647
-19.245028431780064
-19.245209422757018
-19.2453214468942
-19.245417834525984
-19.245579815918262
-19.24568193976733
-19.245801993972748
-19.245935779604633
-19.24607558519611
-19.246209802559733
-19.24631503162987
-19.24652710406596
-19.246636997506528
-19.246788106087386
-19.24702763387716
-19.24713902664194
-19.247330027151424
-19.247474527846286
-19.247628926495565
-19.247723468531596
-19.24783173167239
-19.24793843425768
-19.248017836106392
-19.248215493460705
-19.248336312301753
-19.248491431477195
-19.248605887295724
-19.248720412792043
-19.248965224205435
-19.249066349668862
-19.249212762325463
-19.24935097605968
-19.24948814464104
-19.249634964559103
-19.249790790750325
-19.24996203809294
-19.25009450649343
-19.25025330718695
-19.250397054275563
-19.250521182733404
-19.250652899319498
-19.25078641927772
-19.250953833333583
-19.2510932284974
-19.25123297672131
-19.251383509492925
-19.25152428470874
-19.251658286399554
-19.251795973590085
-19.25194219516818
-19.252083998791424
-19.252226353668775
-19.252353569320064
-19.252481352296208
-19.252606842620928
-19.252705390550787
-19.252817942913584
-19.252929583422993
-19.253038119894406
-19.253144720881835
-19.253258311491958
-19.253376698191214
-19.253473177578698
-19.253638516604525
-19.253735854565196
-19.253844909588704
-19.253977725448767
-19.254062219810375
-19.254151069414746
-19.25434685755041
-19.254421537826996
-19.254522953026637
-19.25458677933092
-19.254710550016103
-19.25480108318995
-19.25487554972419
-19.25501440839274
-19.25507663668275
-19.25525264200063
-19.255307221728856
-19.255386490230393
-19.255481713912822
-19.25560912923032
-19.255726325513155
-19.255810110768998
-19.255896987425537
-19.25599827334379
-19.2561081486491
-19.256221601493518
-19.25629671982867
-19.25639921323968
-19.256457326080515
-19.256596443198916
-19.256656499065194
-19.25671671328467
-19.256823825771942
-19.257001779401744
-19.25712520373016
-19.257223788323284
-19.25730863071871
-19.257389949331408
-19.257505535351207
-19.257661986161892
-19.257744990197835
-19.257821522414755
-19.25798297565968
-19.25805729804533
-19.258150000529824
-19.258245912153324
-19.258345138385344
-19.25843903514201
-19.25852067370529
-19.258617632363343
-19.25870307506632
-19.258798858015055
-19.25888340446909
-19.25894886847
-19.25902765058122
-19.25910440506786
-19.259170378700624
-19.2592516377976
-19.259308197172924
-19.259384864217168
-19.25948713291604
-19.259580001705128
-19.25965390255061
-19.25977599680035
-19.25983641301541
-19.25990268431427
-19.25997771728885
-19.26004095610027
-19.260155533662136
-19.260229042895197
-19.260298199107673
-19.260352286209542
