500 iters for seed 171 on ER0.3 which is in the 58.367156982421875 percentile
 Maxcut: 35.0, MedianCut: 24.0
-25.00127607633628
-25.6647397062477
-25.670642381803823
-25.806474453968143
-26.571444218619995
-26.822389220491644
-27.23313834804582
-27.541867719187707
-28.20813631629902
-28.862260802961863
-29.54555188199646
-30.17063886013612
-30.637787431844288
-31.194557571486886
-31.418372419329557
-31.637982461382595
-31.917413967798232
-32.14450875336932
-32.34717592604823
-32.493108718300725
-32.64044226543194
-32.68330084048407
-32.76938632982784
-32.80196961218268
-32.83347456323126
-32.85688875023944
-32.879220897833946
-32.90340267614838
-32.91751990084402
-32.92636713981921
-32.935152936261105
-32.943997181462755
-32.95839783896163
-32.963831625344454
-32.96993574820929
-32.973310283730655
-32.976440831208855
-32.980006444512185
-32.98328795860939
-32.98572291983091
-32.98791285476582
-32.990304666684914
-32.992145103910595
-32.99337153776107
-32.994439114603004
-32.99503241229833
-32.995819106348556
-32.99658789914462
-32.997043057300814
-32.997548392368394
-32.997773155422706
-32.998088323324644
-32.99833202895935
-32.99856172947345
-32.99872762822142
-32.998868323304954
-32.99892820153466
-32.99918164077558
-32.99924439633103
-32.99933673962878
-32.99944673678643
-32.99946336348779
-32.999611599393305
-32.99964071714509
-32.99969816397424
-32.99973888121481
-32.999793508445016
-32.99982290243975
-32.999846956004816
-32.99988632511982
-32.99990616814333
-32.999922721857665
-32.99993364384833
-32.999945221947755
-32.999956089467226
-32.999965810574814
-32.999970068770246
-32.99997487815933
-32.99997867859311
-32.99998223258164
-32.99998561497837
-32.99998757537315
-32.99998873899222
-32.99999137980454
-32.99999204129046
-32.99999317662318
-32.9999947130865
-32.99999540588261
-32.999996123927176
-32.99999647315829
-32.99999697495746
-32.9999974525506
-32.999997842315466
-32.99999807539992
-32.99999827195963
-32.99999852663846
-32.99999881700814
-32.99999898263489
-32.999999204133104
-32.9999993331134
-32.999999430685456
-32.99999951582591
-32.99999960887735
-32.99999969185175
-32.99999973652116
