500 iters for seed 61 on ER0.3 which is in the 48.912811279296875 percentile
 Maxcut: 30.0, MedianCut: 18.0
-18.00120555604691
-18.62195649448687
-18.626837545069026
-18.808258377527057
-19.38600584421262
-19.679436987135524
-20.040579105887954
-20.72867782606013
-21.378083492146338
-21.838020426658993
-22.0438312595065
-22.736255373471412
-23.10483142434415
-23.180165818319573
-23.80469323607518
-24.136548943807064
-24.558124852727097
-24.88609154850625
-25.290294300238582
-25.525554624735044
-25.76890684740381
-26.028880806550124
-26.280879386559015
-26.47853156350872
-26.620752264217042
-26.86363585542792
-26.998245336395453
-27.15364782718885
-27.253147865587838
-27.351150133442918
-27.414513259167993
-27.48699123071524
-27.523171513106675
-27.574879995422865
-27.6205884439952
-27.6719092701132
-27.72188908865819
-27.76855638895542
-27.861950024334075
-27.911472087295177
-28.002890296570527
-28.060405616770836
-28.127111988495738
-28.19043253585872
-28.278059991357836
-28.335574903660937
-28.39180347181951
-28.451750017367463
-28.517183104694787
-28.555422701066785
-28.602720151697273
-28.64338231699061
-28.680029566020796
-28.72143003546383
-28.74950099692176
-28.778839217164922
-28.801389489674055
-28.818848157370404
-28.83636899174163
-28.86027476827553
-28.875449255567027
-28.900031138021948
-28.908863212642835
-28.9215231661929
-28.93311696229062
-28.946749691330794
-28.954511448727207
-28.960153260643654
-28.964201432852143
-28.967243798407974
-28.97216872451391
-28.975344800205512
-28.978191327927057
-28.980803193575113
-28.982693985948377
-28.98598994769591
-28.98869062665839
-28.990017524857095
-28.99183496498056
-28.993193189127226
-28.994101467987683
-28.995118984795475
-28.99544104087324
-28.9960673172026
-28.996292269674083
-28.996965319695338
-28.997196801654237
-28.997439189741097
-28.99784879353133
-28.998035746134853
-28.998427069238176
-28.998518715945817
-28.998656518966182
-28.99881865889074
-28.998973030037074
-28.999083181713345
-28.999145759398626
-28.99927237981918
-28.999355671486246
-28.999450401056194
-28.99949545305153
-28.999530265285458
-28.999573984715287
-28.999618646078076
-28.999684702569652
-28.999727240585077
-28.999766241323456
-28.999803012571544
-28.99981570713392
-28.999831313113138
-28.999849553939324
-28.999862447836726
-28.999885599965424
-28.99989765174543
-28.999914335577436
-28.999923369222543
-28.999933168104924
-28.999942502740957
-28.99995240760512
-28.999961038754375
-28.99996688014311
-28.999971247951702
-28.99997584475902
-28.9999778951003
-28.999980749759022
-28.999982754005885
-28.999984057369208
-28.99998665511636
-28.999987985457064
-28.999990005930975
-28.999991042797127
-28.999992148603244
-28.999993078893652
-28.999993855735887
-28.999994646278186
-28.999995182525264
-28.999995709388976
-28.99999641307233
-28.999996890070634
-28.999997329707234
-28.99999772374046
-28.99999803784956
-28.99999835095697
-28.999998655975308
-28.999998837178282
-28.999999012462652
-28.999999093727457
-28.999999212009776
-28.999999316960984
-28.999999424282773
-28.999999488928527
-28.999999535804914
