500 iters for seed 2 on ER0.3 which is in the 85.22415161132812 percentile
 Maxcut: 28.0, MedianCut: 17.0
-19.999999823044504
-19.999999882298575
-19.999999957652392
-20.000000229962275
-20.000001992994992
-20.00000634145088
-20.00005881859179
-20.000167531250188
-20.002557305516206
-20.002646374315514
-20.00347931657407
-20.008293958506343
-20.05467700548522
-20.05628686579844
-20.05685621044554
-20.05703590812515
-20.057084883826818
-20.05711050106805
-20.0571460502962
-20.09885399378185
-20.131676732899003
-20.20247377163207
-20.273456664050297
-20.33002301479861
-20.363288631903398
-20.386695741574613
-20.413306247174887
-20.449053900873476
-20.48190995006887
-20.514871398530527
-20.55227261912228
-20.59029670733786
-20.63584342985111
-20.676691225726124
-20.71993839703666
-20.758343417232567
-20.79754935795242
-20.836429187729333
-20.859985497193477
-20.892380505456238
-20.926415397159083
-20.958199248381966
-20.98690563367223
-21.012244963225694
-21.0317705645496
-21.050323744467956
-21.06743562314931
-21.084414571209045
-21.10071795208635
-21.119689395286823
-21.14028249887479
-21.158801792339183
-21.21452142068787
-21.267371114051652
-21.323114160775024
-21.415343856529713
-21.483025868510833
-21.558603234785558
-21.622311098929945
-21.69685589315054
-21.752132221072618
-21.83321268731537
-21.883841156434467
-21.933540762946553
-22.030881255861082
-22.124975000004046
-22.26286286378494
-22.37662673097968
-22.46334905176735
-22.622577192461737
-22.82821791705815
-22.970439781940705
-23.08155760887493
-23.14598668169502
-23.220678909022155
-23.3027202955152
-23.36958947175107
-23.426012999313436
-23.487583862459037
-23.553226660060538
-23.590981483120693
-23.6232556524594
-23.646440268643858
-23.662182980514018
-23.679937396558444
-23.695334495434178
-23.714104226649404
-23.72883559169475
-23.739156854698756
-23.745858196082718
-23.751651995031988
-23.760777757646228
-23.76824156553512
-23.773874906141216
-23.78263452229206
-23.788066641722576
-23.79437667761481
-23.798630964529394
-23.80252339433106
-23.8064082204578
-23.810564681723623
-23.81439069912191
-23.817448843786675
-23.821975332234075
-23.825733095515748
-23.829564559288595
-23.83616206768071
-23.839990488199863
-23.843619858626983
-23.85258369045264
-23.858162979421643
-23.866157989351066
-23.8796386225784
-23.88302242266991
-23.898752929971256
-23.90519338852979
-23.914402522640003
-23.9253092006098
-23.93578826411744
-23.945549556491414
-23.957729778640672
-23.966882867339383
-23.976489592930452
-23.985775079688874
-23.992439685037336
-24.000324776142243
-24.008324253545624
-24.015893146826674
-24.026039508412463
-24.035975591644974
-24.04640148411325
-24.054377888202236
-24.0632826440913
-24.072750433314052
-24.079977374505805
-24.088037057191976
-24.094489905672866
-24.10091615083059
-24.10619325837724
-24.110382196872354
-24.115256864558333
-24.119934251945217
-24.12553597086949
-24.128132804364373
-24.13358956274093
-24.134567610911823
-24.138822380210954
-24.140649447138546
-24.14310290868948
-24.146237463270406
-24.14793765430164
-24.150476137402915
-24.15207209161982
-24.153885132405374
-24.155406827658375
-24.15702125206346
-24.15929294724219
-24.160648448024546
-24.162604653073785
-24.163455737435125
-24.164669552161975
-24.16609497637723
-24.167646342330055
-24.16867358056587
-24.169443790746882
-24.17051279587557
-24.171356454126276
-24.172642767252448
-24.173319219245947
-24.174151434165342
-24.175113409288898
-24.176303343159404
-24.177359824737064
-24.178532724231477
-24.17945836162968
-24.18078119137264
-24.18224650671696
-24.18367386438965
-24.184992307378845
-24.186112408972274
-24.186632717983024
-24.188038407619548
-24.1886496889945
-24.189389745370992
-24.19012163974577
-24.19064526184932
-24.191555740921746
-24.192214015984565
-24.19280274691138
-24.19330963524768
-24.193850737971207
-24.194240677883748
-24.19513336202806
-24.195531753099125
-24.196110103508097
-24.196575422837917
-24.19742481345252
-24.19814708753566
-24.198683237675617
-24.199803958564193
-24.200558082694403
-24.20176638745342
-24.202731176943033
-24.203526298051365
-24.204238757847016
-24.204898840383134
-24.205943695995895
-24.206514587884037
-24.20733131251983
-24.208129490924172
-24.20886971152129
-24.210331891461262
-24.211419861094658
-24.213270950079302
-24.21484680901443
-24.216344890457382
-24.21780471571569
-24.2199229160706
-24.22138050581775
-24.22270048767593
-24.224986951825432
-24.226269220214952
-24.227787904526362
-24.23026409920429
-24.23152603229847
-24.233324774581913
-24.23601674978899
-24.238053970220157
-24.240162131039348
-24.24224754509323
-24.244048335597334
-24.246925842884444
-24.248998256295433
-24.25178794372446
-24.254089456843207
-24.256134619471638
-24.258909806903763
-24.261908477721512
-24.26394253548549
-24.266967951611324
-24.268898576733765
-24.270570346131482
-24.273017304925162
-24.27500555047396
-24.278480954885584
-24.2806266405163
-24.284458017372764
-24.286971510523482
-24.290446753060298
-24.2945998652526
-24.299270206828623
-24.302597714188103
-24.306543454652395
-24.309954918671586
-24.314179580718946
-24.318193672413415
-24.320929020026554
-24.324521874072303
-24.32748257220262
-24.33128365308329
-24.333677979575302
-24.336911620858874
-24.33967336568528
-24.34396335211876
-24.346844105706225
-24.34965967778726
-24.35204770627209
-24.357018789740074
-24.359705605229177
-24.362656113557033
-24.36616429437199
-24.36996263869819
-24.37259695945594
-24.375562075408624
-24.378542004850548
-24.38245499822694
-24.3860231473706
-24.38884417990063
-24.391421161141174
-24.39564872073018
-24.39727749093471
-24.40038820979621
-24.402573086181132
-24.40542460133276
-24.40989619085163
-24.413172976673625
-24.41675070392252
-24.41967417328295
-24.421899644913328
-24.424274242120774
-24.428108293460568
-24.430042048657267
-24.431899798742094
-24.43446789941222
-24.436626247116564
-24.43967271880078
-24.442919953531376
-24.444995052190674
-24.447362400446956
-24.450496507301107
-24.45314557592785
-24.455475154005132
-24.457593519451695
-24.459971234569217
-24.46104736903393
-24.464184600940932
-24.465154890545783
-24.46639046280641
-24.468434473014167
-24.46935841176502
-24.472100960810966
-24.473030247575196
-24.474249008313528
-24.475640449883315
-24.477376699956178
-24.478922161280632
-24.479788524140325
-24.480795968796606
-24.481827730643257
-24.483407512068915
-24.485489107688096
-24.487749154275782
-24.489472126932753
-24.4916541711129
-24.493540933798375
-24.496016075814218
-24.497499292646953
-24.49899452622101
-24.500396016151505
-24.50207272603421
-24.50332695782549
-24.505111163316293
-24.506040246316374
-24.507160815323353
-24.508232855506233
-24.509413316063952
-24.510447222549256
-24.51134086395483
-24.512336538682774
-24.51343088408531
-24.514222604866653
-24.51492595777515
-24.516511308978377
-24.517459353866098
-24.51887430652821
-24.52008150771199
-24.521378966344447
-24.52271845823265
-24.524425105796126
-24.52570550495127
-24.52754393868766
-24.528918823049587
-24.53045918936124
-24.53208992121814
-24.533823475465876
-24.535215931684316
-24.536457889797052
-24.53773843173767
-24.539509624865296
-24.540456783740122
-24.541287888976537
-24.542318532974395
-24.542634572061957
-24.5443083292634
-24.544780672337204
-24.54568386455928
-24.546461957871802
-24.547412445789053
-24.54845413027589
-24.54916337653477
-24.550694640351367
-24.551525502040793
-24.55278662421215
-24.553639471584024
-24.554631091975644
-24.55553742823885
-24.556877916403103
-24.55747932090638
-24.558240332684008
-24.559222067100194
-24.560208087358564
-24.561234471104925
-24.562117171452627
-24.563058902413037
-24.564271209331594
-24.56537992777181
-24.566411533900137
-24.567434059274404
-24.569200895846603
-24.570809773006683
-24.57217557585286
-24.57387810438473
-24.575036114474035
-24.57686820444189
-24.579131477327707
-24.580556704515665
-24.582134940916006
-24.583212479547107
-24.58429447614429
-24.585448315464124
-24.58635497161226
-24.58713964322894
-24.588127226360125
-24.589104991838525
-24.589991417593463
-24.590867773623874
-24.59196213132289
-24.592734307102067
-24.59366277248754
-24.594131094419115
-24.594704525013476
-24.595314671574148
-24.59610795742344
-24.596526182093438
-24.597012856366383
-24.597528827948675
-24.59811681295601
-24.59883830096348
-24.59933059111585
-24.60033774073847
-24.600831464983738
-24.601389558039678
-24.60177520251881
-24.602282768647765
-24.60269581019563
-24.603405705299707
-24.60382879850495
-24.604309318400684
-24.605162418293144
-24.60569883985579
-24.606372908697715
-24.60682906356136
-24.607263970004876
-24.60779982580316
-24.608330068804044
-24.608959677657136
-24.609330238553678
-24.609883608200875
-24.610350008536734
-24.610807795220406
-24.611154731848888
-24.61171090332387
-24.61202860551689
-24.612351321522333
-24.612934105704348
-24.61310455866894
-24.613908777193515
-24.614141552714624
-24.61461236469452
-24.615313716764753
-24.616063332597207
-24.616719605473286
-24.617442523872796
-24.61789471896018
-24.618458936860844
-24.61915780003616
-24.61961578828896
-24.620050033422988
-24.620447915473505
-24.621109231194907
-24.621541944056887
-24.621841786210894
-24.62268764246484
-24.623240223105256
-24.624275613065695
-24.62497032323405
-24.625899914564343
-24.626440722701414
-24.627114278011355
-24.627827766901277
-24.628732946229494
-24.629260011500094
-24.629981358699816
-24.630331971912167
-24.631289716446314
-24.63173113358062
-24.632275697240374
-24.632993337268054
-24.633886604636487
-24.634555082440627
-24.635226765218402
-24.63585582882935
-24.6364034147245
-24.637177455371056
-24.637468441325062
-24.637967422439356
-24.63841962791905
-24.638895579692168
-24.639718576307615
-24.64014294941669
-24.64090362689932
-24.641417794569094
-24.642030314507586
-24.642557312382756
-24.643042992391912
-24.64348424878126
-24.643867155892217
-24.64423173390696
-24.644605542554736
-24.644904255078075
