500 iters for seed 71 on ER0.3 which is in the 88.35067749023438 percentile
 Maxcut: 29.0, MedianCut: 19.0
-21.99999995856635
-22.000000197752495
-22.000007104852827
-22.000209939722282
-22.000220159155308
-22.00041190174886
-22.00261341586347
-22.002812970829726
-22.003337028344287
-22.00390544923632
-22.00452163591846
-22.006621918861214
-22.007442952574127
-22.008966979948678
-22.009948862524123
-22.015795248355033
-22.01717816033558
-22.04234675461081
-22.089205988580446
-22.172959772885186
-22.29624329427903
-22.446676898435438
-22.610814466638693
-23.09465994352841
-23.189622442641365
-23.331613581852658
-23.645283530295764
-23.911150496165853
-24.061110243253985
-24.359736221594403
-24.755021574209593
-24.988583729588875
-25.26350981304614
-25.520355186509754
-25.7540988620331
-25.943441973572043
-26.113274281302342
-26.25476979066394
-26.373730385116755
-26.47598835941125
-26.541760689991253
-26.582288718436534
-26.646669269419977
-26.679590257691146
-26.71340809117655
-26.765855819834535
-26.783886160740643
-26.807891970446192
-26.831122245526256
-26.85209462739289
-26.8828723246737
-26.89563786040656
-26.911475148079198
-26.92071673437192
-26.930861342635524
-26.939470946462183
-26.94553767763574
-26.953030203707737
-26.9585389588723
-26.9643279309018
-26.97141926889455
-26.975743437901105
-26.97843276644649
-26.98147237735903
-26.98361426984511
-26.98510837699459
-26.98759349071847
-26.988446621287373
-26.989576418003278
-26.991047994888092
-26.992161313463097
-26.993028761047118
-26.993776584456743
-26.994392802410225
-26.995059419471307
-26.995524023644307
-26.9961840912726
-26.9966064011405
-26.99697692112333
-26.997323264104953
-26.997597081578988
-26.997875018453378
-26.998059257331253
-26.99822663703266
-26.998445326833547
-26.998578399863796
-26.998700252843523
-26.998881025771436
-26.998948233531724
-26.999038674966343
-26.99915295638004
-26.999227779079824
-26.99926621300457
-26.999387332966993
-26.999432238559127
-26.999494931234246
-26.99956649420195
-26.999647811549764
-26.999701583056513
-26.999756456613895
-26.999799894066776
-26.999842077420436
-26.99987134121435
-26.99988975226533
-26.999909230180027
-26.999920513874812
-26.999934242293097
-26.99994190606355
-26.999949320896285
-26.999956444198148
-26.999961762910598
-26.999966343800125
-26.99996920897979
-26.999972534104966
-26.999975453696283
-26.999977699573954
-26.999982295128742
-26.999983401451257
-26.999986376136317
-26.99998766409843
-26.999989296934416
-26.999990749994772
-26.999992499074477
-26.99999329802574
-26.999994264616078
-26.999995134495357
-26.99999594867147
-26.999996293398524
-26.99999672873298
-26.999996998506393
-26.99999726909094
-26.99999763607647
-26.9999978311849
-26.999998041171065
-26.99999838258217
-26.99999846682947
-26.999998613519722
-26.99999878757031
-26.999998957913785
-26.99999907357537
-26.999999174565687
-26.999999303116066
-26.999999346544723
