500 iters for seed 179 on ER0.3 which is in the 54.636383056640625 percentile
 Maxcut: 26.0, MedianCut: 17.0
-17.000006692906997
-17.000099697188315
-17.23251160878451
-17.23251220421871
-17.234876373653073
-17.23726750349433
-17.23966426954411
-17.242125698521022
-17.24473867294943
-17.24773126868551
-17.251731179640856
-17.25835980456247
-17.272263976173917
-17.307391080561544
-17.40460440894263
-17.64818931149514
-18.09637290530696
-18.589784274165055
-18.88254528346737
-18.90212314552205
-19.355862175201263
-19.675173649282144
-19.943957072258975
-20.222356329209642
-20.52825432693619
-20.7634871585553
-20.96789795300347
-21.10621453220139
-21.230980746797638
-21.35080503317837
-21.444702947989157
-21.51618879108266
-21.59752918279024
-21.67238897590389
-21.732387673838325
-21.813242254801285
-21.84947679054842
-21.880475407450675
-21.917651404345314
-21.941522613150813
-21.96969182965429
-21.988670540419736
-22.00222157685713
-22.015132549872632
-22.026603540254303
-22.034760830754866
-22.044600544291562
-22.048906699975593
-22.055086497140273
-22.05979849168076
-22.06448694734544
-22.070443726197755
-22.076209986512904
-22.079045195541237
-22.08260645392719
-22.08560302322224
-22.08829608952206
-22.091407932381827
-22.093333482749227
-22.09706935115949
-22.09988101556731
-22.10135882270147
-22.103219296515693
-22.104653305547302
-22.106722667149683
-22.10782532997168
-22.10883481399122
-22.11038054729511
-22.111683155439394
-22.113127353461863
-22.114874009666103
-22.115523001843165
-22.11664063543573
-22.117297157745902
-22.11810179437929
-22.118847961664105
-22.11939881967146
-22.11996170605632
-22.120580514201922
-22.12089060835896
-22.121243633285676
-22.12184986688543
-22.122094015731612
-22.122300000486497
-22.122490780310695
-22.12274669424268
-22.12287504153776
-22.123156417640153
-22.12327569633259
-22.12339114569047
-22.1235800775717
-22.12367867452922
-22.123939340608306
-22.124024963725535
-22.12412081997455
-22.124231590136905
-22.12435997688596
-22.12446664674206
-22.124544703797355
-22.124604013789725
-22.12464302745105
-22.124712927775583
-22.124745469073233
-22.124779502262403
-22.124830496328308
-22.124851842504487
-22.124907649545204
-22.124935160875825
-22.124963118891714
-22.124979079027746
-22.125003288749454
-22.12502320705607
-22.12506059121873
-22.12508196027995
-22.12510633264048
-22.125144004647012
-22.125166167845794
-22.125206342925313
-22.12522061094701
-22.12523924511018
-22.1252497869316
-22.125279193987655
-22.125290859175053
-22.12530405371165
-22.125320165889566
-22.12533409175604
-22.125345132964473
-22.125352717611587
-22.125360692321937
-22.12537751106894
-22.12538319066699
-22.125389304184758
-22.125394401690553
-22.12539944432476
-22.12540267662308
-22.125405955941556
-22.125407848180814
-22.1254100358914
-22.125411988936385
-22.125415749436137
-22.12541728517813
-22.125418766747046
-22.12542048902291
-22.12542219619075
-22.125423201700464
-22.125424419734127
-22.12542474982085
-22.125425979861333
-22.125426579726962
-22.12542719865722
-22.12542825009262
-22.125428872464223
-22.125429784075873
-22.12543026591512
-22.12543086731346
-22.125431266829526
-22.125431652402895
-22.125432015514203
-22.12543233901565
-22.12543289444753
-22.12543350073949
-22.125433752187757
-22.125434132550936
-22.125434554148445
-22.125434761718623
-22.125435497047317
-22.125435768511025
-22.12543611566343
-22.125436419171567
-22.125436873155753
-22.125437293591197
-22.125437683783513
-22.125438221349675
-22.125438838565792
-22.12543920974121
-22.125439693706383
-22.125439858175678
-22.12544031178783
-22.125440636836707
-22.125440927617884
-22.125441449468017
-22.125441777983546
-22.12544247325063
-22.12544304036935
-22.12544381748935
-22.12544438256371
-22.125445162388715
-22.12544586647584
-22.12544664863096
-22.125447887691784
-22.125449358796445
-22.12545089548131
-22.125453002878945
-22.125454473472832
-22.12545691848193
-22.125460284110673
-22.125463679684568
-22.125466447616855
-22.12547129743757
-22.125476312671353
-22.125482359519065
-22.125487642095308
-22.125495602530194
-22.125502051559682
-22.12550915325279
-22.125517143728633
-22.125522961100295
-22.12553768843976
-22.125547142431028
-22.125558916130423
-22.125572742089556
-22.125583547716023
-22.12560132508126
-22.12561953531253
-22.125640777535263
-22.125658642647053
-22.125678212744386
-22.12570570339766
-22.125730506419803
-22.125749020000264
-22.12576267432799
-22.12578597761166
-22.12580209246743
-22.125823912611494
-22.125855196581185
-22.125877932964904
-22.125907799680686
-22.125930541490614
-22.125955889845123
-22.125977087386676
-22.126001478300832
-22.126025124238627
-22.126040455047075
-22.126063440975532
-22.12608117438181
-22.126099432183672
-22.126112962722555
-22.12612359603313
-22.126134614492905
-22.126164121835526
-22.12618502651388
-22.126214185540775
-22.1262381871929
-22.12626147774255
-22.126284483440774
-22.126308811282403
-22.12632316694799
-22.126336866652103
-22.126349475338383
-22.126364294523572
-22.126389350737316
-22.12640121647094
-22.12642006690524
-22.12644043669027
-22.126455664353227
-22.126487812485134
-22.126503869468692
-22.12653014748442
-22.126552389322626
-22.12657832940717
-22.126593643115243
-22.126612853842243
-22.12662571003105
-22.12663771719546
-22.126661679236054
-22.1266752201704
-22.12669465060044
-22.126708385967554
-22.12672135943184
-22.12673746736848
-22.126756321858213
-22.126774832941887
-22.126789628922708
-22.126803464795127
-22.126820681931985
-22.126833474993074
-22.126850298641813
-22.126860224807984
-22.126872250465443
-22.126881215917592
-22.126893478364956
-22.12690010966042
-22.126906098484785
-22.12691494002902
-22.1269235430218
-22.126931453228675
-22.12693902974578
-22.126944647219933
-22.126954393170646
-22.126959588268328
-22.126966083356844
-22.12697624759252
-22.126986306650664
-22.12699310767801
-22.127001933396176
-22.127007337383457
-22.127013914527968
-22.1270275180454
-22.127035040605428
-22.127043176745662
-22.12705812409123
-22.12705968177117
-22.12707150171711
-22.127076626192
-22.12708459559149
-22.127093630006943
-22.12710073651271
-22.127111890760304
-22.12711742149616
-22.127122881832324
-22.12712799265081
-22.127134688179467
-22.12714069032601
-22.12714651879011
-22.12715184835448
-22.127158941766538
-22.127164269704004
-22.12717146875844
-22.127177416970376
-22.127183263534832
-22.12719131183492
-22.127199563873372
-22.127203802967987
-22.12720883259657
-22.127213464205912
-22.127219235984843
-22.12722663151463
-22.127236455367736
-22.127240333455973
-22.12725452377535
-22.127259100144226
-22.127269441974992
-22.127284200825716
-22.127294235366627
-22.127306541949267
-22.127317300729374
-22.127329119990375
-22.12733944228406
-22.12735356837264
-22.12736029214381
-22.127367842709823
-22.12738266281933
-22.127391434580634
-22.127398821494094
-22.127410919893006
-22.127419965862707
-22.127434477822273
-22.12745023939366
-22.127470436772075
-22.12748957406385
-22.127505750917994
-22.127525494788717
-22.127539376447654
-22.127552808802992
-22.12757192712816
-22.12758729185011
-22.127619887773626
-22.127635595598395
-22.127655615849502
-22.127662394098138
-22.127679558663555
-22.127693014460146
-22.12770973226085
-22.127723706594352
-22.127744482260642
-22.12775979536643
-22.1277724894843
-22.127784127747155
-22.127804149710343
-22.127818690493644
-22.12783479613734
-22.127849399401306
-22.127866331004082
-22.127883422604626
-22.127897247748088
-22.127928978756696
-22.127954048660534
-22.127980865496983
-22.128002363093284
-22.128020802396364
-22.12804529887201
-22.12807216744173
-22.128085017415415
-22.12810298208878
-22.128118064258278
-22.128142131350796
-22.12816652812477
-22.128189774492334
-22.12821218752606
-22.128242293688647
-22.128266332056025
-22.128294516342148
-22.128326406919747
-22.128350141137556
-22.128356660661247
-22.12838912895998
-22.12840559924591
-22.128423651306193
-22.128452673663507
-22.12846891490835
-22.128489575841215
-22.128525475122352
-22.128546324743677
-22.128574298611255
-22.128609730841987
-22.12863059506306
-22.128654069609166
-22.12868615073709
-22.128713745954318
-22.128759257457997
-22.128780240349528
-22.128806879529428
-22.128833781476715
-22.128858158534236
-22.128888270890485
-22.128931565374227
-22.128957781093057
-22.129003554942308
-22.12903134890674
-22.12905853772362
-22.12908774114075
-22.129113959508828
-22.129154443069506
-22.129195864522927
-22.129219234979477
-22.129250710226806
-22.12929911675061
-22.129336515134476
-22.12937917746679
-22.129452140876854
-22.129503822400412
-22.12954389897159
-22.129584236279385
-22.1296213217354
-22.129652021118975
-22.1297070963229
-22.12973044480619
-22.129796659213174
-22.129838269506198
-22.129889816390197
-22.129968198071147
-22.13004926528889
-22.130131315839066
-22.130223610939318
-22.13032949690553
-22.130443590024495
-22.130566113589186
-22.13067583192832
-22.13076826482156
-22.13089136717158
-22.130999017307683
-22.131132271036062
-22.131217423199733
-22.131354242989502
-22.13148250029521
-22.13162783886021
-22.131731005872858
-22.131795880748225
-22.131930467513158
-22.132077085998244
-22.13227005221326
-22.132444566586802
-22.132640788908063
-22.13276758898585
-22.132983500996996
-22.1331962811781
-22.133454972861394
-22.133663651331723
-22.133963580150798
-22.134116678447192
-22.134358552705372
-22.1345488801425
-22.134807610983486
-22.135191171145262
-22.135412671772613
-22.135661007058417
-22.135983558154773
-22.136255768498856
-22.136548810475315
-22.136856685917525
-22.13711911127226
-22.137415687791854
-22.137721979015826
-22.137946645960017
-22.13815486864277
-22.138397238149004
-22.13862303389007
-22.13885899155721
-22.139180938126415
-22.139378385120768
-22.13969336781279
-22.1399442928486
-22.140215253414777
-22.14054102889304
-22.140871148178665
-22.141295054561077
-22.141563055198265
-22.141875912526316
-22.14220281111084
-22.14251766938577
