500 iters for seed 28 on ER0.3 which is in the 68.62716674804688 percentile
 Maxcut: 27.0, MedianCut: 18.0
-19.00000035396268
-19.00000140555423
-19.00000513314323
-19.000018457179127
-19.01921607359992
-19.036907056961393
-19.340123722626497
-19.430562343045647
-19.766426538977118
-20.054865172954823
-20.32538107527467
-20.5503645712684
-20.69054653654161
-20.987154528668945
-21.19316090948893
-21.44869506317692
-21.713330822978822
-22.10132568449316
-22.411034568094685
-22.559506323459367
-22.985269947787135
-23.16102291026943
-23.310153450635035
-23.494540579723818
-23.603763112795196
-23.687828223948202
-23.74485267480726
-23.834936674469187
-23.920272670854246
-23.97996396488709
-24.04050928577177
-24.09559696454518
-24.15590186802877
-24.221301823173896
-24.278401578320413
-24.32668921059015
-24.386354279799647
-24.431539658160986
-24.482842937533313
-24.534049550630428
-24.570713451947725
-24.608249151140626
-24.657912856963115
-24.694176765713685
-24.7333422905943
-24.764310060719364
-24.80143938953124
-24.818831486838214
-24.850684848335284
-24.865105070312076
-24.883352709891604
-24.896693016106603
-24.912897062957818
-24.92110354502786
-24.92975510198214
-24.939684503638478
-24.94899287254708
-24.95826474524315
-24.96532421831422
-24.97066272401061
-24.975935795857623
-24.97906643753864
-24.98125880774165
-24.984467614593786
-24.986394155568064
-24.98828603303819
-24.9908078042518
-24.991512365302185
-24.99243702713132
-24.993568527941907
-24.99422705435741
-24.995263038846716
-24.99577335128282
-24.9963800962131
-24.99669550804845
-24.997102600056174
-24.997656163799075
-24.997937232188743
-24.99823022555706
-24.99840734910852
-24.998612784582747
-24.998720228708137
-24.999032769995615
-24.999108332071188
-24.999236343916884
-24.99937035933571
-24.999446297889975
-24.999586244234457
-24.99962768733689
-24.99969661095252
-24.99973016812738
-24.999795614356955
-24.99982173887547
-24.999841493236044
-24.999864979928603
-24.999888014785554
-24.999898546897604
-24.999914889280532
-24.99992622845354
-24.99993910334625
-24.999952600841297
-24.99996268376953
-24.999969644888274
-24.99997596588129
-24.999979794609185
-24.999984300623332
-24.999990243952425
-24.99999636603887
-24.999999432805822
-25.00000294204532
-25.000005931701203
-25.000009397617326
-25.00001189080787
-25.00001377165882
-25.000015968343362
-25.00001841418292
-25.000019553753
-25.00002192282856
-25.000022944918626
-25.00002468857374
-25.000026688228644
-25.000028235452923
-25.000030700824468
-25.000031455113046
-25.00003221458256
-25.00003285173286
-25.000033823776725
-25.000034744580983
-25.000035216638953
-25.00003629656881
-25.00003685725562
-25.000037773404998
-25.000038709547926
-25.000039552618176
-25.000040682114232
-25.000042088903086
-25.000043954855556
-25.000045844218874
-25.000047854535765
-25.00005132765409
-25.000054908928654
-25.00005853712334
-25.000068922020652
-25.000078827106247
-25.00008928008778
-25.000120805997803
-25.000153173234615
-25.000211350337246
-25.000324383922894
-25.00061072504704
-25.000918350687122
-25.00113774360337
-25.001572329713973
-25.002416699437703
-25.003112607759395
-25.00384056281731
-25.005124104668177
-25.006109071315947
-25.00705590567158
-25.007875361969596
-25.008863243233428
-25.010468632679142
-25.011433334389274
-25.01265520928594
-25.013585241861055
-25.01447278193981
-25.015765908618313
-25.017391325082215
-25.018416664945786
-25.019619977100568
-25.02072377892195
-25.02185107465775
-25.022729873632926
-25.023996852496914
-25.02479465960051
-25.02622273210936
-25.026927556468557
-25.02791880497923
-25.028966019749156
-25.029816670112595
-25.03036241560295
-25.03114583083631
-25.03185560512207
-25.032570680157633
-25.03308520876373
-25.033886844750228
-25.034498194826313
-25.035169033174277
-25.03594145262952
-25.036290959741585
-25.036939522983605
-25.03728343923097
-25.038009429591987
-25.0384475951198
-25.03883881092004
-25.039314732398644
-25.0398791248732
-25.040223652039124
-25.040642682259254
-25.041059540509977
-25.041462214465227
-25.042071302998465
-25.042564027405714
-25.042894988367337
-25.043549825320103
-25.04387392305219
-25.044389354859533
-25.044931950021528
-25.045573727056876
-25.046091182431734
-25.046581582323057
-25.04722163484159
-25.048401858574785
-25.04951409039412
-25.05068266555375
-25.052462065104322
-25.05389304841872
-25.055596154648608
-25.057732428625336
-25.058627814740177
-25.06001750735188
-25.061455635124855
-25.062856003667267
-25.06401526535572
-25.06507236815085
-25.066920224871026
-25.068654660577142
-25.07067491567442
-25.07292606358603
-25.075160888928867
-25.07807126318946
-25.080984868557103
-25.083919996897087
-25.088449747000844
-25.089716704867705
-25.0940420196417
-25.09624487320965
-25.097505069932314
-25.10055565206264
-25.104201529116896
-25.108042425270646
-25.110843249516826
-25.112770023529492
-25.115877618766298
-25.11778277865267
-25.119663496801202
-25.12188078349923
-25.123531365941854
-25.126418218813697
-25.129319916997297
-25.131560767898527
-25.133510041884904
-25.13548995831924
-25.137452364182774
-25.13912150502152
-25.14137660472081
-25.143066676867065
-25.144715852343396
-25.14629532538722
-25.14736440972409
-25.14885415758066
-25.15015737856426
-25.151612245301003
-25.15304788841427
-25.15468489819466
-25.156163860291358
-25.157536281510335
-25.158719094002173
-25.159718764882697
-25.160927918810216
-25.161757382148856
-25.16256368685762
-25.1637705092581
-25.16441092362055
-25.165387947662005
-25.166757526463584
-25.167984548827487
-25.168659049935325
-25.17035319926581
-25.170649459140947
-25.17208161005697
-25.172789921391864
-25.173606998068408
-25.174816508641104
-25.1754832505179
-25.177496993448422
-25.178253544507804
-25.179369933744745
-25.180107150457275
-25.18129138297113
-25.1819877276766
-25.182712067087344
-25.183855380524406
-25.184591838214207
-25.185876794471852
-25.186834578826485
-25.188037799915374
-25.18922925387684
-25.190614550417692
-25.191489845554138
-25.192498760083723
-25.19311993575573
-25.194065094510282
-25.19458557876958
-25.19534473093816
-25.196001037887086
-25.196658263372203
-25.197313564534724
-25.198034935626907
-25.199144454421763
-25.199935507884526
-25.20057310102579
-25.201751307904328
-25.2023954581811
-25.20316169017484
-25.20437668338083
-25.205001551823315
-25.205595728039672
-25.206846073838832
-25.207554588947133
-25.208908050667137
-25.21041575306708
-25.212213934295086
-25.213143743950376
-25.214050222286247
-25.215203739553406
-25.216365333975276
-25.217132126958106
-25.218318102007046
-25.2192497950495
-25.220435476977272
-25.22177134199405
-25.22271375272915
-25.223964756449348
-25.225268705600914
-25.226741117985377
-25.228128112562658
-25.22917444680825
-25.23134230222596
-25.232163854488725
-25.233588504368647
-25.234600616075788
-25.235689357912918
-25.236204245747054
-25.237509549947184
-25.238184026838617
-25.23909989574262
-25.240264087176794
-25.241513397007328
-25.242453415824038
-25.2436732972363
-25.244610068767194
-25.24561104360327
-25.247349831246424
-25.248338617283775
-25.249375406846262
-25.25114487989054
-25.252013337816543
-25.253014684817337
-25.254442346443167
-25.255429199288315
-25.25615797492818
-25.25790004310506
-25.259211606101445
-25.260683147476712
-25.261715071808688
-25.262825961741257
-25.264186013564807
-25.26544355215863
-25.26671094955578
-25.267728460077272
-25.26875369766057
-25.26993350573032
-25.271184832282763
-25.27208569572479
-25.273113577955982
-25.274139133160013
-25.275282122451483
-25.276944496408895
-25.27754502192262
-25.279246927467433
-25.279960136627167
-25.281211836735316
-25.281858282561174
-25.283574060579834
-25.284581685316567
-25.285482994176277
-25.287159174236216
-25.287862661820512
-25.291123286460575
-25.292258285089872
-25.29350404039704
-25.295537741124576
-25.297058908483024
-25.30031329656989
-25.301654051229868
-25.303647611062456
-25.305316841702414
-25.30753644453631
-25.30947856746284
-25.310711678436043
-25.312273664358244
-25.314372581482424
-25.316062047228044
-25.31783376799845
-25.320774361980675
-25.32248826599764
-25.324627424414
-25.325667229323415
-25.327281920109222
-25.328215622306054
-25.330488962973675
-25.33135735220656
-25.332271920669957
-25.333503471380915
-25.334216624953445
-25.33519552037716
-25.335712435826313
-25.336475045257544
-25.33728664861052
-25.33808304369438
-25.338909823899474
-25.339438286091898
-25.339916686997583
-25.34057277524277
-25.341121610115188
-25.341847550953723
-25.342619228300812
-25.342990611034054
-25.343518841293854
-25.34422315153965
-25.345032884789
-25.345710735154128
-25.3464570824572
-25.34707701241117
-25.34783055579419
-25.34860453848755
-25.349419462111236
-25.349872463153105
-25.350613400561954
-25.35120774290997
-25.35175830232856
-25.352614080874858
-25.353065552116764
-25.353584706907803
-25.354898188979057
-25.355750323531637
-25.356802607939468
-25.35855900444301
-25.359643042359345
-25.360791179931454
-25.361963937801523
-25.363120507635116
-25.363802536677355
-25.3655386982578
-25.366285119613146
-25.36714602386629
-25.368436268156316
-25.36972682014018
-25.37080234826055
-25.371902503063577
-25.372788939025178
-25.37384342514179
-25.374850367935096
-25.37565862118437
-25.37639123334433
-25.377578456708584
-25.378868477858546
-25.379743141301507
-25.381807268289485
-25.38247061059753
-25.38396914485555
-25.38482975240642
-25.385998564237646
-25.387158694902038
-25.38853171166251
-25.38942988463044
-25.390280520223616
-25.391139511348477
-25.39197783916842
-25.39308147295456
-25.393793470567225
-25.394418206053203
-25.395691644673413
-25.396309123170198
-25.397263746518668
-25.39845839977123
-25.39889556116011
-25.39985002882792
-25.40048758199537
-25.401301045239418
-25.40218651397766
-25.40274158637784
-25.403362942826565
-25.40445472439926
-25.404867792049437
-25.40564274001582
-25.406634440412724
-25.40749225704343
-25.40818970074236
