500 iters for seed 17 on ER0.3 which is in the 80.28030395507812 percentile
 Maxcut: 28.0, MedianCut: 18.0
-19.999999919989406
-19.999999988613705
-20.000000432400476
-20.000002013718653
-20.000005465152938
-20.0000145743871
-20.01057593847212
-20.010584091142697
-20.01238942831406
-20.047457678918146
-20.07250487270578
-20.094988878347657
-20.143152653527117
-20.24192893552629
-20.42470174930591
-20.667857246557997
-20.961388760339517
-21.223627459068982
-21.569530809190304
-21.7521643753427
-22.00180654637163
-22.244368492636617
-22.38040961631616
-22.51728942116747
-22.63730708729222
-22.74775988883036
-22.85427031177702
-22.919534287448233
-22.98953709337502
-23.04964353388817
-23.11781390928591
-23.1726678392821
-23.2210327627595
-23.28678665642715
-23.347428335501778
-23.395583749870475
-23.440607734236426
-23.487834562586507
-23.524743416443982
-23.567928192912262
-23.59559501980009
-23.622918043360496
-23.65082046713121
-23.66816628873795
-23.68469040959987
-23.707677003917034
-23.72468453357387
-23.74091186865464
-23.75969494743118
-23.77398378138845
-23.787561378585092
-23.824789460917774
-23.833780014021162
-23.84204242047181
-23.85519093305137
-23.867107877133343
-23.883219238087122
-23.8977457816405
-23.904815244989962
-23.918412516179686
-23.922175174742993
-23.93290127637737
-23.939018711144602
-23.94525907142
-23.95194377709905
-23.958389933463128
-23.961327501407442
-23.966673642264116
-23.96931159519002
-23.972477828036443
-23.974871979057085
-23.976232351111207
-23.97967603028018
-23.981089140522403
-23.983392028726673
-23.985348780128206
-23.987113587889272
-23.988786194025995
-23.990075857604243
-23.99101908896435
-23.992014951714786
-23.9931811650821
-23.994503382943673
-23.99532438124832
-23.9958440570385
-23.996581456313905
-23.996984501263636
-23.997249099590572
-23.997556506277732
-23.99780645498637
-23.998058386621437
-23.998381912263845
-23.998501226287964
-23.998705167436146
-23.99883890154265
-23.99898427342237
-23.999084704379808
-23.999164445800318
-23.99934092987215
-23.99941755985106
-23.999538773204165
-23.999619231360786
-23.99969636768122
-23.999728200490022
-23.9997721307711
-23.99979398719621
-23.999819146645592
-23.999853187521953
-23.999862266854883
-23.99988671376053
-23.999893062592385
-23.999906145579615
-23.99992226391402
-23.999929262240297
-23.999941299113843
-23.999948516052463
-23.99995744544854
-23.99996082577379
-23.99996598335949
-23.99996856924097
-23.999971469562112
-23.999976544034666
-23.999978761308125
-23.999981396057482
-23.999983159566447
-23.99998509259418
-23.999986697262955
-23.99998778152707
-23.999989429887375
-23.99999083868602
-23.999992420995035
-23.99999315782321
-23.999993761958056
-23.99999413803161
-23.999994708128053
-23.99999550746559
-23.999995807261474
-23.999996298552727
-23.999996599388442
-23.999996978573726
-23.999997353576678
-23.99999786692525
-23.999998054712734
-23.999998412814
-23.99999859470281
-23.999998765583193
-23.999999053792244
-23.99999916491433
-23.99999932649521
-23.999999426586488
-23.99999951636239
-23.999999593862682
-23.999999648793153
-23.999999693485805
