500 iters for seed 149 on ER0.3 which is in the 41.684722900390625 percentile
 Maxcut: 29.0, MedianCut: 19.0
-18.007701355628566
-18.504674063575607
-18.51461057022024
-18.527797077149156
-18.56373537316324
-18.570789150318305
-18.62976377667583
-18.653125953176968
-18.684323815408856
-18.71720513140366
-18.727596269323247
-18.765250140649623
-18.789731863362398
-18.82150103033704
-18.84667692319239
-18.86905321826527
-18.88618876214559
-18.906589402266935
-18.925731488299693
-18.941467489617118
-18.956164967679033
-18.96951407597924
-18.98089412488442
-18.99168098175527
-19.002992613078938
-19.011282088644826
-19.01855981842765
-19.02952169299043
-19.03627052571025
-19.04318671437632
-19.049749687087164
-19.054717368261567
-19.059431938273214
-19.066933894663254
-19.069691611023874
-19.073822795665727
-19.07623369204081
-19.079404356287785
-19.08468342792142
-19.08772096833824
-19.091735906959897
-19.094878400781212
-19.0983576818158
-19.101064544623203
-19.10433156493646
-19.10740393849651
-19.109859549908958
-19.114794462093215
-19.117221114045645
-19.11952094328669
-19.122008046501634
-19.1238594713966
-19.12592147006421
-19.128156529758844
-19.129768067798054
-19.13148581264427
-19.133708843999933
-19.135522735988218
-19.137528732113775
-19.139991573996575
-19.141924545326972
-19.144052378365018
-19.145705348800533
-19.1472704621483
-19.148612900219444
-19.149971444916986
-19.15153641626041
-19.153020248640825
-19.15436226389857
-19.155760382781494
-19.157236608383446
-19.158850366091787
-19.159906613144237
-19.161599212696274
-19.162763889206932
-19.1641048847532
-19.1655062711879
-19.166464034796068
-19.167892722238282
-19.16933081221394
-19.170113663767953
-19.171642392148225
-19.172159178724623
-19.173396851217838
-19.174216139065592
-19.174911405898655
-19.17605057197114
-19.177484702470917
-19.179001571258983
-19.17964881266828
-19.180431012863757
-19.181075285394925
-19.18198002116565
-19.182960416995996
-19.18372212241478
-19.18427727366047
-19.185384771101972
-19.18600248948662
-19.186697618482683
-19.187701612189226
-19.18834513346786
-19.189099510065205
-19.190085609504315
-19.190436656120955
-19.191198229296717
-19.191769734866128
-19.192529247645215
-19.193167509042212
-19.193765162612074
-19.194520583794723
-19.195212918590016
-19.19583789974179
-19.196462992878566
-19.197013821796475
-19.19783902231515
-19.19817185959177
-19.19878400500081
-19.199053159618707
-19.199508602603338
-19.200146532130383
-19.200516944900766
-19.20108404213635
-19.20140849779257
-19.201832389629804
-19.202593590768647
-19.203021970932056
-19.203618198854393
-19.204059496687357
-19.204487984996522
-19.204926774947083
-19.205375333254015
-19.20587455439471
-19.20628802020733
-19.206799592002078
-19.207447489802224
-19.208023230224143
-19.208575802934256
-19.209018038741903
-19.209468220107297
-19.210052574662463
-19.210587054620728
-19.2111790895541
-19.211635480882837
-19.212033481219336
-19.212428076378355
-19.212826897313644
-19.213139658705245
-19.213499270203908
-19.213769838331924
-19.21415236285769
-19.214485941476596
-19.21477365302175
-19.2153191634209
-19.215475629489056
-19.215919936860097
-19.216115910677445
-19.216420952830937
-19.21689184623758
-19.217145396362596
-19.21760923005151
-19.217932977353044
-19.218352808667348
-19.218720399289964
-19.219053464354467
-19.21958985507424
-19.21988924840573
-19.220231680014045
-19.220783148793185
-19.22112588443232
-19.22134908427607
-19.221970140954028
-19.222153407812925
-19.222519803084687
-19.22282773826218
-19.223046463951835
-19.223400748703916
-19.223661317423325
-19.224071666475073
-19.22439564152752
-19.22480430497206
-19.22505030877532
-19.225395195694535
-19.22579694302615
-19.226071645969867
-19.226318878384017
-19.226665360049793
-19.2268517414918
-19.227074266338715
-19.227469220526615
-19.227687378393277
-19.22796357529729
-19.228232052785373
-19.22848692316633
-19.22877620297669
-19.229037398121534
-19.229310076926375
-19.229548449563808
-19.229832472282844
-19.23006983808091
-19.230293271044598
-19.230523727187112
-19.23073913275285
-19.23099801906801
-19.231225964288058
-19.231580600051032
-19.23178777403796
-19.232011962231468
-19.232230727123415
-19.23245023334464
-19.232764210904204
-19.233071707931757
-19.233260388116655
-19.23356735056926
-19.233761377636608
-19.233989091000353
-19.234298524709466
-19.234459094552307
-19.23470483265576
-19.235113416612123
-19.235312729759837
-19.23554114394048
-19.235716415453062
-19.235934339745793
-19.236327438428944
-19.236440449702947
-19.23683279045577
-19.237004305310727
-19.237207765249714
-19.23730693369945
-19.237573707252885
-19.237703307625512
-19.237853649189354
-19.238126567775076
-19.238220152303708
-19.238651380982486
-19.238762402460004
-19.238947600873015
-19.23906724686535
-19.239257408920608
-19.239417411081018
-19.23953035058218
-19.23974624492927
-19.239884273972322
-19.240048810769224
-19.240203255805593
-19.240342091763544
-19.240594136234193
-19.24077208667812
-19.240935031371915
-19.24107516474354
-19.24121406340032
-19.241346328042795
-19.241618277423278
-19.24173125243398
-19.24189989540478
-19.242052522772845
-19.242241333872386
-19.242438230918985
-19.242622778703147
-19.242932627072353
-19.243231716517656
-19.243420697992065
-19.243622710528953
-19.243750472249275
-19.244033932308977
-19.244181759358796
-19.244377126532715
-19.244711010195168
-19.244866472660583
-19.24515975467416
-19.245333211198588
-19.245521680731695
-19.245725885400606
-19.245803607496818
-19.246085452150638
-19.246194802015705
-19.24634572275422
-19.246569844980826
-19.246694574467405
-19.246872973233625
-19.24702273705975
-19.247241576174073
-19.247413243763624
-19.247565056919857
-19.247728784028975
-19.24784328884109
-19.248067756642882
-19.24826129786476
-19.248414902975348
-19.24868708005229
-19.24879698626349
-19.248990236392352
-19.249139939284007
-19.249292573272342
-19.249469864398925
-19.249697518596815
-19.249823767065745
-19.24998018998295
-19.250142806386094
-19.250318672837075
-19.250495108415866
-19.25068829096231
-19.250863057843162
-19.251003381335202
-19.25118152778992
-19.25134855544714
-19.2515294400577
-19.251684043634594
-19.25179588706416
-19.25191477740769
-19.252070543284876
-19.252249098694776
-19.25237238725185
-19.252486433768716
-19.252722880601727
-19.252837617800363
-19.253045647433982
-19.253152411977066
-19.25330743497828
-19.253458455463004
-19.25363478209932
-19.25376514596244
-19.253873250937986
-19.254041827969647
-19.254209514184584
-19.254317739242
-19.25448620997369
-19.254611108283804
-19.254811500758525
-19.254960307401916
-19.255090467122063
-19.255223851063345
-19.255337621314442
-19.255464942970217
-19.255654881453207
-19.255805379825883
-19.25591632417648
-19.256039463437244
-19.256127131749896
-19.256237519568565
-19.25634989926994
-19.25641961214971
-19.256601048379622
-19.256708006306326
-19.25683892940381
-19.256943234391034
-19.2570778092955
-19.257182500108954
-19.257314659576515
-19.257435159091997
-19.25753966744344
-19.25777822727653
-19.257885737525505
-19.258064946967966
-19.258191364537485
-19.25831856357612
-19.25844676199152
-19.25863426281011
-19.258752769267673
-19.258855947914107
-19.258988746826137
-19.25910552977081
-19.259276569152853
-19.25940575798853
-19.259529468211763
-19.259716430718463
-19.259830653136802
-19.25996941865758
-19.26012935919178
-19.260272187208795
-19.260419616502304
-19.26064090417202
-19.260824593759324
-19.260974778297594
-19.261123050707244
-19.261251298741467
-19.26139817946057
-19.261598560634596
-19.261671547245825
-19.26181690191656
-19.26189935350682
-19.262073444258746
-19.262181225394
-19.262261478394727
-19.26244504580227
-19.262558974172393
-19.262758304294223
-19.262904035505205
-19.263053150751016
-19.263193024468777
-19.26333229988739
-19.263532978125067
-19.263664937508608
-19.263814065397124
-19.26396637382444
-19.264095647524982
-19.264249286590513
-19.26450695802674
-19.264616653959603
-19.264751208374857
-19.264961760823606
-19.265118786992893
-19.265334785444026
-19.26547212236147
-19.265651631539576
-19.26582166777991
-19.265986019062986
-19.266154589434098
-19.266340974624484
-19.266520780272206
-19.266770709941916
-19.266975899174625
-19.267177630393157
-19.267458679629478
-19.267634623587114
-19.267782115618175
-19.26792949700627
-19.268074053116717
-19.268125874303376
-19.268352799376807
-19.268434966912835
-19.26853069232254
-19.268694850096573
-19.26886784992378
-19.269013168750238
-19.2691804302014
-19.269353050578786
-19.26955524294943
-19.269730084060836
-19.269891596659928
-19.270032020906832
-19.27019701603634
-19.270350393042182
-19.270523115053322
-19.27065528930214
-19.270863836276448
-19.27096122029478
-19.271143895234303
-19.271271970152657
-19.271395732214785
-19.271545181426184
-19.27167515252405
-19.271870099902216
-19.271996734786956
-19.27214342903471
-19.272251660121
-19.27235835869757
-19.272472988086193
-19.27263788394046
-19.27278048673953
-19.27287159966861
-19.27303377102009
-19.27320363065577
-19.273347555511727
-19.27344049846254
-19.27351813807802
-19.273629246893755
-19.2737321847644
-19.27385357803984
-19.27395768343375
-19.27403225964659
-19.27414715920678
-19.274255421279324
-19.274381431123906
-19.274484567103617
-19.27457283347344
-19.274676332704445
-19.274786248414138
-19.274864262461307
-19.27493315313717
-19.275002177016145
-19.275095466001616
-19.275170487270138
-19.275297029678196
-19.275366338904607
-19.275492291284255
-19.27556025100264
-19.275648089371067
-19.27581336860545
-19.275897602076544
-19.276031591632933
-19.27613528296194
-19.276240725841138
-19.276353832309937
-19.276446941258534
-19.276536525520044
-19.276643047749975
-19.27675110112366
-19.276900005018806
-19.276999342142048
-19.277101026759286
-19.277211607727416
-19.27733743056274
-19.277426902823347
-19.27753566819453
-19.277589108688172
-19.277755434560362
-19.277818041805148
-19.277892125548185
-19.278000006373
