500 iters for seed 69 on ER0.3 which is in the 85.73532104492188 percentile
 Maxcut: 25.0, MedianCut: 17.0
-19.999999902848433
-19.999999965391318
-20.000000530472903
-20.00000690402473
-20.00003568189584
-20.000194208009955
-20.00109042254127
-20.00323635510164
-20.00502045928644
-20.019215793027623
-20.059967463331354
-20.208887918660505
-20.4683016154667
-20.619292209407764
-20.903146087140676
-21.136377122457038
-21.319638230562393
-21.57049319273716
-21.741431002193238
-21.987863181085572
-22.14145080196985
-22.31357878235914
-22.47090518434943
-22.620275530844623
-22.72298041693264
-22.81331842878834
-22.896149545901235
-22.972547701237183
-23.040129906691945
-23.10689634470723
-23.15664832993924
-23.205017584924388
-23.271182659699374
-23.32624772389024
-23.377409867972872
-23.414937336694685
-23.468557417560433
-23.50588490697467
-23.545535931297817
-23.586558971478983
-23.615890710267795
-23.665639454549947
-23.69095701135581
-23.714292319162194
-23.743721524640712
-23.76624370848713
-23.787311878815736
-23.807401584191258
-23.819061910138824
-23.840933951908944
-23.845453835498763
-23.868622624320263
-23.87544961418271
-23.88878782526061
-23.90424876142136
-23.917843939313414
-23.92614220427353
-23.93360475896661
-23.94083609242993
-23.95143006772355
-23.959519012068736
-23.965333083988366
-23.97078155950823
-23.97519545535426
-23.977675627325162
-23.981505048069632
-23.98286058718943
-23.985081602788423
-23.986858251709084
-23.988377092420652
-23.989547793661092
-23.99157827924338
-23.99234787236713
-23.993208380924283
-23.99423474275128
-23.99532369330145
-23.995967230874992
-23.996737787065875
-23.99721701990688
-23.99766402953894
-23.998118183272485
-23.99835666324859
-23.99863625057706
-23.99886438900439
-23.999017724758748
-23.999178810855952
-23.999311303954673
-23.99942871701681
-23.99952260249239
-23.999595419329154
-23.999675082657475
-23.99974025583345
-23.999770841827402
-23.999805930738027
-23.999828174198328
-23.999858584141016
-23.99987713755567
-23.99989820491977
-23.99991514800598
-23.99993491906918
-23.99994617124305
-23.999955395920907
-23.999959272202677
-23.999966990096087
-23.999971482085908
-23.99997564955788
-23.999982837728076
-23.999985347028403
-23.99998805445037
-23.999989891259364
-23.999991484909174
-23.99999291052251
-23.99999399606529
-23.999994892980563
-23.999995625603482
-23.99999646749181
-23.999997111793498
-23.999997620172966
-23.99999789118501
-23.999998276075267
-23.999998400080827
-23.9999987862514
-23.999998928962956
-23.99999908137793
-23.999999296401924
-23.999999379668406
-23.999999541455423
-23.999999630452574
-23.999999694474205
-23.999999738011166
