500 iters for seed 175 on ER0.3 which is in the 54.184722900390625 percentile
 Maxcut: 30.0, MedianCut: 20.0
-20.000000370234492
-20.000001148794688
-20.000003905746485
-20.00001380038694
-20.00004948492184
-20.00017845614941
-20.145211800023798
-20.145283426467643
-20.17576538154011
-20.256305231885136
-20.42517462086466
-20.605252126144336
-21.222489930003704
-21.3547017266979
-21.749530371781336
-22.18176451280475
-22.765374172104966
-23.05462059503958
-23.41697212285302
-23.738532023625766
-24.114370943287792
-24.30828754645684
-24.558513452196827
-24.80104663874682
-24.968027405103097
-25.109575983198255
-25.210749622136937
-25.29911490880055
-25.400954864551498
-25.468335836247018
-25.5129877286325
-25.588372370250408
-25.644641034569485
-25.688375280943017
-25.7329139619135
-25.753868047971867
-25.78476304314736
-25.809476532100767
-25.838505585277375
-25.85298728532934
-25.86730036647064
-25.88406544354184
-25.901336800158695
-25.909040168808787
-25.917466326242046
-25.92336076655622
-25.930962826275103
-25.935347442500493
-25.940512168088055
-25.942947699040932
-25.95019758267553
-25.953077951129412
-25.956381800486067
-25.961132523521385
-25.9643817558664
-25.968887194761155
-25.97168270217195
-25.975136457868885
-25.978049339468747
-25.981617296956294
-25.983446435578475
-25.985271152633814
-25.98644777125711
-25.988035034847222
-25.98907599405103
-25.989962663741316
-25.99117396558419
-25.99154023233239
-25.992342245869846
-25.992516241577626
-25.992974153566376
-25.993424057632662
-25.993930416150324
-25.99436301456559
-25.994790851161262
-25.995140817281708
-25.995406317736137
-25.99592896278678
-25.996287590124386
-25.996684010974526
-25.997118452270147
-25.997349340886135
-25.99760754844417
-25.997848246393097
-25.99803059663285
-25.998196692642146
-25.998378927638274
-25.998514580902135
-25.99866442868679
-25.998861502087973
-25.998935999175576
-25.99903622831361
-25.999100730049193
-25.999184120126316
-25.999257436621754
-25.999328828343163
-25.999403964368323
-25.999476886070315
-25.99955485166849
-25.999650861090277
-25.99969175241951
-25.99973332386588
-25.99977058024107
-25.9998129372082
-25.999839782398542
-25.999865544834805
-25.999895279647603
-25.999922248598526
-25.999939150245165
-25.999959593357243
-25.99997290572272
-25.99999522775235
-26.00001968023173
-26.000036277922835
-26.000045327814995
-26.000059938906766
-26.000063993116104
-26.000074420028966
-26.00008115995608
-26.00008768439887
-26.00009963456869
-26.000110352140574
-26.000130782463813
-26.00013925561138
-26.00015129281756
-26.000161473373296
-26.00017433511364
-26.000190831058454
-26.000201952237628
-26.000215057614604
-26.00023392854948
-26.000245207678482
-26.000262067947144
-26.000278853192714
-26.00030238340653
-26.0003300056637
-26.000352124290337
-26.000414553609986
-26.000430623921787
-26.00056235171875
-26.000650333518333
-26.000789795638905
-26.00099740355102
-26.00152754812895
-26.001873166175177
-26.00293181346435
-26.00466525466156
-26.007142030831798
-26.009165049225892
-26.014071219822988
-26.021133645427213
-26.035179846217048
-26.044034432376456
-26.053750889912305
-26.087246481663087
-26.137070342882566
-26.171387521902297
-26.223286052109728
-26.286013776789552
-26.350047739983875
-26.40893726149726
-26.464613400016994
-26.500111407239814
-26.553811811344264
-26.59364989756656
-26.63402890992275
-26.672072991956007
-26.712729283193433
-26.749599524579867
-26.779535919359258
-26.805018934012306
-26.83205542121432
-26.851596814173174
-26.871364841816895
-26.881314049912195
-26.895679441452305
-26.911051953546693
-26.92369554967641
-26.93137688238392
-26.938119551354056
-26.946174871585434
-26.95263016291031
-26.95873873705442
-26.96332206214615
-26.96693879926414
-26.974029952717544
-26.97541005697706
-26.9803145744164
-26.98164375183075
-26.98404512627278
-26.985311500913422
-26.987600330566337
-26.98876335260113
-26.989817373838804
-26.991355854335612
-26.992564172309326
-26.99338240740708
-26.994124913421505
-26.99482594080815
-26.995577601451036
-26.996561222837023
-26.99686123410396
-26.997399403624406
-26.997447608674026
-26.997958799660918
-26.998137418609346
-26.99839347813395
-26.998727895789646
-26.99883806293671
-26.999044437715494
-26.999148441204028
-26.99924379617768
-26.999326253528764
-26.99942023512566
-26.999473165584266
-26.999522825088217
-26.999586642085422
-26.999614647911955
-26.99965974330871
-26.99968749847882
-26.999723333330152
-26.99975813678651
-26.999780445325083
-26.999807207117687
-26.999829657069473
-26.999846852299427
-26.999860976589158
-26.99987860349547
-26.999893929122816
-26.999907181086012
-26.99991840925951
-26.999928099611875
-26.999938660305933
-26.999947025811693
-26.999956506024915
-26.999963067840515
-26.99996919843379
-26.999972642077665
-26.999975165954638
-26.99997918529529
-26.999983896351328
-26.999986482210154
-26.99998835330985
-26.99998975237038
-26.999991196688008
-26.999991873049446
-26.999993944915662
-26.999994585407787
-26.999995399848785
-26.99999574772229
-26.999996483125866
-26.99999684296818
-26.999997138767217
-26.999997568850826
-26.99999783936323
-26.99999812559045
-26.99999830203492
-26.999998551133583
-26.999998902018135
-26.999999072062682
-26.999999247204677
-26.99999931950282
-26.999999427488785
-26.999999488741746
-26.99999958119134
-26.99999965194167
-26.999999708647085
