500 iters for seed 141 on ER0.3 which is in the 73.86245727539062 percentile
 Maxcut: 29.0, MedianCut: 19.0
-21.00000002155819
-21.000000128891124
-21.00000133306292
-21.000021966901503
-21.000236628742947
-21.000254381661765
-21.000632471929332
-21.001414884986982
-21.00217595599704
-21.00308906298277
-21.00510285908592
-21.03527195233456
-21.047910432798098
-21.094850185683615
-21.1491888859819
-21.226003577141864
-21.29996329434782
-21.37110510453027
-21.452400172460752
-21.530785657520653
-21.641784404184833
-21.765730183535656
-21.905514853688643
-22.01027526515068
-22.10655716085602
-22.194448242010854
-22.31126439539444
-22.397578037889584
-22.462333725785317
-22.53369180176427
-22.602053178646575
-22.686755465823598
-22.757054327999512
-22.806627013948592
-22.854752949289338
-22.88945144878137
-22.920048807445124
-22.950988932268842
-22.987925914353617
-23.019086199656968
-23.04945075767791
-23.073209642822142
-23.107391792477703
-23.14957609953813
-23.18534369766975
-23.21921468547218
-23.255276202769675
-23.293692818689166
-23.34436536617302
-23.37566791099179
-23.405547411091796
-23.4408064561143
-23.480032512078708
-23.500124074458828
-23.53443869783221
-23.553861870399334
-23.582929670310943
-23.59855353699772
-23.629998456684717
-23.647253502327292
-23.66430778165125
-23.6920452561306
-23.69928322117063
-23.73120525857151
-23.740701135183595
-23.75565887599285
-23.770918637835113
-23.786620662319354
-23.796827360623357
-23.80956371874711
-23.818498608986797
-23.832419726395447
-23.84529513242395
-23.8550966474809
-23.875036905357664
-23.884421324276527
-23.89838529692249
-23.911438339707566
-23.9242057625061
-23.939162841878233
-23.957028662565865
-23.969920549961223
-23.98087744046323
-23.996751326645782
-24.009122143727378
-24.022767040893395
-24.034226573396055
-24.04229641428064
-24.056224470238654
-24.070394801630272
-24.080368100767696
-24.095826233698098
-24.103571693203595
-24.115759651215463
-24.124392866017686
-24.13596206025464
-24.14311809524057
-24.15115002508021
-24.159844646907
-24.168849279515705
-24.175885823814507
-24.188770949871216
-24.19537359254881
-24.205087229360903
-24.21515006722553
-24.22222801838464
-24.235890750684746
-24.24479423352574
-24.25390639959856
-24.262631355618694
-24.271337690659067
-24.27917325002805
-24.28680055213631
-24.296712397883603
-24.305417652356955
-24.314836937502964
-24.32787866373192
-24.336793712292973
-24.34512650624756
-24.357257298685557
-24.368976562112653
-24.38079116481409
-24.390071821455606
-24.400524742773708
-24.41153589722017
-24.416580206942356
-24.425977686529595
-24.440181326686595
-24.448731321905868
-24.45708276234594
-24.473341140281516
-24.482012031231218
-24.496745184291047
-24.506999733999663
-24.521515702223603
-24.538606569862058
-24.556148312935676
-24.567520789466883
-24.581020558165523
-24.593527112092275
-24.611735357320505
-24.627246270313154
-24.63942874851515
-24.64825475974911
-24.658345469064706
-24.669025624077275
-24.681932647326317
-24.69299216106963
-24.70292825951182
-24.71524771632894
-24.73338422021269
-24.74954854569772
-24.762354590222273
-24.789073969510724
-24.808252565648623
-24.833989044506044
-24.853977261453927
-24.87531475983105
-24.91565533333403
-24.93158606044116
-24.960032880479094
-24.977278544771174
-24.993716817835534
-25.009954982741295
-25.02333220809068
-25.04469583734575
-25.060739597758893
-25.081345085159512
-25.103984262828252
-25.123209106713535
-25.141312724905347
-25.178638272435865
-25.20151363484821
-25.222700756328802
-25.250001001964627
-25.26418809178547
-25.283837835884643
-25.299256750801234
-25.314717615007265
-25.33858782378725
-25.35009832835854
-25.362671180744613
-25.374914747785628
-25.39124622990451
-25.40642265860574
-25.421064131270597
-25.432700229108086
-25.44480127653004
-25.456850869533092
-25.467963106568263
-25.479529761790282
-25.489610119344892
-25.50298153913153
-25.52159987036699
-25.53798279453152
-25.554171508263757
-25.567083879632015
-25.582130647328817
-25.59484614920657
-25.60611381295954
-25.618357767916496
-25.62475483151037
-25.63382335741206
-25.640092595370874
-25.650963574544136
-25.65628520103531
-25.663066762990436
-25.674231762582696
-25.67954195004964
-25.694275072274376
-25.699762399967923
-25.70737019826102
-25.71466004693376
-25.723611511648862
-25.7322495119333
-25.74282992657903
-25.750990647029145
-25.758753995226567
-25.771510896357505
-25.77807772874283
-25.786313125039307
-25.802729343242103
-25.81335443346825
-25.82572059962064
-25.841548963493633
-25.854559912812604
-25.874003547392878
-25.89082127991081
-25.904292827725232
-25.92525548833155
-25.949489561794028
-25.982925931730364
-26.016332004500207
-26.05684718986928
-26.092454432244324
-26.13393349101852
-26.170021980761923
-26.2150471565242
-26.25318502486479
-26.28224727010397
-26.34047118309421
-26.411706147298958
-26.45290566665919
-26.508299480255946
-26.564664154712254
-26.6167650932953
-26.660689513716488
-26.705815117361965
-26.742832262059366
-26.778197013725556
-26.80958693847491
-26.83693889060938
-26.86013434883453
-26.89856845827848
-26.91393587827139
-26.94885127093388
-26.97188969669249
-26.992322664429857
-27.02209281604828
-27.051380935347904
-27.07483652975233
-27.095662576499688
-27.112813358788507
-27.12803961094811
-27.144350953375653
-27.15767169867148
-27.171682503404927
-27.185477561122447
-27.193791109890654
-27.202845512329684
-27.210123931647217
-27.220147606438612
-27.224509583626254
-27.230378530299934
-27.233591892410967
-27.23786588461507
-27.242343115947513
-27.245815259184468
-27.249489072616253
-27.25330077304951
-27.25620861343299
-27.258958317594473
-27.260592172044895
-27.262964894601016
-27.264977927815558
-27.266967697867162
-27.26927245022618
-27.27104341271456
-27.2733543123258
-27.275664109229258
-27.27759818312108
-27.27988145537852
-27.28076368650456
-27.28316986564316
-27.284005665343457
-27.285008793314926
-27.286815246076305
-27.288317423366763
-27.290824826016674
-27.29223476182407
-27.294324421044895
-27.29785762731671
-27.300099293940722
-27.303468901201096
-27.30534175902299
-27.30751285700171
-27.308077017505266
-27.311771459356393
-27.313163968036786
-27.314677932122045
-27.316981775999277
-27.318811355271496
-27.32225482134382
-27.323541389850302
-27.324901452330444
-27.32635468372483
-27.32815404750605
-27.329786208617893
-27.331491637945426
-27.332728298804597
-27.33367244656665
-27.3354171820743
-27.336361129825512
-27.337215337361787
-27.3388808989579
-27.339698473080233
-27.34068371814569
-27.341871101126518
-27.342837135971347
-27.344709666236035
-27.34648649660345
-27.3485154203926
-27.349775264030434
-27.351541279133937
-27.3541691481593
-27.356943031516465
-27.359236448229186
-27.36176243485393
-27.364146326114994
-27.367299358294993
-27.370550003005853
-27.37302295121754
-27.375295224853595
-27.378007732447376
-27.381143751175845
-27.38394770021745
-27.386217182692278
-27.388974358468378
-27.391411592585428
-27.393314769514948
-27.3972622131538
-27.398705175790493
-27.40121277795308
-27.403343968488134
-27.405603782989346
-27.408731502497382
-27.411306324122638
-27.414773548314038
-27.416089609520526
-27.41778452537734
-27.42032339039601
-27.422618455604802
-27.424580230504688
-27.426388706065616
-27.428313126981593
-27.43015910537113
-27.432190077236207
-27.433292632827918
-27.434598785209243
-27.43614943001877
-27.438139702178713
-27.43937155189726
-27.440991512757183
-27.4421023020236
-27.44384313124331
-27.445381135308317
-27.44659504514036
-27.448571188324216
-27.449607131503004
-27.450794750411642
-27.451894365436694
-27.453222489674136
-27.45405320815319
-27.455766823988235
-27.456666788424933
-27.457780309765763
-27.459307953417994
-27.459762454509427
-27.461272354198087
-27.461759994630768
-27.462550137794786
-27.463778796696616
-27.464642285505846
-27.466145980840505
-27.46724710053723
-27.468400025524147
-27.46961048785669
-27.47072542419644
-27.471739466488458
-27.47254159029122
-27.473374944598394
-27.473963927548162
-27.47467363985493
-27.47509907225686
-27.47568222966415
-27.476579751714375
-27.477096094408136
-27.477838768523206
-27.47832122860588
-27.47891043449246
-27.47965138802213
-27.48054490576566
-27.48132017301477
-27.48210212614323
-27.48261932737973
-27.48342167632683
-27.483854647661396
-27.48463121542583
-27.485042340910354
-27.48553232452379
-27.48624234271256
-27.486695864444123
-27.487547366737072
-27.48798958443302
-27.488557383417096
-27.489585477448493
-27.49047324862439
-27.491359896604965
-27.49206664598049
-27.49279559104656
-27.493676937232575
-27.494917011775396
-27.4955151002299
-27.496383325262464
-27.496765621892095
-27.497540107343962
-27.498227990321023
-27.498831937353405
-27.499818445102793
-27.500921685046194
-27.501567639406844
-27.502335298394186
-27.50310946117805
-27.503940469686196
-27.504911877060216
-27.50551483388438
-27.506037740376563
-27.50705277654681
-27.507220846885215
-27.507792248945943
-27.508158857096188
-27.508616019823865
-27.509148819992983
-27.50947843102562
-27.5100694007592
-27.510400185065958
-27.510765276426707
-27.511091300763518
-27.511458155227437
-27.51225453402937
-27.512391134693893
-27.51313551768228
-27.51343682081531
-27.513910513232194
-27.51453170824264
-27.515036730171047
-27.51573430851278
-27.516124952765704
-27.516495358953254
-27.51691904127598
-27.517253883536746
-27.517683704354017
-27.518036477284745
-27.518525686067232
-27.51898416090723
-27.519352940714867
-27.520090851401623
-27.52045627344773
-27.520889738999855
-27.521169868667215
-27.521591999427358
-27.52189878974472
-27.52233831935013
-27.52266770923683
-27.522942561044
-27.52331371200678
-27.523830859694222
-27.52418751313981
-27.524516082887143
-27.52511133664923
-27.525495641439
-27.526172324542223
-27.526620736069468
-27.5270047717235
-27.52734350329778
-27.527669348465878
-27.52816210459846
-27.528483761826053
-27.528772550228094
-27.529209697613965
