500 iters for seed 105 on ER0.3 which is in the 40.656280517578125 percentile
 Maxcut: 27.0, MedianCut: 19.0
-18.01119310549171
-18.536264848967548
-18.582433826649336
-18.60585611910822
-18.672713985717348
-18.71292090838448
-18.734478535682992
-18.764211436246647
-18.79354069737787
-18.815298587870025
-18.836022523817583
-18.85186747397426
-18.869007103325774
-18.880371113830925
-18.890916513873293
-18.89950258645579
-18.909291755484734
-18.920201822091578
-18.928982818489786
-18.93707373746772
-18.946837667868586
-18.952888052641104
-18.95888003265557
-18.965752556234513
-18.97090556355378
-18.97738521093381
-18.98305314198914
-18.98703696169781
-18.99143189250949
-18.993703809545853
-18.99718101177328
-19.00003218515522
-19.002540592906378
-19.00713606566402
-19.009510874163052
-19.01257152237438
-19.01594308635306
-19.018477995725966
-19.021467345675664
-19.025616814900488
-19.02887017800549
-19.032140204489636
-19.035288209334507
-19.03830165193026
-19.04121325717901
-19.044008090853094
-19.046334396711426
-19.049842077003337
-19.053383286839708
-19.056515251509378
-19.059607670850966
-19.061967186328985
-19.06470923616069
-19.067659686070648
-19.069941032881303
-19.07291989013489
-19.075711659333074
-19.078470751919166
-19.079920091792943
-19.082339922267177
-19.0844728179231
-19.08632345817602
-19.08812241484486
-19.08937215383592
-19.090979175116342
-19.09298409400258
-19.093694793277567
-19.094956405348793
-19.09599923039685
-19.09714370496887
-19.098818268742242
-19.099736195498373
-19.10079908564986
-19.10273512689685
-19.103883984975774
-19.105337814779293
-19.106271861709057
-19.107424430723277
-19.108871048407774
-19.10946719482913
-19.110982349120615
-19.11153731445569
-19.112553723587553
-19.113436383206135
-19.114433008240923
-19.115224315053055
-19.115980301473606
-19.117140046546474
-19.118433672153294
-19.119249498724546
-19.120415029753243
-19.121040963597707
-19.121839688489196
-19.122813406497446
-19.12340681071588
-19.12463342883265
-19.125742640387465
-19.126316171521793
-19.127590117153787
-19.128399557200304
-19.129542797217198
-19.130732553580977
-19.131692025948254
-19.13237524413905
-19.1337583585901
-19.134209145189317
-19.13526540300233
-19.13589384899162
-19.13659835665065
-19.137434797320026
-19.138400178957113
-19.139069543170237
-19.140109884156352
-19.140652114698668
-19.141388274384695
-19.14226151104787
-19.14277158192766
-19.143998444015033
-19.14458764936323
-19.14549075684498
-19.14621578844021
-19.14691922188485
-19.147597509826554
-19.14856373127686
-19.149219902906395
-19.14990077955346
-19.150544162613468
-19.151277144174934
-19.152056587148763
-19.152934469471177
-19.153661868602455
-19.154308851434763
-19.15494530255502
-19.155755327917937
-19.156563989770866
-19.15725433560788
-19.157910444683562
-19.1584534868305
-19.159066121115742
-19.15976735777305
-19.16026324446398
-19.161006726342407
-19.16140006031969
-19.161999919910166
-19.16272169450244
-19.163244211088703
-19.163948034259036
-19.16425519142077
-19.164917183684764
-19.16514012468161
-19.165738581332434
-19.166019291281195
-19.16644732963902
-19.167184763125192
-19.167606893922432
-19.16808015653448
-19.16840848101477
-19.168760006162863
-19.16917248903995
-19.16963885702224
-19.170070161138373
-19.170441395768545
-19.17079039090488
-19.17126929525469
-19.171723403396374
-19.172177598667353
-19.172665464748146
-19.173082882674674
-19.173657558334337
-19.174105122146578
-19.17455674380846
-19.174892491116445
-19.17524251825579
-19.175718630284262
-19.176221531680078
-19.176548094192643
-19.176942837041413
-19.17725701268589
-19.177557880752325
-19.178148155451638
-19.17838857599942
-19.17873031662591
-19.17905373855669
-19.17931140220711
-19.179536026957038
-19.17991749270591
-19.180146319100146
-19.180444506025232
-19.180915601666612
-19.181131605479205
-19.181475541132407
-19.181706674409142
-19.18205669978514
-19.182372587095806
-19.182685298469664
-19.18309180975907
-19.183384667433558
-19.18370246749724
-19.184257875323716
-19.184602474005672
-19.184892630263437
-19.185246454905037
-19.18568834017612
-19.186065553448973
-19.186729456172415
-19.18706976484943
-19.187461588917472
-19.187710821998763
-19.188168865771594
-19.18851199616863
-19.18878283601341
-19.189342275649626
-19.18964438719905
-19.190075173097924
-19.190447004797914
-19.190949192670075
-19.19135606163622
-19.191729830033122
-19.192210555614736
-19.19250219493863
-19.192929908644807
-19.193544244033777
-19.193951689503326
-19.19424862878387
-19.19468056095929
-19.194989297957576
-19.19540968649567
-19.19577324626189
-19.19613828598763
-19.196475643760497
-19.196818414984875
-19.197167064221077
-19.19759681519904
-19.197738480583485
-19.198154537732577
-19.198402589726925
-19.198678855688613
-19.19913015363958
-19.1993721157367
-19.199817337887506
-19.200097035316645
-19.200503243565134
-19.200760577479276
-19.20108454041334
-19.201349549038653
-19.201638317755098
-19.20209167510699
-19.20230640792904
-19.20275239505057
-19.202940733709685
-19.203259713103147
-19.20347299046895
-19.203895204398517
-19.20412858530734
-19.20436830051684
-19.20474680589511
-19.204932927914044
-19.20527274432219
-19.205530462058682
-19.205858474431967
-19.206160043722956
-19.206451634031367
-19.206686543818808
-19.20698135451212
-19.207251040908368
-19.20752335582784
-19.207843785696774
-19.20797939118681
-19.20828208117347
-19.208553972952213
-19.208855659779353
-19.209123825516166
-19.20933650747492
-19.20975276893435
-19.210091687538615
-19.21041273095869
-19.21069545372927
-19.211004331268565
-19.2114489536396
-19.21184967317278
-19.2122325271543
-19.2126123116423
-19.212980833196937
-19.213215172710843
-19.21354746826767
-19.21377722358309
-19.2140445033196
-19.214230668122404
-19.214377363299928
-19.214583881359722
-19.21480703036496
-19.215024620473542
-19.21524628374334
-19.215523616133908
-19.215825784360206
-19.216014917842116
-19.216301539955122
-19.216535534513405
-19.216827252006187
-19.2171605731842
-19.217376317878035
-19.217543672745897
-19.217964353210913
-19.218091870958283
-19.218315513924946
-19.218484052955453
-19.218705107423656
-19.219011229863984
-19.219309010579302
-19.219525014361174
-19.219798415637953
-19.220025554048593
-19.22030533066473
-19.22052999545518
-19.22075972442361
-19.220881754686935
-19.221132082948074
-19.221236836257695
-19.221413212782036
-19.221583968530787
-19.221736192604993
-19.22201446944189
-19.222122298453257
-19.222319391896434
-19.222465148187347
-19.22263526265648
-19.222842465840657
-19.223121435328014
-19.223239161245235
-19.22338640239229
-19.223587465554814
-19.223811812585108
-19.224010565900134
-19.224156442605207
-19.22431397160236
-19.22444725937929
-19.224624353791434
-19.224829863769266
-19.22497885704069
-19.225081307415106
-19.225242068895778
-19.2254301178685
-19.225497245838028
-19.22570993706485
-19.225829401931243
-19.226006517074282
-19.226156971281004
-19.226293339452738
-19.226365386058255
-19.226576125886478
-19.226644113913324
-19.226739862341518
-19.226800715707654
-19.226902513796205
-19.227008151501668
-19.227092096861337
-19.22722800382847
-19.227347153301437
-19.22743489251856
-19.227542199627273
-19.2276462265029
-19.227757276638023
-19.227859915898506
-19.227971260014286
-19.228082699501837
-19.228196000559024
-19.228282843475423
-19.228386537026488
-19.22848258180632
-19.22862142871104
-19.228702781177702
-19.22878249139695
-19.228888229599225
-19.229001156098356
-19.22911027247177
-19.229234325838725
-19.22927375425346
-19.22941575148192
-19.22948621573334
-19.229581369785965
-19.229736605183952
-19.229835460322036
-19.229955669870176
-19.230043426118087
-19.230166056052408
-19.230241455461616
-19.23037670383069
-19.230469137433538
-19.230555193632846
-19.230701910096617
-19.230789287778705
-19.23093242221084
-19.231029563053305
-19.23112482855627
-19.23121311947473
-19.23134217928745
-19.23142902991603
-19.231536716037226
-19.231663866534813
-19.23174377471569
-19.23185069265185
-19.231980900035662
-19.23209379293725
-19.2321963046844
-19.23227552137143
-19.23238645507527
-19.23249194372357
-19.232623317185016
-19.23271398608794
-19.23278409734693
-19.23293675369959
-19.23302243253315
-19.233139181389568
-19.233235516135075
-19.233314025912883
-19.233400990623334
-19.23350355592415
-19.23357790594294
-19.233650056597025
-19.233723607647416
-19.23387142780327
-19.233942621390433
-19.23402074073686
-19.23414547098063
-19.234255403029504
-19.234450052024357
-19.23453392688651
-19.234647219298452
-19.234729650873348
-19.234839171473432
-19.23493990750708
-19.235010590365018
-19.23509169196883
-19.23520478332072
-19.23527970276428
-19.23536163159929
-19.23550007173985
-19.235587963527784
-19.235689208177202
-19.235767431723986
-19.235864899059656
-19.235967554986168
-19.236051882567143
-19.236171705439162
-19.236271634906608
-19.236380443275532
-19.236472674716016
-19.236571760287674
-19.23667851311517
-19.236796114538823
-19.23690758109482
-19.23699946681649
-19.23708240832236
-19.237266091145145
-19.237324530018572
-19.237404280705345
-19.237483848849617
-19.23757545851928
-19.23766524750838
-19.237735751654863
-19.237803504907856
-19.237885396979756
-19.23799893724607
-19.238070753098448
-19.238135323206826
-19.23822949006621
-19.2382994715478
-19.238390514309586
-19.23847186255268
-19.238557263971604
-19.23862594799961
-19.23870295353673
-19.238791939686195
-19.238873052806454
-19.238976453180328
-19.23904359435788
-19.23912381553647
-19.239226362758387
-19.239298636444147
-19.239371254820973
-19.239486997662056
-19.239537000013566
-19.23962178729936
-19.239681811219754
-19.239776719015687
-19.239842626820142
-19.239903785090526
-19.239982562750026
-19.24007479955855
-19.24014126305256
-19.24021274833431
-19.240282336412882
-19.240351407016288
-19.24049071640645
-19.24054748977064
-19.240649177997206
-19.24070664318294
-19.24076846669378
-19.240825545535493
-19.24090517312832
