500 iters for seed 80 on ER0.3 which is in the 55.590057373046875 percentile
 Maxcut: 32.0, MedianCut: 19.0
-19.000000628926564
-19.000002205202595
-19.000007909836626
-19.00002907674307
-19.102118213613178
-19.10214536968177
-19.107340708905934
-19.336764351217823
-19.66835732195843
-20.131516897251462
-20.465163628003125
-20.971586924128072
-21.512044789242907
-21.699400237447385
-22.21048148572559
-22.387413313270457
-22.673948632147706
-22.973319771104638
-23.151750770547743
-23.405814961397535
-23.62630793869231
-23.796814919669828
-23.958154852456655
-24.079375836142276
-24.165964583043966
-24.234654005038255
-24.286653753457003
-24.340674297343792
-24.391712911364582
-24.435114636522915
-24.462285419259665
-24.5073931240404
-24.52360448860783
-24.552743184641116
-24.56809970808678
-24.585239631229186
-24.612363298406862
-24.624324505249298
-24.64476819163449
-24.65893422104603
-24.674700849512472
-24.689199048247485
-24.70305466645043
-24.716258675997185
-24.726855751046717
-24.73730263620891
-24.763900253771318
-24.778347231841064
-24.796893776700962
-24.822962655006553
-24.839280764844904
-24.859464425960542
-24.880335019027683
-24.897256797335775
-24.917475631752843
-24.939705414648053
-24.9558047422144
-24.969295141766583
-24.981022505469216
-24.991846913986603
-25.003872850606538
-25.018176554753627
-25.02699267447395
-25.03816235020851
-25.046252115935058
-25.05398845324685
-25.063617120109427
-25.070489049288835
-25.075080046697003
-25.078781619254208
-25.084099029273393
-25.090705023558186
-25.09819670221104
-25.1022824439899
-25.109097444422932
-25.114026391533155
-25.12165796059721
-25.12749326435886
-25.1334447236695
-25.143999557419676
-25.148495965516886
-25.16360980215798
-25.169905729743157
-25.178789156198498
-25.184000375127425
-25.189807734127573
-25.195924589311918
-25.201482675147933
-25.206470964315958
-25.212384402632946
-25.217198768472233
-25.22138256681633
-25.227301447515227
-25.234130262823673
-25.238367445742494
-25.243561366911536
-25.249014723126038
-25.253912329118037
-25.25748756794919
-25.26061781945977
-25.2646553087671
-25.268942444959812
-25.273262670813377
-25.276566434683563
-25.280893866003566
-25.283831346454097
-25.288350274928916
-25.291317406583904
-25.294871462600277
-25.299628442902122
-25.304803866999855
-25.30834405312935
-25.3133070532271
-25.317145614188444
-25.3209945611941
-25.32695792211498
-25.33001274953528
-25.333027511287828
-25.3403680027556
-25.344723064834493
-25.34796048378516
-25.355231705049295
-25.358297564880896
-25.363811159581115
-25.369949396564778
-25.376034906757805
-25.37995068995327
-25.384362624248798
-25.388465635944822
-25.39337414546902
-25.398770946064616
-25.402813496470365
-25.40779091491225
-25.412170019673336
-25.4163761886254
-25.419700426250316
-25.42314398180474
-25.426500692112203
-25.429990323328454
-25.434843400748647
-25.439593024065527
-25.44295390176676
-25.445771093155273
-25.448531385881324
-25.451837225883338
-25.45640985386504
-25.45883152887109
-25.463331724171276
-25.466087855421215
-25.469297295093536
-25.471951733658102
-25.475439312271227
-25.478783841055453
-25.481727275986973
-25.484407183176
-25.489439734608844
-25.49212941113225
-25.495839691510167
-25.50099177545108
-25.5056083579193
-25.509455905534253
-25.51206428501747
-25.516309283763924
-25.52119451445271
-25.527185162655154
-25.531819331180575
-25.53781100678718
-25.542836169939257
-25.550126591977293
-25.556292180860897
-25.56123179001689
-25.568445449700324
-25.574845070828943
-25.57899946517298
-25.58307279527238
-25.58742066794451
-25.593815811122756
-25.600129471931247
-25.60647521013223
-25.615146324369064
-25.62168562950336
-25.62843621113563
-25.634164344217428
-25.641239691897276
-25.647113651497996
-25.65351769982084
-25.662523424447585
-25.668510760074078
-25.674727539337262
-25.68444060464261
-25.69051952928274
-25.69848849936823
-25.71657054358521
-25.724080994797117
-25.73324676942044
-25.749098744005412
-25.761486709939298
-25.786530236453043
-25.8008815974838
-25.815977224380227
-25.8336845628489
-25.845408596977226
-25.863400455127994
-25.88559008733146
-25.895839041539876
-25.9084707130706
-25.924762064613734
-25.938172112556693
-25.948248317671244
-25.95859424773914
-25.966443608585212
-25.976842784461535
-25.983372811520695
-25.988457393497225
-25.99333003836567
-25.99937012871932
-26.005915367476188
-26.012169042193896
-26.018037865705086
-26.02495097901355
-26.03185816637587
-26.038870926628235
-26.042557193024383
-26.05035352670237
-26.053907679022704
-26.057895879452683
-26.06421771767081
-26.06623600028079
-26.079302285144962
-26.08365587426341
-26.089306446685978
-26.09520817858027
-26.10319689328458
-26.11160179596726
-26.119126063682934
-26.1247244076576
-26.13063846186145
-26.141512085308786
-26.15108167617582
-26.16055043455552
-26.171043958662334
-26.178483316301065
-26.18861390189621
-26.19665604373916
-26.2040016523145
-26.209810972089027
-26.219116186825644
-26.227289808634602
-26.234588255742693
-26.242242944287316
-26.24684520028102
-26.252786914297793
-26.25899624753001
-26.263836617850423
-26.276272194359155
-26.281445134937528
-26.288006291200972
-26.294150037246613
-26.300996519079874
-26.30898834730147
-26.317097087082974
-26.324650538581373
-26.33066321075193
-26.33622504448062
-26.341787334261358
-26.348046654932595
-26.354398074115156
-26.358000739935882
-26.3629516850779
-26.370258059319916
-26.379892805169966
-26.38653202140452
-26.392441560263055
-26.397667938285295
-26.403197818512187
-26.407804977935797
-26.414000215845643
-26.417795781400166
-26.42255097719811
-26.42776471179004
-26.433292367608978
-26.43743336811994
-26.440792043892746
-26.445007260670028
-26.448522607901342
-26.453919923863268
-26.45640499516411
-26.459322446148995
-26.461128713506433
-26.464334697188907
-26.46633116050156
-26.468895992653316
-26.47161498322443
-26.474408679478877
-26.47645353609408
-26.478538368532877
-26.480257805616436
-26.481890327575034
-26.483691935825632
-26.485320232711302
-26.486980626274313
-26.489495276177646
-26.49131354894793
-26.492744853648837
-26.495107190608817
-26.495995724529404
-26.49743263558873
-26.498434383966273
-26.499750730260665
-26.50178921189923
-26.5032973052143
-26.505937057154338
-26.507824963953706
-26.509902877582842
-26.511486094511298
-26.51294292910067
-26.514376306601125
-26.515459608589914
-26.516836482805104
-26.517899996237578
-26.519350849941773
-26.519947495229598
-26.521726872394257
-26.52229492967825
-26.52369883310488
-26.524283875917526
-26.525139570394444
-26.52620975070153
-26.526942781171382
-26.527950211387257
-26.52859021312532
-26.529335291029454
-26.53002880937863
-26.530593342616033
-26.531202379380993
-26.53171360537111
-26.53226620052565
-26.533182935432507
-26.534246134571546
-26.535039496367876
-26.535666361880015
-26.536077221443115
-26.536613477232248
-26.53748183049713
-26.538366145076775
-26.53907164138206
-26.53975777304424
-26.540526771790336
-26.54128968802321
-26.54195529839965
-26.542672071011985
-26.54334120856615
-26.543840032350996
-26.544347341392022
-26.544990904468474
-26.54569635577114
-26.546451303808652
-26.54724096046429
-26.547978324505173
-26.548699192564904
-26.549279390812774
-26.549779997765224
-26.550478672174588
-26.55120804727851
-26.552019171318864
-26.55241755048765
-26.553224429282512
-26.554199196172622
-26.55518006016938
-26.555779580855237
-26.556390925707433
-26.556984749427134
-26.557741486701307
-26.55868018839938
-26.55930180668689
-26.55993936995388
-26.56046479160293
-26.561337471643288
-26.561946435844618
-26.562487260455313
-26.563388608388852
-26.563949254737086
-26.564583207860654
-26.565453543099803
-26.565986806670363
-26.566459959687904
-26.56740253428577
-26.567880663838547
-26.56826728871836
-26.568802055373084
-26.569350730880934
-26.56978821577641
-26.570517433059525
-26.570914740292483
-26.571419541840683
-26.572203915542744
-26.57255332692175
-26.573539858142198
-26.573922502580363
-26.574643482212142
-26.575420064128757
-26.576256738266345
-26.576768475194932
-26.577457586036978
-26.577953564351414
-26.57858165679774
-26.5793192585638
-26.57977445999375
-26.580456926147406
-26.58139408968105
-26.581797656605634
-26.582500844036144
-26.583393343368126
-26.584077899256226
-26.585179083291404
-26.5859675374475
-26.586804362787205
-26.587484214994625
-26.58800989400281
-26.588583113052895
-26.589047312056675
-26.58947291386327
-26.59019571847116
-26.59064903486928
-26.591162275538935
-26.59228187451108
-26.592617356618323
-26.593136937308298
-26.593711823796752
-26.594285393021735
-26.594990467886113
-26.595783856758455
-26.596263428948504
-26.596873959717595
-26.597387727150892
-26.597928808831465
-26.59903906297192
-26.59956952192845
-26.600238834456526
-26.601301139386415
-26.601965178865896
-26.602591608672636
-26.603415595850063
-26.604075399216928
-26.604835155862677
-26.605751648014092
-26.606499836071457
-26.60734093172096
-26.608451722009725
-26.609711249481553
-26.61043798957944
-26.611456073202366
-26.612272569756897
-26.61310593305622
-26.614214475895896
-26.614660313818586
-26.615179226108385
-26.616215119734186
-26.616712131894506
-26.616915407596505
-26.618296665421898
-26.618626618373124
-26.619300800403373
-26.619921956454267
-26.620683110275714
-26.62141644747785
-26.621886965094394
-26.622417164058696
-26.623105874804907
-26.623651010723503
-26.624386082985612
-26.62534184966634
-26.62615788301318
-26.626682677372784
-26.62727667737154
-26.62786376583618
-26.628739347406356
-26.62940617654642
-26.630001582453335
-26.630551933258417
-26.631240049195007
-26.632163730004844
-26.63290351480599
-26.63357402659723
-26.634384397199565
-26.634915618127746
-26.635428847463665
-26.635853329648196
-26.636358199400956
-26.636659163828327
-26.63749406704841
-26.637900443048498
-26.638328777773218
-26.63894475977817
-26.639768305308856
-26.64074916277685
-26.641338985313617
-26.64209250353824
-26.642447793282447
-26.643090199581607
