500 iters for seed 79 on ER0.3 which is in the 87.06130981445312 percentile
 Maxcut: 27.0, MedianCut: 15.0
-17.999999834722786
-17.999999910702964
-18.000000074748666
-18.00000044508716
-18.000004795037828
-18.000017710657133
-18.000063819964147
-18.000232638971088
-18.000856803144526
-18.006130873121357
-18.006483242948885
-18.009125129225428
-18.016286006579676
-18.033586316663104
-18.099856540868497
-18.22911005455939
-18.41407302661721
-18.62135847777549
-19.020019871349298
-19.2730726759802
-19.450889657020802
-19.622456190826316
-19.74806460745815
-19.960660383823765
-20.064603512282158
-20.18123167095691
-20.3005235476537
-20.400140118010015
-20.49644598480797
-20.53978029933669
-20.609708030783892
-20.634530156166456
-20.686863768668427
-20.712367438649824
-20.73634925384529
-20.78075507355381
-20.80257115803522
-20.833335615357033
-20.85927264722591
-20.881655802666547
-20.894310188646955
-20.91253757256177
-20.922475226775497
-20.932768557268304
-20.948041765849375
-20.952766463917655
-20.962622906358245
-20.966164355365997
-20.971608984851887
-20.977696295653892
-20.9798699323001
-20.982486447045552
-20.984112790145268
-20.986496821344137
-20.988274905011796
-20.98957345736181
-20.99080216210927
-20.99161731805515
-20.99274922355895
-20.99355343224609
-20.994179491222255
-20.994845165159486
-20.99527545184397
-20.9956884665077
-20.99597382432188
-20.99633304395468
-20.996556239112746
-20.997081409352976
-20.997363352135483
-20.997615404908863
-20.998028709233033
-20.998227247256416
-20.998515751530213
-20.998702301251836
-20.998853046620745
-20.998976718400556
-20.9991388238441
-20.999244464583356
-20.999343135910994
-20.999430293750162
-20.999488795101666
-20.999540529351435
-20.999617499663263
-20.999668469120266
-20.999702832930325
-20.999743547276296
-20.999763108311182
-20.999787800563272
-20.999812484611827
-20.999834382311146
-20.99985869596174
-20.999876549024822
-20.999900663368788
-20.999920248118443
-20.999931883294877
-20.999942853656353
-20.99994805705694
-20.999952978216076
-20.999958497777868
-20.999961828099945
-20.999968346896864
-20.999971610195203
-20.999974304847786
-20.99997681487239
-20.99997929615275
-20.99998203169033
-20.999984714750944
-20.99998627466884
-20.999988194675776
-20.999990485289125
-20.99999221240696
-20.99999301380741
-20.9999940054483
-20.999994852269303
-20.999995763849412
-20.99999626863361
-20.99999664591021
-20.999997044725905
-20.9999974600553
-20.999997918204283
-20.999998066223593
-20.999998263305233
-20.99999847280406
-20.99999867512006
-20.999998816855125
-20.999998928773483
-20.999999028880755
-20.999999101092673
-20.999999178367656
-20.99999922741942
-20.999999304063042
-20.999999317914863
