500 iters for seed 164 on ER0.3 which is in the 55.350494384765625 percentile
 Maxcut: 26.0, MedianCut: 17.0
-17.008799782189897
-18.021184118579857
-18.031798064863505
-18.253031909252286
-18.5656613439596
-18.994163273728788
-19.47389016549272
-19.758801076911812
-20.077471098071623
-20.31485056533795
-20.567352666461378
-20.730807697952073
-20.83635751808229
-20.93785675498998
-21.039048613779144
-21.15271391225487
-21.217759363927875
-21.280691415195076
-21.344229668814005
-21.368413509905885
-21.403958076124844
-21.424740089032966
-21.453337404492792
-21.500846306590926
-21.53427125727607
-21.612006407949412
-21.681073121719905
-21.803283287224378
-21.918764326960847
-22.050249163049507
-22.238054758236018
-22.39993995652124
-22.506844808695206
-22.63414436244029
-22.70704473625308
-22.7676176462808
-22.822541392852965
-22.87562682302501
-22.90069826247985
-22.920404316063852
-22.93175446209833
-22.945891852350407
-22.952934081765093
-22.96363340372309
-22.966748218995505
-22.970240750168117
-22.97325952985015
-22.976498578284883
-22.978874787960958
-22.980572410262177
-22.982622769840077
-22.98450795499892
-22.9861551007583
-22.98745231897049
-22.988023333094247
-22.990658224942397
-22.991182827517093
-22.992062349037262
-22.993121130993494
-22.993339898742782
-22.994871452027535
-22.995094549737786
-22.995486213049723
-22.995771199607354
-22.99615487527356
-22.99654623273851
-22.996790189786672
-22.997049877338096
-22.997348526120547
-22.997485150741802
-22.997647632531912
-22.99782039019341
-22.998007514941527
-22.998148727782038
-22.998291620249322
-22.99838984430142
-22.998513230551865
-22.998613851224327
-22.998690312405273
-22.998767144604464
-22.998854462983996
-22.99891621993494
-22.99898898233902
-22.99906106088971
-22.999130644650954
-22.999211196706725
-22.999244761811017
-22.99931210096637
-22.9993363248537
-22.9993638734354
-22.999409881022046
-22.99942924018442
-22.999460681660345
-22.99948243935894
-22.999502865087308
-22.999539795007387
-22.99954955716053
-22.999620149977574
-22.999638551796778
-22.999662570375868
-22.999679172513172
-22.999702803631216
-22.999722645885303
-22.99973722619381
-22.999753322211006
-22.999772608871766
-22.999788702701377
-22.999808370258975
-22.99982946325394
-22.999847079279263
-22.9998534211704
-22.99986422306482
-22.99987180774452
-22.99988054752052
-22.99988819783941
-22.999893373066058
-22.99989848538832
-22.99990400803751
-22.99990855207298
-22.99991294750955
-22.999916528769297
-22.99992343360706
-22.99992697587822
-22.9999318636224
-22.999935460025846
-22.99993798466933
-22.999942392294493
-22.999945877810127
-22.999949004705755
-22.999950781509764
-22.999953273549536
-22.999954266885688
-22.999957494446967
-22.99995848380094
-22.999960000874704
-22.999961912214367
-22.999964042465994
-22.999965904293045
-22.999967908551604
-22.99996870057513
-22.999970248241816
-22.99997142941973
-22.999972622275028
-22.999974270889453
-22.999975211495972
-22.99997615894239
-22.99997679199293
-22.999977433398023
-22.99997810326684
-22.99997864220554
-22.999979303324782
-22.999979693591897
-22.999980106954688
-22.999980701130653
-22.99998104444466
-22.99998134022364
-22.999981787489492
-22.999982073480318
-22.999982462380878
-22.999982774852086
-22.999982942826847
-22.9999832678173
-22.999983540819706
-22.99998388039631
-22.999984232684255
-22.999984446557825
-22.999984698347074
-22.99998496407214
-22.99998516142781
-22.999985464649555
-22.999985920109886
-22.999986228597272
-22.99998662878842
-22.999986859157616
-22.99998718107938
-22.999987759386432
-22.999988226860076
-22.999988627081827
-22.999988905358364
-22.99998917791452
-22.999989679143454
-22.99999013869295
-22.999990360901908
-22.999990653177214
-22.999990895183558
-22.99999122956509
-22.999991654803722
-22.999991994062967
-22.99999229304631
-22.99999260102308
-22.999993013733555
-22.999993361533043
-22.99999350738259
-22.999993785272217
-22.999993952463814
-22.999994154570718
-22.99999460466801
-22.999994778237166
-22.999994970588745
-22.9999953374504
-22.999995523294267
-22.99999571575601
-22.99999601803008
-22.999996123769364
-22.999996281653253
-22.999996345920707
-22.999996534644218
-22.99999664215308
-22.999996741158355
-22.999996913129024
-22.999997019464775
-22.999997217810762
-22.999997344783292
-22.999997467840174
-22.9999975646165
-22.999997645409337
-22.999997786013445
-22.999997841493588
-22.99999791905293
-22.999998008656032
-22.999998080714104
-22.99999810281882
