500 iters for seed 68 on ER0.3 which is in the 13.462066650390625 percentile
 Maxcut: 34.0, MedianCut: 22.0
-18.038571355201096
-21.51845158389169
-21.63071532158762
-21.651609237592776
-21.727319568010326
-21.783964323598582
-21.815301912184005
-21.847627884473926
-21.87292782310021
-21.904925162963437
-21.93262936398982
-21.949933529131478
-21.9661434560877
-21.980113493613473
-21.99277848366246
-22.004869152051334
-22.014957639638123
-22.023514566595185
-22.031735515768073
-22.041096067799018
-22.04914635808525
-22.056143979010173
-22.065069219653434
-22.06963413499681
-22.07427006482655
-22.079264678266128
-22.083281156899414
-22.087321797395543
-22.093760408930883
-22.09669740524806
-22.102494690947346
-22.10680721488059
-22.111695953187066
-22.116251666510244
-22.12007373684551
-22.123686907015966
-22.12755041696085
-22.131481252250886
-22.134849662486467
-22.138293159713804
-22.141713346658154
-22.145269053025615
-22.14776022653696
-22.15163048810047
-22.153931505790517
-22.156603912937975
-22.159206845924682
-22.16134779886076
-22.165950955260058
-22.16661674862458
-22.171043881599154
-22.17272442508782
-22.17517167795671
-22.177454621953345
-22.179927812725865
-22.181896867437814
-22.18378878008034
-22.185821334926544
-22.188345250465947
-22.190290791302484
-22.192293224665036
-22.193856236324756
-22.195697464692344
-22.1971715762036
-22.198987706725568
-22.200141572475314
-22.201358546403473
-22.20234469517826
-22.20363930052496
-22.204501885536754
-22.205533699240988
-22.20652136573655
-22.20809926755155
-22.209237449337618
-22.21015460332134
-22.211974031762754
-22.213208016502758
-22.215114803883075
-22.21677826132804
-22.21886647134994
-22.220121618449458
-22.221581649397358
-22.222980348787384
-22.22403409322511
-22.22537415184301
-22.22661768789296
-22.22758929729818
-22.228773700558772
-22.23002212196748
-22.23143248065628
-22.232327474909734
-22.233517473175624
-22.23424753482594
-22.23541660721154
-22.23626059807733
-22.237101908365318
-22.23800077474594
-22.239103696618045
-22.239746981684767
-22.2407162532433
-22.241360637288786
-22.242339371064613
-22.243139522453674
-22.243780686246616
-22.245144127749473
-22.245835798479686
-22.246995217655538
-22.247972009628814
-22.248824133885087
-22.24965624681449
-22.250502639953318
-22.25138017514717
-22.251914664620827
-22.2525242816612
-22.253088976962587
-22.253586793957666
-22.254643583504144
-22.255232859032606
-22.255804617971602
-22.256513325295256
-22.257168693571263
-22.25791729491959
-22.258603542791047
-22.25925573870621
-22.25993328063336
-22.26070339828096
-22.261362835659465
-22.26183442065078
-22.26249042958286
-22.263040366568298
-22.263607935384638
-22.264061751377206
-22.264667590552644
-22.265147149773266
-22.265976409175337
-22.266323961628192
-22.26686047521109
-22.267282077869382
-22.267893956605754
-22.268291793872528
-22.268679793832117
-22.269099642411298
-22.269631667565136
-22.270063100996058
-22.270702442173693
-22.271065568432896
-22.271572910980673
-22.272050337955832
-22.272468236533534
-22.273006642732515
-22.273641973484803
-22.274063744293205
-22.27455940709543
-22.27500635446596
-22.275531276684582
-22.27600139730913
-22.27641198768786
-22.27679952125083
-22.277099697060805
-22.27755535853032
-22.27791033967383
-22.27830270330661
-22.27880255027139
-22.2791594268156
-22.279472828361257
-22.279979459945267
-22.28033912190866
-22.28077283211032
-22.281235494041024
-22.281470168245516
-22.281800698875955
-22.282045037835154
-22.28230719006708
-22.28257785167486
-22.28279524277815
-22.283061350255878
-22.283319128784967
-22.283586747136408
-22.28399129992907
-22.28424721171895
-22.28455339932997
-22.28504695933349
-22.285345286645946
-22.285694670478605
-22.286039177350126
-22.286366828328468
-22.28668671194335
-22.28704483132767
-22.287364780635777
-22.287662773855992
-22.28800040090513
-22.288369294113245
-22.28854649522448
-22.28886890926696
-22.28903581182243
-22.289312385727804
-22.289530105671332
-22.289719982797696
-22.290111456253193
-22.290321028764275
-22.290534690320207
-22.29073011926924
-22.290907951727114
-22.2911230538192
-22.291439524840122
-22.291639060724215
-22.291886608083313
-22.292097526164248
-22.292292080759317
-22.292532451368956
-22.29274695244581
-22.29305473736355
-22.29333296154764
-22.293605759841842
-22.29386501364347
-22.294107590814896
-22.294349647673187
-22.294563273434427
-22.294852461198
-22.29506271460914
-22.295294974989062
-22.295524609479457
-22.295701700096565
-22.296061925713268
-22.296413217592146
-22.296637634224293
-22.29708552339676
-22.29731023378321
-22.297610330359692
-22.2980002868054
-22.298238269006397
-22.298574310156027
-22.298930764467123
-22.29928142377597
-22.299623508769756
-22.2998972797611
-22.30034285076158
-22.300572601913732
-22.300928545864586
-22.301366442308463
-22.30180858975455
-22.30215208498081
-22.30254657134943
-22.30286995863098
-22.303196740185175
-22.30357556825379
-22.3038019133293
-22.304127863899268
-22.30454570997848
-22.30497125626021
-22.305205490052078
-22.30568293141105
-22.30581899420386
-22.30632574702683
-22.306593823098993
-22.306908680392002
-22.30718282073836
-22.307551009660997
-22.30781978244515
-22.308059533036158
-22.30826993781384
-22.308565842089045
-22.30881332761973
-22.309039908030286
-22.30932799709315
-22.309659819245596
-22.309845525355165
-22.310084639796948
-22.310364905813664
-22.31064374056528
-22.31088009071602
-22.311149869428334
-22.31139340041922
-22.311727699469333
-22.31198819605202
-22.312206733171422
-22.312405589046723
-22.312735095253828
-22.3129858829579
-22.313255796277552
-22.31351722799393
-22.313746485621632
-22.313950984229443
-22.31430044170696
-22.314461118190444
-22.31469120216117
-22.3148495092486
-22.315123062075088
-22.315298540480157
-22.315467593571718
-22.31576723784846
-22.315873633814824
-22.316186755532545
-22.316336466370906
-22.316528210906597
-22.31685190259295
-22.3169224786664
-22.31744531174278
-22.317626186108956
-22.317879357141578
-22.31812857969766
-22.318417996301115
-22.318658602854626
-22.318877722421334
-22.31908974807863
-22.319341917882834
-22.319536809783845
-22.319739052680223
-22.3198981033322
-22.320131248486398
-22.320283921477163
-22.32042881083741
-22.32065122536461
-22.320801682225103
-22.32108023418421
-22.32132036181463
-22.321559175157027
-22.321808561989936
-22.322018413910705
-22.322299541742503
-22.32255214559884
-22.322765939448153
-22.3229857234099
-22.323180280701585
-22.323377608646844
-22.323630859177825
-22.323782932683887
-22.32403672339264
-22.324257680623784
-22.324393413648263
-22.324618011139094
-22.324814144440214
-22.325051778160283
-22.325251292766406
-22.325414689341688
-22.325595511414313
-22.325753300784598
-22.325928506327323
-22.32605386499859
-22.32622294277736
-22.32637459158678
-22.32658090345479
-22.326713220931275
-22.326891086836767
-22.327129348301792
-22.327325443884327
-22.32750026375213
-22.327669216771707
-22.327837108770844
-22.328054110536918
-22.328204275197226
-22.328326220400953
-22.32851049106625
-22.328607061705913
-22.328728925463246
-22.32884582483588
-22.32894526976904
-22.329076532201118
-22.329270871081018
-22.3293863332093
-22.329520003174324
-22.329656647692612
-22.32980652616284
-22.329907204398275
-22.330031280615344
-22.33016544833952
-22.330319819924586
-22.330439731595593
-22.330528049526045
-22.330635414941433
-22.330743401724593
-22.330858454821243
-22.33094566035947
-22.331037107161166
-22.331148117740543
-22.33125900216774
-22.33136582944667
-22.33146601242261
-22.331511832635965
-22.33168067142796
-22.331734999202478
-22.331824413769688
-22.33193177316129
-22.332048015113962
-22.332136237334005
-22.33223341066835
-22.332302134661347
-22.332379122732366
-22.332503822684863
-22.332562030983176
-22.332653654075482
-22.332733591995865
-22.332832247065927
-22.3328959272636
-22.332989062503984
-22.333050095041347
-22.333148401257212
-22.33323882296149
-22.33333388432079
-22.333372784366087
-22.3334696403482
-22.333527463521527
-22.333594053957974
-22.333703075279338
-22.33375837413586
-22.333858066801266
-22.333931246237135
-22.33402708793637
-22.334108537153284
-22.334198166846676
-22.33428381789615
-22.334351787055233
-22.33443050949462
-22.334530614036836
-22.334586807600125
-22.33465884222559
-22.334752495403528
-22.33483794181829
-22.33491077665978
-22.33499280051459
-22.335061967595315
-22.335161333913067
-22.33527469370864
-22.33532921875287
-22.335393424620094
-22.335511266689014
-22.33559363349719
-22.33575142108886
-22.33583926814286
-22.33592685143171
-22.33599568213897
-22.336079442909945
-22.33618842927706
-22.33632777343454
-22.33641175341525
-22.33653144289229
-22.33660186678393
-22.336747451531846
-22.336854734852864
-22.336936029219057
-22.33709141962199
-22.337173434522533
-22.33731255231192
-22.337416092967228
-22.337525051836288
-22.33761617536961
-22.33769492253296
-22.33779401168444
-22.33787896081999
-22.337968999848023
-22.338117838975307
-22.33818486920756
-22.338256386799348
-22.338359833730017
-22.338427888177172
-22.338570785871028
-22.338660962529104
-22.338756892932555
-22.338847433020806
-22.338937302438012
-22.339055343778586
-22.339153808279086
-22.339232697539842
-22.339289950725377
-22.339371857733905
-22.33944292406207
-22.339497781457847
-22.339578012050584
-22.339648129608403
-22.339762441488208
-22.339860522159455
-22.339947592341982
-22.34003430027809
-22.340091902910917
-22.340156770647944
-22.340233674078927
-22.340286781646004
-22.340382962822208
-22.340494710131107
-22.340599032759346
-22.34066473833669
-22.340737623603765
-22.340802842826278
-22.340886818136344
-22.34097784533735
-22.341058902089593
-22.34116287270727
-22.341263425998104
-22.341344668553003
-22.341417101627638
-22.3415090659317
-22.341602121704536
-22.341696456309563
-22.34177615274826
-22.341848069534826
-22.34196102597321
-22.34203948543251
-22.34212422768831
-22.342253241436318
-22.34231859052911
