500 iters for seed 142 on ER0.3 which is in the 28.015899658203125 percentile
 Maxcut: 26.0, MedianCut: 15.0
-13.008912656089343
-14.4917148014832
-14.526047051650762
-14.565738088523148
-14.606329206488219
-14.63101264549642
-14.663199305521811
-14.691590235359142
-14.729052160378377
-14.748863673600017
-14.775295059523252
-14.793927334578973
-14.811386114037441
-14.832517639673673
-14.848722996448327
-14.861028165667019
-14.871257907553698
-14.88139786848693
-14.889692404159852
-14.897153560601263
-14.907293254222772
-14.916054731992006
-14.924552646852561
-14.931358184068621
-14.941178616475217
-14.947328463106876
-14.95467730407971
-14.960945378142126
-14.966159523939776
-14.973060078079657
-14.978397674727185
-14.982570555740821
-14.986566807743575
-14.990043512637756
-14.993637723798644
-14.99808324073214
-15.001649004500853
-15.005918868358934
-15.009728397263954
-15.013489228684444
-15.015955350640507
-15.020363053567877
-15.020790855442943
-15.024994703365095
-15.026635280084209
-15.028704259900874
-15.031194113179845
-15.032935646995552
-15.03543785972517
-15.036664310335198
-15.038528702220836
-15.039724385211562
-15.042363074398201
-15.043592870649661
-15.044898510735068
-15.046887306214893
-15.049027536505639
-15.051442731646123
-15.052610691588125
-15.054864074831684
-15.055345255907632
-15.057490537789016
-15.058925863094306
-15.060292044374604
-15.06129987419179
-15.06300969150249
-15.06441535187738
-15.065552220860237
-15.0676837009975
-15.068708955822341
-15.070343110215218
-15.071388403912199
-15.072625704687619
-15.073773781705057
-15.075032862709868
-15.07600106830537
-15.076992034769663
-15.0778030153265
-15.078711586285891
-15.078856317383325
-15.080098738884535
-15.080594797459597
-15.081360409800372
-15.082403063733882
-15.083826702489764
-15.085311811508769
-15.085975104489458
-15.086858225840775
-15.087596139082649
-15.088555607469898
-15.089607991019948
-15.090339032241983
-15.091051878869271
-15.091752769700921
-15.092860447112132
-15.093751601102747
-15.094567841837613
-15.095457754522057
-15.096559745493478
-15.097931662761527
-15.098817870280454
-15.099752264422916
-15.10096578465018
-15.102012107104395
-15.10330161595539
-15.10424466665411
-15.105212376892958
-15.106239191378222
-15.107024799438564
-15.107845238306384
-15.108495696587692
-15.109039955078497
-15.109899518220523
-15.110620414570867
-15.111738268211877
-15.11239836723457
-15.113250893993289
-15.11405701976593
-15.11482592232232
-15.115687673492138
-15.116324307575
-15.117202901717048
-15.11783126899005
-15.118352937620926
-15.119118172616623
-15.119926581762527
-15.120504705613769
-15.121349313298467
-15.122083171400899
-15.122869083649112
-15.123442950307325
-15.123902555873617
-15.12469600706261
-15.1251852085604
-15.125770337487563
-15.126077414413235
-15.126576384414628
-15.127373016380492
-15.127918604953168
-15.128449152659968
-15.128859566081475
-15.129316674897723
-15.130223372741934
-15.130821216813173
-15.131424820495528
-15.131773832034764
-15.132175510235944
-15.132715562076758
-15.1333281371068
-15.133766741841693
-15.134160177741732
-15.134301236588694
-15.135190095946616
-15.135465505146527
-15.135812317751796
-15.136286767371573
-15.137117402269254
-15.137583439013977
-15.138037688781635
-15.138341824695143
-15.138721831410717
-15.139130796442897
-15.139713307401834
-15.139985935638158
-15.140292822925316
-15.14074508316954
-15.141170629366792
-15.141597208853582
-15.141878049160809
-15.142307625555407
-15.1427544706176
-15.143190590972676
-15.143587566495997
-15.14390977504087
-15.144347728178596
-15.144727012507428
-15.145054339320405
-15.145374765838088
-15.145734200934061
-15.146284769902932
-15.146761748316205
-15.147043086679519
-15.147448955683513
-15.147619880713771
-15.14798357490682
-15.148259284364025
-15.148484196097819
-15.148837073790006
-15.149137717850463
-15.149673992113538
-15.150028495922879
-15.150440237987192
-15.150797005484119
-15.151176992757419
-15.151521944463452
-15.151788800069895
-15.152130983701706
-15.152228762425743
-15.152669326682044
-15.152833543868264
-15.153092565921208
-15.153488248282912
-15.153744482986745
-15.154050182813016
-15.154260313887946
-15.154520400399239
-15.154898331079178
-15.155216337886358
-15.155497132326925
-15.155711039168528
-15.155942852519432
-15.156348283892285
-15.15661633550039
-15.15692194980461
-15.15720754507413
-15.157528418019151
-15.157800602567306
-15.158173125343948
-15.158482782479632
-15.158733135536004
-15.15908124514841
-15.159461421091532
-15.159654192008555
-15.160220557153362
-15.160462295590627
-15.160803222482079
-15.161192429388906
-15.161447611848514
-15.161769112999673
-15.162120034556242
-15.162520298670085
-15.162781579529367
-15.163048467357456
-15.16359068156002
-15.163930624609867
-15.164136167690824
-15.164635260061123
-15.164801354113175
-15.165145352754429
-15.165529247883589
-15.165915393573846
-15.166204123591836
-15.166428123099237
-15.166676600634752
-15.166999758343351
-15.167316508872311
-15.16753467501106
-15.16796141667198
-15.16815983362837
-15.168414236037817
-15.16859934024591
-15.168917969878915
-15.169189443823694
-15.169407934592988
-15.169886434699727
-15.170163866586813
-15.170480862305995
-15.170731341007656
-15.170992295291907
-15.17128014140875
-15.171570360381233
-15.171887368271609
-15.172203878382021
-15.172530091930868
-15.172835363850657
-15.173071890225977
-15.173268707550543
-15.173556386267272
-15.173848976717515
-15.174077311764727
-15.174313259589505
-15.174500312366332
-15.174701441805755
-15.175002524809642
-15.175234388274108
-15.17543094536117
-15.175841626999325
-15.175956361894741
-15.176256197719276
-15.176455273256284
-15.176662623953792
-15.176955641224216
-15.17709956313625
-15.177370856343018
-15.177598616798555
-15.17778452661998
-15.177993258466515
-15.178210304533655
-15.178464355603438
-15.178695485258766
-15.178864738254626
-15.179074543385575
-15.179243488614954
-15.179461843798407
-15.179648818043747
-15.179857428580716
-15.180018642923764
-15.180210774895173
-15.180381700616193
-15.180588470246096
-15.180746368398568
-15.180898682566387
-15.181088330989983
-15.181326762014514
-15.181451634301233
-15.181600293712021
-15.181797626328459
-15.182020009280818
-15.182214859538725
-15.182382951308874
-15.182550106216869
-15.182704162396131
-15.182895014901295
-15.183083941560023
-15.18329444286244
-15.183445490801748
-15.183645437510727
-15.183811241163632
-15.183968292257392
-15.18421465179704
-15.184380830721013
-15.184541658076883
-15.184792262028184
-15.184915600482407
-15.185079145136354
-15.185196154070363
-15.185374282165709
-15.185504338649137
-15.185702750724197
-15.185786456378644
-15.18597388871284
-15.186080617335229
-15.186185134572616
-15.186346504490377
-15.186576991336464
-15.18683779556278
-15.186980875745212
-15.187133232503308
-15.18728863098022
-15.187503111580485
-15.18765195134812
-15.187784871543712
-15.187879172375307
-15.18804045634417
-15.188165472660712
-15.188286743197551
-15.188434059231167
-15.188538292963258
-15.188704161201805
-15.188849066069247
-15.188945677996228
-15.189106783315356
-15.189211590914955
-15.189355110460411
-15.189459767517006
-15.189540029276515
-15.189716396220218
-15.18983239433554
-15.189985497356165
-15.190089192596846
-15.190216216081968
-15.19034352544502
-15.190526245011426
-15.190620702715261
-15.190735832730113
-15.190891750916746
-15.190995826399506
-15.191120682588252
-15.19121823891459
-15.191352924793923
-15.191425945073046
-15.191535320173415
-15.191647113528829
-15.191741933971624
-15.191840400523684
-15.191927338264442
-15.192015679274473
-15.19212130889157
-15.19221219599756
-15.19229641788843
-15.192373533397639
-15.19246203641741
-15.192565979928894
-15.192649603023355
-15.192721147817698
-15.19280885627489
-15.192908514768018
-15.19298997003226
-15.193068298347399
-15.193138392170095
-15.19322537206889
-15.19332767803363
-15.193396863010596
-15.193485310700854
-15.193584432570802
-15.193651851091676
-15.193734328767135
-15.19382019854683
-15.193900050277698
-15.19396993669522
-15.194072333764936
-15.194130229220173
-15.194198001645223
-15.194290083420151
-15.194343739829684
-15.194420559756306
-15.194469633502102
-15.194548260370306
-15.194619110694873
-15.194690519963649
-15.194773716735256
-15.194816534276889
-15.194869536836734
-15.194974208319746
-15.195030071306878
-15.195101864576646
-15.195169577410294
-15.195235696953382
-15.19529116959461
-15.195341182012347
-15.195429380677032
-15.195480213424583
-15.195547825950747
-15.195606244882441
-15.195658868435643
-15.195750655849249
-15.195816672860747
-15.19586480738043
-15.195908090015688
-15.195961312937186
-15.196029176476584
-15.196092054123467
-15.19612690018956
-15.196188029398073
-15.196259626417824
-15.19633332699725
-15.196393549410299
-15.196448029523916
-15.196512141277928
-15.196583783331466
-15.196641471366576
-15.196685938799922
-15.196740777757247
-15.196795301618216
-15.196844002759342
-15.196891515934107
-15.196945335133746
-15.19701077776622
-15.197069919691272
-15.197129559544384
-15.19719379513985
-15.197259257548271
-15.197302428144434
-15.197350539260423
-15.19741707992675
-15.19748060562936
-15.19753518967916
-15.197584745714792
-15.197645955364482
-15.1976918259152
-15.197745531331027
-15.197780949116755
-15.197849262035092
-15.197940980187685
-15.197970318354027
-15.198064127612188
-15.198094000386531
-15.198143290702173
-15.198223314861266
-15.198263198646757
-15.198326554315303
-15.198369046471651
-15.19841593982118
-15.19846818971873
-15.198525567970927
-15.198572188887962
-15.198615049836821
-15.19866441606094
-15.198731500789824
-15.198767930110277
-15.198814609069757
-15.198850152822075
-15.19891337286391
-15.198959950070895
-15.198996054324999
-15.199067668857161
-15.199102580180716
-15.199164339922607
-15.199207012388634
-15.199255415826835
-15.199294356621238
-15.19932889639706
-15.199363237281434
-15.199396562427774
-15.19945045398325
-15.199495528488777
-15.199529894566826
-15.199586579932278
-15.199627231106708
-15.199671721298095
