500 iters for seed 172 on ER0.3 which is in the 48.387908935546875 percentile
 Maxcut: 26.0, MedianCut: 17.0
-17.00626268240578
-18.065942531863733
-18.15129133151703
-18.530018420829315
-19.229704594615363
-19.648534374113677
-20.018739976291453
-20.48627626537359
-20.729304114082524
-21.035170461626322
-21.257078068233536
-21.48610977031991
-21.71561214718722
-21.94061846896378
-22.08303104839099
-22.186522871912242
-22.295345467986266
-22.39135453484507
-22.508581481276533
-22.589132706370496
-22.680629524000196
-22.733723602650187
-22.79794624522091
-22.844688945437685
-22.902499499268995
-22.9319545423782
-22.967917302989303
-23.017883369262563
-23.06469616654793
-23.099676061023967
-23.122736255366167
-23.153081230733935
-23.18053730273365
-23.203812489645024
-23.245120328070833
-23.272587565554964
-23.307377830086306
-23.3573424448012
-23.395011538175396
-23.43831785139921
-23.4812102941694
-23.535044042710396
-23.56451738563914
-23.63914810299473
-23.674720217927927
-23.707330968664756
-23.719822192092384
-23.75454129198858
-23.772632658611013
-23.78714069640629
-23.803792674893643
-23.820183302938318
-23.829209324008342
-23.842621835789483
-23.862743430805214
-23.87013767781166
-23.88533244207413
-23.89058560317893
-23.899534024781108
-23.908837752969294
-23.91921742129623
-23.925666947198476
-23.932537690091124
-23.938482680094204
-23.94487014815787
-23.94913577049275
-23.95226845901464
-23.959078917249883
-23.962113137694477
-23.965667591795405
-23.96867470859614
-23.97204522139006
-23.974978170641677
-23.977464967655653
-23.979871404238818
-23.981598563817645
-23.983798709650202
-23.9857648576896
-23.98715476449163
-23.98888418845968
-23.989686346197953
-23.991463340447496
-23.992239673172172
-23.993126268602314
-23.994484677853947
-23.99509683842205
-23.995666608682093
-23.99620089773809
-23.996741803177027
-23.9971632231977
-23.997435972062036
-23.997644569104896
-23.997924122722587
-23.998280932215117
-23.998532661498565
-23.998649541670705
-23.998792619032024
-23.998936646236384
-23.999057989111854
-23.99918608912162
-23.999231012890732
-23.999313889921307
-23.99933706825573
-23.999442797952963
-23.99947952973132
-23.999522766922382
-23.999553888148174
-23.999599888421077
-23.999632968474685
-23.999655722746606
-23.999711670706844
-23.999739187656346
-23.999777758036906
-23.999799445752874
-23.99982811052801
-23.999845568498007
-23.999859220541346
-23.99986831146158
-23.999876564518384
-23.99988744141703
-23.999900361001085
-23.999904740112445
-23.999910665610447
-23.999919916108265
-23.99992450989326
-23.999931763569034
-23.99993775609634
-23.999942323230236
-23.99994580997708
-23.999949643663005
-23.99995284617566
-23.99995535045789
-23.999959906897878
-23.999964078270743
-23.999965842995177
-23.99996843513361
-23.999971116143776
-23.999974834913733
-23.999977044972734
-23.999978779036738
-23.999981142836678
-23.999982035920567
-23.999983515459096
-23.999984714898925
-23.99998546218011
-23.999987357436023
-23.999987879953917
-23.999988740505692
-23.99998946872038
-23.999990141654916
-23.999990791129573
-23.99999139628649
-23.999992159333722
-23.999992778376924
-23.99999335910212
-23.99999390556897
-23.999994350135413
-23.99999468026295
-23.99999517411303
-23.999995503413
-23.999995828430954
-23.999996172926913
-23.999996474400444
-23.99999679245246
-23.999996990344684
-23.999997149326042
-23.999997478575853
-23.9999975197489
