500 iters for seed 20 on ER0.3 which is in the 18.164825439453125 percentile
 Maxcut: 24.0, MedianCut: 16.0
-13.006775222527981
-15.535232990304111
-15.570048008104042
-15.617078604986721
-15.686234796129106
-15.727081075600443
-15.784201279278864
-15.859117072504507
-15.968466226221805
-16.137156667509963
-16.350047744671897
-16.568942990643617
-16.723010341334
-16.93130573559956
-17.189175865873914
-17.376955455712203
-17.688290733738647
-18.00985734763858
-18.273825866045843
-18.579460761053397
-18.962023972910664
-19.17112165701473
-19.500668403259095
-19.685818680615256
-19.893415859849696
-20.03227122446737
-20.175397211104396
-20.35637996762358
-20.494075091664318
-20.636761994404846
-20.776627584747654
-20.981510342481872
-21.123331118999992
-21.287494550832914
-21.376986926199802
-21.486791614523764
-21.498284709570083
-21.590699134564243
-21.616187098795294
-21.66231909366536
-21.714710210476095
-21.74533098778804
-21.77886630374857
-21.809771600669034
-21.83987946410592
-21.86602725097456
-21.87919230299507
-21.895407743009546
-21.90868777584079
-21.920349699656995
-21.925763049961265
-21.935857456239116
-21.943251077862982
-21.95053390131014
-21.956634181447956
-21.961424762872873
-21.96636207058867
-21.96994517073038
-21.972917161027404
-21.975831486565667
-21.977616745329716
-21.98025229512091
-21.98154066086719
-21.9827856497514
-21.985392399454568
-21.986533805963855
-21.987895647866747
-21.988985808270023
-21.989913776978355
-21.99080721745383
-21.991502268784572
-21.992304850256474
-21.993123758149505
-21.994093452132823
-21.99491059603495
-21.995717756618674
-21.996233313178692
-21.99664178831253
-21.997509777742877
-21.998012051411916
-21.99850036581943
-21.999036160521758
-21.999265701804934
-21.999515974234583
-22.000255784338545
-22.00044537485869
-22.00069404731651
-22.000996166253348
-22.001111399554865
-22.001326945144616
-22.001444851104303
-22.001604797555995
-22.001851050494487
-22.002008722845613
-22.00228890580733
-22.002428192275428
-22.00255651302719
-22.00266127530056
-22.00276027742003
-22.002935288678696
-22.002996864331518
-22.00307998427793
-22.003189741745135
-22.003218388330936
-22.003356939915545
-22.003384169213643
-22.00346894482592
-22.003500599775666
-22.00359283170009
-22.003625408432097
-22.003665821052042
-22.0037295867575
-22.00378048819625
-22.003856502841273
-22.003912273472586
-22.003987909245957
-22.004047326154815
-22.004124090285426
-22.00417904798641
-22.004267650837946
-22.004353918792198
-22.004447400172637
-22.00451929872773
-22.004575705466255
-22.004655078712403
-22.004744065677553
-22.00484900269633
-22.004887986984773
-22.004959286672882
-22.005046082721293
-22.005155683522847
-22.005255418863072
-22.005410773979367
-22.00557257502453
-22.005731132841376
-22.005916051011937
-22.006139577191647
-22.006416307098185
-22.006786819410245
-22.007087279301377
-22.007734925346206
-22.007996958807148
-22.00847864923349
-22.009061766906722
-22.009516452073505
-22.010013776388018
-22.010427248698544
-22.011149116058945
-22.011451761281425
-22.01192885615177
-22.012454317583195
-22.013139487750948
-22.013790540062743
-22.014394887571523
-22.01506453292647
-22.015639805029345
-22.01619783461467
-22.017074390418752
-22.017997203864944
-22.018607223769408
-22.019126018592747
-22.019782278877447
-22.02059045799446
-22.02128727884023
-22.021667746836396
-22.02236711703398
-22.022903582118232
-22.023617819992154
-22.024297329892608
-22.02485179864073
-22.02542346008806
-22.02590838169419
-22.02638113663258
-22.026879253267435
-22.027770042931436
-22.028636957311495
-22.0291911886979
-22.029724316597036
-22.03050694419266
-22.031396705561594
-22.031970195174612
-22.032504785963198
-22.03309272017906
-22.033781366012445
-22.03424084784301
-22.03498557461602
-22.035392285629563
-22.035863458217406
-22.036266187467646
-22.036924281255896
-22.037293861777595
-22.03762492680792
-22.038253479420145
-22.038725392757136
-22.039737142712227
-22.040204904323858
-22.040688109870384
-22.041359735669413
-22.04180314444092
-22.042838024499083
-22.043194704744675
-22.04373925607934
-22.044404512602238
-22.045233235607757
-22.046599884236848
-22.04728200963962
-22.04789032538006
-22.048622939489853
-22.049228752225748
-22.04992103816381
-22.05058568295622
-22.05128988241026
-22.051988462589645
-22.052792515119638
-22.053449191386044
-22.05395917921352
-22.054742704706708
-22.055574595149746
-22.056471934287842
-22.057142281243415
-22.057881821032023
-22.058412778425122
-22.059191369860244
-22.06000440212497
-22.060919325214932
-22.061748470654464
-22.062440717368624
-22.063147890111676
-22.06393625141874
-22.064992363432136
-22.066013048082468
-22.066797375659533
-22.067853687911896
-22.068543236846423
-22.069518114698916
-22.07024176803938
-22.070943711140647
-22.071551039084813
-22.072583521474353
-22.07305951035669
-22.073763030124233
-22.074609797287565
-22.07554392824196
-22.076288136927968
-22.07704405278591
-22.07793433924784
-22.078875759268147
-22.079978646675062
-22.080704861229645
-22.08140938851234
-22.082381286408314
-22.082798869931384
-22.083254684010264
-22.0840640497101
-22.084577065521664
-22.085685208951165
-22.086665425831598
-22.087512102432267
-22.088428707677064
-22.089275362834876
-22.09078284935826
-22.09241180176896
-22.093141861667053
-22.094506066524442
-22.095519219105075
-22.09664556010046
-22.09811214664275
-22.098989395332474
-22.099900401820022
-22.10151394587137
-22.10315690667107
-22.103827414528855
-22.10553669240268
-22.106889521307256
-22.108802520177715
-22.110905708223846
-22.112357561059895
-22.114047783470472
-22.115113932023803
-22.116095091471898
-22.117156408510294
-22.11781228875544
-22.118672198282628
-22.120329190286945
-22.12112199957974
-22.12245241784968
-22.123740167606456
-22.124676550719496
-22.12583698432996
-22.127876240690732
-22.12924359447267
-22.13120326911094
-22.133081249011163
-22.134916907434704
-22.136348619479428
-22.137595526224946
-22.13963712016603
-22.140793226940627
-22.142726600245755
-22.144258563263804
-22.145395135846712
-22.14652650091058
-22.14808618214358
-22.150750096905153
-22.153282980009248
-22.155116685786382
-22.156938923163217
-22.158385433736612
-22.160281136154293
-22.16198312681844
-22.163287084775835
-22.16485711674844
-22.166387337988482
-22.168024406217445
-22.169067186971503
-22.170221983189087
-22.171333656377584
-22.17245714980182
-22.17351997006727
-22.17457898220887
-22.17597561115065
-22.17658323908386
-22.177641832638948
-22.17891134809591
-22.180383772497866
-22.181772863348115
-22.182819777400347
-22.18369222067152
-22.184849734433378
-22.186584138652766
-22.188075665830045
-22.18944368377288
-22.19099178869162
-22.191904540054452
-22.193093255364047
-22.195082043860467
-22.196417272771015
-22.19940442905554
-22.200951165190787
-22.202228591607742
-22.20361951926852
-22.204862537059913
-22.206357515531224
-22.207609699515
-22.20855578590517
-22.210836049864138
-22.21231934883119
-22.214971403360927
-22.216539685416787
-22.21824631999547
-22.220660477123516
-22.2223228961666
-22.22426879017029
-22.225762847925385
-22.22740117235051
-22.229218910464326
-22.23119747946112
-22.232569269952233
-22.234643825238507
-22.23706461167279
-22.239592152501075
-22.241331535452748
-22.243118663692467
-22.245547154710415
-22.24795705003631
-22.249425200203763
-22.25110626797379
-22.253071135328558
-22.255671907836447
-22.25922425109044
-22.260677419716515
-22.262795131311215
-22.264245422070005
-22.2662749585897
-22.269421747741386
-22.272791555506185
-22.275580432147635
-22.27929851468241
-22.282407988450853
-22.286906913962653
-22.291857374591213
-22.295307076911186
-22.29924501980916
-22.303459802330373
-22.30808802934273
-22.309532158795417
-22.314907034529792
-22.316659902387418
-22.320604999000462
-22.32466176639777
-22.32951046871619
-22.334789645525685
-22.33891739708542
-22.34431136016172
-22.34900642199788
-22.353419277880025
-22.358304121785878
-22.3635159827029
-22.36929617860271
-22.374247953256557
-22.380522119366212
-22.386094396604886
-22.390902143141176
-22.397709197382945
-22.40539625293408
-22.413792352622277
-22.421795604949008
-22.42918934366047
-22.437240877228806
-22.445970565687542
-22.452556837878117
-22.45933787161071
-22.46672263582893
-22.47175541223996
-22.477456895698005
-22.482127650704072
-22.48604467532153
-22.491467947466138
-22.496658783457676
-22.49941377629739
-22.50285488590372
-22.507635380940258
-22.51073909344617
-22.513417449262548
-22.516239168199217
-22.51891260732998
-22.522957024410232
-22.52655958390594
-22.5293880942555
-22.5323540650421
-22.535172251139496
-22.53971362990192
-22.542548650235005
-22.545413961877653
-22.548703370878595
-22.552270261006488
-22.55777311473222
-22.559265940688476
-22.564367345987428
-22.566292722716007
-22.56901865018225
-22.57066880611629
-22.574558002955385
-22.5762649294764
-22.57790479292468
-22.580186872568415
-22.58214624635677
-22.58471111593138
-22.58609987494981
-22.588200594297497
-22.59019254194878
-22.59211543831166
-22.593685528924684
-22.59504175195494
-22.595878358895295
-22.597070359727542
-22.597885349986775
-22.599281925381135
-22.600686364291708
-22.601457969589017
-22.603727130521985
-22.6043915028564
-22.605655594668804
-22.6065154620022
-22.60755752927159
-22.608564820238257
-22.609491188531315
-22.610160464455024
-22.6107539662688
-22.611294544715697
-22.61164300501935
-22.612793189636708
-22.61310497105076
-22.61362866689398
-22.61428730611106
-22.615175164098694
-22.616176312430976
-22.616848193353047
-22.617671107313498
-22.61857214340395
-22.619847672715572
-22.620471274947874
-22.6212023379741
-22.62207656659675
-22.622862774232456
-22.623627730566287
-22.624261874500426
-22.624916715369014
-22.625622039417586
-22.626288804693584
-22.626881134488354
-22.627334121763937
-22.62796469438733
-22.629017032346727
-22.629474472912783
-22.63025950780182
-22.6307065500562
-22.63134309340264
-22.632288954454406
-22.632869176527244
