500 iters for seed 48 on ER0.3 which is in the 73.18954467773438 percentile
 Maxcut: 34.0, MedianCut: 22.0
-24.000000016149674
-24.00000017545085
-24.000000515556575
-24.0000013954595
-24.000003818335223
-24.261399969435747
-24.261409822856404
-24.64675744800152
-24.9510744555438
-25.33632997298438
-25.708894733677916
-26.042758546719377
-26.304321742652537
-26.56703291310399
-26.821139399620286
-27.058081253662923
-27.22760902524321
-27.35493863300202
-27.46564426104786
-27.5567000236991
-27.60025714795688
-27.66779023582076
-27.69950539105305
-27.744398344066468
-27.7779494046925
-27.816814294928598
-27.838608781463556
-27.866621541112174
-27.870941593277333
-27.903430671412284
-27.915516550162405
-27.931565883799408
-27.954189959356302
-27.977245405406435
-28.00661152422837
-28.021736980376666
-28.041425794791614
-28.053311286878415
-28.073955538765404
-28.092594983425958
-28.11155839188733
-28.139124416294727
-28.17441303149798
-28.197433925267745
-28.222918444520463
-28.24806247559719
-28.269135241647223
-28.30813571444745
-28.337471383750653
-28.36201857628579
-28.395346692808396
-28.427490592157806
-28.465808320464223
-28.517596635791374
-28.551744605033672
-28.60469113572724
-28.644889191095295
-28.67983659571785
-28.71367502751544
-28.734760320419497
-28.766797982434284
-28.791892187393902
-28.797735350470198
-28.829849074436993
-28.851103759148977
-28.875442997365116
-28.901722241130518
-28.91763073747483
-28.940322195798093
-28.959192645855556
-28.98345509689896
-29.000985106680027
-29.026592673776857
-29.044590685544783
-29.062807632176664
-29.086820466535592
-29.11104125434616
-29.13860348775394
-29.163383574108376
-29.183508719402838
-29.213283945939946
-29.242661439258036
-29.275098154934362
-29.3047699386556
-29.337424431086763
-29.36749658454794
-29.398407624878097
-29.430876728453367
-29.466489129886998
-29.500099494360743
-29.518988151133815
-29.54473420169256
-29.5660903133214
-29.5944305315638
-29.61848461570181
-29.638946441220156
-29.664335042047544
-29.688853468191677
-29.71087193558884
-29.73492363117564
-29.751519641796282
-29.77023279866805
-29.78163739213326
-29.79624472478149
-29.81959545383119
-29.82411306998325
-29.84744605579957
-29.85753719430719
-29.875508049666696
-29.88902913782605
-29.90650931321938
-29.9184360805647
-29.928441463134895
-29.94174363450757
-29.957429292714703
-29.969949612974144
-29.983135135853697
-29.99600442639915
-30.007670280745987
-30.014922469692927
-30.024767097950924
-30.03365612145992
-30.043893399241203
-30.061092991533013
-30.06889618514118
-30.078117670465
-30.091516543504696
-30.101008622796513
-30.124920025915777
-30.13914151525111
-30.157514440481048
-30.178674812538695
-30.196058451476762
-30.2164604267778
-30.235007542497353
-30.248921382537493
-30.263366690668683
-30.27769761035847
-30.29127432293952
-30.29893729600255
-30.310804379643844
-30.32306098001647
-30.33548684775588
-30.350143919147385
-30.362400017224505
-30.371529265445208
-30.38977360510447
-30.401142685075925
-30.410638221492494
-30.428110449398243
-30.440751491568495
-30.457021878983607
-30.471518255206
-30.483582891156352
-30.505064373232173
-30.513422209287327
-30.524704922408475
-30.53440156855785
-30.546220970605155
-30.563471108617748
-30.581015649009128
-30.59457790568597
-30.610611904078596
-30.623603630035163
-30.63572032035853
-30.644971071233662
-30.6523978688706
-30.660102390712282
-30.670063564982495
-30.68456682529504
-30.693075491167523
-30.702656263887345
-30.715020000118987
-30.720894899897672
-30.726532565216722
-30.738553000355598
-30.742953377556756
-30.748523897448564
-30.758594950680983
-30.766020825811335
-30.777974268375424
-30.792449137691747
-30.8094792637757
-30.82072689003834
-30.830665255857433
-30.841881833309408
-30.851035846639835
-30.86103044340767
-30.871184966621225
-30.87919610546178
-30.88747193172714
-30.898261868879956
-30.910708716356403
-30.91741540140822
-30.926240687576776
-30.932343948120465
-30.939310191749307
-30.946379868989055
-30.951065115940253
-30.95934504158843
-30.968054495150284
-30.97533370668917
-30.98365216979432
-30.988326031941394
-30.99572615084162
-31.000617462768354
-31.004764733550402
-31.0133471472211
-31.018178954641527
-31.024223452487856
-31.03069575587758
-31.038060067418886
-31.044878642722125
-31.052403995166657
-31.058878416764856
-31.064483047227146
-31.072973135530063
-31.08072857990818
-31.086438827653616
-31.094314314394545
-31.098815738288664
-31.10462798734253
-31.112579673897667
-31.11671350198624
-31.122265874496588
-31.130045042387295
-31.133368158128874
-31.140205919882476
-31.14576498605895
-31.151687394460446
-31.15580301095479
-31.15974173136413
-31.163566746772663
-31.16741731912419
-31.171523874830875
-31.17425267367058
-31.177379392017993
-31.183326198082963
-31.18664068050175
-31.19075812544971
-31.196734587944665
-31.1997894808965
-31.20367292060648
-31.206810794214082
-31.20959189521614
-31.213219625476697
-31.21691165886956
-31.21975346676621
-31.224160623220758
-31.2265316165801
-31.229185638727696
-31.231879747259928
-31.23397831418015
-31.237977769146248
-31.241811649730952
-31.24419389596534
-31.248303385241417
-31.24984686832459
-31.253010482581356
-31.25560634308803
-31.257863891858076
-31.262263860131497
-31.264998389147618
-31.269531551033868
-31.27348758982315
-31.276673656791502
-31.280126065993215
-31.283983750666827
-31.289309481164892
-31.293364007575843
-31.29713335653885
-31.30245508555414
-31.30756023393804
-31.31488926282421
-31.322088561388647
-31.3280859280424
-31.336691380577125
-31.340103284573733
-31.349083514451777
-31.35290654792809
-31.360531610925946
-31.36754282288429
-31.37509968724765
-31.386967471621762
-31.395938546093518
-31.41179192928209
-31.420580310940906
-31.43194034854121
-31.444164180825283
-31.45881133783853
-31.47281361851844
-31.485990456202458
-31.49907208988391
-31.51117573016502
-31.524611256381885
-31.5482460505625
-31.55862406264074
-31.571248029199573
-31.58541554434374
-31.604697430884915
-31.630976852972893
-31.64798773696248
-31.668465537169055
-31.68359335812165
-31.703974547069166
-31.726543985357978
-31.75212440521158
-31.772913140399453
-31.79197414362649
-31.815987024697122
-31.836535806797485
-31.85205849635859
-31.867193130731568
-31.884097691099765
-31.899785132542164
-31.912929587053878
-31.934216219687176
-31.946564277227473
-31.957759515553906
-31.97054581743566
-31.97985604217385
-31.992501578735435
-31.99997429549533
-32.00860111180044
-32.01675933165267
-32.024324233382785
-32.03385117650742
-32.04265387756513
-32.05090618074001
-32.06074934420864
-32.07039677151041
-32.079716358905124
-32.08697131362299
-32.092809502556676
-32.10067991861811
-32.10893407730172
-32.11855159679873
-32.12682336434805
-32.13114170026368
-32.13778974295282
-32.1402493161492
-32.14582947180285
-32.14866189070422
-32.15522138755775
-32.158445186620014
-32.162217794182915
-32.16831588140944
-32.170102549346005
-32.178938581111424
-32.18182965645274
-32.18634110592887
-32.19080889661811
-32.196046739678124
-32.20037782520228
-32.204382469380846
-32.20802764208318
-32.21269958244042
-32.21777853480441
-32.220025630861926
-32.2239861948694
-32.22900667900746
-32.23305664682668
-32.23744337115899
-32.24042453103967
-32.24409149565078
-32.24872728116235
-32.25341239635744
-32.25759697754413
-32.26240259665426
-32.2723818014322
-32.28425980542797
-32.295763160980684
-32.30887435700743
-32.32199528211026
-32.33245089425643
-32.34553664056422
-32.35566078855011
-32.37190322343369
-32.38359493372252
-32.39486693691394
-32.40911234912406
-32.4187048245117
-32.427555047934774
-32.434894677348446
-32.445124614818816
-32.46060157172519
-32.473861535312786
-32.48529597957622
-32.49991342431524
-32.507680384735245
-32.51454705755343
-32.52169764155779
-32.52833526662253
-32.53226940731451
-32.54267606512566
-32.5452265474625
-32.549076555166536
-32.55332712728612
-32.55845053420828
-32.56215534018159
-32.565300150042255
-32.5721377220827
-32.57708289972715
-32.58453763567365
-32.59278102990999
-32.59892063371405
-32.6056330838414
-32.613911317726256
-32.62558713935926
-32.63417038919382
-32.642227970482445
-32.64818526290939
-32.65245940946915
-32.657667405467855
-32.66313807434529
-32.66712039240424
-32.67095231062458
-32.674425582920435
-32.67801517929127
-32.680841649773456
-32.683325856146546
-32.686366570974286
-32.68876116370032
-32.690464186766256
-32.69358152121524
-32.694615542795326
-32.696531691698155
-32.69803645502774
-32.69973138905645
-32.70079315040038
-32.70196165173988
-32.70401368328024
-32.70523722840482
-32.707116446762384
-32.70824864243709
-32.70940131341502
-32.71044648979971
-32.71148106240018
-32.71296142906967
-32.714021219595864
-32.715110649089866
-32.71707332962637
-32.71815967682081
-32.71951665344386
-32.72082240574518
-32.721640163423075
-32.72270829554229
-32.72402227558195
-32.72556079180467
-32.726786102879274
-32.72815598417986
-32.72915400796975
-32.730244461406414
-32.73212137412215
-32.7335713573765
-32.73545204334196
-32.73706330449392
-32.7385319232724
-32.74015248445465
-32.74199181594298
-32.74382316845032
-32.74581663426065
-32.74745295068617
-32.74949585332982
-32.75087524072755
-32.752012762838305
-32.753072027906526
-32.7542860334131
-32.75547095918085
-32.75637892935295
-32.757106809449866
-32.75789792983437
-32.75845544249415
-32.759081610495244
-32.759584079429835
-32.76003171688771
-32.76093042538196
-32.76144049895399
-32.762093379074656
-32.76262954973086
-32.7631327387744
-32.76375085941034
-32.764400599327146
-32.76483256086016
-32.76560975120875
-32.76594064757658
-32.76669683587249
-32.76720090440189
-32.76765577949305
-32.768399700653994
-32.768837393388566
-32.769387635440665
-32.76980843048441
-32.7702161268965
-32.770687299387085
-32.771158832815615
-32.771525439104536
-32.77212002823857
-32.772244563917845
-32.773020512008266
