500 iters for seed 146 on ER0.3 which is in the 3.266143798828125 percentile
 Maxcut: 26.0, MedianCut: 16.0
-10.03828531718659
-15.498994250897594
-15.603239160292237
-15.681231071016526
-15.695771930876132
-15.70089400050106
-15.756855438254947
-15.784636690204517
-15.807732796410232
-15.8265672957319
-15.845385256855241
-15.856153742852015
-15.873431455220484
-15.885758523850793
-15.89871315187229
-15.907658704733588
-15.918938041195807
-15.926917122793451
-15.935661861656062
-15.942087508527539
-15.948627810605291
-15.955162769569055
-15.963307656608109
-15.967555329180044
-15.97303535573927
-15.976880695323137
-15.980345075803832
-15.986061803136138
-15.989707811976002
-15.993997753002041
-16.000508109626058
-16.003362759950676
-16.00674678282341
-16.0110935294733
-16.013583996882712
-16.01758018358831
-16.020378040344863
-16.023874211459432
-16.025407106639705
-16.02773840483543
-16.030861363803865
-16.033632741669788
-16.0356517112642
-16.037501195458333
-16.039523227106642
-16.041652617769156
-16.043239897863117
-16.045273419703996
-16.045775703610236
-16.048223246156603
-16.049395314597934
-16.05048867051948
-16.05230087803756
-16.053524929895044
-16.05549971029622
-16.056927393422416
-16.058577184916203
-16.059916018126557
-16.061137695066723
-16.062804903340485
-16.064231674049722
-16.065973049761475
-16.0678229768802
-16.06963942108113
-16.071315139679513
-16.073205439050085
-16.07464700600671
-16.07571272717628
-16.077029744730417
-16.07814288979549
-16.079725613326396
-16.08117087352296
-16.082680832114164
-16.083737217695536
-16.084738665800618
-16.0858023677122
-16.08663621816165
-16.087160347687348
-16.08816087543866
-16.088763809257163
-16.089410593912362
-16.090244054211706
-16.09072503648958
-16.091221734266078
-16.092575225009703
-16.093237366439098
-16.094050699508696
-16.095234537062208
-16.095879148243576
-16.096541997990656
-16.09800883634443
-16.098603135051675
-16.099265192762818
-16.100338998476676
-16.100857054343624
-16.101519094612698
-16.102846085401495
-16.103468251744935
-16.104152862469064
-16.105086764682856
-16.105559874290513
-16.10607274690082
-16.10677296586821
-16.107182884696385
-16.10785792153489
-16.108447655205353
-16.108871060907894
-16.10954242684523
-16.10995857813094
-16.110374695478043
-16.11091787990675
-16.111351034417737
-16.111890828547335
-16.112512488710582
-16.112790533598243
-16.113411954778485
-16.113721137966216
-16.114141242633213
-16.114616166923028
-16.115070138309733
-16.115506821164274
-16.11603832362959
-16.116443567534226
-16.116791320555844
-16.117154218626684
-16.11748130756911
-16.118203438111763
-16.118816524705352
-16.119468323573983
-16.11992468835554
-16.120392550104274
-16.120956294093908
-16.12159518647456
-16.12208240053137
-16.122571131774603
-16.123035369167305
-16.12381766878243
-16.124190568922014
-16.124793423794106
-16.125228723202845
-16.125635869532747
-16.126325786535787
-16.126518895611486
-16.12753121670402
-16.127884751880064
-16.128355815236517
-16.128899608084506
-16.129535010543755
-16.13003980608969
-16.130580426163743
-16.13092173133036
-16.13130526728951
-16.13181329547976
-16.132087427009512
-16.132585945683044
-16.133367492834545
-16.134039955473856
-16.134466997771455
-16.13486405597145
-16.13543143886024
-16.135929202292775
-16.13648415133212
-16.13694153942752
-16.137369029256515
-16.13802838966821
-16.138704394719287
-16.139088194347345
-16.13970126919348
-16.14016627095866
-16.140721178023874
-16.14132571144096
-16.141765594107426
-16.142393761523042
-16.14305783053235
-16.143436460098414
-16.144043899709054
-16.144557942674847
-16.145097895695507
-16.1457659287066
-16.146114995102458
-16.146461267294683
-16.1475557251531
-16.14796546296584
-16.14846202209107
-16.149345927152922
-16.149839622834765
-16.150320583820957
-16.150750931153553
-16.151282721687217
-16.151937556518728
-16.152635554527595
-16.15309375485031
-16.15366356597645
-16.15411958750039
-16.154551499245326
-16.155058191775023
-16.155395743335227
-16.155924659995016
-16.156581992217724
-16.156825709126764
-16.15732807723568
-16.157600080045118
-16.157962096338352
-16.158335761348148
-16.15874712134776
-16.159091174814343
-16.15948408823012
-16.159838770795766
-16.160144188935718
-16.160558503942603
-16.16098724774174
-16.161514523099587
-16.161835699815676
-16.162204854492703
-16.16260856823344
-16.162843920781032
-16.163381792710645
-16.16374511246873
-16.164097197673463
-16.164503677461617
-16.164837827943362
-16.165190557775166
-16.16548455561269
-16.16569097028261
-16.16592910518728
-16.166149051429482
-16.166368413319066
-16.166629458664104
-16.16679611199965
-16.167009894267544
-16.167282396374112
-16.16739583214662
-16.167644394412136
-16.16779300771521
-16.16802500415398
-16.168175389934703
-16.168289110277858
-16.168504878640167
-16.168632887655093
-16.16881387300107
-16.168926849064388
-16.169061021148355
-16.169331894117057
-16.169488259766588
-16.169661546536084
-16.16982289032234
-16.169984489022454
-16.170221402317154
-16.170423879410517
-16.170609236498624
-16.170814997419377
-16.170959928020483
-16.17114336075219
-16.171326637662844
-16.171476067654567
-16.171635104396792
-16.171842875716983
-16.171961748473677
-16.172178833535785
-16.172317255630105
-16.172522245977635
-16.172691755828186
-16.17284135994888
-16.172992213808797
-16.17322694416648
-16.17333866976227
-16.173500333036007
-16.173702420109073
-16.173915166638345
-16.17413610891708
-16.174374496874453
-16.17461168326985
-16.174851099742153
-16.175120045076486
-16.175497243039388
-16.17575159666297
-16.17609301849373
-16.176379398669557
-16.17669872112223
-16.177136818913382
-16.17745233049326
-16.177739845869354
-16.178016144657107
-16.1782905557406
-16.178627404045905
-16.178973727561644
-16.179224498614772
-16.179507377150024
-16.179783658579996
-16.18014056400653
-16.180428366405458
-16.180772486025653
-16.181035066671615
-16.18133452375085
-16.181683711167317
-16.18205703734769
-16.182329415681888
-16.182628416379472
-16.1829160482685
-16.18323944422073
-16.18368706393833
-16.18394630903706
-16.184130139483415
-16.184553837809027
-16.184823430276392
-16.18511241150012
-16.185505849031824
-16.18567428051413
-16.185863011839064
-16.186137823475214
-16.186342144035287
-16.18647395999514
-16.186841704026754
-16.186992613949275
-16.18719207409461
-16.18747453387263
-16.187583971605452
-16.18790657427207
-16.188013856698227
-16.188225966431744
-16.18855314205207
-16.188784161755706
-16.18904912165522
-16.189246302081322
-16.189439974320003
-16.18950601555028
-16.189934473230196
-16.19004584911468
-16.190211202897927
-16.19040456889278
-16.19053955098201
-16.19082302265445
-16.19098869495977
-16.191144906268107
-16.19149048996097
-16.19166638290541
-16.191951693335284
-16.192161531718792
-16.192461780786672
-16.192692751730796
-16.192908782520103
-16.19319741756913
-16.193400574560577
-16.193711612865794
-16.194034443579785
-16.19421288706445
-16.19451137778462
-16.19464757555603
-16.194802242042858
-16.195002333655825
-16.195179650965652
-16.195349354227893
-16.195538584440225
-16.195681442325885
-16.19584616025647
-16.19607901405658
-16.196294917928043
-16.19647249060918
-16.19666050440756
-16.19681268902628
-16.19698780305272
-16.197160847760493
-16.197309904619956
-16.197493340243838
-16.197680593739182
-16.197845063350414
-16.19798095839412
-16.198148599283797
-16.19834765849982
-16.19849758684694
-16.19863668954837
-16.198843960119987
-16.198889899943314
-16.199052037960346
-16.199146546589613
-16.199269990116047
-16.19947566526998
-16.199566610242073
-16.199713436381224
-16.199819305545013
-16.199970937292548
-16.200109757098726
-16.200253248337624
-16.200432344289194
-16.200548642608595
-16.20070592978934
-16.20092787768526
-16.201065711043718
-16.201181742707693
-16.201330576056932
-16.20145485807546
-16.201599083168357
-16.201720177093275
-16.20182014215061
-16.201956788568754
-16.202067131072685
-16.202150775414495
-16.202284275232113
-16.20240281420141
-16.202531122999492
-16.20266080112501
-16.202752134517098
-16.202874418779494
-16.202999228491574
-16.203087970670463
-16.20316532048693
-16.203278020690057
-16.20339124174776
-16.20355942772673
-16.2036881392538
-16.203820271254987
-16.20392136030035
-16.204015699880237
-16.204157731642013
-16.204250047303496
-16.204318076398117
-16.20441150848014
-16.20448672893324
-16.20458010809873
-16.204658240001542
-16.204730186423834
-16.20477132310607
-16.204905806371023
-16.20495649275503
-16.20502313896781
-16.205117622885187
-16.205190598074125
-16.20526762819467
-16.205334742907056
-16.205415512054778
-16.205492844926418
-16.205582824207745
-16.20565863941981
-16.205725101113213
-16.205796064111077
-16.20586339827853
-16.205916576666255
-16.205967860572862
-16.206054144442298
-16.20612744078172
-16.206226731831027
-16.206314324617637
-16.206372031157542
-16.20644206142117
-16.206496559748
-16.20657167756554
-16.206690483006902
-16.206740200201388
-16.206804705290107
-16.206869518595767
-16.206932310119196
-16.20703073531117
-16.207048925373407
-16.20715094008856
-16.207184619086306
-16.20726007756282
-16.20735530373512
-16.207445797138536
-16.20752407785678
-16.20759929837974
-16.20765716481442
-16.207733595250136
-16.207822008650243
-16.207882821559572
-16.207944560006432
-16.208043158014277
-16.208130643543047
-16.208196548223015
-16.20830176721555
-16.208336142785452
-16.208421247325262
-16.20848575472351
-16.208539885336094
-16.208644715065404
-16.20866108086386
-16.208797668716826
-16.20883841895469
-16.208932065646753
-16.209027472008916
-16.209122769579672
-16.209197874691103
-16.20929401627279
-16.20938278871909
-16.20949266379447
-16.209604944653055
-16.209702647491472
-16.209799605479983
-16.209886827951014
-16.210007011638556
-16.2100868636826
-16.210174652290085
-16.210252451627987
-16.21032238810164
-16.21041108258812
-16.210493815962582
-16.210593951616776
-16.210666484789122
-16.210733252693903
-16.210823954166855
-16.210910827783344
