500 iters for seed 98 on ER0.3 which is in the 19.632720947265625 percentile
 Maxcut: 32.0, MedianCut: 21.0
-18.032438501445426
-20.502155902694263
-20.526331213318485
-20.62449845670598
-20.67155060647699
-20.713782805525085
-20.755955777992128
-20.768777658871503
-20.81023654340889
-20.832836732368825
-20.858823521072562
-20.88546196585642
-20.90027201201115
-20.92209057021354
-20.932683545133276
-20.945348622652524
-20.95861870185837
-20.97127904412227
-20.98081535163209
-20.99261341366557
-20.997422242142775
-21.0071005089306
-21.012728519619074
-21.018241860183004
-21.02639524248169
-21.027417681885737
-21.035111597779192
-21.038020126177205
-21.04326419170912
-21.049444307366052
-21.053839614597393
-21.057658379035782
-21.06284845370428
-21.066880172875383
-21.071975536465654
-21.07607983547014
-21.07961100241401
-21.08387101130576
-21.08699688042688
-21.09104018426189
-21.093915612546883
-21.09722403592764
-21.102287778134702
-21.105367652827326
-21.10825615587897
-21.110780964083155
-21.113226974644288
-21.116174825860913
-21.118888725358957
-21.120546486655225
-21.123158573041536
-21.123688399960166
-21.126852810722802
-21.128138775061252
-21.12964807447166
-21.13198776063436
-21.133246925049498
-21.13647439469577
-21.137652322261985
-21.1395009042479
-21.140630960960834
-21.14305114430186
-21.144114183210682
-21.14548127353043
-21.147298388809162
-21.14785730828619
-21.150293386794246
-21.151114661237784
-21.152397477667492
-21.154314531201578
-21.15625418982233
-21.157831299059353
-21.158718142305098
-21.159593525201693
-21.16068220604951
-21.161910712391013
-21.163040940714964
-21.16398513694585
-21.165283638991106
-21.166516974516835
-21.1680373014773
-21.1691622310654
-21.170384876852125
-21.17244924618945
-21.173708681888613
-21.17544753175134
-21.176696070122162
-21.177955568923586
-21.17938387166806
-21.18081360016718
-21.181845353818364
-21.18277449934121
-21.183927481022987
-21.184991837229273
-21.186197429934026
-21.187170695696484
-21.18828863661972
-21.189298765218513
-21.190432334263264
-21.191587599470772
-21.1924335597387
-21.193641107600335
-21.19475847135139
-21.195800992327364
-21.19689668729686
-21.197800542265927
-21.198562860506886
-21.199339721628377
-21.200156738201947
-21.201153606211737
-21.201956079094327
-21.202852062448795
-21.203622043409855
-21.204547730736998
-21.20519460782992
-21.2058317513127
-21.20638290172672
-21.207186722884256
-21.207797402777143
-21.20852306427973
-21.209041413933292
-21.209556404659732
-21.210222824729993
-21.211038991985305
-21.21168169173633
-21.21232665312273
-21.21336421005371
-21.21383910925125
-21.21469118873193
-21.215196898974803
-21.2159074413271
-21.21637178776538
-21.217319832305357
-21.217904006686556
-21.218491172566917
-21.219520325038943
-21.220124575725627
-21.221024772844494
-21.221508655038278
-21.22209899168415
-21.2232005983994
-21.223962937422783
-21.224795947492808
-21.225431016400698
-21.226026931292388
-21.227187295807504
-21.228257544311585
-21.228875387145976
-21.229657651863775
-21.230203999517805
-21.230944450526096
-21.23192756684874
-21.23253209666442
-21.233160619668705
-21.234036598873892
-21.234708105865803
-21.235342526157503
-21.236041923746924
-21.236567984761397
-21.237088406291754
-21.23775048628427
-21.238217769990456
-21.238748095519433
-21.239405985566354
-21.239885001338017
-21.24021948431006
-21.240901986929543
-21.24132154973291
-21.24194039702957
-21.242469420713938
-21.24293917817012
-21.243289657882656
-21.243874402201623
-21.24419520622051
-21.244719659833716
-21.24509735252303
-21.24551425055349
-21.24587930220776
-21.24641348748908
-21.246723456978156
-21.247067063843758
-21.2474189722706
-21.247869114996348
-21.24827899506404
-21.24871764540312
-21.249117805155468
-21.24946124091082
-21.249939566941645
-21.250245949180208
-21.250537455859863
-21.251205948715715
-21.251478329517006
-21.251797591738683
-21.252541595989655
-21.252903274057378
-21.253340490217134
-21.25393466138708
-21.254261756172337
-21.254523476160784
-21.25509304651793
-21.255436423959274
-21.255929874843225
-21.256469112463133
-21.257043299951796
-21.25746955334033
-21.257905206637286
-21.25843174464175
-21.25885521432403
-21.259351459053693
-21.259919999358477
-21.260324615342494
-21.260783147132397
-21.26115581386108
-21.261676994192506
-21.261946959321502
-21.262331806421095
-21.262757330026375
-21.2632296612093
-21.263574456102575
-21.263936667601563
-21.264321393936363
-21.264683335989435
-21.265179174036554
-21.2654987978732
-21.265841740454547
-21.26632675751346
-21.266617575619144
-21.266849075871903
-21.267307961154934
-21.267537648658973
-21.26789709852273
-21.268262685502343
-21.268672675572255
-21.268912398547275
-21.269201762532845
-21.26949511005474
-21.26979048952081
-21.270144507709425
-21.270362743223846
-21.270763918480185
-21.271017363799437
-21.27126464709354
-21.271510343510464
-21.27174145269663
-21.27201356640694
-21.272238214959884
-21.272500589015742
-21.27273834090819
-21.272997691334524
-21.27324655155283
-21.273459554010643
-21.27371090237165
-21.273875544471167
-21.27423967653968
-21.274370208787943
-21.274571223095265
-21.274712627667515
-21.27495628887006
-21.275140711868392
-21.275289707157302
-21.275584361104546
-21.275753922632276
-21.27594928575955
-21.27611237591473
-21.276310418153507
-21.27652179442634
-21.2767057347286
-21.276958324625646
-21.277139253380632
-21.277339805054734
-21.277632292175465
-21.277802847118103
-21.278000369583705
-21.278322699955773
-21.278560154118875
-21.278762892217152
-21.279117813552126
-21.279314822963872
-21.279486332881763
-21.279859289319287
-21.280010883976946
-21.280205681851537
-21.280513165929843
-21.280673769921847
-21.280916843609546
-21.28117774774991
-21.28133236614964
-21.281693504011837
-21.281855852768352
-21.282052539911305
-21.282279059169635
-21.282522286052682
-21.282772438843878
-21.283022853605075
-21.283306845627635
-21.28353648500351
-21.28374634422437
-21.283921489519646
-21.284076912313093
-21.28432533425505
-21.28447380078292
-21.28471064005032
-21.28488644655897
-21.285079758975954
-21.285417887172805
-21.285610161735036
-21.285851012174724
-21.286018072978756
-21.286198416009285
-21.286406219423494
-21.28660453806813
-21.286774826835558
-21.286898714819415
-21.28712002073555
-21.28729512017445
-21.28750112368663
-21.287682010395514
-21.287825092552506
-21.28802368386865
-21.28829404350305
-21.28842805281108
-21.288594785149055
-21.288786449271104
-21.28897113970475
-21.289092031190187
-21.289238877580605
-21.289411494868624
-21.28957834545403
-21.289728462782094
-21.289856021869944
-21.289968779312566
-21.290051224414366
-21.290191602474646
-21.290255411176805
-21.290344597222276
-21.290521643034126
-21.290689811364597
-21.29087586496062
-21.29097368973049
-21.291097775444253
-21.29119225510254
-21.291323977115336
-21.29147488286457
-21.291563391960455
-21.291763791420085
-21.291855484663945
-21.291993897733768
-21.29211866500012
-21.29224843385234
-21.292383555851153
-21.292526599194716
-21.29266895232656
-21.292782101182848
-21.2929039897553
-21.293015751578878
-21.29314703023472
-21.293252034738604
-21.293400956014253
-21.293513810756153
-21.293621955217574
-21.293743340674904
-21.29385027868207
-21.293973751215063
-21.294061051430475
-21.29419745166073
-21.294333446613127
-21.294485346836986
-21.294611835358356
-21.294719509047532
-21.29484654101204
-21.294974884480286
-21.295096361491012
-21.295197829705334
-21.295317485622814
-21.295418484579027
-21.295545456750943
-21.295634330944615
-21.29571933108857
-21.29586723954778
-21.296009098636404
-21.296094582602187
-21.296218303213116
-21.296304541535516
-21.296395179993223
-21.296529931382185
-21.296610593311243
-21.296777093419852
-21.29690830757294
-21.29704999619543
-21.297137960083283
-21.29720551481292
-21.297310124553526
-21.297418981346716
-21.297505364204543
-21.2976237658891
-21.297692742168376
-21.297777780167458
-21.297886534559893
-21.297947836900843
-21.29806654292612
-21.29815066254436
-21.29822131002322
-21.29829821225826
-21.29839408434941
-21.298497126557947
-21.298625079126555
-21.298700360521135
-21.29878479607358
-21.298867278760092
-21.298974772507304
-21.299069224759293
-21.299142399604847
-21.299266486259786
-21.299387823643166
-21.29947128671967
-21.29959853831324
-21.29968557778309
-21.299794788602938
-21.299905743310894
-21.299979701583233
-21.30004972615061
-21.3001721485496
-21.300277932705633
-21.300422216667794
-21.300543950166336
-21.3006538088732
-21.300761083911784
-21.300856839502114
-21.300974859298154
-21.301113141181414
-21.301234906667755
-21.30131845508169
-21.30145107363636
-21.30146895142197
-21.30159303047033
-21.301655824935075
-21.301732412520217
-21.30182698543084
-21.301904561760495
-21.302039215809174
-21.30213746538837
-21.302239623950076
-21.302315779566495
-21.30238989881544
-21.302526795785283
-21.302599311723792
-21.302672559170716
-21.302782538962393
-21.302858656497058
-21.30295171752104
-21.303087013169872
-21.30314616684872
-21.303253331128598
-21.303330327825172
-21.303452248093855
-21.30354333651524
-21.30361557008094
-21.303783591228143
-21.30382424225393
-21.303963334528245
-21.304017282820176
-21.30410661006282
-21.3042374995907
-21.304308480516664
-21.30440586325706
-21.30446411531476
-21.304539618571578
-21.304653492082956
-21.304755687390205
-21.304823107612943
-21.30491068693478
-21.30498867549208
-21.30507843586098
-21.305204402502156
-21.30525236404953
-21.305330319043406
-21.30540173221129
-21.305480292265166
-21.305562463122932
-21.305655009851463
-21.305761394538813
-21.30586225387367
-21.30594551003385
-21.30601713031073
-21.306101732209203
-21.3061810642144
-21.306244418148953
-21.30629963032962
-21.306356197343167
-21.306439797269437
-21.30650753786921
-21.30656749395493
-21.306631492619097
-21.306687364557067
-21.30676818174539
-21.306854679723244
-21.306911054883436
-21.306993402813383
-21.307046027296497
-21.30713225068192
