500 iters for seed 63 on ER0.3 which is in the 70.28427124023438 percentile
 Maxcut: 25.0, MedianCut: 16.0
-17.00987486316963
-17.508910544457745
-17.521718864640118
-17.69684225386601
-18.121545528099023
-18.385483501958245
-18.80666349177147
-19.219735898422133
-19.742330894204144
-20.409455181700704
-20.87944726049035
-21.196429472638577
-21.484704140056557
-21.714260178575014
-21.895348485995914
-22.067174547738592
-22.20680296173872
-22.358259583094046
-22.471750877873603
-22.559229543001276
-22.641167647377895
-22.67923007333276
-22.714477588524485
-22.762616339782603
-22.78673219019641
-22.819614820635675
-22.84870013582637
-22.872408047560285
-22.887410101195904
-22.898859866368127
-22.90894419822128
-22.918441599558157
-22.92678614086766
-22.934364573211244
-22.940045939789236
-22.946388447398522
-22.951304895872596
-22.95937990621392
-22.96242596437811
-22.9662570702759
-22.969330612601368
-22.97278183306391
-22.974920869514612
-22.97690815839192
-22.97910045785622
-22.981408520978707
-22.98279336122716
-22.98448891394795
-22.986056039986934
-22.987848191039816
-22.989197036133977
-22.990761300916198
-22.991710469025026
-22.993019978123012
-22.99390858659479
-22.994663192656674
-22.99503741102104
-22.995977420611286
-22.996435963200256
-22.99684528698029
-22.99744414364253
-22.997738378802065
-22.99817987824229
-22.998403259809436
-22.99866904448021
-22.998837581336844
-22.998931672040975
-22.999073619407287
-22.99915904814064
-22.99925634615029
-22.999324978565895
-22.99938968801826
-22.999439768018153
-22.999512269048466
-22.999559710857575
-22.999628379224525
-22.999664271257043
-22.999697650027485
-22.999733417738096
-22.999770945109077
-22.999793676474937
-22.99982442280833
-22.999839946809328
-22.999858515338165
-22.99987484392718
-22.999884267287023
-22.99989459460335
-22.999910036218985
-22.99991584286904
-22.99992618897003
-22.99993150818916
-22.999938106058945
-22.999945223054716
-22.999949098290234
-22.999953297845586
-22.99995760158986
-22.999960813831
-22.99996423210755
-22.999967987605512
-22.999970917380356
-22.999973660660398
-22.99997510779735
-22.999977136029987
-22.999978783869427
-22.99998020586796
-22.999981556107254
-22.99998298483762
-22.999984500498726
-22.999986074088113
-22.999986925607683
-22.99998817011641
-22.999989420533325
-22.99999057079126
-22.99999152840547
-22.99999203253424
-22.99999273075965
-22.999993348930442
-22.999993685882846
-22.999994274246117
-22.999994740452436
-22.999995309313576
-22.999995891071425
-22.999996174642888
-22.999996457972138
-22.999996774111278
-22.99999707043975
-22.999997452309582
-22.999997651980788
-22.99999780425026
-22.999997878857222
-22.999998007009733
-22.999998249568335
-22.99999830116956
-22.999998572541188
-22.999998647246596
-22.999998759537664
-22.999998867182377
-22.999999001821095
-22.9999990901122
-22.999999163961636
-22.99999921793081
-22.99999932110453
-22.999999382456995
-22.999999442950923
-22.999999524348997
-22.999999575400658
