500 iters for seed 25 on ER0.3 which is in the 80.70144653320312 percentile
 Maxcut: 29.0, MedianCut: 18.0
-19.99999999005339
-20.000000122247542
-20.000000451773047
-20.000003473829548
-20.000010570504802
-20.000031256960806
-20.00009116154104
-20.000260943831215
-20.000721632757813
-20.00186829092235
-20.00433780661899
-20.012784896083293
-20.020985003591058
-20.199796438186098
-20.29698058710629
-20.365642505762274
-20.477922003796067
-20.763704838971346
-21.011020553974618
-21.29119769111841
-21.577942994694897
-21.75585574970734
-22.008943675754093
-22.112581385425806
-22.189357325910848
-22.290000544670136
-22.395912860183202
-22.511402582707618
-22.586176279712554
-22.645489084596328
-22.703385868205245
-22.76032919541593
-22.8349765135777
-22.891301576059224
-22.928772394323833
-22.972588239023928
-23.007923015120856
-23.049405438497356
-23.079921638543944
-23.10156585739449
-23.12522898980142
-23.158697483054688
-23.175940897557076
-23.195634023611188
-23.220453049463217
-23.235138711287448
-23.250409646024355
-23.261148454690208
-23.272841871311122
-23.28403683449475
-23.295396615284197
-23.30049654522844
-23.30800903497473
-23.311607125285846
-23.319877900832616
-23.32348013868587
-23.32794666632133
-23.335147568608686
-23.33956513948191
-23.347336536329312
-23.352716277881626
-23.358157930644257
-23.362233677527367
-23.366538088868456
-23.372362858753174
-23.37633807673253
-23.380625453105417
-23.385461296205357
-23.389563080933225
-23.393309509215804
-23.399441099464052
-23.40273759480025
-23.406856483496806
-23.4104878722872
-23.41429926639921
-23.417589740768662
-23.422665746274966
-23.425377864399337
-23.428306667398527
-23.433927940611976
-23.436745672627875
-23.44056049622484
-23.443189470603553
-23.445423210130446
-23.447354163550905
-23.44956743667688
-23.450941116388247
-23.452288395243393
-23.454087853270437
-23.455303266018646
-23.456337021654036
-23.457969308509323
-23.458865723779116
-23.460057983018665
-23.461959708967196
-23.46307473243162
-23.464677340386707
-23.465936240696404
-23.4677668176221
-23.469944229968316
-23.47281546945993
-23.47551167597958
-23.479076714022725
-23.482852604652447
-23.48780543952421
-23.495099430349235
-23.499302723476937
-23.50499286765575
-23.51190068223437
-23.519029137663438
-23.532852823981838
-23.544296814757864
-23.5536848849243
-23.56974490414144
-23.5906707198086
-23.605344513937002
-23.620997050402273
-23.63973844478913
-23.6604678408059
-23.689971304838597
-23.72422025910697
-23.757786228141548
-23.783869163079334
-23.804904917690937
-23.81995252393913
-23.854245074011455
-23.87315827048831
-23.90285962217171
-23.920032282025666
-23.94642011934411
-23.964211209985052
-23.98461475399459
-24.019413825185772
-24.04038390665143
-24.062846587086767
-24.08250654688091
-24.09768709084555
-24.113230672763166
-24.126939376796933
-24.139201033304218
-24.14808977092624
-24.159398550130447
-24.17074293819239
-24.180216856052663
-24.186770987342324
-24.196030449933993
-24.202835766248043
-24.212408002093767
-24.21761088735346
-24.220861971899485
-24.225752245517693
-24.228558591178558
-24.23196328645811
-24.234479813580815
-24.236229541812335
-24.238882275736778
-24.241266286086812
-24.24274388537545
-24.24473680891515
-24.246377679250894
-24.247851738128016
-24.250251809975797
-24.25132040968807
-24.25256754745034
-24.25462028980989
-24.255468354985258
-24.256313437098797
-24.257931700001304
-24.25825210157287
-24.25904913884061
-24.259493285441025
-24.260038489918692
-24.260491652374064
-24.26083625614834
-24.261435065573853
-24.26202900664278
-24.262366976527524
-24.262824707748546
-24.263057733253248
-24.263316931751383
-24.26360084721486
-24.263821315412606
-24.264451237166327
-24.264795887426175
-24.26523488576783
-24.265577063348424
-24.26595029940715
-24.26637868252528
-24.26705343529907
-24.26750187150383
-24.26802298917405
-24.268500965233088
-24.268991570552956
-24.269765784043187
-24.270614876080867
-24.271262664552104
-24.2722203012134
-24.273013792555226
-24.273882348783815
-24.275371748861815
-24.27622370325635
-24.27703934539683
-24.27902243502581
-24.280040564583167
-24.28116234409128
-24.28375987848655
-24.28468418884002
-24.285861225735193
-24.28803100227627
-24.288756285870484
-24.289758784537874
-24.29056181300477
-24.29183177536652
-24.29316610325109
-24.29402706304083
-24.295947925883937
-24.29653057517912
-24.297418669374537
-24.298133955843014
-24.299046921556293
-24.299919616302006
-24.300431030160777
-24.301007302357476
-24.301648024006404
-24.30211125681314
-24.302646749360115
-24.30302507094244
-24.303576274705108
-24.304228078524797
-24.304887125175767
-24.305716509844554
-24.30664973452504
-24.307360278746767
-24.308313496882306
-24.30905856255421
-24.310118950115566
-24.31101358134753
-24.311933413594573
-24.31249516837311
-24.313365747053872
-24.313825966092118
-24.314723978265103
-24.31536120894593
-24.316056721343216
-24.317137408165536
-24.317713617777855
-24.318702820983216
-24.319461131951115
-24.320305920653453
-24.321055170808357
-24.321692299130987
-24.3223176564607
-24.322930758957064
-24.323603690677075
-24.32429653436556
-24.32485943136747
-24.325690105229036
-24.325952236030535
-24.326992148471476
-24.32740217847386
-24.32798344132856
-24.328931159468354
-24.32937998808447
-24.33008668683106
-24.33060834994575
-24.331167687918196
-24.331638175450266
-24.332078095069
-24.33247576277376
-24.33287530373212
-24.333385251028176
-24.333926718860848
-24.334527064115036
-24.334986334137994
-24.335502848497782
-24.336320254427267
-24.33671481415429
-24.337212559332364
-24.337870112820553
-24.33837499841872
-24.33892339467107
-24.339325171220874
-24.339862178967493
-24.340401817450747
-24.341270686586753
-24.34189464925533
-24.342549748244046
-24.343567917841447
-24.344334540959622
-24.34516185153951
-24.34581264611743
-24.346433452475985
-24.34706741443242
-24.347599083587838
-24.348318447404964
-24.34853872952546
-24.349163630345657
-24.349550389502056
-24.349954772310873
-24.35053968763875
-24.350875358524647
-24.351847883330656
-24.352130372789077
-24.352600661874863
-24.353087636802513
-24.353713969937356
-24.354309008534088
-24.354750514009428
-24.35525775210948
-24.35593218005284
-24.356484750057966
-24.357230805697434
-24.35856999491952
-24.35899747657251
-24.360512370596744
-24.361032215608333
-24.36178112851595
-24.362619488657476
-24.36357901097238
-24.364304646890098
-24.36477173293212
-24.36575926372077
-24.36674037129131
-24.36746848117871
-24.36794664581427
-24.368700013683373
-24.369651057789163
-24.370590357092333
-24.371221043649022
-24.372079173873004
-24.372532511468922
-24.373190711750365
-24.37381723073112
-24.374281151984594
-24.37528060485468
-24.375755378729405
-24.376497512406516
-24.377143287136832
-24.37795458060144
-24.37875880989899
-24.37968669604547
-24.380321337595255
-24.38086846447287
-24.381946929781268
-24.382589698373955
-24.38322413406081
-24.38425374210335
-24.384973390107213
-24.385897267512362
-24.38694298315673
-24.387978623035984
-24.388484480508378
-24.38924854863083
-24.389960139097425
-24.390809977449152
-24.391645774439418
-24.3923245197115
-24.39312008389868
-24.39393457040019
-24.394811121118824
-24.395696666818075
-24.39680063645683
-24.397856416856946
-24.39886551018479
-24.400005487532674
-24.400896892689254
-24.40188018844432
-24.402756043339224
-24.403485711340956
-24.4041847589814
-24.404807930826315
-24.40593999978026
-24.406479970207698
-24.407090832380938
-24.407858447238915
-24.408361523942702
-24.409518865683335
-24.409896437953883
-24.41058107641235
-24.41085548641489
-24.41134846101806
-24.41167916614058
-24.412258419234007
-24.412668759151963
-24.41308740803909
-24.41371138389844
-24.41435127438274
-24.41477599075453
-24.415357601493824
-24.41583641670561
-24.416472546477813
-24.41724329436142
-24.41785419650376
-24.418279138274674
-24.418963918853997
-24.41959536651582
-24.420319470694736
-24.421074282529673
-24.42168589203891
-24.42244479663635
-24.423410872515294
-24.424353330382374
-24.424920683116703
-24.425935025108583
-24.426551285823706
-24.427284933141156
-24.42791361644198
-24.428578299027652
-24.42942483659256
-24.430553942129954
-24.43123085217656
-24.432063264408498
-24.43322315709633
-24.433738826588076
-24.434777845765417
-24.435193471763327
-24.435960849532513
-24.436782741361572
-24.437567569350712
-24.438259636184846
-24.438854217925854
-24.43966159644031
-24.440364141013617
-24.44094075038781
-24.441738256296823
-24.442236347284457
-24.442780707748987
-24.44334355929538
-24.44377403942032
-24.444386554519454
-24.44503201336277
-24.445324229561344
-24.44579628431912
-24.446115128554112
-24.446497025171112
-24.44688656712133
-24.447164918778306
-24.447479252850012
-24.448091786713107
-24.448405440389656
-24.448751592025367
-24.44915825806077
-24.44955215177546
-24.450130984401078
-24.450683525235554
-24.451108414373504
-24.451546973743717
-24.451742169027582
-24.452008200533985
-24.452349923634713
-24.452536834800988
-24.453021481413174
-24.453239698073524
-24.4535429471153
-24.453824186071934
-24.45412804131744
-24.45440197831988
-24.45463823207472
-24.454954808942954
-24.45527639592213
-24.45566498655884
-24.455913067377267
-24.456369263828105
-24.456572227410398
-24.456920178124136
-24.457092069601806
-24.457461323607422
-24.45770038867206
-24.457951058840695
-24.458384502233155
-24.459067698792765
-24.45960412177034
-24.460005508785827
-24.460333895658735
-24.460634292957984
-24.461090424768734
-24.461373495228372
-24.46161202933714
-24.46183864250083
-24.462100100014027
-24.4623739541348
-24.462582407380843
-24.46288480460366
-24.46317615905363
-24.46350441791885
-24.464015197102874
-24.46434475838735
-24.464608303142498
-24.465045829997464
-24.46532495491673
-24.465771860066674
-24.466175268268078
-24.466542160858893
-24.46679703905214
-24.46700827743718
-24.467474410317507
-24.46767013567908
-24.468034352701615
-24.468243362383507
-24.468502717443492
