500 iters for seed 11 on ER0.3 which is in the 90.89431762695312 percentile
 Maxcut: 23.0, MedianCut: 15.0
-17.999999900292924
-17.999999943073924
-18.00000000274994
-18.000000127515786
-18.00000069499813
-18.000019172918098
-18.00009101941813
-18.000242917113955
-18.000334488000707
-18.000645436530196
-18.001431110576494
-18.00375263653539
-18.01239495525792
-18.03718902232125
-18.104077738554583
-18.177538545552085
-18.339631924421823
-18.45765899905385
-18.531159817033423
-18.614123734606157
-18.707192823851276
-18.769454364403387
-18.897294295624352
-19.018050246682044
-19.16442368908842
-19.329191726173622
-19.431604219391833
-19.542258102734664
-19.626612065289123
-19.67475880800155
-19.74144301738961
-19.76833589841264
-19.802971326009814
-19.830497700182327
-19.853042458419658
-19.876853618279775
-19.902886859491012
-19.911797184462458
-19.924724996103276
-19.93616556682852
-19.94953609489471
-19.9592409277143
-19.964162453471904
-19.96978701638456
-19.973076965808694
-19.976074334332456
-19.979174663212408
-19.981408857787045
-19.98310958154723
-19.986941918792652
-19.987753633118636
-19.98925835078258
-19.990052405713843
-19.991386796493327
-19.99216703401838
-19.99271259001603
-19.99378609871088
-19.994153212340883
-19.995802419910962
-19.99631385991363
-19.99674684013666
-19.997435313287923
-19.99778954859404
-19.998385125439285
-19.998683888406788
-19.998885494109256
-19.99902098756282
-19.999213261502735
-19.99933416986801
-19.99940858545437
-19.99949196909212
-19.999561253790166
-19.99961676538328
-19.999684824718024
-19.999724594414676
-19.99976014129629
-19.999798065981402
-19.99983641249258
-19.99985499299906
-19.999880720143025
-19.999894936676075
-19.999913233326684
-19.99992662105904
-19.9999427492513
-19.99995059125186
-19.999957460677294
-19.999961751765063
-19.99996791158274
-19.999971608581042
-19.999974958779543
-19.999981224401886
-19.999983281843363
-19.999986485553997
-19.999988482464577
-19.99999050928676
-19.99999223492012
-19.999993240862118
-19.999994197228137
-19.99999500805313
-19.999995900751767
-19.999996356497302
-19.99999688588667
-19.999997228904267
-19.99999757225601
-19.999998063071274
-19.999998273329645
-19.999998547494148
-19.999998682068426
-19.999998810761138
-19.999998967523545
-19.999998994414092
