500 iters for seed 103 on ER0.3 which is in the 46.645355224609375 percentile
 Maxcut: 29.0, MedianCut: 20.0
-20.014593491798095
-21.49754192323266
-21.813083884465513
-22.110225325004656
-22.23631467491
-22.423745756096316
-22.608724958345782
-22.745249971260563
-22.930631650343404
-23.160774982621923
-23.399369054560548
-23.712379471456167
-23.86242158650853
-24.018873353317463
-24.161479420057788
-24.296659087644535
-24.49901563949197
-24.606384507288897
-24.78464555594462
-24.898490805622117
-25.00453796653046
-25.13888071087281
-25.212082041407193
-25.313488643365332
-25.37726774117812
-25.444070577135626
-25.53361509245987
-25.54774736877574
-25.616830641796625
-25.645451771418195
-25.689555058019476
-25.719174511216565
-25.761387978256828
-25.781186302603906
-25.80270703668869
-25.83391610950517
-25.85524189479988
-25.88324988509083
-25.898805708419715
-25.913169522911097
-25.925888087578322
-25.940621069184612
-25.951307459820157
-25.962059576412575
-25.96980404098969
-25.977089294766383
-25.97959159238759
-25.98835833309704
-25.991110152487273
-25.99498616270534
-25.999757963666838
-26.001500422072528
-26.003920428530893
-26.005019236654995
-26.006937233432573
-26.008338710859405
-26.009638057877517
-26.010723979218668
-26.011518415969668
-26.012485800702745
-26.013352010028
-26.01411270912699
-26.0146205342391
-26.01519826962115
-26.015801679364213
-26.015963398584546
-26.016561523420556
-26.016779505166312
-26.01710225389857
-26.017519216386514
-26.018195468302086
-26.018521342540954
-26.018882500829957
-26.019048087919582
-26.01925748990192
-26.01951070435192
-26.01973491506344
-26.019907106478804
-26.02009344686201
-26.020233365509476
-26.02044355563871
-26.020566055426723
-26.020740260308468
-26.020917067296907
-26.021078828655885
-26.021388536486626
-26.02155878066314
-26.021891603118092
-26.02214577003868
-26.02242704357141
-26.022766219347783
-26.023360777583694
-26.0237477538516
-26.024481273857088
-26.02494660106961
-26.025722076998775
-26.027061141078168
-26.027919694576326
-26.02921655027116
-26.03014370370409
-26.031078650345442
-26.032215323790673
-26.03355834934551
-26.034739006082695
-26.035537535553438
-26.036354947490906
-26.037205260260887
-26.038213084816253
-26.039119371786516
-26.039865833712163
-26.040643967858333
-26.04128980781422
-26.04184319958887
-26.042623855871742
-26.04327161185355
-26.043758704728305
-26.044526920816896
-26.044923184400716
-26.04540872191082
-26.046141654739383
-26.046489990448883
-26.047154436880255
-26.047899071263398
-26.048291232659366
-26.048925971399687
-26.04934992311387
-26.049740344922984
-26.050339234483666
-26.05074738138495
-26.05153750661535
-26.052340102148793
-26.052721159276327
-26.0534674607607
-26.0540937891558
-26.054884997084983
-26.055985874657203
-26.05666892533021
-26.057238453542343
-26.058046558803284
-26.058674257340822
-26.05949616413089
-26.06015329746231
-26.06078861108071
-26.06142720311501
-26.06219904066478
-26.06300424369209
-26.063907464941998
-26.064796311307646
-26.065679162994492
-26.06673762926265
-26.067572381255854
-26.06811331493665
-26.069032024248102
-26.069481193695335
-26.070121700194992
-26.07123426899675
-26.071841438338645
-26.07303170979071
-26.074168413105514
-26.074855683991245
-26.075778306665867
-26.076654621403108
-26.07756325724997
-26.07922668800761
-26.079784439790526
-26.08048486828633
-26.08131459220232
-26.082061139020574
-26.083326055823978
-26.08400315009025
-26.085040919698056
-26.085941066389555
-26.08714042259739
-26.087866492569184
-26.08907700830775
-26.090232011512004
-26.09127051045052
-26.093157798652687
-26.09415276272472
-26.09560352411196
-26.096877419538373
-26.098222948392724
-26.099722843945308
-26.10096418494002
-26.101874529875097
-26.103151932408498
-26.104728451280465
-26.10665879531347
-26.108704879619808
-26.111010337838152
-26.113180917356814
-26.11533326558368
-26.117496841865236
-26.11908412631156
-26.120875466086215
-26.122571836441004
-26.124284535894727
-26.126260500885614
-26.128301556094222
-26.130541002199795
-26.132288701405095
-26.134674220402225
-26.137420037419805
-26.138972153310604
-26.141374554391362
-26.14309368989007
-26.145006561730195
-26.1468479633601
-26.14827076320867
-26.151268117497068
-26.15242775415045
-26.15598663885392
-26.157751947766215
-26.16001816688645
-26.16303414918353
-26.16641655968495
-26.16888152506639
-26.172418433280196
-26.174852098613094
-26.17788959823646
-26.18109997850238
-26.18387075353796
-26.187017111044245
-26.190889068977324
-26.194366493368882
-26.19803829196891
-26.20157567041183
-26.204714451544653
-26.2068876720259
-26.208740109126907
-26.212074062898402
-26.215158857502843
-26.21754446768625
-26.2196220160428
-26.221728570599947
-26.224954781147066
-26.22787963559607
-26.22969165149146
-26.2322486287726
-26.23384543593654
-26.236113663828768
-26.237328331968627
-26.238836672537857
-26.239800781298705
-26.241720841577322
-26.24266849747853
-26.24346973700898
-26.244869425745012
-26.245804185006115
-26.247195587417377
-26.248092294459944
-26.24930178612547
-26.249799014632877
-26.2509182714616
-26.251556020333375
-26.25228088613169
-26.253208697709553
-26.254205335306203
-26.254944898418543
-26.255972341778786
-26.25661895291432
-26.257291374210034
-26.258622001518937
-26.259294257939256
-26.260574394878383
-26.26179127240011
-26.26242633175037
-26.26350468945386
-26.264302468794547
-26.26516629380726
-26.266477497492108
-26.266614576111696
-26.267765691870046
-26.26826327268515
-26.269005331743852
-26.269841754504217
-26.270364155710975
-26.27107898919879
-26.27149105367829
-26.27214922490498
-26.273268931275823
-26.273826591084905
-26.274673211655745
-26.27527627796193
-26.276085532813344
-26.276880266323566
-26.27787717423897
-26.27885676697236
-26.279664721460783
-26.280753444228377
-26.281623948956057
-26.282333934510582
-26.283067096292392
-26.283803827025615
-26.284534296922523
-26.28538709616284
-26.28576844361528
-26.286412930853587
-26.287466224529922
-26.288434707348728
-26.289127136378877
-26.289817679376537
-26.290566682801746
-26.291224165586975
-26.292369523631546
-26.292933244394643
-26.293573838916366
-26.294785926454097
-26.29608740927776
-26.29702566163766
-26.298534452606244
-26.299689244412974
-26.301562920747365
-26.302921344029137
-26.304123215018983
-26.30529123000249
-26.306373617336252
-26.30771287317877
-26.308651005529555
-26.309586307595087
-26.31060530727955
-26.311223224768582
-26.31225151987204
-26.312720584535985
-26.31337161422035
-26.314005088322304
-26.314758755601527
-26.31539518505757
-26.31595080655548
-26.316963422988252
-26.317821014361527
-26.31850898878675
-26.319315268327824
-26.31996909681055
-26.32079315268629
-26.32192058589249
-26.32233455598981
-26.32299922463554
-26.323623681374
-26.32453032346849
-26.325310041833507
-26.32626140101536
-26.32709255034695
-26.327997207295045
-26.328870118857424
-26.329805288216157
-26.330669433557578
-26.331596759525468
-26.33218030284863
-26.33304405897092
-26.333586334526775
-26.334336465573294
-26.33544438640243
-26.33636255194639
-26.337014391012172
-26.33785294198659
-26.338508804274998
-26.339303158251365
-26.340099030478324
-26.340729109282254
-26.341436048352524
-26.342793430127806
-26.343418218180595
-26.344033365969103
-26.345098989953073
-26.345925863419556
-26.347009716959725
-26.348486492135628
-26.349786048203256
-26.35056404521859
-26.351867820469185
-26.352538179409716
-26.353419335825993
-26.35445936418637
-26.35514501330941
-26.356624344205056
-26.35692705554541
-26.358438639672794
-26.35894358878032
-26.359872697574353
-26.360517251786995
-26.361400161337635
-26.361981034364753
-26.362701025858648
-26.363775457781376
-26.364392451705545
-26.365326054745868
-26.36591158197416
-26.366723593340662
-26.367387360179343
-26.36818774185161
-26.36893141533675
-26.369480156264217
-26.370130401352494
-26.37101044214413
-26.37149698658122
-26.37205325074003
-26.372859227297326
-26.37343011832988
-26.374143848046206
-26.374562765908134
-26.374995450227477
-26.37552421676667
-26.37640093825648
-26.376835986660527
-26.37733444603453
-26.378026661604494
-26.37857473427545
-26.37926803107364
-26.379623926503534
-26.379947094365388
-26.38046193846815
-26.38086116172223
-26.381460631428695
-26.381847570265695
-26.382391945920325
-26.383080705232206
-26.38382933131044
-26.38435964327414
-26.38503792430278
-26.38568024369812
-26.38638613851951
-26.38718501669223
-26.387715352049735
-26.38813511328457
-26.38908681490322
-26.38945475334186
-26.389908903958673
-26.390518844396386
-26.39086780987434
-26.39171509684468
-26.392282053618548
-26.393033070137868
-26.393572333234815
-26.393996725266735
-26.394438836364834
-26.395186358836387
-26.39556606989647
-26.3961115028001
-26.396506632118694
-26.397049126763935
-26.39780750572274
-26.398683449386983
-26.399379370459716
-26.4001599591077
-26.40090574425864
-26.401668479743254
-26.402497910861165
-26.403248686268597
-26.403989617353798
-26.405039266562003
-26.4056288939669
-26.40643196955319
-26.40689849766352
-26.407539727684334
-26.408288893166496
-26.409001794431358
-26.40960437362616
-26.410423680115482
-26.411105819022367
-26.41171394752327
-26.41288130306608
-26.413343093898032
-26.414124039196967
-26.415097345307917
-26.41547965075304
-26.41664459644993
-26.41701460336712
-26.417656160227292
-26.418728974858762
-26.41922545541207
-26.420025011652974
-26.42069144904351
-26.42147826394851
-26.422091352122294
-26.42257220735145
-26.42347496712875
-26.424067126389346
-26.424644781156797
-26.425407552909267
-26.42590749117885
-26.426445422195044
-26.427341158238693
-26.42770148942178
-26.42832797217791
-26.429177236721927
-26.42979136638761
-26.43047599092165
-26.43096322786665
-26.43166404081581
-26.432029684892193
-26.432964564972313
-26.433470970667827
-26.434012766681946
-26.434928879745488
-26.435401968719397
-26.43629235252251
-26.437011024151094
-26.43767184886159
-26.438249697671555
