500 iters for seed 192 on ER0.3 which is in the 69.98367309570312 percentile
 Maxcut: 23.0, MedianCut: 15.0
-16.000000193139236
-16.00000069230521
-16.000002220122354
-16.000007187133072
-16.00002363280518
-16.00007860714127
-16.116431531687258
-16.116473032116893
-16.12529164281803
-16.13997601451813
-16.149155758969638
-16.15868921488006
-16.168793881966828
-16.179852350005373
-16.192586937690894
-16.208321879079307
-16.229647001851678
-16.26149579377761
-16.31259268074311
-16.396325017189234
-16.528173479663046
-16.713279284722965
-16.936940255144314
-17.180237730766606
-17.527693877863797
-17.654986060866243
-17.86819459570746
-18.29631813683404
-18.589822242086875
-18.97642625625166
-19.308637246743263
-19.603281624661403
-19.88651886146046
-20.073909978683933
-20.267854029625955
-20.416485265834133
-20.53561011312289
-20.70203961727588
-20.882881161224105
-20.976435590486126
-21.0722908694052
-21.11923048269999
-21.192648253493516
-21.28650918336957
-21.34503615820165
-21.39884039403692
-21.46454156459442
-21.530444049220307
-21.5946148108721
-21.634130907772818
-21.680738555431738
-21.72562934180506
-21.77031247228697
-21.80110761322473
-21.825186597985144
-21.848186191494264
-21.872405012759227
-21.890428742430622
-21.908879491473055
-21.923963298735664
-21.935917057681294
-21.94870332534457
-21.95571160794454
-21.962901578438466
-21.9689699880216
-21.973152704692914
-21.977443856665595
-21.98066517590018
-21.982614697449254
-21.984581245368133
-21.986156405837736
-21.98739935206835
-21.988965622386385
-21.9901931289434
-21.991031990026446
-21.992349093742313
-21.993049690391988
-21.994047562601477
-21.994742923456826
-21.995255926596887
-21.995994297506638
-21.996251979518036
-21.996693496723854
-21.996953611348683
-21.997242052072124
-21.99776255766879
-21.99796307340532
-21.99823443698251
-21.998454282489828
-21.998673566068764
-21.998848731494576
-21.999006936983115
-21.999116639812033
-21.999185465180595
-21.99926017355027
-21.9993398176391
-21.999397182977184
-21.999448109417457
-21.99948210557589
-21.9995238018081
-21.999568532885537
-21.9996096718283
-21.999634925842848
-21.999660854216888
-21.99967371287987
-21.999686470223562
-21.999703813110212
-21.999713583309003
-21.999726776000085
-21.999740887986857
-21.999747626769423
-21.9997633162841
-21.999775073898316
-21.999788654076
-21.99980178574128
-21.999811740490053
-21.99982233327595
-21.999836854160694
-21.999843501652602
-21.999853736800546
-21.99986751228819
-21.999874713322654
-21.99988461941101
-21.99989172559294
-21.99990070995168
-21.999909220216097
-21.999915975555044
-21.999922270276187
-21.999928505259557
-21.99993667471386
-21.999942289086192
-21.999948514854257
-21.999952410100978
-21.99995648647698
-21.9999619468711
-21.999964378173434
-21.9999673762828
-21.999969627182175
-21.999972666066057
-21.9999758752142
-21.999978403443656
-21.999980272203178
-21.999981506397802
-21.999983775767504
-21.999985347726167
-21.99998712089337
-21.999989017174546
-21.999990425984862
-21.99999186423338
-21.99999321972669
-21.99999421849415
-21.99999483944349
-21.99999555033658
-21.99999614526395
-21.999996671382263
-21.999997007056887
-21.999997605948316
-21.999997711820086
-21.999998224147383
-21.999998366444995
-21.999998510745268
-21.999998729995276
-21.999998822413346
-21.999999125265493
-21.999999200465524
-21.999999308171347
-21.999999351235214
