500 iters for seed 62 on ER0.3 which is in the 68.42269897460938 percentile
 Maxcut: 30.0, MedianCut: 20.0
-21.000000035536267
-21.000000207330867
-21.000000479160114
-21.00000098348487
-21.000001950113912
-21.000003827995894
-21.000007497696267
-21.000014686990053
-21.000028792014014
-21.00005648228457
-21.000110839879287
-21.001060766553472
-21.00207295852005
-21.27932246801127
-21.281204469866747
-21.342797372439623
-21.750402812675425
-22.036250892944164
-22.378211838953366
-22.622606862898174
-22.889995864673555
-23.187623641632864
-23.320074032075652
-23.599051474892093
-23.756553535775087
-23.92232835903463
-24.032157316674635
-24.11952151375821
-24.234738602652946
-24.343567784112377
-24.429711491563516
-24.49012485297667
-24.53593212378296
-24.62104461005637
-24.667019498216757
-24.746247184829507
-24.787073780866933
-24.82886418730258
-24.844805974704183
-24.893220622984533
-24.91894208998912
-24.94517204201493
-24.97417217542849
-24.997170070273206
-25.028314794099767
-25.04126641156282
-25.067168309243886
-25.094051080373955
-25.114952590489526
-25.12840318028659
-25.145472982624945
-25.159981763371885
-25.18163245117761
-25.208661697240977
-25.23351862712275
-25.258954968984554
-25.323730001193205
-25.364466729394756
-25.420176038367515
-25.47552700082956
-25.508579523354722
-25.560733913092424
-25.613256845483722
-25.648853196667133
-25.682557390817372
-25.717150983919833
-25.74955377916172
-25.779235439935036
-25.807122348227754
-25.83108493270586
-25.852590297918407
-25.87487351098196
-25.895113259035682
-25.909697088114452
-25.92094777049862
-25.933383945784705
-25.94628108272716
-25.964317114353445
-25.978918616613257
-25.99115481245129
-26.006907144839605
-26.01619083283957
-26.031042766140548
-26.042365977596607
-26.05821956273473
-26.081913314029286
-26.098757709695686
-26.123236276855607
-26.146262722432823
-26.1762815340905
-26.219243994080227
-26.26717368744988
-26.315236236277542
-26.368919410853817
-26.404994351038635
-26.479182553406606
-26.522880964062164
-26.567246000736755
-26.621859875829376
-26.674812635205264
-26.719278701939647
-26.759336584007173
-26.78726742180924
-26.81776363556683
-26.832628809450693
-26.847128299568936
-26.861256325679587
-26.874823346791246
-26.88815277154495
-26.899551287622966
-26.9078782324247
-26.914746030517865
-26.92782528539299
-26.934332966869796
-26.939837614438755
-26.94571998496863
-26.950642139984303
-26.956008389621857
-26.96051145453407
-26.963888517126914
-26.96696910589376
-26.97183563972314
-26.975435598875762
-26.978413529651935
-26.982201329377002
-26.98437839647019
-26.98636186537366
-26.987627335831313
-26.989083389268554
-26.990158970667608
-26.99127852772276
-26.992486810949288
-26.993174072225802
-26.993992520043143
-26.99490208539736
-26.995615507281833
-26.996374088119186
-26.997041356601244
-26.99774094705848
-26.99844453568166
-26.99880156327161
-26.999341645172446
-26.999621320433572
-27.00017976215517
-27.00087812674429
-27.001285960083827
-27.00187432518939
-27.002217276074077
-27.002643970595482
-27.003054101048196
-27.003452696047283
-27.003731183186982
-27.004059778459446
-27.00430470882109
-27.00472467769737
-27.004971742511845
-27.005162883420855
-27.005418967409863
-27.005598318839265
-27.00570329397616
-27.005858896595626
-27.005976335637992
-27.006092529052236
-27.006236780249942
-27.006313724364723
-27.0064457280135
-27.006530034379463
-27.0066668722836
-27.006768498866744
-27.006858218910896
-27.006990551392033
-27.00704711106024
-27.007160346372814
-27.007212209056295
-27.007290509839475
-27.007359276637008
-27.00746532973506
-27.007528399049068
-27.007599479977998
-27.00770868071296
-27.007745822333302
-27.00793644907591
-27.007998450089147
-27.0080854910933
-27.008196007826918
-27.0083557922506
-27.00856998133548
-27.00868179124494
-27.008825352313647
-27.008989448699747
-27.009217797514243
-27.009510444458748
-27.00975944072554
-27.010075243325645
-27.010358545441623
-27.010703175621465
-27.011051197337316
-27.011351837358095
-27.011663821915242
-27.012198983179026
-27.01259319738275
-27.012965123950227
-27.013609458192505
-27.01413920475826
-27.01482529883765
-27.01529513469998
-27.015896148503796
-27.016526788934556
-27.017227743765243
-27.017789916863055
-27.018284331492456
-27.019101886382995
-27.01962580144772
-27.0201818728759
-27.020849154494567
-27.02133768313941
-27.02199593009495
-27.023015310932983
-27.02402598842583
-27.02487763930301
-27.0263775351361
-27.027374557949084
-27.028143745172308
-27.029526124277425
-27.030319788195
-27.031273242129874
-27.032590905023675
-27.03334392894971
-27.034362326919055
-27.03527201959131
-27.036198711239
-27.037303172482645
-27.0382323386827
-27.03884240761844
-27.03964403597571
-27.040352575043382
-27.041288800744233
-27.041992393329405
-27.042672525675446
-27.04319636129859
-27.043756637158825
-27.044383451393085
-27.044943361823147
-27.045418203686744
-27.045963108628147
-27.046362090917764
-27.04678086675591
-27.047097164761883
-27.047303079230986
-27.047504364061716
-27.047882639882555
-27.048115528409266
-27.04826618195687
-27.0484776293889
-27.048619188500027
-27.04880077815304
-27.04903508238041
-27.049241005677104
-27.04947050530703
-27.04965066361921
-27.049896954638914
-27.05011869008652
-27.050332402661407
-27.05061377030716
-27.050833025715388
-27.051127209501555
-27.051392798861226
-27.05158512043444
-27.051843881788198
-27.052105200049198
-27.05245717100755
-27.05261607676047
-27.05288873787075
-27.053146515733
-27.05344549489682
-27.053752280957468
-27.05399656194216
-27.05437823779405
-27.054748180518956
-27.055036203178524
-27.055328949374122
-27.05561636303849
-27.055972156680106
-27.056292332909198
-27.05655217866873
-27.05682571249463
-27.0571150029039
-27.057459074231
-27.057755527863804
-27.057956862871976
-27.05829288539769
-27.05869513496876
-27.05912717560107
-27.059646158528107
-27.060035593660288
-27.060560100016293
-27.061063543969446
-27.061617112735988
-27.062302337303787
-27.062955719197248
-27.063561512378286
-27.064047704872188
-27.064459941770938
-27.064893874849513
-27.06556941588705
-27.06611908682176
-27.066913555047872
-27.06779120718378
-27.06821112921073
-27.068746925944275
-27.069431674153286
-27.0701657742126
-27.070698586685054
-27.071257822887357
-27.071729266226704
-27.07228599832221
-27.072832975355244
-27.073215170804414
-27.073672904415627
-27.074252265182466
-27.074721570477557
-27.07518154511667
-27.075842759866614
-27.076414307968395
-27.076954046954985
-27.077794336147658
-27.078121048349548
-27.078591404801976
-27.07931591513052
-27.07988610742323
-27.081463721332515
-27.08194580110424
-27.0839311394717
-27.08481882134519
-27.086006336717418
-27.08761805246098
-27.089177272317663
-27.090284310158914
-27.091499557311842
-27.092913417165153
-27.094846361605875
-27.0963799887401
-27.097885219752033
-27.09872520625104
-27.100656420334158
-27.10148233345707
-27.10296825976111
-27.104361412420968
-27.10502415234112
-27.10586886709949
-27.10673633392359
-27.107749534452694
-27.109185434689916
-27.10952585527779
-27.112098653237965
-27.113038901438458
-27.11439971393022
-27.11582533650783
-27.117106812960596
-27.11808258584666
-27.11887663130783
-27.11960551619421
-27.12057600991114
-27.12152945123146
-27.122034393056865
-27.122758258092073
-27.123972540681613
-27.124624950442872
-27.126236870255514
-27.126914734200884
-27.127903372965267
-27.128690249107056
-27.130031440600497
-27.131171398480618
-27.132048424718434
-27.13363666614702
-27.134557757556937
-27.135330959677344
-27.13618620868595
-27.137329772720435
-27.138453573804018
-27.13949120919676
-27.14154393337058
-27.142717431525572
-27.144090562244564
-27.14605507621154
-27.147164293718998
-27.147913371761433
-27.149231678676347
-27.149776656346173
-27.150455115248906
-27.15127888184143
-27.151962954189024
-27.15335780101213
-27.15421253518435
-27.15546969060567
-27.156401477671373
-27.157802310929895
-27.158792882755527
-27.16012742633309
-27.161202549349774
-27.162128427776235
-27.16342007924669
-27.16467101742628
-27.16602307138009
-27.166929050330864
-27.167774985206584
-27.168886794599576
-27.170075290503007
-27.170974621769446
-27.17189123764267
-27.173067134713328
-27.174627306509432
-27.175986971339523
-27.177053021793057
-27.178351347691816
-27.17978672947247
-27.181657226324567
-27.1834922369136
-27.184525225116907
-27.18588018793121
-27.188147760794553
-27.188579615968884
-27.191044947751248
-27.19186913574575
-27.193444148282545
-27.195015671732904
-27.196844694821948
-27.197979972006472
-27.199296874827688
-27.200528692083964
-27.20194477861286
-27.20336102245884
-27.204436257120026
-27.20584041900603
-27.207284024102268
-27.208194468672755
-27.20985732269732
-27.21231385611601
-27.214816218316823
-27.21715808390154
-27.219618200110034
-27.22202434075034
-27.225047351206943
-27.22760558956983
-27.22970978968261
-27.231791156379316
-27.233981941151633
-27.236272621289956
-27.23848248125784
-27.24019477414864
-27.241801084433774
-27.24527160238276
-27.247184554023935
-27.249807237875423
-27.25303013808759
-27.256114201708318
-27.259152839115767
-27.262041166600007
-27.26508887447508
-27.26759709251982
-27.269185274242464
-27.273683233448203
-27.276756158900593
-27.281137127430085
-27.284443584299986
-27.287430844325034
-27.290873029928296
-27.294478431452884
-27.29894996125372
-27.30497880765497
-27.309585382556392
-27.31307075633782
-27.318474597504622
-27.320942700848946
-27.324560525449275
-27.327395650918948
-27.329721791120463
-27.334803794153373
-27.338486642964053
-27.343714357506627
-27.348785080869582
-27.353950730745463
-27.358906928076042
-27.366309730555027
-27.37557367297285
-27.38224674364383
-27.387752856390385
-27.394278245090273
-27.40054488318609
-27.407883708583732
-27.413331510409442
-27.418125445143772
-27.425069591971052
-27.43319908609419
-27.44158641614898
-27.44868707505683
-27.45577449993495
-27.462390130716454
-27.471976439828744
