500 iters for seed 27 on ER0.3 which is in the 17.964935302734375 percentile
 Maxcut: 26.0, MedianCut: 16.0
-13.005620908709016
-15.481436600081482
-15.514785610305896
-15.577679271692299
-15.609498310799239
-15.643252508452369
-15.654751141186546
-15.70913242001738
-15.723628582099822
-15.76898655587275
-15.794374064441222
-15.810761577845414
-15.827212577502053
-15.845386336038958
-15.86075713134654
-15.878611841761685
-15.889261881807439
-15.897834953213561
-15.906035122633496
-15.915666545402486
-15.924225106957305
-15.934268000616227
-15.941767598834872
-15.948163010181435
-15.955169036916677
-15.961900996097478
-15.968231997034856
-15.973265341631867
-15.977609726620347
-15.98300948247869
-15.987937869467853
-15.99193160389939
-15.997953871753776
-16.001656413265152
-16.005427031731298
-16.009810926039034
-16.013386309246684
-16.01650676463853
-16.01926497275874
-16.02168669895575
-16.02494471274588
-16.026150189029217
-16.031573755002448
-16.033195773851123
-16.036201558110477
-16.03966008007754
-16.042712862257996
-16.045487880213198
-16.048404819963913
-16.04996303789907
-16.051913668805273
-16.054097925266255
-16.055607803477745
-16.058332302962448
-16.059840063994063
-16.06156066181838
-16.06270404079936
-16.064161518183973
-16.0668828123368
-16.06833413783935
-16.070403162499446
-16.072055416147748
-16.073655634006627
-16.07501210765644
-16.07623705610403
-16.07738572597207
-16.0784638741997
-16.07884397964309
-16.08071678861995
-16.08120521451431
-16.081950929485537
-16.082990153430455
-16.083814746616
-16.085392816951057
-16.08612620848231
-16.087261879872614
-16.088796887705413
-16.089502353410666
-16.091404749768053
-16.09217362743923
-16.093299909708705
-16.093738598168645
-16.09535689665204
-16.09620569152037
-16.096954021293953
-16.098290679668768
-16.09926744252553
-16.100605914990034
-16.10137593148063
-16.10260836691997
-16.103706579368417
-16.10493446870008
-16.10603765670443
-16.10698727961021
-16.107862509141505
-16.10896437775815
-16.10993097522416
-16.11079249344721
-16.112006979374275
-16.113151021785946
-16.11378597173816
-16.11464883387207
-16.115470102537408
-16.116636945092257
-16.1174470970875
-16.118242082008187
-16.119317440978115
-16.120192345103217
-16.121296447755732
-16.122517507532088
-16.123390011591173
-16.124253279297356
-16.125898555348577
-16.12626239225287
-16.127007666484488
-16.12771940007869
-16.128227789986447
-16.12924035037797
-16.13045970231885
-16.131643896995723
-16.13215893617321
-16.13275338537103
-16.13329626948518
-16.13397576604934
-16.13468757056689
-16.135160466130415
-16.13561259024476
-16.13619038982795
-16.136884136224758
-16.137134382237036
-16.137764260848584
-16.138225089980345
-16.138692136294015
-16.139205552216154
-16.13952612108949
-16.139851401161817
-16.140554303190942
-16.140846628942946
-16.141252975116434
-16.141768484514955
-16.142186849710598
-16.142576562337283
-16.142821705607503
-16.14314049731631
-16.143505076230618
-16.143998312643888
-16.14426271552897
-16.14461243363401
-16.14505742007652
-16.145270492074165
-16.14578513917417
-16.145955010913102
-16.146214133286954
-16.146597247194556
-16.14685282827906
-16.147220770726832
-16.14739248831012
-16.147638351210617
-16.147964337793287
-16.14833084811417
-16.148582630404746
-16.14882209143624
-16.149095468342438
-16.14943407932403
-16.149666609259793
-16.149952563142477
-16.15014621352285
-16.150419847945138
-16.150714075283968
-16.150900269491498
-16.151081597187726
-16.151486052969172
-16.15166405218576
-16.151886188851595
-16.152222112385324
-16.152463312795263
-16.15278771861691
-16.152983624023783
-16.153274889708836
-16.153509640882117
-16.15369486677588
-16.15399048921826
-16.154076295894058
-16.154247070512376
-16.154441575724533
-16.15465862253359
-16.154960084644237
-16.155189578544654
-16.15563693083785
-16.15578519754945
-16.156045101595428
-16.156331608858466
-16.156680649996446
-16.156986840045075
-16.157338106672245
-16.15761357202252
-16.157891745657075
-16.158309676661133
-16.158555143045547
-16.158923387746057
-16.159323551499835
-16.159685311994743
-16.159931711950698
-16.160158526828308
-16.16044405092916
-16.160803507306582
-16.161128067
-16.161395884636665
-16.161671242002047
-16.16186795471481
-16.162181030413727
-16.16229768283634
-16.16251379448064
-16.16268818776596
-16.162870941526933
-16.16316962433886
-16.163333640443387
-16.163595222446787
-16.16376478057294
-16.163971018916083
-16.164159327557094
-16.164345360618235
-16.164482151506444
-16.164616119967643
-16.164844981794737
-16.16503267077985
-16.165192063906815
-16.165399868187038
-16.165581971661183
-16.16581000958038
-16.16600739632009
-16.166212434079455
-16.1663646184196
-16.16651973297232
-16.166726679363787
-16.166871534991724
-16.167043982862392
-16.167254883023233
-16.167427978578008
-16.167578014667434
-16.16788009292475
-16.168007306690182
-16.168197067210787
-16.16838237721359
-16.168564390687187
-16.168748341422276
-16.16903206282135
-16.169183138110917
-16.169367723453707
-16.169606850203373
-16.16980631257872
-16.170027533693897
-16.170127745436382
-16.1703585401162
-16.170440183727443
-16.170695996665103
-16.170836773410638
-16.17098625146019
-16.17122760021373
-16.171391722574448
-16.171666791252694
-16.171817573312417
-16.171980516041643
-16.1721668034685
-16.172316544800825
-16.17253173883071
-16.17264302395413
-16.172836052454215
-16.173084949057547
-16.173318222988712
-16.17347128058825
-16.173700639005233
-16.173837366710952
-16.17399072589008
-16.174208202106193
-16.17433620366214
-16.174599233549706
-16.174813925765267
-16.175012140898783
-16.175239971314234
-16.17548570645086
-16.175725382988453
-16.175914142752713
-16.17613471051126
-16.17635107128078
-16.17661374236681
-16.176833095159072
-16.17705046193852
-16.177184065229433
-16.177348097572725
-16.177520871037952
-16.177632162652493
-16.177885563125365
-16.17805230290331
-16.17818643364947
-16.1783013117678
-16.178450622349274
-16.178665928053125
-16.17886556198062
-16.179062981794388
-16.179254772446722
-16.17945342497542
-16.17964755194235
-16.179801139021695
-16.179923138759797
-16.18008878489177
-16.180276746681855
-16.180473750863474
-16.18063318251133
-16.18077832434183
-16.18093957999246
-16.181084591958026
-16.181239781224598
-16.181414269417218
-16.181558547186853
-16.18168561348326
-16.181833048946533
-16.181991028836258
-16.182155196881002
-16.182358159462773
-16.182518259148175
-16.18269579340017
-16.18293591902256
-16.183078637372756
-16.183227738704286
-16.183497455958506
-16.183640723540456
-16.183802961093996
-16.184068392860006
-16.184187783427795
-16.184341473933703
-16.184493048643354
-16.18462322918718
-16.18476436086657
-16.184959162535264
-16.185112675658942
-16.185266486010292
-16.18542699477095
-16.185629052552088
-16.185764721940973
-16.185925992962858
-16.186090523132112
-16.186268515800172
-16.186450634413383
-16.18660809347466
-16.18677951644306
-16.18697503169398
-16.18711179258075
-16.187258749888485
-16.187399380950474
-16.187530394573578
-16.18770236544659
-16.18782476328895
-16.187955121049598
-16.18812297949126
-16.18823086751528
-16.18842198116274
-16.188569204615675
-16.18875188138814
-16.188855465598834
-16.188967289146536
-16.189138599951942
-16.189267544843446
-16.18937479037176
-16.18946094616804
-16.189567841705482
-16.189710506549943
-16.189886983014855
-16.189965822757472
-16.190072250154078
-16.190173723077553
-16.190299400110476
-16.190440199928965
-16.190543777145574
-16.19065410394681
-16.190774016788524
-16.190877354254095
-16.190980181694837
-16.19104910019318
-16.191153447850137
-16.191254363735748
-16.191367206941926
-16.191472528415463
-16.191579388901104
-16.191667757808112
-16.19175500234279
-16.191847474272766
-16.19191958089181
-16.191988788823277
-16.192088864485648
-16.192134552755434
-16.192223910704683
-16.192297112044386
-16.192395181949063
-16.1924659154538
-16.192524841708586
-16.192651405554166
-16.192717833574214
-16.19283107060426
-16.192945386247718
-16.193043547154346
-16.193138970504126
-16.193222816595213
-16.193285880471972
-16.193342141639185
-16.193411459138392
-16.193506619433848
-16.193600648671193
-16.19369649359046
-16.193785777740302
-16.193871103360816
-16.193969552729524
-16.19407157060526
-16.194141761765596
-16.194224804335146
-16.194303914631448
-16.194419694671836
-16.194490855344803
-16.19455001224308
-16.19462689427956
-16.194708638248805
-16.194785876580173
-16.194847204384967
-16.194921184800123
-16.19501706374696
-16.19507304322834
-16.195170633957034
-16.195214698044598
-16.195269728571112
-16.195343526736792
-16.195406007128117
-16.195475405203943
-16.195563222310867
-16.195643929478337
-16.19571962209556
-16.195803723832746
-16.195885149873853
-16.195966846514057
-16.196052253683387
-16.196135846610474
-16.196207600396974
-16.19626826720801
-16.196377990610266
-16.19642996928999
-16.1964985444435
-16.19658229484582
-16.19665580257657
-16.196728359702092
-16.1967755188941
-16.196827436541646
-16.1969241204123
-16.196987670781382
-16.197025803476766
-16.19709883298947
-16.19715761151286
-16.197237739177538
-16.197307845265108
-16.197380798863396
-16.197451095727487
-16.197526159006635
-16.197601016005496
-16.197660754906888
-16.197722427774526
-16.197795232704703
-16.197883042255548
-16.198006136793545
-16.198082086423184
-16.198161351426773
-16.198249639281187
-16.198325827274616
-16.198477624615613
-16.19858439130995
-16.19868621956921
-16.198772955357075
-16.19886568189012
-16.198945458618
-16.199042037653093
-16.199103468827182
-16.19919187550687
-16.199295834673038
-16.199408055828094
-16.19952138584514
-16.199607016807732
-16.199746360609502
-16.199847187217948
-16.19993356161871
-16.200034297357103
-16.20012006478167
-16.200251068715033
-16.200324295896536
-16.200404788563183
-16.200477892060334
-16.200550968313976
-16.200676889859473
-16.200749516748026
-16.200863318386954
-16.200946441704676
-16.20103257519245
-16.201185981837032
-16.201267980453434
