500 iters for seed 14 on ER0.3 which is in the 79.10537719726562 percentile
 Maxcut: 31.0, MedianCut: 20.0
-21.999999921562136
-22.000000016763874
-22.00000022304243
-22.000001386350103
-22.00008833689281
-22.00069577403415
-22.00098148218888
-22.00923585710238
-22.033633584119727
-22.051731571007032
-22.126040921754857
-22.3078035109868
-22.662294037375766
-22.954890781773077
-23.24310387883372
-23.61638608468159
-23.84117674865997
-24.033453293504476
-24.174446694644956
-24.34467717290062
-24.469524309163656
-24.54635165213626
-24.630008696467545
-24.6827709793416
-24.74411616768308
-24.870415979398093
-24.955391480547224
-25.039052916729094
-25.128774843790424
-25.21147311272361
-25.354775029047765
-25.497774248650362
-25.61221991406115
-25.72801736957097
-25.78712319811031
-25.920238061781305
-26.02374029951296
-26.13492446597976
-26.2167036306612
-26.309951785888284
-26.36805315174123
-26.44128589222339
-26.504839258920583
-26.569305814039758
-26.628834138553074
-26.664389646668045
-26.70642363508678
-26.74034088000061
-26.772265078879848
-26.79424463854927
-26.81306920490751
-26.82557919192757
-26.84223621487618
-26.865365517991442
-26.87463746772765
-26.88707234310756
-26.8947444066856
-26.90642348054189
-26.923482927607935
-26.933024226943537
-26.940968259071905
-26.94659764672376
-26.952207083185822
-26.957845941604656
-26.962414970055246
-26.966005135503305
-26.968870724108385
-26.97168937545333
-26.97411954243543
-26.97598093262836
-26.977348240424682
-26.978715602039262
-26.97973924647444
-26.98073585594506
-26.98202305194909
-26.98309172915189
-26.984279717217383
-26.98518689868064
-26.9859068240628
-26.986880828115186
-26.98759223968593
-26.98819545244205
-26.988886545110816
-26.989379085501113
-26.99001240227096
-26.990678111505634
-26.990965383992513
-26.99147508033065
-26.991680111906305
-26.99212349584968
-26.992369240958194
-26.99268183412727
-26.99302315655922
-26.993522766436183
-26.99386572254618
-26.99410292663437
-26.994526629529805
-26.994785222445838
-26.995074744122036
-26.995347968295896
-26.99562516993337
-26.996196209858162
-26.996424600054805
-26.996700298525056
-26.996913526292193
-26.99711913319461
-26.997339512277893
-26.997549905548162
-26.997754339285795
-26.997932570818694
-26.998104322465505
-26.998337722163615
-26.998477335937274
-26.99862228617314
-26.998753880486515
-26.99891337446032
-26.998967095349673
-26.99911623522977
-26.999182028691507
-26.99925593174908
-26.999380665420297
-26.999426879202836
-26.999478709496092
-26.99954335096964
-26.999579889773205
-26.999634764595456
-26.999659359495553
-26.99968678857529
-26.999706400840843
-26.99973556556525
-26.9997495735822
-26.99978235866138
-26.999792654560267
-26.999805799232995
-26.999823088924366
-26.999841474091927
-26.99985437261088
-26.999867421693025
-26.99987760076641
-26.99988874327683
-26.999902840874306
-26.999911961950378
-26.999916805374784
-26.99992507295021
-26.99992833241547
-26.999933815952577
-26.999940843954455
-26.99994548050993
-26.999949897306106
-26.999952612948686
-26.999955761507774
-26.99995931421436
-26.99996254225091
-26.99996547117217
-26.999967513327356
-26.999970553874117
-26.999972890807673
-26.999975637810874
-26.999977159945644
-26.999979091406328
-26.99998027112915
-26.99998195018512
-26.999983053413388
-26.999984254650073
-26.999985313051777
-26.999986216960586
-26.999987386295736
-26.999988283037123
-26.999988986543904
-26.99998983537634
-26.999990190833724
-26.99999043863871
-26.999990906933974
-26.99999116811813
-26.999991555205348
-26.999992132418324
-26.9999923615238
-26.999992658274532
-26.999993058406044
-26.999993466159957
-26.999993750450898
-26.999994039946213
-26.999994402734384
-26.999994753918966
-26.999995128751525
-26.999995357801016
-26.999995685643796
-26.999996111869432
-26.999996582908814
-26.999996908509157
-26.999997269999607
-26.99999752633667
-26.999997762945696
-26.99999803653002
-26.999998221162905
-26.999998376658912
-26.999998666130885
-26.999998816752715
-26.999998996936785
-26.999999137459874
-26.999999211142626
-26.99999931843402
-26.999999389943046
-26.99999946004057
-26.99999950277681
