500 iters for seed 99 on ER0.3 which is in the 61.090850830078125 percentile
 Maxcut: 32.0, MedianCut: 20.0
-21.000000618180852
-21.000001950703112
-21.000007035072176
-21.00002665519736
-21.000102255167405
-21.00039089390097
-21.038089441919052
-21.03844161556745
-21.051377540736993
-21.0802742830977
-21.102277347928787
-21.12933831518146
-21.186094130347108
-21.334953659531422
-21.689473327662192
-22.10475365108495
-22.185290434945266
-22.50095449766204
-22.659926549437937
-22.75054354021874
-22.939549683367435
-23.04053098416072
-23.261337666993708
-23.46407206572783
-23.73995946165273
-23.93155128901638
-24.195662593665556
-24.394223042008193
-24.569494098629033
-24.771801280047367
-24.94658073911934
-25.123673538419915
-25.311491145523018
-25.528158195732622
-25.754241654184497
-25.91689521145092
-26.049193481259
-26.189412709337834
-26.345209872791248
-26.41979495556506
-26.53056720634472
-26.58528848405129
-26.663539448639067
-26.727908751576336
-26.778426964641106
-26.80741038552128
-26.840617791735337
-26.857061218843675
-26.873258315549947
-26.887900496511243
-26.899893986898896
-26.921883972477413
-26.93100152652342
-26.941952102755966
-26.949937186187782
-26.957701886924568
-26.965484413826708
-26.97119956739142
-26.975433207003174
-26.978945320351492
-26.982342214015745
-26.984692098998412
-26.986328159753114
-26.987604613081164
-26.988652215346065
-26.989898867385097
-26.991783466465368
-26.992903116832547
-26.994324516708616
-26.995000502199865
-26.995832062625215
-26.996297214175026
-26.99683731513703
-26.99724964768782
-26.997562730370525
-26.997834318478418
-26.99823406976477
-26.998438887891503
-26.998653973180037
-26.998771840829058
-26.99890920141245
-26.999003031717468
-26.999097980482755
-26.99926355287343
-26.999321579904162
-26.999466224773755
-26.99950004195255
-26.99956075258531
-26.999640030689868
-26.99970272125863
-26.999746619383572
-26.999765556203318
-26.9997912202723
-26.999820432128104
-26.999853955402344
-26.999866385878153
-26.999883954232896
-26.999905702728466
-26.99991701635387
-26.999928649988583
-26.999936868703877
-26.99994484862099
-26.9999514094468
-26.999956852947218
-26.999960293345598
-26.999964413266213
-26.99997102541211
-26.99997491693209
-26.999978585091068
-26.999980493285825
-26.999983107697112
-26.999987197957005
-26.999989265494182
-26.999991310643793
-26.999992430452277
-26.999993596337795
-26.999994583369325
-26.99999520573373
-26.999995731839842
-26.99999614035224
-26.999996660842115
-26.999997148864992
-26.999997331942765
-26.999997684462503
-26.999997756925243
-26.99999801327669
-26.999998118571163
-26.999998229177788
-26.999998414478885
-26.999998512822796
-26.999998669309708
-26.999998739028154
-26.99999879752374
