500 iters for seed 133 on ER0.3 which is in the 41.834259033203125 percentile
 Maxcut: 28.0, MedianCut: 17.0
-16.005056746612127
-16.502212714962507
-16.50778121909036
-16.591052102600237
-16.61955148184102
-16.634285051010053
-16.691270352522476
-16.71962813147263
-16.750002332614592
-16.774879744096687
-16.801150939792517
-16.82771965455727
-16.85383197212564
-16.871358855171703
-16.887369898702094
-16.89770163543416
-16.90699955723654
-16.917042474023823
-16.92505624775486
-16.931497513516916
-16.938004574686023
-16.944453182808928
-16.951239382915798
-16.95769187870118
-16.963757097859947
-16.96866284900067
-16.97357391025656
-16.97856287193887
-16.982724316146523
-16.985540195214877
-16.990996571623068
-16.993808594796537
-16.998739867474395
-17.002057363995043
-17.005759387638975
-17.007156785099923
-17.012240378374827
-17.01421217983869
-17.017064908374355
-17.021164967429627
-17.02379256245454
-17.028458072398422
-17.030279860424965
-17.03342094483657
-17.03628952836702
-17.03966314607501
-17.04199623817668
-17.04424204743152
-17.04622742353627
-17.04855709276736
-17.050541241576134
-17.05240955711779
-17.05428453694396
-17.056180943555525
-17.059009831566076
-17.06113215143867
-17.06405485448586
-17.066744734125564
-17.069587801365174
-17.07200701016193
-17.07552930338288
-17.0775752615525
-17.079929664048894
-17.081988154644463
-17.084126635105246
-17.088107632117215
-17.090383961374425
-17.094406823990383
-17.0965865960192
-17.098525797105488
-17.100382649894243
-17.101844745239443
-17.10409889925812
-17.10548956763815
-17.107340344181516
-17.108683323279703
-17.109996181498364
-17.111414533592026
-17.112567619535895
-17.113715912125556
-17.11520774213372
-17.11607542326093
-17.117459653161912
-17.118211568178566
-17.11880597365534
-17.119689902174102
-17.120504664209754
-17.122062880661105
-17.122804221974498
-17.1239910563896
-17.12497206088411
-17.125891787266404
-17.126794058908214
-17.127639907704488
-17.12877519943746
-17.12969649761259
-17.130946779902374
-17.13211173928397
-17.133204382951078
-17.133988297613737
-17.135550088709817
-17.136622499614703
-17.137587794712374
-17.13879374045117
-17.139535233046846
-17.140577517011717
-17.14131017848371
-17.142156703914207
-17.142900201991626
-17.14364770784779
-17.14505253433768
-17.145589001203632
-17.146887628063176
-17.1476253882
-17.148405196387287
-17.149285806133243
-17.150322780515346
-17.151115452527733
-17.151925099670844
-17.15218420019923
-17.153342141502428
-17.15376963703761
-17.154286429988165
-17.15500658418607
-17.15537235204427
-17.156405627768812
-17.15667008210584
-17.157202696196357
-17.15780828473589
-17.158345667549398
-17.158907743976602
-17.159215778954778
-17.15977368167444
-17.159978555016025
-17.160856505683252
-17.161266510424923
-17.161679964864415
-17.162257763025103
-17.16261105205158
-17.163292870127652
-17.163735767071053
-17.164259306640233
-17.164509563113363
-17.16485690155301
-17.16521840061631
-17.165530950725312
-17.16585202297198
-17.166149212988046
-17.166502147796876
-17.166830912241572
-17.167216560633705
-17.167530410162172
-17.167770350709855
-17.167999513630903
-17.168258798937693
-17.168485223778728
-17.168965377105167
-17.169094999522454
-17.169483653293753
-17.169704550629547
-17.170024401570753
-17.170396789940366
-17.170790842206856
-17.171057150355928
-17.17138831763928
-17.171566416926602
-17.171791782908976
-17.172026270083663
-17.172192385204387
-17.172506246267606
-17.172756300841797
-17.172967982730643
-17.173248825970134
-17.17343715686175
-17.173680163618513
-17.173883592562927
-17.174060912251342
-17.174216758539135
-17.174446240278044
-17.174512899670543
-17.17467278574366
-17.174790979653903
-17.174916313938233
-17.175096793627606
-17.175407321297673
-17.175699776027304
-17.175905795004546
-17.176122075559284
-17.17628722032135
-17.17659447432019
-17.17687912041556
-17.177251890489664
-17.177431839316988
-17.177730786798357
-17.178056434148555
-17.17842630142128
-17.178671633276792
-17.178960652106863
-17.179252716557627
-17.179651628408333
-17.180071351392865
-17.180331423125875
-17.180534873920216
-17.180826670687928
-17.18105799675579
-17.181553219302355
-17.181813451539917
-17.1822334742624
-17.182667288626682
-17.182918180560844
-17.18325427025816
-17.18358288622932
-17.183841289048615
-17.184255353029652
-17.184407966891147
-17.184723238064464
-17.184890063078825
-17.18510492279072
-17.185437446312076
-17.185644981068997
-17.18594373992331
-17.18615871135558
-17.18637698742798
-17.186539152102743
-17.186719328463248
-17.18688955432823
-17.187023047583416
-17.187315031478615
-17.18753203578914
-17.18770933263791
-17.18789333171784
-17.188114362714295
-17.1884402591637
-17.188664356409372
-17.18881976137286
-17.188952242462463
-17.189130727607814
-17.189301959268846
-17.18955173554007
-17.189689348812635
-17.189853801039188
-17.19009625870778
-17.190239563554815
-17.190484655381695
-17.190587550393026
-17.190760181277405
-17.19085064618683
-17.191106259485295
-17.1912206039424
-17.191350499246944
-17.191601388350104
-17.19176736387667
-17.192014517561336
-17.19217815556598
-17.19231016452335
-17.192444642807615
-17.192566705162402
-17.192709416879616
-17.192928497574517
-17.19307735530253
-17.19328523439986
-17.193446561559732
-17.193594646562293
-17.193756119776943
-17.19393986165773
-17.194088494796613
-17.194247122954824
-17.194435310930714
-17.194592478221423
-17.1947452134683
-17.19490898911624
-17.195075081858565
-17.195378664267896
-17.195549514443368
-17.195744883366952
-17.19594108700463
-17.19616142807085
-17.196344291956773
-17.196538630217322
-17.196725929222424
-17.19691395140032
-17.1970195371441
-17.19731083825199
-17.19742727963063
-17.19760312290085
-17.197811180968042
-17.198030306212445
-17.198399422780472
-17.19862702917425
-17.198874775363652
-17.199109350132623
-17.199355552466738
-17.199426066474018
-17.19977625171243
-17.1999030549432
-17.2000846907793
-17.2003138196216
-17.200642431141322
-17.20085546584833
-17.20101616984367
-17.201282047750716
-17.201511081370136
-17.20175774568437
-17.201919043147875
-17.202076826801665
-17.20227341319459
-17.20250149565863
-17.20271657009588
-17.202927106677997
-17.20318549979486
-17.20340465485081
-17.203567810721736
-17.20373856376714
-17.20388999178868
-17.20408676418333
-17.20435325429409
-17.20449668022725
-17.204801565092946
-17.20493015580967
-17.205111110842154
-17.205275596058488
-17.205478904118475
-17.20559345363598
-17.20570791628985
-17.205831948479084
-17.205977042423097
-17.20609419882648
-17.206182476076922
-17.20627768736509
-17.206495390342678
-17.206689679876234
-17.20680452548241
-17.20699458933525
-17.207085699426017
-17.207230647581394
-17.20740852504104
-17.20751140172385
-17.207787772090352
-17.207920103610142
-17.2080419376932
-17.20815992971728
-17.208243723198315
-17.208351772355332
-17.208462444560084
-17.208565474568758
-17.20872763539453
-17.208777982904618
-17.208943303924766
-17.209014920341595
-17.20912394738818
-17.209232249685254
-17.209367648778624
-17.209478258313048
-17.20957682393913
-17.209665006223375
-17.20977763835777
-17.209898109369867
-17.210003659170365
-17.210195683011744
-17.2103816601577
-17.210503899772284
-17.210645318403987
-17.21074770876897
-17.21085827301495
-17.210990952477758
-17.211069699070052
-17.211145912133546
-17.211310684251934
-17.21136714973934
-17.211452941511887
-17.211519920204953
-17.211635684122424
-17.21176946189334
-17.211860269804863
-17.212022198344663
-17.212139774435798
-17.2122577830899
-17.21233496786646
-17.21242295337647
-17.21251173048129
-17.212593456934307
-17.21265451314826
-17.212794768601206
-17.21286243710746
-17.212935830941085
-17.213054947307423
-17.213150874555065
-17.21332821302775
-17.213408212020667
-17.213510847003068
-17.21364522394018
-17.21379375387469
-17.21389350661281
-17.213996458200402
-17.214092834202457
-17.214245143958493
-17.214349747720767
-17.214485732013543
-17.214566725151514
-17.214697332021764
-17.21484912810179
-17.21501276975568
-17.215129536160212
-17.215263133687763
-17.215355848098003
-17.21546330836659
-17.21564739243124
-17.21574373922639
-17.21581791696075
-17.215976517490468
-17.21606009195519
-17.216245266384334
-17.21641929537486
-17.216521269553297
-17.2166796972242
-17.216784644989822
-17.216915868909823
-17.217043189600666
-17.217123715493273
-17.217295147892443
-17.217424353139894
-17.217542780959917
-17.217689038977017
-17.217789913964328
-17.218046220082616
-17.218152396254897
-17.218282584990465
-17.21842187858409
-17.21853517718396
-17.21868513807371
-17.21881198434938
-17.218922784169955
-17.219029297660693
-17.21916751041408
-17.219304305439916
-17.219416915770868
-17.21953481203403
-17.2196217196977
-17.21973644404263
-17.219905442698295
-17.220034264646884
-17.220124255783716
-17.22021751312504
-17.22032248694544
-17.2204651730502
-17.220592187415996
-17.220702253764816
-17.220826352207904
-17.220981747972093
-17.221119583941313
-17.221267477428384
-17.221391523714868
-17.22154883785469
-17.22167308108616
-17.22184592391463
-17.22199210128551
-17.222102603583956
-17.2222439912444
-17.222372863291433
-17.222519623308003
-17.222664436632506
-17.222796870281954
-17.222982615989373
-17.223165788644316
-17.2232772476533
-17.22341374268371
-17.223546767559846
-17.22371328229671
-17.22388938867729
-17.22401001579175
-17.224133418931938
-17.224372376585983
-17.224484924017965
-17.224622966559174
-17.224817695369047
-17.224939831970136
-17.225072244522757
-17.225237531536887
-17.225361259084302
-17.225508690172322
-17.225648898785124
-17.225814183038068
-17.22597514780074
-17.22614980295736
-17.226285881907636
-17.22640982080176
-17.226544679645926
-17.226680183733272
-17.22681317065285
-17.22690026452403
-17.227027684868332
-17.227172541911962
-17.227325536434655
-17.22742065471227
-17.22756108007364
-17.22765902178019
-17.22775915946007
-17.227883099440568
-17.227962776260462
-17.228096535403758
