500 iters for seed 76 on ER0.3 which is in the 16.791534423828125 percentile
 Maxcut: 32.0, MedianCut: 22.0
-19.050646172412904
-22.008566912029316
-22.077490477511027
-22.127836660824244
-22.184766537896763
-22.222926095478307
-22.269343169305397
-22.306078494695548
-22.33617617680851
-22.35702477885398
-22.37551350364021
-22.39087378815928
-22.408667700041317
-22.427081734779573
-22.441478972210255
-22.452853002676203
-22.46302826764562
-22.47604480007883
-22.484297901016824
-22.49306368312173
-22.502199463155204
-22.50892093576175
-22.51572068232135
-22.523549624030785
-22.52722398762474
-22.532629887020175
-22.538606091417087
-22.54466913220459
-22.549845936925774
-22.5545999409114
-22.55871965720117
-22.56277868395817
-22.567254593923355
-22.57075284822029
-22.574349498584652
-22.578430815322207
-22.581879052114704
-22.584545124667372
-22.588112687768472
-22.590674844110993
-22.594451797761376
-22.596537465501115
-22.59869488609418
-22.60153393192673
-22.60409922311004
-22.606970858368843
-22.60957627658502
-22.612033408695467
-22.61504481954779
-22.617421864455206
-22.61968235430669
-22.621939067372836
-22.62409048216379
-22.62664054939013
-22.62939391462606
-22.63075611794001
-22.63326452508951
-22.634345906446267
-22.63637975719342
-22.637779091497855
-22.639133469743776
-22.641147697710664
-22.643065029741862
-22.644348679307168
-22.646463426328186
-22.64762621725085
-22.649011325474092
-22.65141393137803
-22.652757307384906
-22.654816112264914
-22.656551981397385
-22.65831828383202
-22.66008447019261
-22.662097555239125
-22.663676520969343
-22.665014703261786
-22.666478241456613
-22.667907649937327
-22.669832604804142
-22.67147907895935
-22.673086698228207
-22.674490549303673
-22.675907124434424
-22.6768966581387
-22.677931890773603
-22.679110329619107
-22.680137566906648
-22.681366754292622
-22.682360210992343
-22.683272542758857
-22.68412665672661
-22.685179069222624
-22.686269264509157
-22.687173058344527
-22.688546380495843
-22.689420151602405
-22.690418521682986
-22.69198087546282
-22.692892198868687
-22.69371166662705
-22.69547953283263
-22.696288926265787
-22.69714980362108
-22.69872885963579
-22.699458866761958
-22.7005275800825
-22.701614483563887
-22.702715608601036
-22.70328622472445
-22.704527479173823
-22.704978354715735
-22.706089622085088
-22.70668772014732
-22.707301341980447
-22.707922854916948
-22.708708934804683
-22.709299770863304
-22.709844657238747
-22.71027256869244
-22.710880104761642
-22.711296317611026
-22.711709333747823
-22.712431034972948
-22.712796139904256
-22.713383767359907
-22.713796309161452
-22.714325683788587
-22.714794183471632
-22.71520415764164
-22.71587758427466
-22.716338449208813
-22.71689621251143
-22.7175099072376
-22.718165299405193
-22.71876788558368
-22.71947686594465
-22.720054125051675
-22.720525932080008
-22.721138285076243
-22.72171801681598
-22.72216277492153
-22.722794674358077
-22.72334030075465
-22.723961887163018
-22.724579948304566
-22.724942510518844
-22.725517952182553
-22.72600318362216
-22.726422430778207
-22.726811294556857
-22.7272044917949
-22.727590036914105
-22.728229249854284
-22.72860465646129
-22.729060737065403
-22.729396608877483
-22.729969345262898
-22.730295462849902
-22.730590685508737
-22.731112511912592
-22.73124727394766
-22.732073681222953
-22.732349719219634
-22.732746795920082
-22.733371670520118
-22.733553745953685
-22.73455083980639
-22.73486451301603
-22.735259508783066
-22.735840555607844
-22.736516915836287
-22.737366678371913
-22.73775794266419
-22.738258745120397
-22.738571311168407
-22.739100813501953
-22.739616251859086
-22.739914840319376
-22.74059835954805
-22.74070769563928
-22.741448070067168
-22.741668799174292
-22.742038340490154
-22.742503039077103
-22.743046923599533
-22.743398417395547
-22.743833554721025
-22.744087037527976
-22.744416672723872
-22.74478374282261
-22.74501475900832
-22.745449866885398
-22.745810740565904
-22.746002958789155
-22.746317228862722
-22.74656539342956
-22.74689799771315
-22.74715398417817
-22.747391250164995
-22.74758682318444
-22.74783199860405
-22.748091599145212
-22.748324985337668
-22.74863157640211
-22.748865378850542
-22.749036123214868
-22.74933932161708
-22.749566119409693
-22.749878842360935
-22.750099821608664
-22.75034400008255
-22.750527316406664
-22.750795769979625
-22.750994375640012
-22.751274654457298
-22.751469676283378
-22.751667389985748
-22.75187069474869
-22.75212007820928
-22.752304170805477
-22.75252232474753
-22.752750153328005
-22.75302622660176
-22.753316452309143
-22.753556336527566
-22.753771730774158
-22.75398300215914
-22.7541936132287
-22.75436042591494
-22.754578470228353
-22.754921548137688
-22.755096063755637
-22.75535454938313
-22.7555329538441
-22.755785906119357
-22.755946736562997
-22.756107750456728
-22.756246064177873
-22.756412370881343
-22.756708896308396
-22.756913168485628
-22.757206166643062
-22.75746828173643
-22.757646810370513
-22.75782238368585
-22.758004699964157
-22.75820733748658
-22.758433430051745
-22.758658178596935
-22.758805200787478
-22.759032948677127
-22.75918994108217
-22.759313711044367
-22.759592789409332
-22.759755755706415
-22.760018668355162
-22.760219785374783
-22.760424591717648
-22.760670166599734
-22.760870946244452
-22.761079043639732
-22.761265284677663
-22.76139697036968
-22.761579888605098
-22.761868082966313
-22.761999357998832
-22.762182470174018
-22.76241577064709
-22.762589669764736
-22.762779882883674
-22.762933608732013
-22.76306293726865
-22.763249906077935
-22.763365734219654
-22.763576830583915
-22.763724788780692
-22.76388037741462
-22.764146569439657
-22.764299943215953
-22.764509107171246
-22.764665180386917
-22.764856367606853
-22.76504841572696
-22.76521684405736
-22.765358623177516
-22.7655176192797
-22.76568730616209
-22.76588381525058
-22.766068659309983
-22.766255523879966
-22.76650051258197
-22.76674907675424
-22.766935552050665
-22.76720221413895
-22.767329655069503
-22.767552228450402
-22.76774434112
-22.767901325177867
-22.7681953500555
-22.768409086964567
-22.768667291578026
-22.76884647408253
-22.769043742425453
-22.76945227288453
-22.76953909776445
-22.770015306038072
-22.770192823566305
-22.770427029280647
-22.77081283979179
-22.77127895565892
-22.77172303299761
-22.771965953997213
-22.772197647516727
-22.772444441701246
-22.772731066879935
-22.772957654333418
-22.77316726693509
-22.77338534543642
-22.773637892379675
-22.773885117483587
-22.77411739334898
-22.774338335479978
-22.774603988458118
-22.774848036518378
-22.77508245745727
-22.77542118295662
-22.775723400705736
-22.77595067252883
-22.776345874232998
-22.776490502485988
-22.776712835897815
-22.77693636801704
-22.777132756183768
-22.77750916390804
-22.77773207438737
-22.777921811093176
-22.778128426537073
-22.778342958515303
-22.778572736981886
-22.778792584499886
-22.778979743034895
-22.77917651120459
-22.779380082262996
-22.77961291260059
-22.77971651607506
-22.779867713717064
-22.78000527873946
-22.780153860732362
-22.780284751554383
-22.78040904163236
-22.78053724051781
-22.780741884445337
-22.78081758954181
-22.780967232170518
-22.781059585636136
-22.78117518676857
-22.781350744572787
-22.78147228157193
-22.781661424122856
-22.78179927789429
-22.781931663261656
-22.782050095233522
-22.782162514960035
-22.782300137284807
-22.782447008595938
-22.782621440846846
-22.782767737299963
-22.78289748817924
-22.78305793580388
-22.78318223254412
-22.783328911776756
-22.783503169893105
-22.78362914283412
-22.783791557221726
-22.783937780288195
-22.784057099528113
-22.784232775278063
-22.784356067189716
-22.784467357795766
-22.78459306007574
-22.784687293381186
-22.78482977509607
-22.784949111181987
-22.785024831795226
-22.785146183666896
-22.785253265822913
-22.7853844765276
-22.78550407633422
-22.785620363340946
-22.785689221914105
-22.785809534652987
-22.78589022480117
-22.785990860784707
-22.786069646861314
-22.78612928007533
-22.78625577713226
-22.78630259886952
-22.786423897122123
-22.78648076266598
-22.78655644973624
-22.786671750670816
-22.78674188333671
-22.786848619961642
-22.786932816125535
-22.787024134205605
-22.7871203655432
-22.787219652313222
-22.787356429134327
-22.787426396671492
-22.787500469332652
-22.787604859720357
-22.787666175334618
-22.787786466707256
-22.787895598799935
-22.787980208478636
-22.788092329371132
-22.788175612380858
-22.788278479438738
-22.788389617825032
-22.788457982000285
-22.788548116633752
-22.788662668451874
-22.788723368240557
-22.788822048192287
-22.78890830795542
-22.789019876201138
-22.78909621802798
-22.789176596407238
-22.78925742921215
-22.789356735001206
-22.789446282750696
-22.789528355588274
-22.789590044760036
-22.789671814803775
-22.789739338095345
-22.789798989684293
-22.78992069224197
-22.789984815435453
-22.790054647389148
-22.79012593931295
-22.790199782412376
-22.790291734727006
-22.790384496899893
-22.79046138498363
-22.790536280769626
-22.79062155180803
-22.790701042773456
-22.790817748774042
-22.790898775590016
-22.790982839565352
-22.791079495106004
-22.791153472385176
-22.791231061282204
-22.791344273023427
-22.791431089602064
-22.79150147717373
-22.79158475093379
-22.79165815178311
-22.791765237471598
-22.79183874493928
-22.791910416185324
-22.79198502339997
-22.792062637057768
-22.79215162343916
-22.792226992349782
-22.792314693014816
-22.7923788711586
-22.79245106846379
-22.79254841754129
-22.792616612899465
-22.7926820230546
-22.792790988481784
-22.79284845700575
-22.792903155599863
-22.792991248484228
-22.793039621230278
-22.79312914287911
-22.793206873343784
-22.793275326728335
-22.793368959371318
-22.793441082802563
-22.793504179810554
-22.793588569335295
-22.79364868285796
-22.793744267666874
-22.79383005882794
-22.79388091734069
-22.793975262672767
-22.794048512559833
-22.7941327737274
-22.794221822682573
-22.794302864494625
-22.79436093834131
-22.79447724000498
-22.794525169134307
-22.794600495977573
-22.794702263900202
-22.794810795434774
-22.794887111681522
-22.79501511086535
