500 iters for seed 19 on ER0.3 which is in the 69.48165893554688 percentile
 Maxcut: 29.0, MedianCut: 18.0
-19.000000342856282
-19.00000126408121
-19.00000447310925
-19.000015811849163
-19.00005611098597
-19.000199964197673
-19.018221901969984
-19.04442591337722
-19.084410845510668
-19.134403983364873
-19.191472645330915
-19.851963774176824
-20.16034555347216
-20.53117778842771
-20.9197515290329
-21.141940453490932
-21.528044099509767
-21.842526761717213
-22.17348487908469
-22.51543143631189
-22.82303412089047
-23.01489809738575
-23.15896957730321
-23.303144867113044
-23.437074936898124
-23.553072831034104
-23.6244155872928
-23.694596677658062
-23.756846212651407
-23.80543419748295
-23.832486354908884
-23.86193490565466
-23.885443731990495
-23.912218234394306
-23.9327604539674
-23.958770162287216
-24.000731192289535
-24.018697434619558
-24.059324219822674
-24.072972019478062
-24.096346879903862
-24.125655179903443
-24.153513627297276
-24.176778098350564
-24.202001877338365
-24.2298239384598
-24.258680114120438
-24.28245334020584
-24.30233855290014
-24.327199743171498
-24.352504765631487
-24.372527173605384
-24.390016869897945
-24.410982359932174
-24.426322674832893
-24.444058102545682
-24.461432739921094
-24.47878330487337
-24.494164578914443
-24.507927163955586
-24.52114245807501
-24.532734074977547
-24.54618595183433
-24.558240381779573
-24.569789008802793
-24.58129166837765
-24.602171530867157
-24.620872966315453
-24.636191672515928
-24.652381658014686
-24.674175892993922
-24.696292304270163
-24.71177326561736
-24.725360044294405
-24.738666314919858
-24.751182947299448
-24.76270706419813
-24.78126280893605
-24.79543906595338
-24.806101873969904
-24.82061402321595
-24.832040439955914
-24.846188357640564
-24.860039960197312
-24.87677739068423
-24.888427949915396
-24.89832418567289
-24.91453510805559
-24.923609931489665
-24.9344598833022
-24.941403612644052
-24.948365265539216
-24.955214201663495
-24.961235070497874
-24.967421288925493
-24.972040289927044
-24.975825788473852
-24.981076510998907
-24.982841457843907
-24.988472181138018
-24.990718790881886
-24.993512175605314
-24.99763434935443
-24.99989203971141
-25.00245046280854
-25.004282959856493
-25.006502454152532
-25.009328540465102
-25.013993560838117
-25.017346569987378
-25.02149749453856
-25.027298812928937
-25.033534341539706
-25.048885033837752
-25.062979770296586
-25.087796732214223
-25.121826095118173
-25.16749816397757
-25.23121358930937
-25.286293615087132
-25.3582852092315
-25.443785276717453
-25.51122142762422
-25.574198194393784
-25.64492485543372
-25.73821783348456
-25.789045849010908
-25.84941217952202
-25.91980336155673
-25.998444732683435
-26.085484734043206
-26.183764825226188
-26.250650471651024
-26.333638966197636
-26.415876956554133
-26.49220315547978
-26.57252583438062
-26.615372795805747
-26.662600266623194
-26.697200939438634
-26.720179353500544
-26.74903857371409
-26.77331920115
-26.79166590054698
-26.817182377280016
-26.83145922755038
-26.854554740327465
-26.863384331977343
-26.873531911603187
-26.888166628028777
-26.89235082462245
-26.90919216979532
-26.91298276368338
-26.919163272809723
-26.925924225258058
-26.93273934408525
-26.93661317551542
-26.941925953144526
-26.945953054439137
-26.950955057783634
-26.955650398676717
-26.959476313013962
-26.962403381742124
-26.967540321001394
-26.96990168284054
-26.972612662228958
-26.975501299950995
-26.97783509266047
-26.97973696459913
-26.98224014566548
-26.983539710975563
-26.98526139809993
-26.987128003852767
-26.988622633055847
-26.98981615506032
-26.99065130103459
-26.99146070344923
-26.991790746871647
-26.992856691356337
-26.99318916620704
-26.993606779976645
-26.994273757324805
-26.99469823791743
-26.995105346535777
-26.995350129383123
-26.995715963883438
-26.996384788569515
-26.996721299262887
-26.997024116919167
-26.99724170158636
-26.997419360996453
-26.997587405598317
-26.99781513288071
-26.997976207990796
-26.99827884466261
-26.99841042515058
-26.9985711709798
-26.998655305961766
-26.99878024298941
-26.998977445705552
-26.999070855372345
-26.99916870982079
-26.999234068097827
-26.999325963386767
-26.999365930797318
-26.999429372800858
-26.99945943420705
-26.99949286038899
-26.999519291574426
-26.999562308660764
-26.99959408367935
-26.999618419152075
-26.999659288303206
-26.99966748510753
-26.999704091241224
-26.999713394486474
-26.999733795370858
-26.99976672408976
-26.9997829166651
-26.999802311132996
-26.99981812356745
-26.99983397423673
-26.999848365138238
-26.999858215746666
-26.999868605046117
-26.999879081728086
-26.999891328747516
-26.999900642250818
-26.999909067360644
-26.999916676151532
-26.99992556191002
-26.999934522619004
-26.99994145421588
-26.999948828164218
-26.999954742403805
-26.999959854592674
-26.99996450980102
-26.999966388483546
-26.999969480344248
-26.999971039602155
-26.999972762197682
-26.999975932395582
-26.999977634494982
-26.99997964603884
-26.999980745335318
-26.999981794002824
-26.999983182778536
-26.999984164026912
-26.99998526203308
-26.999986196795838
-26.999986900955797
-26.99998756370277
-26.99998817693437
-26.99998896581887
-26.99998974023715
-26.999990383597517
-26.999991400453226
-26.99999177495617
-26.9999924933827
-26.99999344015818
-26.999993604104247
-26.999994482532657
-26.999994661277846
-26.999995013369382
-26.999995428256902
-26.99999560553165
-26.99999604363191
-26.999996210380633
-26.999996465487992
-26.999996654383732
-26.999996969359003
-26.99999712621955
-26.999997283272407
-26.99999753401017
-26.999997651313876
-26.999997919029244
-26.99999801467559
-26.999998134435998
-26.99999830735223
-26.999998471110867
-26.999998564468495
-26.99999866129293
-26.999998821582
-26.999998913026673
-26.999999035454326
-26.99999910796877
-26.999999174115043
-26.999999308023522
-26.999999393634095
-26.999999468229593
-26.999999530911037
-26.99999957898395
