500 iters for seed 129 on ER0.3 which is in the 85.54306030273438 percentile
 Maxcut: 35.0, MedianCut: 25.0
-27.999999795118615
-27.99999986769657
-27.99999997931713
-28.000000187978504
-28.000000921259915
-28.00000685988801
-28.000021846548268
-28.000062935115288
-28.000161833035474
-28.001151256307544
-28.001225926237318
-28.00279313958822
-28.005702821890676
-28.017918033491604
-28.087056811540197
-28.14544338415703
-28.193903191605013
-28.464037423284328
-28.863570780171887
-29.024214610321604
-29.331263785408265
-29.553913082593656
-29.7879977519184
-29.92381703611055
-30.286423584912317
-30.400229913306966
-30.513771871210395
-30.61058401482218
-30.682473283718107
-30.736654670318682
-30.79904161090845
-30.843198426682736
-30.88255769369574
-30.90334450027361
-30.928661590402232
-30.95272896983888
-30.976580348846937
-30.987313120326892
-31.000469688650426
-31.01541883567037
-31.03218968127233
-31.046245287341073
-31.06191785782271
-31.078107698098755
-31.095204182311697
-31.108880586580604
-31.11888279436372
-31.131008762617007
-31.151594997664183
-31.16947251349547
-31.18244650351407
-31.202381932293324
-31.218110108080715
-31.238269441043773
-31.27035922249696
-31.298302634029888
-31.336611090553042
-31.37231810175116
-31.39088434425874
-31.420830479818644
-31.44697200490804
-31.47531809717757
-31.504941969351886
-31.524886312349125
-31.556403139096673
-31.57708643497496
-31.59664249926788
-31.614011896943193
-31.64914837351144
-31.666306437083858
-31.685764146596643
-31.704442919307994
-31.72656329830848
-31.73890178447889
-31.753205830924895
-31.764624075736325
-31.78061414729631
-31.78698736606042
-31.79641411210921
-31.812139691256565
-31.82463336807089
-31.840003435987583
-31.847949188544206
-31.8587774961821
-31.867409326849238
-31.877542856492354
-31.88369091333144
-31.890298646703894
-31.897076975570062
-31.904374290609194
-31.9115184959294
-31.917252423150632
-31.92624038822998
-31.93519030418454
-31.939435319882122
-31.9446375095369
-31.949177225049173
-31.953263137684186
-31.9566443984006
-31.959408789925295
-31.963308323973422
-31.967218874213007
-31.97118660325422
-31.974649378191117
-31.977438239905176
-31.97977826356386
-31.981983719189245
-31.98347075019448
-31.98520364295266
-31.986952880889245
-31.987979934779094
-31.98908676892249
-31.990230887034087
-31.991345059749293
-31.99173711557826
-31.99314589492394
-31.993583048466878
-31.99419483635361
-31.994886310425034
-31.995384458718227
-31.9960696370968
-31.996355798983057
-31.99668455950289
-31.996967522681665
-31.997191705936295
-31.997579734609104
-31.997743629060455
-31.99796487744075
-31.998133527041556
-31.99826734990366
-31.998431607088236
-31.998620952854154
-31.998696070631997
-31.998794055019093
-31.998878065950166
-31.99898511307492
-31.99911777437297
-31.99922192973584
-31.999238273210853
-31.999396283793587
-31.999436173631562
-31.999502250408497
-31.999546579601837
-31.999609679694107
-31.99964462150193
-31.999671039793906
-31.999720250113175
-31.99976007790638
-31.999789648081617
-31.99980639446088
-31.999819629452304
-31.999831512786628
-31.99985627175553
-31.9998630753693
-31.999874276147196
-31.999888900333076
-31.999898067990294
-31.99990883672552
-31.999914175946213
-31.99992190731918
-31.999923903763012
-31.999934552607588
-31.999937596445356
-31.9999417298529
-31.999947266040575
-31.999949516603728
-31.999960833702357
-31.99996357043426
-31.999966398501435
-31.9999705154973
-31.999972754008567
-31.999976505976605
-31.99997921222013
-31.999981829962444
-31.99998308714156
-31.99998526323896
-31.99998634190647
-31.99998770830988
-31.999989635842745
-31.999990191738057
-31.9999926822891
-31.999993143635272
-31.999993828116832
-31.99999448616774
-31.999995136642
-31.99999549322959
-31.999995936940348
-31.999996244089612
-31.99999655877559
-31.99999697786183
-31.999997172869094
-31.99999754149771
-31.99999781793163
-31.99999800536997
-31.999998310625177
-31.99999850666093
-31.99999879137443
-31.999998950802887
-31.999999057314795
-31.999999176652736
-31.99999929623791
-31.999999346342758
