500 iters for seed 60 on ER0.3 which is in the 41.222381591796875 percentile
 Maxcut: 26.0, MedianCut: 17.0
-16.007413481290623
-16.489521511332068
-16.51517651908156
-16.51878703382067
-16.544653618897154
-16.586734217992202
-16.64423521107375
-16.670021059634315
-16.70605865499401
-16.738574476021775
-16.76445613589154
-16.76855482371761
-16.795164818448757
-16.80916615516057
-16.82126916073097
-16.84270428607203
-16.853204469861687
-16.866052953580475
-16.88006821199891
-16.889785852215944
-16.904959217885153
-16.914501513743087
-16.924183903333756
-16.933418253307913
-16.9410909999622
-16.948608313179278
-16.95701188952992
-16.9619661906554
-16.96801835456562
-16.974460868319753
-16.980747598597503
-16.98706593993872
-16.991453019836623
-16.998967934546926
-17.004231529307972
-17.010173576741032
-17.014927824547538
-17.018673531425133
-17.02229292451529
-17.025236412062014
-17.02797035749125
-17.030832304513375
-17.03551587969547
-17.038964164513338
-17.042225723287387
-17.0453040764744
-17.048888608024036
-17.052817652238907
-17.056519997803008
-17.058697297813588
-17.061096277975544
-17.063522906686497
-17.065360254921657
-17.068822045355347
-17.07083925156988
-17.07316684781751
-17.07529880397567
-17.07694545198211
-17.078616711576544
-17.080936511108526
-17.08252978633667
-17.08415965377665
-17.086094488984475
-17.087520768298262
-17.088963941382957
-17.090202310486923
-17.092481299568377
-17.093996050444865
-17.095867935278896
-17.097419247997756
-17.098895046580743
-17.100404187650792
-17.102035184149123
-17.10336722878749
-17.104960864697347
-17.106390008754325
-17.107848069768135
-17.108668057748577
-17.10958313237723
-17.11027512416924
-17.111280856190984
-17.112981486044216
-17.113784126765946
-17.115035723746452
-17.11618177851302
-17.11717411608612
-17.118153011609316
-17.11917450941017
-17.12030195308415
-17.12132781487873
-17.12238624773564
-17.12353966347691
-17.124195048430206
-17.125558542747847
-17.126574400134167
-17.127716548801345
-17.1284297272092
-17.129418831812597
-17.130127926814254
-17.131486554967886
-17.13215942320696
-17.132964575394098
-17.133648670362152
-17.134582742903476
-17.135019653395037
-17.135630336972532
-17.136676411072884
-17.137275372227037
-17.13825952351056
-17.13919781676824
-17.13998938558621
-17.140705647998214
-17.141341569975495
-17.142096332237045
-17.142579598516647
-17.143085046184005
-17.143567712880596
-17.14394917503288
-17.144399424084604
-17.14497421183453
-17.145600213497257
-17.146148634417635
-17.146620513005928
-17.147112265384827
-17.14758648888921
-17.148187620585716
-17.14889168441524
-17.14928262969336
-17.149868061591725
-17.150322186456943
-17.150754548944413
-17.15139599171595
-17.151815897399487
-17.15232386945091
-17.15306731717302
-17.15357487459485
-17.154103496609885
-17.15487056730975
-17.155030302038128
-17.155936106328713
-17.15627859404875
-17.156902850199362
-17.157284507120472
-17.15794140735311
-17.158366248593545
-17.15887639037003
-17.159624337071385
-17.160005583272703
-17.160999226222028
-17.161337446735793
-17.16193321328479
-17.162491842834463
-17.16320777729145
-17.163648346695528
-17.164050376059027
-17.164646282733592
-17.165112876183507
-17.16556741647632
-17.165852572293907
-17.16629191451005
-17.166858962398805
-17.167391524439246
-17.167766337116593
-17.16818322491035
-17.168343542246852
-17.169012177199647
-17.16928270697921
-17.16956664220005
-17.169948265964884
-17.170215128003427
-17.170638763378804
-17.17090120602591
-17.17124307038896
-17.17148573138453
-17.171811407783302
-17.172059921601647
-17.17230269674515
-17.17272842705608
-17.173025251493637
-17.173425164390967
-17.173676199233206
-17.173953618334632
-17.174415891364877
-17.174854525539374
-17.175090060625372
-17.17528901596135
-17.175549978879598
-17.175954118436096
-17.17647404844554
-17.176860749784623
-17.17719989092076
-17.177658180745553
-17.17802073134682
-17.178427277282648
-17.1788072103271
-17.179101981450838
-17.179403641956117
-17.179772542866747
-17.180026452736143
-17.180321832488715
-17.180615600623764
-17.180801662782883
-17.181263948686812
-17.181588495750944
-17.182025346001343
-17.182377837873926
-17.182735672981984
-17.183088570882774
-17.183448544891995
-17.183868503188464
-17.184168567767607
-17.18447913739457
-17.18478821033824
-17.185009074468002
-17.185216592597854
-17.185708666681514
-17.185964856328305
-17.18630268215704
-17.186722220245354
-17.187069356236712
-17.1873607399064
-17.187695261627855
-17.18796190607172
-17.188291056326534
-17.18862792672542
-17.18884100071546
-17.189093490692198
-17.189335763913185
-17.189652404799055
-17.18992517581525
-17.190318449420584
-17.190713428807783
-17.19110857890168
-17.191441788731353
-17.191677816717057
-17.19207215723165
-17.19221657520753
-17.192495240280188
-17.19269419904135
-17.192840508415422
-17.193076580351907
-17.193316716638726
-17.193598328537416
-17.19376670279123
-17.194122978178278
-17.194261321781223
-17.194571087550337
-17.194750206318545
-17.194992328527572
-17.195365473394993
-17.195572599582185
-17.195829996940233
-17.196013033042227
-17.196155837355466
-17.19633268510993
-17.196552526724943
-17.196685226794592
-17.19697662373977
-17.19711472206497
-17.19741581063251
-17.19757333591851
-17.197763113809977
-17.198122504527905
-17.198305212600207
-17.19881206391954
-17.19895861285126
-17.199179589523354
-17.19923953750012
-17.199542338256578
-17.19969071202627
-17.19985734636753
-17.200095307118858
-17.200280995371585
-17.20054121620425
-17.20072384573265
-17.200942912633415
-17.20111454295783
-17.201340140946815
-17.20151037630025
-17.201662145413273
-17.201729429504393
-17.20200343667099
-17.202108023327945
-17.202255272105475
-17.202449465427165
-17.2024929201169
-17.20288024128483
-17.20298213461828
-17.203161406943806
-17.2033973336876
-17.203529012860695
-17.203811210435468
-17.203931599951073
-17.204123025628654
-17.20423771809177
-17.204493923540497
-17.204602637112156
-17.204712158162568
-17.20484599005206
-17.205015679612565
-17.20524062459087
-17.205301927377413
-17.205580845084818
-17.205679537169054
-17.205850550233002
-17.20603512162274
-17.206198788537467
-17.206311529004974
-17.206401927915813
-17.206529997027147
-17.206602815624365
-17.206793748184637
-17.206863718704334
-17.206957917356867
-17.20711617251385
-17.20724261833785
-17.20735312236832
-17.20747166039611
-17.207590441943246
-17.20768896381702
-17.207828668338966
-17.207898067124077
-17.207982748454853
-17.20807148709951
-17.208181391149317
-17.208300306838424
-17.2084154565293
-17.208562443816078
-17.208683539162614
-17.208777372763887
-17.208984791137706
-17.209104139818294
-17.20923300811709
-17.20938019947355
-17.209424726495804
-17.20949116583975
-17.2095933956831
-17.209670318048158
-17.209805945281182
-17.20988554704811
-17.210074148200903
-17.21014585665309
-17.210260861541897
-17.210329982682136
-17.21047170238041
-17.210564790823533
-17.21065061216069
-17.21080048968081
-17.210882601043778
-17.211034444335112
-17.211124536311445
-17.21123910035547
-17.211350589855023
-17.211495636269326
-17.21159068092738
-17.21169217409705
-17.211825540884742
-17.211963198251702
-17.21210383089266
-17.212273633372682
-17.212381018260313
-17.21250479281767
-17.212624052420743
-17.21275359907422
-17.21291758133436
-17.21303681014718
-17.21312062519752
-17.213349868739268
-17.213516720993365
-17.213718029441836
-17.21386201560105
-17.213984931802354
-17.21415656774185
-17.214292503456935
-17.21441154725618
-17.2145207808392
-17.214653480100978
-17.214801193990915
-17.214941190449668
-17.21503751679361
-17.215183070133026
-17.215423553451544
-17.215580381098704
-17.215736322662742
-17.215862877608295
-17.216009626951973
-17.216200104512687
-17.21643121403869
-17.216562184496283
-17.216709730869436
-17.216790104787663
-17.216931172202823
-17.21710727780666
-17.217198791986338
-17.217438444535738
-17.217562108270975
-17.21771718180637
-17.217842827282688
-17.217985575828052
-17.21812701030041
-17.218247300106075
-17.21835006636139
-17.218456685052146
-17.21857852782045
-17.218676880694794
-17.218780217375766
-17.2189028585003
-17.21903985420097
-17.21915313330004
-17.21925228149142
-17.219415464230174
-17.219554966817753
-17.219676180494467
-17.219818564017007
-17.21992108918215
-17.220068365695216
-17.22020479841091
-17.220305293588275
-17.22041073602704
-17.220600909834374
-17.220648176464863
-17.220892150494034
-17.220964574884807
-17.22109235835771
-17.221237935044037
-17.22134690068987
-17.221522223721657
-17.221638630462028
-17.221776065195385
-17.22183561693945
-17.22196316410666
-17.222032198459836
-17.22211808148855
-17.222261388917325
-17.222365606826507
-17.2225793559515
-17.22266824225175
-17.222772959938833
-17.22284367199076
-17.222944289913208
-17.22304305667673
-17.22311123207206
-17.223300017265807
-17.223366767600567
-17.223510417872745
-17.22361639699787
-17.223754110503307
-17.22388060107575
-17.223976603031048
-17.224136468089387
-17.22420010633101
-17.224323005014732
-17.22442501487375
-17.224519936598057
-17.22467455009302
-17.224835247240502
-17.22493606478924
-17.225026859155648
-17.225116368970532
-17.22524623465625
-17.22536077579649
-17.225460799988138
-17.225538158117704
-17.225699208750996
-17.22577451683869
-17.225865689596368
-17.225988845110138
-17.22607692146685
-17.226167067082443
-17.226340675325755
-17.226418808180924
-17.226505938451012
-17.226586066047698
-17.22667011182682
-17.22685343181456
-17.22696002487752
-17.227140116383758
-17.227300658395293
-17.22746970696298
-17.227612666475142
-17.227767034820378
-17.227902505974082
-17.228057602243094
-17.228160093071494
-17.228308143051233
-17.228423230497505
-17.228535151740846
-17.228632547917876
-17.228802138532174
-17.228907873908426
-17.229019832875267
-17.22913069041013
-17.229251600048002
-17.22944451892462
-17.22954531994393
-17.22966838824245
-17.229759517024277
-17.229860174362045
-17.229948447993962
-17.2300968958398
