500 iters for seed 153 on ER0.3 which is in the 35.594940185546875 percentile
 Maxcut: 30.0, MedianCut: 20.0
-19.01431298991314
-20.012393528337572
-20.039476252007166
-20.083396012176387
-20.163788827403597
-20.17797740249468
-20.229913393475083
-20.263375426776673
-20.289499503000965
-20.316923686107938
-20.342531025335767
-20.366013253900096
-20.386050790977343
-20.403035551253993
-20.417658391697046
-20.431292672248652
-20.441816401869865
-20.450558541221113
-20.460533225614935
-20.470928401383112
-20.478758772483786
-20.48512080628133
-20.491445156017306
-20.497885658516164
-20.505475042098603
-20.51282686700786
-20.5200668250249
-20.52681961008736
-20.533517684778104
-20.53909818687212
-20.543787244034704
-20.547618554666
-20.550171534537547
-20.5548451877061
-20.557883287883392
-20.561349216424716
-20.565481887737832
-20.568147784857285
-20.571827021639322
-20.574614520699626
-20.577488129352908
-20.580151813475382
-20.58319108761055
-20.585874607302443
-20.588500855777546
-20.59000826949437
-20.592751727485183
-20.594270193562554
-20.59609432315194
-20.597868326412566
-20.60017171991173
-20.60196349553521
-20.60344579751516
-20.60502227502083
-20.60684243966211
-20.608837654554577
-20.61066870198456
-20.613287407343357
-20.61582751756152
-20.617711935073267
-20.620055795188968
-20.621827047683276
-20.623867445149678
-20.626184275523208
-20.62776887735103
-20.63007679482002
-20.63213057681586
-20.633997175689153
-20.635346500266028
-20.63684296636289
-20.638822843568818
-20.64079543670066
-20.642197427679232
-20.643759470695382
-20.64538273456431
-20.647183348344896
-20.648842440602138
-20.64999810927437
-20.65090795863409
-20.652645583730283
-20.653272016969645
-20.65451203572873
-20.655257795979264
-20.656156209022217
-20.656960848663477
-20.657578776243103
-20.659052938814984
-20.65974909657298
-20.66073732263536
-20.66157711994283
-20.662369459059747
-20.66309578985637
-20.663954882983997
-20.664762140366754
-20.665478197251225
-20.6662683621503
-20.667195260312642
-20.66796411402717
-20.668588141534265
-20.66959998965525
-20.67037767269084
-20.671564442844176
-20.672601612361802
-20.673584853698372
-20.674653137924047
-20.675531027516453
-20.676104544670856
-20.677014620635063
-20.677558070185224
-20.678090251637506
-20.67886102364672
-20.679240071336267
-20.67992837791746
-20.680522183687998
-20.680907565747052
-20.68169553432836
-20.682185377033203
-20.682770511205554
-20.68342223682136
-20.68379913119645
-20.684173973831655
-20.68482832945567
-20.68526723518952
-20.68580208902739
-20.686399949081434
-20.686805296273764
-20.687199714899542
-20.688016800854086
-20.688476195950678
-20.689220620086573
-20.689730153527165
-20.69036153648944
-20.690795402776473
-20.69129868170166
-20.691920025899062
-20.69236196028256
-20.692620946909866
-20.693669218082803
-20.694026237975162
-20.694550078509298
-20.69534871269632
-20.69690634861773
-20.697601594405835
-20.6983897817374
-20.699182067101923
-20.699911132231353
-20.700837564298606
-20.701690929915927
-20.702438779166766
-20.702932953421616
-20.703523714393235
-20.704423766179993
-20.704996490787394
-20.705423311573185
-20.706391585236908
-20.706827642074323
-20.707413713444467
-20.708023785385638
-20.70855847696513
-20.70898210872215
-20.709384292097962
-20.709693823320944
-20.710106584946722
-20.710590725664378
-20.71109417665089
-20.71148564308089
-20.712036013430392
-20.712600326639723
-20.713278892817446
-20.71377244019206
-20.71422493106304
-20.714677122916314
-20.715039301024735
-20.71546061460547
-20.715915274500816
-20.71623572030022
-20.716655774667434
-20.717018682976573
-20.717290013045123
-20.717705559205807
-20.718019172299464
-20.71826792704983
-20.718708599110887
-20.71899714788924
-20.719381083963626
-20.719841427390858
-20.720167440958804
-20.720380570266485
-20.72082163877516
-20.7210496695756
-20.721311064306715
-20.721716992591787
-20.721961778291856
-20.722476091501047
-20.72255934718243
-20.722988654648667
-20.72313960464598
-20.723400728123792
-20.723744814186887
-20.72411145329309
-20.724396866613283
-20.724704551131474
-20.724919698659406
-20.725123684597463
-20.725497118987512
-20.72570727369166
-20.72592011838055
-20.726400279072497
-20.726535075612645
-20.72682755284934
-20.727025419943303
-20.72729224284102
-20.727606286532684
-20.727891741571586
-20.728364833507563
-20.728665623486563
-20.728956928566593
-20.729206210567806
-20.729536869347093
-20.72978952969425
-20.73004587250296
-20.73035182325766
-20.730581250674618
-20.73089975924944
-20.731194074122886
-20.731480076430394
-20.731738685699202
-20.7319453535875
-20.73227891681052
-20.732630646345484
-20.732918833985824
-20.733130250956698
-20.733346316337613
-20.733576590327335
-20.733846209474592
-20.734127909224135
-20.734309699993187
-20.734604501099643
-20.734765472635782
-20.73508346120194
-20.73524105161105
-20.735397681843505
-20.7356755486525
-20.735820285303568
-20.736139649840112
-20.736313941763974
-20.73648521242511
-20.736829306314032
-20.73700228346204
-20.73725326075743
-20.737443221305277
-20.73769906188589
-20.73795241745316
-20.73823476038652
-20.73851096147478
-20.738749116316292
-20.73896479295651
-20.73920698541224
-20.739422646181925
-20.73959645524308
-20.73984502575396
-20.740051583808487
-20.740181730912596
-20.740498574123535
-20.740623283333445
-20.74079914076199
-20.741034778419756
-20.74130138083701
-20.74161925700195
-20.741794632498227
-20.742063568156198
-20.742167727619503
-20.742424862292452
-20.742642098388703
-20.742787636744392
-20.743015352625548
-20.743228049392435
-20.743457281808148
-20.743622151341988
-20.743777603743244
-20.74412801044118
-20.744322924256185
-20.744532890192158
-20.74473319943778
-20.74495248042679
-20.74521114064218
-20.74552373076265
-20.745758260651215
-20.746001562233193
-20.746278370243097
-20.746595979248383
-20.74686562458821
-20.7470668676347
-20.74730156845536
-20.74759529842336
-20.747901275762217
-20.74813983372932
-20.748433944203953
-20.748788426841934
-20.749167994419977
-20.749491699819515
-20.74972820841784
-20.750117898144396
-20.750326933721624
-20.75053989295845
-20.75112694932672
-20.751264758971157
-20.751545615117085
-20.75190032363453
-20.752148661129716
-20.752649821999498
-20.75303010772648
-20.753480055096087
-20.753885570162023
-20.754322114062514
-20.754562531215367
-20.754960760892093
-20.755198429964416
-20.755456341965413
-20.755894315924355
-20.756116040822015
-20.75653117632197
-20.756711379855453
-20.75692366681863
-20.757384778443697
-20.75761397684593
-20.75797675366669
-20.758260581739332
-20.75854934510471
-20.75882223256514
-20.759170151959108
-20.759458257045043
-20.759747152490256
-20.76004146868913
-20.760365817927436
-20.76067207748847
-20.760915778962246
-20.761189408842334
-20.761371701839913
-20.761586450772647
-20.76190325058964
-20.762125272323257
-20.76239586973448
-20.76266546381739
-20.762894131960408
-20.76307106585007
-20.763349265899745
-20.763506332643704
-20.763653343795934
-20.76380854255811
-20.76396238941791
-20.764248032927078
-20.764409803575255
-20.7646007332058
-20.76480075656705
-20.76505115008542
-20.765318061412767
-20.765609897901218
-20.765804226026965
-20.766008139841023
-20.766205364131316
-20.76650711385832
-20.766706095012246
-20.766856957705052
-20.767118435038448
-20.767277815323332
-20.767506099899386
-20.767658981749808
-20.76783658452281
-20.768014030575838
-20.768182170146645
-20.768428326775755
-20.76858289693748
-20.76874836015755
-20.76893709196348
-20.769069870731677
-20.76937877055343
-20.7694544713742
-20.769723578676444
-20.769812470869244
-20.76995836034878
-20.77012684895716
-20.77032376667663
-20.770464156677694
-20.770611334980167
-20.770770189533735
-20.770962531861965
-20.771132811861566
-20.771293289728554
-20.77143820585411
-20.771634945739624
-20.771830314959775
-20.77199606955989
-20.772152241220553
-20.772314625326615
-20.772491108623505
-20.772621605606638
-20.772795650980367
-20.772944586059435
-20.773057852716324
-20.77330633335124
-20.773472239149903
-20.77368650215186
-20.773862654638556
-20.774015463614624
-20.774173360262946
-20.774346385951432
-20.774559639421906
-20.7747329158001
-20.77488073691493
-20.775135003783625
-20.775190560259986
-20.77534665423181
-20.775443490615242
-20.77553792097356
-20.77566801991034
-20.775782136323695
-20.775985345974416
-20.77608057347905
-20.776203238106618
-20.776337239223416
-20.776500398431434
-20.776728393835086
-20.77687743007476
-20.777002774469363
-20.777192572140656
-20.777322852796484
-20.777478672682495
-20.77762244186425
-20.777770316303993
-20.777902089487654
-20.778072354020363
-20.778137159165034
-20.778382128634377
-20.77846620655148
-20.778594630626316
-20.778763616440457
-20.77893574032268
-20.779115654987507
-20.779277817822422
-20.779426824626174
-20.779538808157266
-20.779685365373574
-20.77977013566845
-20.779903463613657
-20.78002080471698
-20.780154072873614
-20.780280284826652
-20.780382569755165
-20.780545558358057
-20.78073612945366
-20.780857543609287
-20.781012088180788
-20.78110766012476
-20.781224085006937
-20.781357226708735
-20.78144691460536
-20.781656517766045
-20.781718503230874
-20.781893987768836
-20.781962108088223
-20.782084328367947
-20.782234025989425
-20.78239416369982
-20.782513681867655
-20.782661442778767
-20.782767099162065
-20.782878796670328
-20.78302713764141
-20.783117188504672
-20.783281267617355
-20.78340354492476
-20.783487736516527
-20.783652813135717
-20.783733325064247
-20.78384423855004
-20.78396744963005
-20.784054731431464
-20.78414675624357
-20.78429837699977
-20.784386418320715
-20.784483648012326
-20.784606609593315
-20.784714555617036
-20.784817079253692
-20.784905364575117
-20.785037745199315
-20.785118360156158
-20.78519977586695
-20.785325434197222
-20.785406372293238
-20.78551858864585
-20.785659097664777
-20.78571314490106
-20.78581021787653
-20.785883716440058
-20.785974398618983
-20.786071682994734
-20.786129737227466
-20.786262976402703
