500 iters for seed 21 on ER0.3 which is in the 69.79293823242188 percentile
 Maxcut: 25.0, MedianCut: 16.0
-17.000000043956646
-17.000000223135718
-17.000000599597342
-17.000001476444083
-17.00000356168867
-17.000008553942077
-17.000020525787455
-17.00018912089593
-17.000451164249935
-17.001071364646265
-17.086671001834816
-17.151796666456107
-17.235851090901633
-17.333085900851998
-17.434203242126657
-17.796208452695385
-17.940904376063365
-18.089277908002497
-18.178861158224024
-18.26197693162525
-18.385317233496174
-18.482462529127336
-18.62829729048367
-18.78705023450943
-18.953263879654735
-19.107186290722655
-19.26356521290471
-19.300903385417318
-19.460893496798334
-19.538697568295593
-19.597722095373797
-19.70840197836676
-19.754247392979547
-19.83088669051026
-19.909715188767485
-19.960069185689385
-20.01955347634111
-20.077751368426657
-20.105024687496087
-20.14233112917692
-20.181313642249695
-20.197273177616083
-20.242228307374972
-20.261011004849646
-20.28950085423393
-20.315485544127338
-20.345490462988785
-20.370256139955032
-20.39616102543891
-20.420168881309337
-20.44106396961238
-20.459651957058156
-20.47315225552745
-20.491720971027615
-20.508035077418295
-20.521400959817502
-20.54386427674307
-20.564607907606973
-20.58706104711838
-20.607830715078283
-20.62600258200175
-20.648381643101764
-20.666850469974605
-20.67916220629572
-20.69888929760674
-20.71726813881569
-20.733858813668515
-20.755122250955736
-20.771830569915952
-20.796833345571006
-20.814121779566566
-20.838890812030925
-20.85840265153495
-20.879073144690327
-20.908583921644034
-20.938316287097226
-20.9645782886219
-20.983790632606823
-21.001357385632488
-21.019542009329598
-21.041057836060876
-21.05387641812889
-21.07034090568907
-21.083650134873004
-21.096508192037092
-21.120284807499765
-21.132575758418792
-21.15069309662144
-21.168457754665358
-21.186470503506623
-21.20673833841918
-21.223672552013024
-21.238046489410603
-21.251321561299058
-21.267150765939647
-21.285056004122072
-21.3005930346101
-21.32896857965377
-21.338020857677183
-21.357768457912684
-21.368637083622488
-21.3841998008337
-21.40123895593891
-21.41821900914675
-21.428716109629914
-21.446202120689858
-21.45907499462423
-21.473618400109746
-21.486717915837506
-21.493761901519434
-21.502711469470313
-21.51234561587521
-21.523204451402844
-21.533116369213328
-21.54343196875224
-21.551506329624996
-21.556698845661636
-21.56746721150276
-21.569559628901054
-21.5783047938263
-21.582324297097237
-21.587270259164107
-21.59452468741727
-21.59855763738062
-21.605998788779427
-21.610233842045183
-21.616123249583463
-21.61981584219709
-21.624698810421933
-21.631651637986792
-21.636512117511362
-21.64135218055859
-21.646456366064168
-21.650941334047786
-21.655716567557505
-21.66367519332776
-21.667658277741474
-21.671357207351193
-21.674752872850984
-21.67870997585565
-21.68405042774881
-21.68957488211963
-21.69487217271108
-21.69869481786677
-21.70306556542779
-21.710304243332782
-21.71680158833341
-21.72137557309525
-21.73036123997387
-21.73442028318024
-21.739888350964545
-21.747941772650893
-21.755239579704202
-21.763074742771394
-21.771539187494934
-21.77960420722406
-21.78669071396968
-21.793120221271604
-21.80636418232859
-21.81150072501905
-21.818832791889644
-21.828073096775025
-21.8341754382203
-21.84737790364411
-21.852883246492656
-21.862195237579243
-21.868424828460743
-21.87338875914261
-21.877640782694872
-21.882672267463263
-21.88702801047889
-21.891798571034037
-21.899652597912933
-21.90696706526202
-21.911367905945788
-21.92376453154041
-21.928508308586075
-21.93404885197376
-21.94203776912807
-21.950067376810786
-21.95907699781192
-21.969277310601267
-21.97813998144665
-21.987006419763375
-22.001247425528472
-22.011186158498024
-22.01719112284993
-22.02832889712293
-22.03561929990336
-22.048216697989822
-22.060105563858375
-22.072895000998596
-22.095155698589963
-22.112002042726562
-22.129265841287427
-22.17526652879753
-22.204556447016508
-22.235118732629314
-22.265575363951946
-22.305583753998516
-22.32980339823515
-22.367529334013824
-22.399816201269907
-22.446271581990665
-22.492611188765967
-22.54066807212493
-22.623777782219772
-22.677570426596755
-22.732099636579864
-22.81613396378825
-22.88424307276511
-22.967157617670264
-23.04939526689036
-23.139520841404092
-23.235057176312655
-23.30717830570306
-23.38007687067263
-23.42154844859695
-23.468771057813402
-23.534840135370075
-23.576010648454783
-23.606107571247236
-23.64527684066694
-23.70027597290505
-23.74607805728051
-23.781049834521188
-23.80949291546749
-23.842816157510505
-23.874525378110377
-23.901798599790904
-23.919790746822407
-23.938873857124328
-23.945430346861816
-23.9622782986659
-23.968322773495924
-23.97834145132343
-23.98827748045153
-23.999000852428082
-24.006914967704073
-24.014211883913333
-24.0213415855812
-24.02767071624306
-24.036034731809533
-24.038602916556293
-24.044222173571026
-24.047674808091543
-24.05121852902972
-24.056756506002724
-24.06084558116331
-24.066263577777722
-24.069205105334127
-24.07295901537048
-24.074929293419054
-24.08115104906524
-24.083949526598346
-24.0871509210468
-24.092897043529366
-24.09555494074094
-24.099493817145042
-24.10213061751496
-24.10566420952948
-24.109169609927307
-24.113422428572555
-24.11705046442263
-24.119787453871844
-24.1220153634386
-24.123852068221918
-24.12719580644281
-24.129913566427255
-24.13315765586991
-24.135977168350273
-24.138071207719015
-24.140583252334043
-24.143661313512073
-24.14658944940253
-24.149242904942717
-24.15144539464179
-24.153583574768035
-24.155268024742437
-24.15686686970237
-24.15826536351399
-24.15954503852665
-24.16117413303829
-24.162567406252258
-24.16417991271998
-24.16573925442981
-24.167578248402023
-24.169568426638836
-24.171489536864947
-24.173524468924303
-24.176796836209125
-24.179369847006836
-24.18167227583022
-24.18399286881958
-24.186169577929796
-24.18945513144516
-24.193119584847377
-24.19566004962941
-24.19887290259599
-24.201965605332425
-24.205115151783797
-24.209853201857666
-24.212730603153343
-24.216146703162163
-24.222400593918238
-24.22448991394649
-24.22647526004803
-24.22982637156054
-24.23207242755453
-24.234288423697812
-24.235917403632985
-24.23734396630441
-24.23877373415698
-24.240540040945152
-24.241353287681424
-24.24269206316386
-24.243346185426176
-24.24428338557358
-24.2452475959483
-24.246417240129563
-24.24731276722056
-24.248060366092243
-24.248917043518617
-24.249956327752045
-24.250784546978757
-24.2516232670248
-24.252450694884917
-24.253168911074155
-24.25380432481246
-24.254422959182282
-24.255059635879483
-24.25567911257257
-24.25622619173268
-24.25680539199691
-24.257520915533835
-24.258488487174155
-24.259259926952236
-24.26023261285222
-24.26117912776166
-24.26207730061654
-24.26293019443887
-24.26380690589745
-24.26449131655523
-24.26512707328536
-24.265690480787175
-24.266391073228316
-24.26700702659256
-24.267491846670598
-24.26867816051767
-24.269257977412444
-24.270095423182934
-24.270713071280213
-24.27124969531123
-24.2718004284336
-24.272497950721288
-24.27310218122214
-24.27373594390569
-24.27430575449558
-24.274621742202633
-24.2749211508312
-24.275297055434244
-24.275710120893514
-24.276106480072627
-24.276367586440873
-24.276854254987253
-24.277264157156466
-24.277574161665584
-24.277805606560253
-24.27808563230656
-24.27842903832273
-24.27880876334728
-24.279027747266486
-24.279337869718262
-24.27974745573237
-24.280111863607093
-24.280418636878448
-24.2807517746121
-24.281033754470517
-24.281362132626437
-24.282031276526492
-24.28233112968826
-24.282737103143372
-24.2830387307505
-24.283458845662743
-24.28380568591844
-24.28410541884369
-24.284559006681242
-24.285041748886016
-24.285337313959797
-24.28574901948084
-24.286087348105948
-24.28643120675086
-24.286992198000828
-24.287248319355815
-24.2875999593215
-24.28806271590782
-24.288369909189
-24.288620119228923
-24.289005316752803
-24.289290326037886
-24.28962253334427
-24.28992773979358
-24.290250226585943
-24.290657537198335
-24.29095418251213
-24.29142521875659
-24.291989997987702
-24.29249283201809
-24.2930776984835
-24.29348705541639
-24.294036767457225
-24.29447370758875
-24.294799785128387
-24.29513875438698
-24.29559802513419
-24.29604356595695
-24.2965226089609
-24.296965328565097
-24.29747329860112
-24.297752045611
-24.2982243257411
-24.298568068929697
-24.298996419864338
-24.299712350529045
-24.29988575260401
-24.3010851163075
-24.30155224674743
-24.30220419589885
-24.302651974620982
-24.303448760672023
-24.30407086768747
-24.304559664383035
-24.30533094692667
-24.30618970871322
-24.30686487578409
-24.3076851759744
-24.30850708814629
-24.30983593696062
-24.310833929194146
-24.311879743930017
-24.312845637778803
-24.314184686456393
-24.31541405098368
-24.316446500299485
-24.317240255884375
-24.318113263086996
-24.319093684054586
-24.319962015621822
-24.320639580995362
-24.32143435199968
-24.32247903434353
-24.323282675524645
-24.324400455489087
-24.325056496979848
-24.325793156314294
-24.326617383209506
-24.32760732114356
-24.328139021110342
-24.3288681520914
-24.329665143334825
-24.33059648942188
-24.331686265067727
-24.332634334899524
-24.33353739999114
-24.334740494220405
-24.3358389828393
-24.33708460813442
-24.338575513816536
-24.339317631763457
-24.340198206749132
-24.34107642317632
-24.341996695826882
-24.343967554171837
-24.34473466204929
-24.34617324180988
-24.347332476324812
-24.34860172686199
-24.34990057170865
-24.351292493584804
-24.352735615709733
-24.35395232624116
-24.355694297659802
-24.35725229339194
-24.35846506193863
-24.35994588141404
-24.361114234837434
-24.362570769328215
-24.36390790033845
-24.364818405798506
-24.36641847496815
-24.368060144427844
-24.369388458546766
-24.370595317420147
-24.37182902583122
-24.37280242851126
-24.374844470442028
-24.37550440085079
-24.376829104025237
-24.37702935232493
-24.378703879871306
