500 iters for seed 78 on ER0.3 which is in the 61.023712158203125 percentile
 Maxcut: 25.0, MedianCut: 17.0
-18.00304492385528
-18.51155242904648
-18.516165082668405
-18.641695639623766
-19.06600292920163
-19.34686119760904
-19.7756392388237
-19.945828593173797
-20.08560860637979
-20.214991073060073
-20.337459488955883
-20.479528692440585
-20.603961557220114
-20.708042420329864
-20.832622564956573
-20.93772299162852
-21.04408497924546
-21.215972564992523
-21.34579219960177
-21.527107857648733
-21.627829052153565
-21.861931699106965
-22.036993818716756
-22.170835712019805
-22.33905990662736
-22.445222615694462
-22.63355334585876
-22.767116832629167
-22.867505672449358
-22.9740586085402
-23.13658788065886
-23.231662129187466
-23.353249048070744
-23.479529262817163
-23.57596589912769
-23.673588105283475
-23.722248874460004
-23.800898694861406
-23.892554451277864
-23.994435048960707
-24.091921980427326
-24.172485570773834
-24.271276284865003
-24.37538377913189
-24.458087332342735
-24.530727587747656
-24.594860757670553
-24.643863393511115
-24.692410634700337
-24.73457334048556
-24.773767931590456
-24.808020522677246
-24.827579254601627
-24.842992161982284
-24.86530484225268
-24.88075777759034
-24.900869657773715
-24.913833709954723
-24.92496112727698
-24.941541954213445
-24.94605274843584
-24.953835712630628
-24.957385621391996
-24.961134638539704
-24.966497525828796
-24.969747016995626
-24.97457572113897
-24.977987638615033
-24.981408050395974
-24.983744536113456
-24.98541839145403
-24.987198061625225
-24.9886405004788
-24.990295942204174
-24.991167151075192
-24.992175544876787
-24.99270603538573
-24.9934827572144
-24.994503351562486
-24.99522673181282
-24.996260353922565
-24.996784610308797
-24.99725108655268
-24.99766157166224
-24.998056246394952
-24.99832599183931
-24.998522520913262
-24.998721482869247
-24.998868193485812
-24.999048218548342
-24.999179656435274
-24.999300162211455
-24.999418412168517
-24.99947283231723
-24.999545692899844
-24.999579591171823
-24.999615023219636
-24.999670730135044
-24.99970519638038
-24.99973212084827
-24.999759070954983
-24.999799898632673
-24.999807744026718
-24.999855430449568
-24.999871062643813
-24.999889537209864
-24.999910341603847
-24.999920604744542
-24.999937895343496
-24.999946323889244
-24.99995290274118
-24.999961298706236
-24.999968261460083
-24.99997307797108
-24.999976944678647
-24.99998069826287
-24.999984326620837
-24.999986793477817
-24.99998920885318
-24.999990726122586
-24.999992091352187
-24.999993469575767
-24.999994335107008
-24.999995245477397
-24.99999629579807
-24.999996613051728
-24.9999971139475
-24.999997370249023
-24.999997776591115
-24.999998003900913
-24.999998203566633
-24.99999856880664
-24.99999871167387
-24.999998963846583
-24.999999096335056
-24.99999921016887
-24.99999935386123
-24.99999945893328
-24.999999541160566
-24.99999961072963
-24.99999966750369
-24.999999726298675
-24.999999765248546
