500 iters for seed 67 on ER0.3 which is in the 82.93075561523438 percentile
 Maxcut: 33.0, MedianCut: 21.0
-23.999999954738183
-24.00000009971781
-24.000000302035694
-24.00000063654083
-24.000001210285582
-24.000002208622387
-24.000003956347424
-24.00000702465118
-24.00001242156134
-24.00002192290771
-24.000038659171203
-24.00006814549086
-24.00012008732227
-24.14181894670409
-24.14190075052085
-24.150528370204427
-24.433889080829154
-24.727849156731228
-24.939337518765765
-25.353516415298234
-25.557061537824666
-25.782698033933897
-25.978702348245616
-26.216259607104167
-26.405380947659715
-26.568068298460723
-26.693884147879015
-26.80240055753042
-26.871137227121178
-26.95911532950368
-27.039484307220945
-27.121189424885262
-27.174981210947053
-27.245677079018602
-27.321546656543
-27.405841333650134
-27.486529475690634
-27.55403332784816
-27.639718170900164
-27.72913018123363
-27.802613728373387
-27.88328008632001
-27.984912480734252
-28.114974294055585
-28.200042420448845
-28.34226665097738
-28.420411067827615
-28.491643218551577
-28.55569615420429
-28.601343681807812
-28.653157025938903
-28.674863993847655
-28.715231657554792
-28.75548650996749
-28.787050559929995
-28.821353127873838
-28.83692510960963
-28.858665409224336
-28.86962361104313
-28.890145169185107
-28.902050617139004
-28.914388081676222
-28.932523220691643
-28.937958295874616
-28.944737630089023
-28.95012512018307
-28.956278397302302
-28.96054397336329
-28.96396054572649
-28.967486438249395
-28.97082812064945
-28.97597640167667
-28.980220493958303
-28.98247189516149
-28.984905852890385
-28.98623678612754
-28.988187283947553
-28.989848540867794
-28.99086199672686
-28.992933347204605
-28.993621701171243
-28.994614591224277
-28.995204858143353
-28.99593279094674
-28.996491306653926
-28.996969172947523
-28.997423477514342
-28.997698422700772
-28.997963277947587
-28.99818867245699
-28.99830309030802
-28.998513315770296
-28.998703022409817
-28.9988391681611
-28.998899954979372
-28.998954442121537
-28.999043521323387
-28.99915055162112
-28.999217497057366
-28.999269065595563
-28.99933784616443
-28.999354071878074
-28.999437544850803
-28.99946479026141
-28.999495411503332
-28.999545945753397
-28.99958095746349
-28.999619027508267
-28.999642560545105
-28.999673275714628
-28.999704399736938
-28.999741645439443
-28.999765737159272
-28.999787991372767
-28.999809878785484
-28.999832824185766
-28.999855606287305
-28.99987112608648
-28.99990013633676
-28.999916522698825
-28.99992880884779
-28.999936252886812
-28.999943777862406
-28.999952340090623
-28.9999590409391
-28.99996404068457
-28.999968639688262
-28.999974191953637
-28.999976951299583
-28.999979484210648
-28.999981915077107
-28.999983901678952
-28.99998653213018
-28.999988646935027
-28.999989520708414
-28.999990702131953
-28.999990940804643
-28.99999224486276
-28.999992881951364
-28.99999348906639
-28.999994380140716
-28.999994568852152
-28.99999577592559
-28.99999603716781
-28.99999659498453
-28.999996932420167
-28.9999975301807
-28.999997788653843
-28.99999800567008
-28.99999826510104
-28.99999831700454
