500 iters for seed 165 on ER0.3 which is in the 48.558807373046875 percentile
 Maxcut: 33.0, MedianCut: 21.0
-21.002722925986035
-21.894909071570314
-21.901051848722165
-22.065832498395995
-22.599011329259042
-22.870816000361643
-23.16297701940178
-23.510138525162787
-23.83677379285556
-24.152243678065624
-24.42034538914335
-24.81941003739845
-25.02461166255474
-25.681439782450372
-25.997309446798145
-26.25652507077101
-26.51838114842147
-26.749404691386534
-27.030038644043852
-27.156537716482028
-27.438436119900103
-27.562898598752234
-27.71760351556383
-27.9090754127343
-28.08070665912739
-28.211730356379118
-28.308314272304756
-28.391602687654412
-28.478719154161556
-28.571618097714243
-28.668545843857764
-28.752641701257
-28.82313726568986
-28.902581078197276
-28.96372355403627
-29.027559800139336
-29.082326178752744
-29.11933157755929
-29.155912937880938
-29.18639952793366
-29.21551671601067
-29.24627912849803
-29.27950846884876
-29.29908687084441
-29.338437334290454
-29.354925665521797
-29.381092303670066
-29.415002812857548
-29.442698125389814
-29.464418116135572
-29.4788967036384
-29.498287222810443
-29.51095054624406
-29.541320166064352
-29.55318530408116
-29.56973372092735
-29.585570746522105
-29.607280933909355
-29.627799415287882
-29.649131658109212
-29.68861368405195
-29.71782922780396
-29.77178997612936
-29.823955478267333
-29.87832884694107
-29.9208297554643
-29.95822884564313
-29.988194542418327
-30.011277883504736
-30.040059221300243
-30.073408617808933
-30.09676852845353
-30.113935131372628
-30.133185951432175
-30.15190161948801
-30.16657352856256
-30.18113762813016
-30.19116614942539
-30.205262198216236
-30.21491686226503
-30.223351224296632
-30.238399738355334
-30.24670769287049
-30.257748373190214
-30.26680864952844
-30.277051180895455
-30.28788742361012
-30.29776274937458
-30.30642581674604
-30.312570534930217
-30.320690466630744
-30.32653956318797
-30.334463996398615
-30.339247187666093
-30.346685726491557
-30.356704510573774
-30.363769197610623
-30.372694970424558
-30.377277548191444
-30.3838686061492
-30.388852926810458
-30.39679283841391
-30.400774203651423
-30.4055278916769
-30.408737071483
-30.414472764535446
-30.418411837785932
-30.422419676586962
-30.430922774888973
-30.435772817134648
-30.44416415351436
-30.4512807345617
-30.45934829482792
-30.465930600021462
-30.471788919291644
-30.4801293489018
-30.485289559792623
-30.49086917619435
-30.49910493633118
-30.50422673570379
-30.508130873564255
-30.520218022219932
-30.52429416827531
-30.528139909230717
-30.537772932060516
-30.542164017824255
-30.54802650403097
-30.556730751745842
-30.562632119970676
-30.568462113543823
-30.57535304572845
-30.579507062663694
-30.585378536057952
-30.59306706309852
-30.601873284006615
-30.609252933905733
-30.619513924733862
-30.626658440276973
-30.636015431158764
-30.64723447561267
-30.65487796723887
-30.659215009710067
-30.67023538936696
-30.674205585987124
-30.68082729560247
-30.688404776955505
-30.696087483359186
-30.703911500163628
-30.71335620450407
-30.721221629051914
-30.731053697233566
-30.740161250974534
-30.746882530227673
-30.757628822593396
-30.76687587095526
-30.772579565943662
-30.781845719929276
-30.78784212561426
-30.79551420322952
-30.804580960489226
-30.809599995091492
-30.81582529369099
-30.827162602255218
-30.832830719816624
-30.839769995131885
-30.845534547522117
-30.85208148922143
-30.862994044763678
-30.869972018339006
-30.878065120230655
-30.884379314743892
-30.890066352807217
-30.896178071983094
-30.902805134723607
-30.90744322410163
-30.911641506538476
-30.91736808564154
-30.92088628609436
-30.924476628829197
-30.929586693131263
-30.933583076612145
-30.938819951306524
-30.94330545829907
-30.946041600212368
-30.95063711995312
-30.95439292663985
-30.959030518947802
-30.963662029750953
-30.96663122311209
-30.969386561912994
-30.973703112344314
-30.976688375660004
-30.97948031208808
-30.98240197383751
-30.984454923868995
-30.988145257833335
-30.99096610639509
-30.993265577572117
-30.997416229078098
-31.000027848718357
-31.002062533118714
-31.005592062042428
-31.006827316640507
-31.008833265853905
-31.011041014928285
-31.012618333247612
-31.01612582556346
-31.017511788348553
-31.02064058693786
-31.021911899843985
-31.02436415499485
-31.028126924006887
-31.033308694202805
-31.03652644352849
-31.03984026019268
-31.04161323394161
-31.04364310948992
-31.046079613274955
-31.048833924028887
-31.050619792804937
-31.0524894277482
-31.053993700218104
-31.055780360548983
-31.057194052595545
-31.05827299805303
-31.060198249372
-31.062500851040333
-31.063965689174914
-31.065812816965977
-31.06886096888949
-31.07023826559792
-31.074059440202834
-31.075903278983695
-31.078414513483473
-31.080082315049832
-31.08323437151353
-31.084990284422762
-31.08665610160275
-31.089633280189506
-31.09042805044674
-31.095959898748625
-31.097686937154773
-31.100147208575244
-31.103548036478553
-31.107005765440228
-31.109675905683535
-31.112309659295885
-31.113783889471456
-31.115728764864688
-31.117983018575273
-31.119748241790163
-31.121055742870965
-31.12384180060274
-31.12549126729297
-31.12729001078197
-31.12989373694123
-31.131177477722733
-31.133438020437005
-31.13451183639557
-31.136491559380232
-31.139786056526447
-31.141577398989003
-31.144990065537748
-31.148090557230702
-31.151338124958873
-31.154436901880807
-31.157463096891476
-31.161038265419567
-31.16385157790675
-31.16639572498234
-31.169718784934776
-31.172273684383786
-31.174459765126464
-31.176184195228647
-31.177320602073994
-31.179432329519862
-31.180941898685003
-31.18278002267996
-31.184606724514047
-31.1863360280399
-31.18779904770315
-31.190725404963736
-31.192231997288456
-31.193642318134952
-31.195782283384403
-31.197156379854224
-31.199135612893436
-31.200266285843462
-31.20171241260598
-31.203200787696538
-31.204979002208322
-31.206786307655687
-31.208325369668913
-31.20989500646517
-31.211385301087624
-31.212920172313993
-31.214544429142897
-31.217134441091773
-31.21761833450442
-31.220781794059352
-31.22203456370503
-31.22372550548166
-31.224242121288047
-31.225975394722475
-31.226859331058876
-31.227906166402192
-31.22937698544961
-31.23039019110558
-31.232150227604002
-31.233477577777478
-31.234944025523628
-31.236544551723966
-31.23811576862198
-31.23963009950387
-31.24132465902862
-31.242904793422824
-31.24449400782508
-31.245976382390097
-31.24790602962475
-31.24970130847763
-31.251364568967436
-31.252651991915403
-31.254173950602233
-31.256218687792167
-31.2579298723727
-31.25986104403968
-31.26151674594447
-31.26328165502489
-31.266039917540578
-31.267728754442903
-31.269016630388247
-31.270984499231336
-31.272082584871548
-31.273468535565083
-31.27549271558233
-31.276648272160887
-31.277880987378914
-31.27982837673229
-31.28129833334819
-31.282796263615523
-31.286195612889127
-31.287167370690554
-31.2894038858906
-31.29093756729461
-31.292822097436794
-31.295607748303837
-31.296684168738473
-31.301373359608093
-31.30301325667148
-31.305213000017762
-31.30730062037265
-31.30965087170072
-31.311699601787687
-31.31318454017697
-31.31519749236428
-31.316546355876746
-31.318392662742973
-31.31949918329343
-31.32079789309878
-31.322532748561013
-31.3235842797597
-31.32484223932523
-31.326205511526226
-31.32732903446456
-31.328042450110182
-31.329320649356852
-31.329903742813727
-31.330880491350978
-31.33208106161775
-31.333313430242093
-31.334156155499098
-31.335189704812446
-31.335978734417
-31.337023794139647
-31.338751047486177
-31.33965958670152
-31.34049058410072
-31.34200692912973
-31.34271092461903
-31.343590154645085
-31.344647423340355
-31.34529375920313
-31.346778657095303
-31.34726257856583
-31.34831166611744
-31.348766983475556
-31.34954391729243
-31.35072103067208
-31.35150328572808
-31.352430669579903
-31.353321723390923
-31.35427801146522
-31.355180303730883
-31.35634023233381
-31.356891960715778
-31.357488148659353
-31.35846790695819
-31.359574952943635
-31.36066231316581
-31.361628840046567
-31.36251390717084
-31.36316944074234
-31.364126670238527
-31.364862363240277
-31.365693712209527
-31.36633634256862
-31.36695092793702
-31.367773659102312
-31.36860323070529
-31.369287580907386
-31.369926772262453
-31.370552613820465
-31.3717817284775
-31.372740707749134
-31.374006861541034
-31.37496637641981
-31.375767730104
-31.376535723142904
-31.377137526754527
-31.3780434379919
-31.378142723050928
-31.379107258133583
-31.379461650160053
-31.38002506160679
-31.380735071800597
-31.381148188899804
-31.382277311521626
-31.382710757552665
-31.383486644951088
-31.384655864630247
-31.385542980321368
-31.38667553847413
-31.387299563135944
-31.387977010171554
-31.388684887918085
-31.38963051405969
-31.39001095250438
-31.390518742131963
-31.391109028797064
-31.39186643669514
-31.392658201489624
-31.393344980256913
-31.393918438580418
-31.395254755418794
-31.396088413164446
-31.397233549352634
-31.398249112997142
-31.399364309687833
-31.400364126967443
-31.40152173625295
-31.402575551400126
-31.40347550299711
-31.404449263389402
-31.405125720390604
-31.40589571604866
-31.407211283819283
-31.4080115545416
-31.408817233497377
-31.409486058808618
-31.410258807586082
-31.410981169197107
-31.41194695598165
-31.412577290167178
-31.413256415717445
-31.41443144973689
-31.415287550705877
-31.416145878310942
-31.417394012376892
-31.41799690456586
-31.41863698450065
-31.41997972566718
-31.420754890319945
-31.422324107326737
-31.423392446688194
-31.424334440128916
-31.42511864353821
-31.42603346522373
-31.426646389692433
-31.42776674537839
-31.42819355922773
-31.428877530460035
-31.42957194789187
-31.430365942642243
-31.430879551580993
-31.43149295645315
-31.432202836895115
-31.433255150088627
-31.43455204739861
-31.435799928190576
-31.436739724442287
-31.43777049566167
-31.438541380540467
-31.439113157358616
-31.439823795590367
-31.440558128195732
-31.44141071024444
-31.442201542597324
-31.442665901570503
-31.44335114298685
-31.444125919332777
