500 iters for seed 126 on ER0.3 which is in the 67.82760620117188 percentile
 Maxcut: 33.0, MedianCut: 20.0
-21.000000360876026
-21.000001205435865
-21.00000395360283
-21.00001388690403
-21.0000516202179
-21.000199044762358
-21.00078406829317
-21.119643569191904
-21.74260467211609
-22.002566006943894
-22.36484985684447
-22.965542411336703
-23.38639999053119
-23.928964478394732
-24.577139605689847
-25.198749982341827
-25.618243717630047
-25.926543219012192
-26.17901509269437
-26.52540602996235
-26.724763346726384
-27.005673191560106
-27.141062040723693
-27.274978107709305
-27.427549525233413
-27.530207945276505
-27.622352647913686
-27.687355618986736
-27.75491790130525
-27.88538299897582
-27.93664551887779
-27.994719043324146
-28.052635626025097
-28.108077097208447
-28.189913082397524
-28.253388614059766
-28.296108921627116
-28.33448992583556
-28.37737463203205
-28.427301798921025
-28.48838974384987
-28.52874926804583
-28.583794489089716
-28.64649478475205
-28.699859390494353
-28.752737780115353
-28.801336482724928
-28.872896541692693
-28.96745992081084
-29.07979763662785
-29.256360497845748
-29.385858617227125
-29.561125715722323
-29.711291441147885
-30.032418538844556
-30.253690441431676
-30.50779515260284
-30.887558931693643
-31.229537165088956
-31.56243527078965
-31.759612841322777
-31.973615775685637
-32.091226699372285
-32.22455212882153
-32.28153701387338
-32.373145352549706
-32.48176641425754
-32.574057086293855
-32.63727947356611
-32.68029594259782
-32.72394340817666
-32.7655628015432
-32.80176569025302
-32.832686581668945
-32.857740620541804
-32.8791563390765
-32.900551433084466
-32.91592002803203
-32.928242095603366
-32.94575652242117
-32.952549056710474
-32.96041288878892
-32.96677636008656
-32.969993194069936
-32.9762740168971
-32.97682753960914
-32.98176156249345
-32.98305276114637
-32.98521720501306
-32.98656434026681
-32.98838955098608
-32.989582509624405
-32.99068913935751
-32.992490449794325
-32.993106398535836
-32.99450358149993
-32.994906992435034
-32.99567808390806
-32.996492307089014
-32.99735023771019
-32.997756698348375
-32.99819786593325
-32.99848008999067
-32.99875990551808
-32.99895366946746
-32.999049589794765
-32.99916748224788
-32.99928418595794
-32.999396169033474
-32.999465564352974
-32.999542790184336
-32.999602665047036
-32.99965225318624
-32.99969757156738
-32.999728032603855
-32.99976560740523
-32.99978101210477
-32.999803882712165
-32.99981796236403
-32.99983218713071
-32.99985466945577
-32.9998625594248
-32.999892780405396
-32.99989915339249
-32.99991179275879
-32.99992605275424
-32.99993615980134
-32.99995054383169
-32.99995633515913
-32.99996308471076
-32.99996820376877
-32.99997254001645
-32.99997711775994
-32.99997968726761
-32.99998222024441
-32.99998641462597
-32.999989360530755
-32.999990942803834
-32.999992618664066
-32.99999376500118
-32.99999500363083
-32.9999960041391
-32.99999681453485
-32.999997379937085
-32.99999797162917
-32.999998228626175
-32.99999841180452
-32.999998636776304
-32.99999881030984
-32.99999888831614
-32.999999109726566
-32.999999174435686
