500 iters for seed 15 on ER0.3 which is in the 48.606109619140625 percentile
 Maxcut: 31.0, MedianCut: 20.0
-20.01746127372024
-20.130389907069326
-20.661811814348795
-21.07232883690837
-21.56415016599701
-21.83495291424044
-22.399095975820774
-22.84577281674537
-23.24863041254626
-23.670629556839657
-24.298419261185295
-24.642480843309894
-25.01211034786894
-25.209996062030704
-25.569276336013722
-25.742537215720287
-25.914777914593905
-26.16072496822583
-26.34261282698848
-26.52372913274293
-26.689846305665373
-26.794601679579404
-26.912361823612127
-27.01006608719047
-27.08935476858719
-27.205226373535577
-27.2788140464573
-27.35546787212846
-27.43262351378691
-27.48772637538723
-27.567694583355316
-27.657530727601387
-27.753986711290537
-27.853868403301203
-27.92900945507901
-28.02259179624379
-28.097343038903603
-28.142866820849438
-28.19679020636066
-28.25398873363139
-28.31790388082355
-28.386606417946705
-28.463097899424397
-28.520461300208872
-28.584690818078126
-28.631408480474235
-28.68106627081334
-28.715149288440408
-28.744148406559184
-28.773309666424478
-28.803174520166397
-28.82005728162733
-28.84130582455373
-28.852563933112872
-28.874213108879587
-28.88243418182915
-28.891380673472288
-28.904622592944325
-28.9172467091249
-28.93045303791462
-28.935416218350404
-28.943348810178218
-28.949339047023958
-28.955725262747823
-28.961534410314396
-28.965760549283797
-28.970898806586913
-28.9746977367628
-28.977004076847162
-28.979675513896275
-28.982473955352038
-28.984926010192527
-28.986806129885004
-28.988205825456486
-28.989716803430678
-28.991127692382562
-28.992246194236245
-28.993217862527207
-28.99380543752644
-28.994532095458524
-28.995470695579332
-28.995873357027364
-28.99628153126246
-28.997073520674924
-28.997317421516566
-28.997574612325963
-28.997786288036142
-28.998071789427748
-28.998399607050153
-28.998619189925034
-28.99892175600497
-28.999036989496446
-28.999159423374323
-28.999267610916025
-28.99936169156437
-28.9994411621061
-28.999536100201873
-28.999562712581668
-28.99962564249754
-28.999661493580803
-28.999696680795942
-28.99974921157844
-28.999773705407897
-28.999812107391815
-28.99983773638445
-28.99986023496365
-28.999879498719306
-28.999891363693806
-28.999908606914158
-28.999920323711407
-28.999934694969227
-28.999948958222223
-28.999958136779192
-28.999963396999203
-28.99997082274952
-28.99997376450396
-28.99997784378963
-28.999981005449097
-28.999983175898656
-28.999986332600276
-28.999987404168373
-28.999989450439656
-28.9999902334864
-28.999991385385687
-28.999992275955776
-28.999993443429652
-28.99999427879612
-28.999994881482074
-28.999996159276787
-28.99999653224984
-28.99999705220755
-28.999997393585183
-28.9999977196287
-28.9999980043527
-28.999998226873938
-28.999998464989883
-28.99999862473427
-28.999998798299444
-28.999999003939227
-28.999999128740946
-28.99999927617378
-28.99999934994908
-28.99999943400677
-28.99999949475475
