500 iters for seed 8 on ER0.3 which is in the 55.945587158203125 percentile
 Maxcut: 25.0, MedianCut: 16.0
-15.999999951096564
-16.000000012808783
-16.000000267406268
-16.00001251903459
-16.00006762254826
-16.000213995847393
-16.000398267436662
-16.000740413568163
-16.001512652196773
-16.0036735893854
-16.011740738167173
-16.038365393480127
-16.06996950502664
-16.132420432564903
-16.343497624592455
-16.476575521771633
-16.766825658172557
-17.033101479399917
-17.369885903349545
-17.68082930008384
-17.875652753214396
-18.33177529121463
-18.79294442192264
-19.295690106500565
-19.789976804494437
-20.157157479442606
-20.46180956651195
-20.685177892916478
-20.864946664128418
-21.099149361580523
-21.390658459831872
-21.577583537250856
-21.773614518541102
-21.966680821725166
-22.077200690470576
-22.181529485237366
-22.28354061963599
-22.366717698800283
-22.44874358420658
-22.539952188638843
-22.582541079964397
-22.624399034604544
-22.659503830931005
-22.684215382295765
-22.718077489749284
-22.73665271760285
-22.74877811548088
-22.760452624505614
-22.77313313145117
-22.777867073919904
-22.79251701627242
-22.79799074263381
-22.805876217574518
-22.816575395232874
-22.827959108271266
-22.83598668171201
-22.844291025086807
-22.852098161637638
-22.863206583607255
-22.87246771935497
-22.88049856851503
-22.88959311761819
-22.897888467388068
-22.906943271136054
-22.91302196320484
-22.919834036961472
-22.92763438184917
-22.936630740741865
-22.945954006972556
-22.9545299875788
-22.965222107184744
-22.978396384302094
-22.991578650857996
-23.002099482076133
-23.018481080481905
-23.03886711267627
-23.05100333532024
-23.06619955991353
-23.080210110895994
-23.09401038843894
-23.111318783238744
-23.122817880725467
-23.13515548898051
-23.149625549065792
-23.159938308224568
-23.17529739155226
-23.19378129681538
-23.20313046717419
-23.21575227909841
-23.2301593579875
-23.245039279771547
-23.255572388186422
-23.265156093346228
-23.279280366388996
-23.288291692000378
-23.298462799743998
-23.304902699362643
-23.313595421709476
-23.321941680466953
-23.3312111610115
-23.33685459810096
-23.34430675405012
-23.352375282998462
-23.36105284528901
-23.369320047516972
-23.374518148154962
-23.38097975864528
-23.387769749560178
-23.39467424927226
-23.39965578557006
-23.406442535383917
-23.41016403675447
-23.41550055294023
-23.42231427832887
-23.4282213668832
-23.434061707392353
-23.438541544557225
-23.442179463595046
-23.445842787091156
-23.44988218571078
-23.454243600195646
-23.458146661693263
-23.463284538928722
-23.4667695562683
-23.47072575352453
-23.47309271869123
-23.477988915586966
-23.480551083799543
-23.482760884295164
-23.486080462601542
-23.487693252337532
-23.49039910486762
-23.492002211821838
-23.494037131847875
-23.49508884493431
-23.49670178906332
-23.498021144106662
-23.499149479315705
-23.50164081735861
-23.5030757233236
-23.50531228199534
-23.50710628897243
-23.508874672537416
-23.510573522287046
-23.512339122922427
-23.513837143210868
-23.51517242576499
-23.516451850599097
-23.51768586749487
-23.51850429241429
-23.519504347743393
-23.5206318681063
-23.521467055999604
-23.522481494216954
-23.52369974108332
-23.524552243481896
-23.525548830855254
-23.526579168964915
-23.527722936303643
-23.529101856530758
-23.53065624173743
-23.532030678013363
-23.532987047442056
-23.534409839420164
-23.53563000713493
-23.53672555557776
-23.5384074417642
-23.539674294893935
-23.54049911058553
-23.541741705769894
-23.542647797356555
-23.543050555449334
-23.544852756849597
-23.545440768574746
-23.546467687916245
-23.54805108003667
-23.550125303320264
-23.552975472807187
-23.5546377865722
-23.556612546600928
-23.557626068525813
-23.559074013255824
-23.560696911976436
-23.561775354291928
-23.563992543780074
-23.56609963473406
-23.567522472750905
-23.568961430939673
-23.570511781708316
-23.573196372233895
-23.57482620143319
-23.576739126550628
-23.578486059329517
-23.580074233799774
-23.583228304907006
-23.585979878219025
-23.588809027284658
-23.591905992926364
-23.59451264788775
-23.597765913679822
-23.601414606917228
-23.605062861580112
-23.609478626092045
-23.615272086386653
-23.622068487821824
-23.62572395128296
-23.631168008777216
-23.636576139795732
-23.641345621635743
-23.64899679356058
-23.651335779848306
-23.6578768935972
-23.66342231219951
-23.66912801002823
-23.67843681313194
-23.686872979087376
-23.69959952124966
-23.705792548311774
-23.715287322775513
-23.722959749979147
-23.733471061386826
-23.744246709743045
-23.749691589294084
-23.756465485578225
-23.76394426799924
-23.773520440489005
-23.776865661362375
-23.782847581761178
-23.788665360102407
-23.793856635978933
-23.80015186356204
-23.805387698043226
-23.809752843082386
-23.814253251725997
-23.818307528982583
-23.82176627853129
-23.826011910568237
-23.830181354614094
-23.8341501401848
-23.837231478915673
-23.84006559543726
-23.84398214911747
-23.847975612788503
-23.849938041506647
-23.853503383721034
-23.85640145050303
-23.859850182066555
-23.863481760561463
-23.865565349533085
-23.86704301587597
-23.869677957050964
-23.87186405653194
-23.875229641908827
-23.878835016924732
-23.881427129873444
-23.884424845751198
-23.885998998933456
-23.888957660036542
-23.8914798315375
-23.893723448100427
-23.897570258794964
-23.899553697192292
-23.903250778234117
-23.906195501027057
-23.9097860080057
-23.914562327918762
-23.920442403370817
-23.92590496582959
-23.932957479953103
-23.936476109208133
-23.94062042220288
-23.947535804628668
-23.950861749839813
-23.956581192071326
-23.962296747410914
-23.968115845930406
-23.97292890467015
-23.978187649140118
-23.98344859727791
-23.987677764590504
-23.99403999463174
-23.996970908128564
-23.99987314674409
-24.002857154039912
-24.005701916471427
-24.009145834233415
-24.01225608379918
-24.01500546635171
-24.017418213929083
-24.019693620318996
-24.021782137862704
-24.02389182052463
-24.025870636950923
-24.028122499436723
-24.030133584395184
-24.03191894218457
-24.03473885803884
-24.03685130463262
-24.039344547116382
-24.041337242517912
-24.042992582761286
-24.045200678039336
-24.047562869572097
-24.048951159036022
-24.05031671487751
-24.051609393480696
-24.052861606655853
-24.05531849863947
-24.05610847161634
-24.057452437078283
-24.058857614714928
-24.059982675932904
-24.062149066362668
-24.063145155631613
-24.06489723426185
-24.065934335888088
-24.06701721325983
-24.067954025019482
-24.06904151002217
-24.06987770703633
-24.070698487227094
-24.07131739016046
-24.072267870509283
-24.07319352112027
-24.074328136553387
-24.075258343235927
-24.07603182627248
-24.076925128776143
-24.07797849915271
-24.0786116115763
-24.079497037888277
-24.08050150765297
-24.08164390526441
-24.082522609626164
-24.0833983855745
-24.084228363959525
-24.085120401320793
-24.086339360404555
-24.087543645814883
-24.088647735410152
-24.089538023929435
-24.090323517002044
-24.091489761642524
-24.092983401827002
-24.09399936400096
-24.094892485216544
-24.09556772215209
-24.096318691660976
-24.097315716795144
-24.097911933901244
-24.09848093796895
-24.09941267554644
-24.099918670571753
-24.100566872817993
-24.101130976615707
-24.10173251332504
-24.10275597144866
-24.103396963541428
-24.104300594307794
-24.10498242309658
-24.105671165443027
-24.10624895376171
-24.106694287261952
-24.107299574364212
-24.107684178748478
-24.108343456940926
-24.108908666900156
-24.109551945748308
-24.109924610033634
-24.110497242881475
-24.110982553826965
-24.111546944850026
-24.112084655016698
-24.11242683680315
-24.11286766664245
-24.113571123908766
-24.11414108146869
-24.11477116618384
-24.11531337906658
-24.11614712219903
-24.116527684815434
-24.117412056883193
-24.11806515038805
-24.118823589022014
-24.119163369841193
-24.12000702484126
-24.120371669154164
-24.120762312076906
-24.121375890710535
-24.121890735234185
-24.12251209806616
-24.122878041839193
-24.123276682893653
-24.12387103402285
-24.124541975777312
-24.124894840003556
-24.12547765667656
-24.12594617199155
-24.12652097085528
-24.127329926548025
-24.127743666098144
-24.12820068983603
-24.12871373527406
-24.129100614766877
-24.129310456024754
-24.129795144439278
-24.130195788890234
-24.13087210331387
-24.131473915802278
-24.132016776955506
-24.1325720659715
-24.133009478196403
-24.133615094209322
-24.134285742579756
-24.134642871464425
-24.135143915057284
-24.13572420868714
-24.136425319996455
-24.13698239307382
-24.137467987542625
-24.13789617404974
-24.1386328889059
-24.139129810301842
-24.139547404084347
-24.13994434112626
-24.140324371339567
-24.140751055513757
-24.141327826544593
-24.141620059018003
-24.141874600939282
-24.14217404031145
-24.142551839318013
-24.142902275577814
-24.14321216199411
-24.14348933800942
-24.143784574900547
-24.144098706126638
-24.14439887853841
-24.144662695991343
-24.14501938320629
-24.145248141008764
-24.14555528088877
-24.14591868726308
-24.146168378152076
-24.146412947860636
-24.146801217630966
-24.147025823956138
-24.14731413781755
-24.1475814666187
-24.147901259824604
-24.148327219622324
-24.14863172674692
-24.14924487943221
-24.14982091270483
-24.15015706493065
-24.15053836224506
-24.150851882842343
-24.151244465213733
-24.15165262091886
-24.15191044913149
-24.15218696123054
-24.152547083341936
-24.152876394663274
-24.153081903112103
-24.153502463202358
-24.153877455342382
-24.154260935209997
-24.154665090840798
-24.15494500348466
-24.155275234091203
-24.155617359398782
-24.155912753613176
-24.156226715544662
-24.156479959967374
-24.156543584177278
-24.157103317172684
-24.157224804262505
-24.157468034471663
-24.157811574695785
-24.15818417197824
-24.15850370485392
-24.158818393295867
-24.159061125246964
-24.159259925422713
-24.15953124980725
-24.1597594498448
-24.16009662307177
-24.160316169099826
-24.16063714245045
-24.16082500503614
-24.161011215379922
-24.16120072069216
-24.161357205868367
-24.16162910963005
-24.16186664036748
-24.16211311288919
-24.162288361016586
-24.16248282009482
-24.162648822243703
-24.162852769437723
