500 iters for seed 36 on ER0.3 which is in the 46.802520751953125 percentile
 Maxcut: 31.0, MedianCut: 21.0
-21.004222665719144
-22.348852733579356
-22.352954520354587
-22.51477117184784
-23.216752238598286
-23.60576053578047
-24.020871461062427
-24.732328163052262
-25.046967794937416
-25.726475969007787
-26.256656691521957
-26.743885077685416
-27.174274971030876
-27.703739038559156
-28.001487018510996
-28.398520628542496
-28.720410765751147
-29.02071737419998
-29.293557780826745
-29.477929871863
-29.695233522863138
-29.89092679944403
-30.06595637221389
-30.16960819465613
-30.273174192011062
-30.3962073358323
-30.477365899974536
-30.559404650031208
-30.61804542550789
-30.686430685741897
-30.75226848690087
-30.80072136393145
-30.82109580154045
-30.843526202585753
-30.866856186900677
-30.893717897564954
-30.912262232582613
-30.927806175402107
-30.937347706860137
-30.946889698128018
-30.956739253363402
-30.96135039844875
-30.963031087424866
-30.972793716568237
-30.974406227077242
-30.977857957609206
-30.981517418561662
-30.983835990671665
-30.98718770399058
-30.9887612611829
-30.990350882965956
-30.991675941885184
-30.99270114787692
-30.99361031430854
-30.99439374756319
-30.99508233145093
-30.995513739683176
-30.996028359572676
-30.996387760563003
-30.996914411663997
-30.997167531992357
-30.997416961806376
-30.997692484990324
-30.99792631652411
-30.998043114283206
-30.99821638270883
-30.99835970736349
-30.998535979755772
-30.998752354346458
-30.99886837701262
-30.999019615897566
-30.999137177860547
-30.999238140065227
-30.99932580739715
-30.99940841475621
-30.999492033618374
-30.99953112753399
-30.99959550974358
-30.99962960847405
-30.999669744451033
-30.99971192228481
-30.999737659568943
-30.999764410889775
-30.999795165046606
-30.999821063911654
-30.999847537278875
-30.99987075228818
-30.999881004687445
-30.99989665974196
-30.999910293768423
-30.99992488923776
-30.999933473817702
-30.999939280804092
-30.999947267537976
-30.99995193992848
-30.999958697508355
-30.999962328502114
-30.999965265980595
-30.999971004891556
-30.99997364446373
-30.99997629536002
-30.999978475331094
-30.99998094565327
-30.999983162042394
-30.999985219489137
-30.999986964130393
-30.99998813907824
-30.99998929930504
-30.99999084910045
-30.999991759075627
-30.999992646743433
-30.999993165249343
-30.999993749686944
-30.99999466679784
-30.99999511882733
-30.999995638122037
-30.99999593724126
-30.999996346129365
-30.9999970327189
-30.99999730092557
-30.999997710780935
-30.999997950240207
-30.999998311553767
-30.999998431694852
-30.99999873310861
-30.99999889377623
-30.999999029310025
-30.999999212574195
-30.999999318026916
-30.99999946456384
-30.99999953280341
