500 iters for seed 108 on ER0.3 which is in the 47.563934326171875 percentile
 Maxcut: 28.0, MedianCut: 18.0
-18.00593984379877
-19.451584467985786
-19.458755522216645
-19.654877376302526
-19.892570103761035
-20.17058348450828
-20.44810725765593
-20.660745261275178
-20.943075314848624
-21.174780243931586
-21.41358335751668
-21.58315956271779
-21.72560030368143
-21.839456750607724
-21.92899980135823
-21.98335146816643
-22.063785689066506
-22.136240181653424
-22.23069556553503
-22.33937522314793
-22.465242716859485
-22.604528120442396
-22.69111022154032
-22.809171051449276
-22.878977616363166
-22.973425723171538
-23.056816993506857
-23.120656350323216
-23.17461229802734
-23.249969415753874
-23.304721711456253
-23.366452666322473
-23.42966680958134
-23.46169158452352
-23.498141824112835
-23.540308196239458
-23.581853863013585
-23.614167598226793
-23.635598475979048
-23.66085696253725
-23.67738871074548
-23.68957560107943
-23.703647516191754
-23.715523054964283
-23.73015105542046
-23.74752390009699
-23.755207261242358
-23.769335247357276
-23.781577048606508
-23.79716719963067
-23.811455716878672
-23.823222534469828
-23.842742203772435
-23.86056921575276
-23.872559687434713
-23.886669203565873
-23.89292790915733
-23.900616514188755
-23.912180008699938
-23.91976605452655
-23.937085455142537
-23.942184532796777
-23.95857985090154
-23.96401060421603
-23.97413937030506
-23.984466747077736
-23.996340681685975
-24.005295326185564
-24.01577199783576
-24.027940565168944
-24.03829464376487
-24.04941981314067
-24.060330188831987
-24.07112035503845
-24.080868060474113
-24.093244480381085
-24.106995473601767
-24.115807925545944
-24.124880902096294
-24.13038247753527
-24.139449982027475
-24.14847426717331
-24.157264134629482
-24.16414277618583
-24.171902928275593
-24.181855256034133
-24.190638100991517
-24.198956807505127
-24.20784669350263
-24.21757002517717
-24.22754592884893
-24.234524679792138
-24.240570165968226
-24.248429470385442
-24.257790505573812
-24.265809926230915
-24.272706791252993
-24.279651072846086
-24.286124479069652
-24.292828418265913
-24.299771895976452
-24.305309985389854
-24.31088191076204
-24.314016318684654
-24.317674216863878
-24.321801146717938
-24.3261975547163
-24.32841212148179
-24.33110419919606
-24.333649388703822
-24.336533130178125
-24.339280758636313
-24.341051139106458
-24.34325930750138
-24.347089405951724
-24.349321886217858
-24.351336059485543
-24.353798201800714
-24.355838870762504
-24.35958924038998
-24.361859792495665
-24.364617036411964
-24.366686101858257
-24.368544844699027
-24.369473455468498
-24.372480622459676
-24.373489557878315
-24.375429248587157
-24.37811666155109
-24.380652476854475
-24.383493052965573
-24.38479328648429
-24.388095691965646
-24.390699452304084
-24.39350501563041
-24.395933638574128
-24.397689773137124
-24.400470000861723
-24.403160988545263
-24.40527012397834
-24.40751493424604
-24.409249512568646
-24.411833649054433
-24.413601950940592
-24.4148368787159
-24.417083749908116
-24.419192719125206
-24.421153857440164
-24.422714481552283
-24.424352044465984
-24.42659145980833
-24.42891063386285
-24.430892093277464
-24.432212571322854
-24.433402573361434
-24.435215105569114
-24.436492262232203
-24.438323233853783
-24.44035230596206
-24.441501422971207
-24.443266573828986
-24.445384977493433
-24.44743208025944
-24.449395591716584
-24.450730846475704
-24.452764357416534
-24.45519530718315
-24.457503299062974
-24.460051518158284
-24.462259069182256
-24.464312074124145
-24.467157753955483
-24.46883047809299
-24.470914454131655
-24.474406699766703
-24.476482807314646
-24.47900880568793
-24.481195160584186
-24.483501365520272
-24.485800702867813
-24.488100574878654
-24.49077662748718
-24.492936139910373
-24.495386591932125
-24.49787769624355
-24.500276026926006
-24.5016882304014
-24.50412952838378
-24.506535653756497
-24.50949385710028
-24.512526499644373
-24.515806777535623
-24.51908483941429
-24.521606282254844
-24.52520106918728
-24.527584026349963
-24.530597102826448
-24.53388495354576
-24.536476819709943
-24.539286029453915
-24.543747739749993
-24.547859528090335
-24.551379368918962
-24.5558798173874
-24.561139190038006
-24.56686512196206
-24.57046787585998
-24.574692406425328
-24.578791456651395
-24.583739898874423
-24.58751703387546
-24.591865489912724
-24.596221387581775
-24.600137087404107
-24.603349439573815
-24.606881353162944
-24.609999902485768
-24.613208466874084
-24.616527023122416
-24.621362622007567
-24.623820256503734
-24.627534238970526
-24.629456863976646
-24.633439731142545
-24.635732879662516
-24.63777509503488
-24.64083983514689
-24.642721913335343
-24.644886859170438
-24.647111094914056
-24.64934092122434
-24.653168348844005
-24.65678821787161
-24.65990804852334
-24.662318473175347
-24.664579641329016
-24.668305919273887
-24.672156080736357
-24.674198282995636
-24.676487400442156
-24.67824689407697
-24.680323262068033
-24.683184219042737
-24.685070075141343
-24.68641741287521
-24.689035808858765
-24.69002767409119
-24.6913726558042
-24.69346354684855
-24.69491975784908
-24.696927711607895
-24.697215807188602
-24.69922667064607
-24.699883349177796
-24.700899500667585
-24.702033298342666
-24.70347481450689
-24.705282325747767
-24.706619581727686
-24.708248256291643
-24.709903806946674
-24.711263462140664
-24.712659983202755
-24.71419949769464
-24.715744890527088
-24.717400847849603
-24.71913904932196
-24.720401777448313
-24.72236301899492
-24.723913079389735
-24.725694894514596
-24.72724676768819
-24.728715124145126
-24.730875760234966
-24.732259845803043
-24.733968918097172
-24.736120914597233
-24.73804089643451
-24.739417123424804
-24.74148973568885
-24.742945118397408
-24.7444982900675
-24.74691771356247
-24.74901590203349
-24.750798309768925
-24.752169903620377
-24.75384130862291
-24.755041531911054
-24.75786993862238
-24.75890232615059
-24.76062274905605
-24.762848541154735
-24.765431081404746
-24.767603501456364
-24.769104250356374
-24.770723484617925
-24.772089262030022
-24.773539530453927
-24.775690623396933
-24.77606035572425
-24.778517012917398
-24.779445686322894
-24.78090829036714
-24.78277001053837
-24.78544528026307
-24.78792130136771
-24.78937049879075
-24.790792418271693
-24.79253723529162
-24.79485288627409
-24.796881479441335
-24.798568021147016
-24.80043417381755
-24.802121197657875
-24.804048710286242
-24.805013768384722
-24.80651724071578
-24.808993485223404
-24.810803643375365
-24.812702997948858
-24.814116017464265
-24.815473803032468
-24.81647839273283
-24.818549167580183
-24.819431614057798
-24.821026495243903
-24.82206588988366
-24.824100571449677
-24.825207693720568
-24.8261848472954
-24.82782052017893
-24.828130170899545
-24.830267501233536
-24.830880629663746
-24.832207398785638
-24.833529556375982
-24.835188067662237
-24.836724459629718
-24.838470291041666
-24.84030314296072
-24.84246764888575
-24.844311222926382
-24.846606786383376
-24.848459184846142
-24.849803490148865
-24.85152715060073
-24.85326318193685
-24.854749736935503
-24.856012987939625
-24.857337127765177
-24.85860892901345
-24.860161262066516
-24.8623092955102
-24.863111317289615
-24.864651592398886
-24.86588103298705
-24.867073869099166
-24.86913669210261
-24.87062767784349
-24.872910055498895
-24.874949643534983
-24.87638604880765
-24.878027571443557
-24.8801947405864
-24.881074047441306
-24.88220605727469
-24.88317734945654
-24.884164842582994
-24.88546227923388
-24.886934593897784
-24.888069093768948
-24.889298435279382
-24.890403619112377
-24.89122903490061
-24.892113557837238
-24.892836718540575
-24.89388459996368
-24.894937992581436
-24.895585213016123
-24.896724093671544
-24.897226640421763
-24.898143260317596
-24.8988786588826
-24.899403744463296
-24.900384007620612
-24.90104686870355
-24.902117387198945
-24.902950672338072
-24.9040136801787
-24.904926774484608
-24.90573502524069
-24.906796796916172
-24.907741127418518
-24.90896003598337
-24.909991835308848
-24.911136034355604
-24.91171571542423
-24.912942462907147
-24.913695218560434
-24.91449354383413
-24.915418226890466
-24.915946136706133
-24.916678506012616
-24.917534399614166
-24.917969507397398
-24.91870351824454
-24.9192665258849
-24.91984484860847
-24.920534086818282
-24.92098097552705
-24.9219353596458
-24.922707409157237
-24.92338756346271
-24.924161985824227
-24.924862734945155
-24.925396742747257
-24.92604099318207
-24.926564481706453
-24.92706929642007
-24.927759867473902
-24.92818791882901
-24.928526273304303
-24.929256879683383
-24.929711021682454
-24.930264466374023
-24.931203189180454
-24.931764118675993
-24.93239952225911
-24.93368470278701
-24.933835400580126
-24.934615519712118
-24.934856175739718
-24.93537658417852
-24.935838793513803
-24.93639131242147
-24.936878427779977
-24.937280169550107
-24.937754211184206
-24.938356266918298
-24.939067920104044
-24.93961887137726
-24.94015599035426
-24.940763136213484
-24.941272340619964
-24.941739743049276
-24.942467531924482
-24.942907122307922
-24.94341152714528
-24.944254220115813
-24.944844088579753
-24.945478846889525
-24.945941873743248
-24.94643881001735
-24.94700881495251
-24.94779660354748
-24.948511966320435
-24.948992456340168
-24.949774630543086
-24.95028344721669
-24.95083315195342
-24.9514706804649
-24.951905744159202
-24.952627582441988
-24.953388904063562
-24.953816154284915
-24.954418786858916
-24.955049767160673
-24.95568576491732
-24.956665817515653
-24.957344965676654
-24.958228601227844
-24.959175665626123
-24.95997000885314
-24.960773576709556
-24.961334342133842
-24.962261283073374
-24.96250854701378
-24.963579652768047
-24.964065794893944
-24.96480055778973
-24.96577249867947
-24.96619302861863
-24.967530876281607
-24.96798996247701
-24.968609600285085
-24.969551468788868
-24.970232326049
-24.971278912797388
-24.971915745842
-24.972769793821755
-24.973392663793717
-24.97412439277272
-24.974882087461573
-24.97552221175102
-24.97652662633363
-24.97747383120227
-24.978054701520644
-24.978930919996778
-24.979391324999227
-24.97982848761458
