500 iters for seed 29 on ER0.3 which is in the 56.778717041015625 percentile
 Maxcut: 23.0, MedianCut: 15.0
-15.003196992667712
-15.724753406565513
-15.757565113539181
-16.174832337130958
-16.572509902486413
-16.785883646936572
-17.03477316838554
-17.354776258538983
-17.594429154480018
-17.820555260375123
-17.968600795516377
-18.269917185415817
-18.531636323214993
-18.683476094581593
-18.849065599142808
-19.010517420576072
-19.115984916392822
-19.194712376314584
-19.357021044239552
-19.44732261619994
-19.529032788143716
-19.59897697840989
-19.651950909360338
-19.730388271187387
-19.78013541830062
-19.825986945846342
-19.87126788818541
-19.91636224816149
-19.953708868450374
-20.010087611601158
-20.029211146791255
-20.064287773199577
-20.113339734383054
-20.165611597137364
-20.220015911427616
-20.280733876888853
-20.341730613313914
-20.37857505507894
-20.426840265467117
-20.459256517098414
-20.495725149859478
-20.526926856344755
-20.56882087276352
-20.5969372240926
-20.61971361155298
-20.651708017312203
-20.692098882794262
-20.708471837667993
-20.730348809202567
-20.742925848576785
-20.76233240593562
-20.777427456744725
-20.790435165061833
-20.81344102927453
-20.82278563453865
-20.83729963136638
-20.845816232242854
-20.855307235217467
-20.863563557728135
-20.87052734549999
-20.877668852215827
-20.882803927276235
-20.888287142067643
-20.89824048634439
-20.906310846121027
-20.912878512342907
-20.92397653737004
-20.932102615220558
-20.95954648887035
-20.96771614886712
-20.999601721037497
-21.02095142013534
-21.050222433075408
-21.10506299970791
-21.138440460932628
-21.216836232149106
-21.264696178302316
-21.373404596597872
-21.45475096740729
-21.512042649992473
-21.564814087223183
-21.601742933478505
-21.631243407001495
-21.67843324938129
-21.708499585544466
-21.73659704537976
-21.765102101368726
-21.795556903523654
-21.81928145649798
-21.841805964463394
-21.866121551874397
-21.882203067051687
-21.89526674537828
-21.905819991162165
-21.915294411913724
-21.92578353431447
-21.932984040030377
-21.93998651981824
-21.94660838890043
-21.95232268433722
-21.958507690948377
-21.96298016584415
-21.967227670132257
-21.970227316951956
-21.97263236177679
-21.97448831044692
-21.976207720389365
-21.978117394805246
-21.979698339237213
-21.980940096973203
-21.98207981952689
-21.983148849984754
-21.984152608873455
-21.985150721692538
-21.985952596650407
-21.987324919251357
-21.98816664514015
-21.98910012241666
-21.989869467071173
-21.990354882992083
-21.991012778242403
-21.99169422511481
-21.99208734081606
-21.992525190143
-21.992874794405356
-21.993148089073816
-21.99363545426642
-21.993833532059494
-21.99407903724965
-21.99452560398363
-21.99478612149559
-21.995255900909886
-21.99551388394901
-21.995850523614546
-21.99609675808132
-21.99630438034203
-21.996496386998277
-21.996699619569974
-21.996906715122332
-21.997113302650153
-21.997251213286848
-21.997329969822246
-21.997418590709312
-21.99752473446616
-21.997607625804502
-21.99766038294178
-21.997757655336812
-21.99778096258697
-21.997869034328343
-21.997905211752485
-21.99794678628956
-21.99801063277568
-21.998081129203456
-21.998132349939283
-21.998173117979174
-21.998212638826796
-21.99826027999223
-21.99829407677533
-21.998328837427323
-21.998359825312452
-21.99839626060732
-21.99845053801973
-21.99849999817723
-21.998537898577418
-21.998580894941043
-21.99862121744482
-21.99868536438598
-21.998747926216026
-21.9988075913827
-21.998852282865588
-21.99890078206243
-21.998960931845797
-21.999020828159317
-21.9990837469217
-21.999146108597618
-21.999206293757407
-21.999272387389404
-21.999331848077528
-21.99939639670844
-21.999446474874983
-21.99949477541589
-21.999529354836586
-21.99956755629503
-21.999612458502423
-21.99965795370966
-21.999687536330836
-21.999712978929246
-21.99973487270497
-21.999765503905813
-21.999784031361116
-21.99979883082087
-21.999813623989873
-21.999826209208678
-21.999842849469367
-21.99985778818986
-21.99987416486342
-21.999888579773295
-21.99990216345889
-21.999915183738448
-21.99992375460102
-21.999929986835358
-21.99994027269788
-21.999947180960074
-21.999953982360278
-21.99996014368841
-21.999964811415143
-21.999968069893328
-21.999970898853714
-21.99997373603729
-21.99997632608942
-21.999978637125718
-21.99998077820638
-21.999982436173003
-21.99998436660944
-21.99998650637889
-21.999987289046672
-21.999988949917174
-21.99998980053007
-21.99999090821185
-21.999991603243497
-21.999992585400918
-21.99999320322138
-21.999993756988196
-21.999994832429923
-21.999995409835968
-21.99999593102528
-21.99999626581135
-21.999996594336704
-21.999996947091443
-21.99999739413967
-21.99999769901541
-21.999997971531617
-21.99999822748824
-21.999998495048143
-21.999998612462626
-21.99999881187082
-21.99999891953657
-21.999999027534372
-21.999999137682963
-21.999999217342644
-21.999999297809214
-21.999999385282926
-21.99999944279014
-21.999999480928782
