500 iters for seed 128 on ER0.3 which is in the 28.684234619140625 percentile
 Maxcut: 30.0, MedianCut: 19.0
-17.004103465365983
-18.47097785275481
-18.4807504891452
-18.49324923506544
-18.50344167972983
-18.557879400377555
-18.59587893448075
-18.643398597059832
-18.687335339280857
-18.745595603947663
-18.76470107398549
-18.81106487536419
-18.83071676031986
-18.86198090229079
-18.88447522527802
-18.903873195851524
-18.921877686260746
-18.936715996527646
-18.950094567042576
-18.96573884010726
-18.977390476666017
-18.98929440772197
-18.999142595268896
-19.007815190993252
-19.015736682433324
-19.02235022761724
-19.03050320144186
-19.037101536503727
-19.044868331610893
-19.05272892286909
-19.058134104497526
-19.06386837703611
-19.069832300704732
-19.07420096795168
-19.079302426265375
-19.084147208699157
-19.08920859304915
-19.09285814490359
-19.096226278298232
-19.100182896118238
-19.103684417906088
-19.10721930608764
-19.111844714579238
-19.114078532384376
-19.117484700825457
-19.119245180727134
-19.122154218025436
-19.12391935406419
-19.126004969334318
-19.129554750207678
-19.13132379477133
-19.133810893124053
-19.135986449503978
-19.13855401871072
-19.140501623313853
-19.143263823899886
-19.14521874977103
-19.147007972640893
-19.148735751233062
-19.150790514451952
-19.152354130466044
-19.15369935277756
-19.156168594008015
-19.157960144271243
-19.159597052956016
-19.161349661674556
-19.162941248889492
-19.16471904166479
-19.16733200658109
-19.168561254783157
-19.170450531955577
-19.172127221414772
-19.174065339583407
-19.175494995494702
-19.176966505683517
-19.178927660431043
-19.180772033443525
-19.182280864637832
-19.184303593566682
-19.185684566106104
-19.187065378137554
-19.188587419758683
-19.189628598269348
-19.191078078992028
-19.192620308196098
-19.19387097067588
-19.194669134909674
-19.196522989978057
-19.196959896586428
-19.198392422967068
-19.199131065425668
-19.199967049769445
-19.201210732302684
-19.20201916456073
-19.203167767868102
-19.203864910809735
-19.20461685443397
-19.205304239403084
-19.206077094725504
-19.206797984875195
-19.207512552757485
-19.20818424587849
-19.208987366445037
-19.209155551458352
-19.210243331808115
-19.210667918897983
-19.21115675487444
-19.211814312252947
-19.21250065346218
-19.213493197531072
-19.213908954250844
-19.214471379202003
-19.21482058087337
-19.215336645637688
-19.215800040807785
-19.216080426679525
-19.216678708753626
-19.216972535469232
-19.217547358349876
-19.21801643590001
-19.218468046051914
-19.218947895119655
-19.219423765110786
-19.21996147880147
-19.220505894758308
-19.221069861423487
-19.22158831890801
-19.2221436308813
-19.2225954468886
-19.22309748189462
-19.223618430690347
-19.224137499102568
-19.224784257921037
-19.22539576202135
-19.225846411840553
-19.226542414362115
-19.227056462430696
-19.227538454980778
-19.228279101071443
-19.22875147946999
-19.229626241706455
-19.230219022998366
-19.230712117416928
-19.231356871549462
-19.231916900184395
-19.232609038792795
-19.233332041403635
-19.233744876687275
-19.234433206032204
-19.234856564084172
-19.23555062229017
-19.236156828796364
-19.236527652337845
-19.237282583948023
-19.23776718907929
-19.238403866516343
-19.239056896723294
-19.23964773002125
-19.240281890234293
-19.240918227388406
-19.241476333735275
-19.242035149957008
-19.24265968458945
-19.24329901718836
-19.243878121554935
-19.244337826463422
-19.244917875098622
-19.245496028093054
-19.246022058843888
-19.246635664616903
-19.24705152725288
-19.247629543059055
-19.24798930955743
-19.248449803422744
-19.248734538996914
-19.24937352079711
-19.249660259354208
-19.25004284603171
-19.250474821087476
-19.25095252475887
-19.251274308276678
-19.251649902135636
-19.252023942096216
-19.25241685750851
-19.25293110865344
-19.25319877467009
-19.253487178936005
-19.254029465079466
-19.25428652275431
-19.254571578726022
-19.254975159865495
-19.25522081223035
-19.255821794797477
-19.25618769374516
-19.25660784953345
-19.25699778970805
-19.25730563971901
-19.257683773840764
-19.258194104676452
-19.258537984006143
-19.258857894487274
-19.25939347959886
-19.259718334848852
-19.260075873733143
-19.260602583568367
-19.260931526309264
-19.261358825509518
-19.261713599290673
-19.262098523744694
-19.262417402673044
-19.26272774427749
-19.26301628034982
-19.263329074955347
-19.263618386070906
-19.263870891147114
-19.26417431739148
-19.26442327967836
-19.264641685489483
-19.2649833567996
-19.26513367826308
-19.26534796572433
-19.2656604769016
-19.265827306248344
-19.266120964653815
-19.266361768388062
-19.26650669925618
-19.26674748411412
-19.26696740391877
-19.267229222545748
-19.267442120832918
-19.267678124696545
-19.267896814202413
-19.26810014788301
-19.268285532108102
-19.268479814887602
-19.26864698163154
-19.268834594295054
-19.269029990512458
-19.26923077929279
-19.26940949565015
-19.269588682475046
-19.269768346069544
-19.269937662436924
-19.27007269491428
-19.270393320595822
-19.270565911275988
-19.270760584228597
-19.270999617387524
-19.27121185853205
-19.271469303067537
-19.271699249663207
-19.27191708904974
-19.272078530078005
-19.272266126901176
-19.27246304723233
-19.272612799242125
-19.272770256191134
-19.27293837094275
-19.273128561880753
-19.273328649080696
-19.27349503017617
-19.273660717785027
-19.273881131611045
-19.273999390370843
-19.274148706203068
-19.27432526435079
-19.274463950154246
-19.2746264090956
-19.274867556101114
-19.27500828811003
-19.275205482794256
-19.275311098280184
-19.27552784774095
-19.275645613005853
-19.275759347842275
-19.275944857490046
-19.27606189086075
-19.27632610725156
-19.276435958437176
-19.27657059365389
-19.276700408002217
-19.276859232157967
-19.277021622305746
-19.277148771854556
-19.27733332389562
-19.277531187675837
-19.277701791417563
-19.27796074336294
-19.27813465924548
-19.278311623347484
-19.278513813406388
-19.278680610510012
-19.278861644714908
-19.279117519659746
-19.27923129547487
-19.279451939217868
-19.279640239320578
-19.279869692552044
-19.280027574560215
-19.2801701511292
-19.28036560665198
-19.280615554999862
-19.280835408276836
-19.281021737686736
-19.28120613510115
-19.281433740888417
-19.281605678458007
-19.281796952839485
-19.28185202435365
-19.282126679866465
-19.28223417853833
-19.28238329529106
-19.28258877893986
-19.28271529906692
-19.282924160186017
-19.283045678416023
-19.28320887524476
-19.283311033534016
-19.283425719502596
-19.283586974420416
-19.28367285893979
-19.283816703232517
-19.28393009990304
-19.284086033174013
-19.28418067296949
-19.284329985633516
-19.284530606645284
-19.28465188759028
-19.28479153003416
-19.284897835678024
-19.285031169429782
-19.285180562808414
-19.285325646844754
-19.285471545300876
-19.28561013502892
-19.285746086670713
-19.28594235379128
-19.286070752392273
-19.2861754265004
-19.28638844563107
-19.286498616582996
-19.28659498362768
-19.286745479232287
-19.286836274750367
-19.286947540973337
-19.287062781625412
-19.287125544684482
-19.287239937259276
-19.287303646588033
-19.28744852515875
-19.287514917543852
-19.287603357694753
-19.287757417189344
-19.287876587178403
-19.288034244740185
-19.288147799292055
-19.288305723642818
-19.28848724055456
-19.28870824767667
-19.288834118681343
-19.289038117996633
-19.289174585333676
-19.28936301801171
-19.28953562863374
-19.28964452613409
-19.28979956953141
-19.289980221219174
-19.290093572838565
-19.290218403615548
-19.29037172340525
-19.290474655814485
-19.290574790522967
-19.290645873582356
-19.29075365662755
-19.29084673236992
-19.2910222075092
-19.29110238841256
-19.291208533830158
-19.29136158624219
-19.29145459632741
-19.29156098955196
-19.29164221473485
-19.29174791989572
-19.29183177347776
-19.29192123510044
-19.29198528558041
-19.29203944705823
-19.292115657056776
-19.292209106304213
-19.29228546800751
-19.2923693427608
-19.292439680765476
-19.29252821830972
-19.292639135969768
-19.292693847370135
-19.29278560224523
-19.29284973462492
-19.29294564552921
-19.293010170800795
-19.293063459790357
-19.293135775532384
-19.293220043295822
-19.293275270286593
-19.293338016967777
-19.293382366390993
-19.293450591764262
-19.29349715394999
-19.293539186329784
-19.293612723198102
-19.293662817711397
-19.293744812886626
-19.293805140742347
-19.293872838148033
-19.293926778450167
-19.293977783335297
-19.2940557660032
-19.294113694266272
-19.294217482261597
-19.294283971136352
-19.294340163228473
-19.29440037375918
-19.29445202462023
-19.294525312011405
-19.294583831681162
-19.294618608768147
-19.294683281535672
-19.29471551011649
-19.294794790406037
-19.294853222388213
-19.294915361528844
-19.295034138145574
-19.29511077638283
-19.295195867846786
-19.295258821572215
-19.295345295795723
-19.295419322936166
-19.29551210904698
-19.295588288161383
-19.295657540327078
-19.295694843882927
-19.295795811546355
-19.29583653215407
-19.29588647759734
-19.295957738765953
-19.296022674378055
-19.296154838245762
-19.29620544626925
-19.2962730227552
-19.296346320525096
-19.29644034760478
-19.29653680683518
-19.29661661688956
-19.29668882434958
-19.29675615154291
-19.29683058982485
-19.296895731697724
-19.29693074899552
-19.297001618907384
-19.297044028308356
-19.29708768687349
-19.297151401599038
-19.29718391406726
-19.297236969140833
-19.297308396557174
-19.297330826442845
-19.29739890079162
-19.29744096351979
-19.297488408234685
-19.297541435035285
-19.297598931826226
-19.29766325384432
-19.297700837272348
-19.297758685758996
-19.29782477060437
-19.29789411776565
-19.297946236240293
-19.29800744692501
-19.298058343496653
-19.298121084440947
-19.29817018944123
-19.29821966464159
-19.298259970195836
-19.29830649034345
-19.298344527509258
-19.298373102205716
-19.29842496150339
-19.298459357370298
-19.298495911487446
-19.298549566752136
-19.2985843702657
-19.29863402688306
-19.298682248970383
-19.298737083339716
-19.29877242190292
-19.298831406782735
-19.298854398970175
-19.298914725611066
-19.29894760816331
-19.298993309087543
-19.299060471395244
