500 iters for seed 107 on 3R0.3 which is in the 79.08706665039062 percentile
 Maxcut: 21.0, MedianCut: 12.0
-14.00136401329802
-14.540641374789626
-14.542762491948169
-14.661890759267328
-15.01974858424853
-15.259273015936653
-15.59648875864503
-15.878669855286304
-16.273364806086008
-16.592810930107113
-16.837425509244845
-17.08471540620505
-17.29811757595475
-17.578193256559132
-17.772985566705426
-17.900094562343423
-18.027174606755374
-18.14805764639306
-18.235591608649777
-18.339930657059313
-18.39228088700458
-18.454339562733207
-18.502606536271095
-18.557363986536945
-18.58817713238642
-18.62426531710434
-18.655404434024806
-18.695089262501416
-18.71739251990299
-18.740990801121338
-18.783287049317657
-18.808839777428524
-18.839614086248915
-18.84947141908016
-18.86335684961882
-18.874580835111978
-18.88911477979215
-18.899308203723404
-18.907015533449687
-18.913905878222263
-18.925004190797505
-18.931230294681786
-18.93731818267296
-18.947159251824054
-18.952796821348063
-18.960502473322972
-18.964763633927156
-18.97034344796023
-18.974092362982113
-18.977737892884484
-18.980433427100085
-18.982723430699338
-18.987008984882102
-18.98916366855143
-18.992351142268994
-18.993726229319144
-18.995744737345785
-18.997343783989162
-18.999648731439642
-19.00065214381317
-19.001795239376005
-19.003541231436255
-19.004390216728886
-19.00571687278577
-19.006819841619087
-19.007968572094967
-19.008987938200626
-19.01001555782016
-19.011417893260365
-19.012269745547858
-19.013094094727585
-19.013990942806917
-19.014715773725392
-19.015301020184985
-19.016144176452972
-19.016778091662957
-19.0176546481267
-19.018535934125115
-19.019171664426764
-19.020077018872456
-19.0205588263693
-19.02128131125386
-19.022255435455996
-19.02288789734873
-19.02439420723366
-19.025572759737912
-19.027455684481982
-19.029377888827014
-19.03095586088083
-19.0326268652725
-19.03471814692713
-19.036898211510717
-19.038831485121698
-19.041486375148693
-19.044012183258342
-19.046688461552847
-19.048629041657072
-19.050654424595006
-19.05284314324961
-19.055208330129584
-19.05733585352116
-19.059241368229983
-19.060641699409608
-19.063199077486644
-19.06486677634082
-19.06623181082285
-19.06807793549555
-19.069147006249008
-19.070533071278977
-19.072194274550824
-19.073406217406745
-19.074918833759686
-19.076808529634363
-19.07816673993699
-19.079354886367586
-19.080529374792047
-19.081950531069783
-19.083688731568525
-19.085448868595545
-19.086652536905863
-19.088781170045753
-19.09034563381943
-19.092156586751443
-19.09449789824262
-19.096013046599523
-19.097853551461988
-19.100203910786462
-19.101641216790238
-19.103363888913254
-19.10567900385018
-19.10808405732154
-19.110172230983387
-19.11224565762249
-19.114013969166596
-19.115668367906494
-19.11793396624036
-19.11968807820162
-19.12116447867299
-19.12322028608706
-19.12419933003612
-19.125126180394957
-19.126829580194457
-19.127730204714883
-19.128752362362018
-19.130352452038323
-19.131279818279424
-19.132130373108115
-19.133856479442855
-19.135073931790277
-19.136720992395215
-19.138373506709037
-19.139309937341842
-19.140883007096157
-19.141603310957663
-19.143019078774497
-19.14393435670604
-19.14493089142098
-19.146487033873456
-19.147909730499677
-19.14979245231939
-19.151113222480518
-19.152104980328467
-19.15366428211932
-19.155394521170216
-19.156762014917305
-19.158003821865023
-19.159647959215665
-19.160941263241817
-19.162145027951013
-19.163532080425508
-19.16452531086235
-19.166042301172887
-19.167261237902398
-19.16772958951377
-19.168592497634123
-19.169310059909225
-19.17018894843521
-19.17113266630814
-19.17163559216986
-19.17225520753505
-19.172688666127787
-19.173436989646245
-19.17398043280432
-19.174507450718988
-19.175589501869066
-19.17632747740042
-19.177441018756472
-19.178163506580738
-19.17931266081557
-19.179973627501976
-19.180812180728605
-19.181668368718192
-19.182380138480795
-19.183538384113124
-19.184294329169447
-19.185131584905943
-19.185759990455363
-19.186517584149172
-19.187342100828307
-19.188326561471335
-19.189068471055993
-19.189827356829277
-19.190563777672942
-19.191375717412708
-19.192692521961188
-19.193667423836217
-19.194632945379738
-19.19569828846542
-19.196476558066706
-19.196993875860027
-19.198230771956982
-19.198738863772796
-19.19945461205618
-19.200018657558637
-19.20053563096857
-19.2017722066292
-19.202466666662364
-19.203315249377294
-19.203788449111354
-19.20441347457948
-19.205145358964593
-19.205981026562572
-19.206672185615222
-19.207292864400184
-19.20875633815985
-19.2097470964114
-19.210787275835965
-19.21186084145847
-19.213086074822307
-19.21414837855575
-19.215609782413548
-19.216505141156915
-19.21746831525908
-19.218980298277778
-19.22038590295487
-19.22268008452803
-19.223609592176842
-19.224566748755255
-19.225982019411703
-19.227192334404478
-19.2283130179428
-19.229269119591592
-19.23025959314874
-19.231221995018636
-19.23242321294488
-19.233165789801046
-19.233837660230208
-19.23464259897537
-19.2357738113255
-19.23656701945151
-19.23732383202709
-19.23872991286168
-19.23965752208931
-19.24128311399477
-19.242827228054637
-19.24455771453556
-19.24620213027544
-19.24782891692679
-19.249364798560233
-19.250322595552067
-19.251087925311957
-19.252990994593745
-19.253793571900154
-19.255196752802117
-19.256457628085812
-19.25742773179245
-19.259253868250884
-19.261668003009458
-19.26289017860712
-19.264717046130606
-19.265890675611274
-19.267048705541615
-19.267998305804
-19.269581740535447
-19.27033470364819
-19.27131609137483
-19.272781102793093
-19.274271798154032
-19.27525107117003
-19.276186052919723
-19.277675002605147
-19.279147373936542
-19.280278929268654
-19.281859735214958
-19.28363092384336
-19.285328033751874
-19.287099437359693
-19.289593069904885
-19.29104232243652
-19.29324284405898
-19.29570114229855
-19.298217572672506
-19.299230680841866
-19.30238168695811
-19.30469141772656
-19.30799791128687
-19.311633990198732
-19.31480344012382
-19.318142326824894
-19.322357332843836
-19.325743544700444
-19.3288198388586
-19.332623945388196
-19.337509548323467
-19.343150459194742
-19.34834816173859
-19.353761595638673
-19.35905309055275
-19.363519008365067
-19.36756096293036
-19.37402306021799
-19.378475418741314
-19.38328924769087
-19.390575318334477
-19.395382331609465
-19.401107069060306
-19.405776780503512
-19.414779087264453
-19.419380827648766
-19.42836469010155
-19.433742500132904
-19.43974506430381
-19.445321212500232
-19.449889001722347
-19.458621483998442
-19.46686855780227
-19.47461538393671
-19.482255336144938
-19.488655963581873
-19.495909866013136
-19.506033661011443
-19.51331482355981
-19.52170360495149
-19.527275969397003
-19.53354603434891
-19.54269151489618
-19.55039948813345
-19.55747079319788
-19.563700534211335
-19.568345978698336
-19.57399165406385
-19.578358440785472
-19.582815668510953
-19.586678392964444
-19.592328688713653
-19.597892109924825
-19.601972174093547
-19.60459938087562
-19.609832324403456
-19.612757145967453
-19.617377693101336
-19.6208382078403
-19.624776844191437
-19.63063296374844
-19.634222956566934
-19.637939256971816
-19.64130341157183
-19.645101895304265
-19.649425206303775
-19.65396635679491
-19.65706037130161
-19.66101276137686
-19.66592923091866
-19.671421248130248
-19.675695005972326
-19.679554414497677
-19.6838528778115
-19.68805070250242
-19.690926578454608
-19.69323265931334
-19.69629127056423
-19.699158317517927
-19.70143479978732
-19.703515925658632
-19.704991944283513
-19.706616505804995
-19.707938420639856
-19.709133594317375
-19.71089377780167
-19.712059595160365
-19.713104053861066
-19.714632253000815
-19.715826011450456
-19.71780726396345
-19.71986883942012
-19.720711309476794
-19.721812839008145
-19.72298630696221
-19.724312091278115
-19.725504408467522
-19.726527680735312
-19.727672051558116
-19.72912399927214
-19.730344972479408
-19.731337664504373
-19.732775177154146
-19.73364584615167
-19.734757452445535
-19.73651961081363
-19.73749505924454
-19.739026816845655
-19.740639029442544
-19.74225415747197
-19.743348995554676
-19.744623283132828
-19.745871870956726
-19.74692406129636
-19.748251480223804
-19.749324262792385
-19.75039682331588
-19.751588416932854
-19.752784460309034
-19.753406237552497
-19.754430973307365
-19.755528592906778
-19.7568794851305
-19.757955816071938
-19.758957349872855
-19.75964422641463
-19.76024743348113
-19.76140978665882
-19.76230705057712
-19.76336585312025
-19.76475922480983
-19.765706635576198
-19.766715388163288
-19.768007515799752
-19.769385016013803
-19.770965128815156
-19.772157539675437
-19.773335125866456
-19.774152637098208
-19.775104495601784
-19.776233502002764
-19.777143433839672
-19.778184120961328
-19.779702937729102
-19.780596755052283
-19.781469939989638
-19.78297335108621
-19.78408602263141
-19.785801995332037
-19.787052035857542
-19.7882707596783
-19.789490000881212
-19.79080242388186
-19.792299375713764
-19.794143040376238
-19.79537860407049
-19.79659278661041
-19.798959577283057
-19.800404018641277
-19.801831256286267
-19.804088014458216
-19.805655129456078
-19.808016196804903
-19.81091378893104
-19.814300041894167
-19.81743248517862
-19.820563581232797
-19.824620718691456
-19.827609477033747
-19.83061371795274
-19.834263789467087
-19.837847444900802
-19.842620900903984
-19.845081173366374
-19.85027161017394
-19.852556000788475
-19.855397990061594
-19.859678306425028
-19.865003835680724
-19.86829979573346
-19.872165133126167
-19.87589055298982
-19.879496542142462
-19.88414744707803
-19.887756776914497
-19.89153071892314
-19.89556965467259
-19.898782088946504
-19.9009219574554
-19.90509465224243
-19.90754573629897
-19.910234124378523
-19.913554408397538
-19.91599233891636
-19.920054363494675
-19.92318600426114
-19.926911262494325
-19.930143908665855
-19.933168172466942
-19.936446364620927
-19.94049296471015
-19.943305510072808
-19.946223358044385
-19.9492993360315
-19.95237958376905
-19.955515845601305
-19.957941226518678
