500 iters for seed 139 on 3R0.3 which is in the 79.03823852539062 percentile
 Maxcut: 22.0, MedianCut: 12.0
-13.999999978948107
-14.000000044187585
-14.000000134788243
-14.000000295696713
-14.000000605744445
-14.000001227033959
-14.000002502122934
-14.000005158786426
-14.000010750874848
-14.000022601805437
-14.000047855312474
-14.000101894972843
-14.000217910451825
-14.000804783195731
-14.001733177121704
-14.003737088441419
-14.008052577834095
-14.546290409608124
-14.553636560796086
-14.677110465642132
-15.457989581348587
-15.801768907292583
-16.256184342740553
-16.68135805797335
-16.946312382042944
-17.188605986801264
-17.338979514944604
-17.434760740361018
-17.543093973186995
-17.625269923873528
-17.670596659361355
-17.71225328696869
-17.761308829487405
-17.79272043323023
-17.818164072815094
-17.85725774855301
-17.87856777391338
-17.90050255935188
-17.914986014878107
-17.92648807857945
-17.93487154704704
-17.944293117048325
-17.95153755768852
-17.956483561845722
-17.96288441815183
-17.966924090329105
-17.970747983071217
-17.97489343178787
-17.97743568962183
-17.980879433616465
-17.982994510287874
-17.985734330864304
-17.9869854487231
-17.98838162001504
-17.988935111665153
-17.990296511301377
-17.990951153290702
-17.99179559666631
-17.992961463139526
-17.993758158989866
-17.994986816876015
-17.995642913621964
-17.996214929922743
-17.996754222238113
-17.997272000164575
-17.997645506615704
-17.997981577057192
-17.998178777433104
-17.998468402613756
-17.998595730151987
-17.998778921198273
-17.998929892164643
-17.999061626291365
-17.9991788810536
-17.999290962365627
-17.999380615872873
-17.999433069101833
-17.999485749328855
-17.99958454061165
-17.99962509594009
-17.999663548141058
-17.999712241255196
-17.999742014252398
-17.999770169403337
-17.99981049341438
-17.999835847651745
-17.99985933556739
-17.99987706699164
-17.99989000706541
-17.999909507509088
-17.99992020307628
-17.999927203572344
-17.999938676363428
-17.99994539689852
-17.99995537114475
-17.99995968533261
-17.999965882168716
-17.99997067484458
-17.99997460967164
-17.999981946014813
-17.999984387410105
-17.9999867827163
-17.99998857907891
-17.999990487264192
-17.999992452095917
-17.999993777645965
-17.99999464520953
-17.999995162851683
-17.999995862737595
-17.999996463408106
-17.999996788188938
-17.999997302055466
-17.999997711901557
-17.999997911278648
-17.999998280424748
-17.99999848354493
-17.999998683404485
-17.999999007077434
-17.999999096989374
-17.99999928769999
-17.999999358854865
-17.999999423513213
-17.999999505122855
-17.999999563169727
-17.99999962581624
-17.999999675798726
-17.999999710005483
