500 iters for seed 73 on 3R0.3 which is in the 78.96194458007812 percentile
 Maxcut: 22.0, MedianCut: 12.0
-14.000000148947752
-14.000000538096037
-14.00000170660667
-14.0000053970265
-14.00001715794746
-14.00005472077883
-14.000174583813065
-14.04164518508756
-14.041749090679556
-14.047480974716168
-14.129138988464746
-14.217138766921568
-14.412480520433421
-14.62677073112356
-14.818407809059089
-15.041585785542233
-15.513194134583472
-15.73348297847079
-16.09654665501274
-16.359306017171157
-16.61435064871775
-16.794936176998153
-16.98935837290466
-17.16121140858238
-17.285915480405535
-17.361164039454696
-17.431042587981327
-17.497795719573162
-17.567641092597846
-17.646770912265787
-17.701484059191937
-17.749414912512524
-17.77460946626227
-17.79938518585456
-17.82274140180595
-17.84505497672274
-17.86557359905338
-17.88056562509931
-17.895024889136657
-17.909395286546754
-17.918886204899135
-17.928608296369603
-17.943642607067332
-17.95013619060519
-17.95549150848069
-17.960287952162258
-17.964575583277828
-17.96878722710536
-17.972454913065054
-17.975346144122888
-17.97839131091847
-17.981596121277217
-17.98455432096275
-17.987266662449734
-17.989043232614794
-17.991039750777926
-17.992062147384967
-17.993392012718278
-17.99469189576222
-17.99572175366398
-17.996442776703244
-17.99722315544111
-17.997652478802145
-17.99824687582589
-17.99858992188055
-17.99888340048313
-17.999399598375195
-17.99972599213629
-17.999972922498582
-18.000216047402752
-18.000428167053744
-18.000531909461902
-18.000753385160095
-18.000832002804547
-18.000969379308316
-18.001071892092657
-18.001212514876464
-18.00127152829412
-18.00133515691798
-18.00139850794876
-18.00146080016941
-18.001518188077277
-18.00156007760327
-18.001629701705824
-18.00169588072255
-18.00174126463931
-18.001793840498145
-18.001828746633755
-18.00185636699091
-18.001910043904285
-18.001927551875298
-18.001954164205582
-18.00197724247692
-18.001993181376125
-18.002010328514633
-18.002028603547004
-18.002045914466784
-18.00205802875525
-18.002090500832956
-18.002104778913438
-18.00212971062231
-18.002148042935225
-18.00217051917154
-18.002192419545796
-18.002217308426182
-18.00224376458543
-18.002270964667254
-18.002297081032616
-18.002331360226076
-18.002364694961223
-18.00238743944375
-18.002443865819597
-18.002496928109153
-18.00259686882989
-18.002673837107455
-18.00281596022892
-18.002905441829167
-18.00299561786904
-18.00313685965922
-18.003257307021777
-18.003428426334178
-18.00355947774129
-18.003682769899566
-18.003803459674014
-18.00407236730899
-18.004312225261184
-18.004624483211554
-18.004985668443855
-18.005429898614334
-18.005783028357598
-18.00608567406092
-18.006642411911503
-18.007159838740183
-18.007711153213418
-18.008197262222332
-18.008862535600823
-18.00940876601071
-18.00990208237364
-18.010558746596015
-18.010981683857494
-18.01143545466132
-18.012024002023512
-18.012539821871645
-18.0130370563387
-18.013389199665585
-18.014164537916905
-18.01465429249382
-18.015259319938274
-18.01582531350235
-18.016235480408454
-18.01685534993307
-18.017509938026322
-18.017889897084533
-18.01836318453516
-18.018827452666223
-18.01954702006334
-18.020182095873245
-18.02079587894725
-18.021198208145414
-18.021703032666522
-18.022342948268985
-18.023116516202258
-18.023996393125817
-18.024828106367895
-18.025693670509234
-18.02685120480757
-18.02738718690573
-18.028020951694984
-18.02858475105806
-18.029173492391383
-18.030300395880726
-18.030976058676245
-18.031960163340603
-18.032437783604088
-18.03305498399761
-18.03419790054189
-18.03486341283517
-18.036194512481917
-18.037041780326994
-18.03800716099867
-18.03910395906023
-18.04094548164875
-18.041979849805074
-18.043213016767037
-18.044972276516333
-18.046790029282647
-18.04920038006091
-18.051661913264827
-18.053569472761797
-18.056404750599548
-18.06139164133973
-18.06472886535729
-18.068996296053314
-18.073571712281932
-18.078313436024978
-18.082942217966394
-18.086040391193908
-18.09086718436481
-18.094856457476965
-18.10237802568789
-18.105780898966586
-18.11022922443419
-18.116954858025572
-18.12488977057661
-18.133092664783764
-18.139437575427124
-18.145471864189712
-18.152225008227493
-18.163876546409565
-18.169925766519547
-18.182784398712506
-18.191925697791405
-18.202537072206212
-18.218791578581282
-18.233021490434638
-18.242407300818616
-18.25060074400542
-18.260913214904633
-18.267481816481787
-18.282801578513023
-18.28829234701711
-18.29416471401476
-18.303336265679302
-18.31224737711481
-18.320368817742285
-18.329750208826482
-18.33616528546355
-18.342137808490307
-18.349940819938574
-18.35740424417213
-18.366401785530027
-18.375270778357283
-18.38275731457668
-18.390876396573656
-18.39650907204199
-18.410840380735433
-18.414678655068062
-18.424035935991792
-18.43528599962233
-18.44251938902575
-18.45199973824576
-18.45751271450621
-18.464598753685067
-18.47439721372635
-18.488314482959044
-18.496756331579704
-18.506149675398763
-18.519491517460086
-18.53337038626778
-18.544610625738525
-18.55476642515355
-18.567031624654117
-18.578376257478112
-18.5863537940202
-18.59288194844342
-18.59898780244891
-18.60769052860487
-18.61444265347859
-18.619899495287292
-18.625120248843533
-18.631181641103584
-18.638321742384818
-18.644556954768774
-18.650825783195987
-18.656051484180313
-18.662489046947915
-18.671432291807392
-18.676668685693382
-18.68339483688208
-18.690991447228836
-18.696558292581845
-18.70142897016981
-18.70724572014841
-18.713982192310283
-18.719699327603376
-18.727780335555025
-18.731356258485455
-18.73821293084096
-18.74692742712458
-18.755514111192454
-18.762248136338375
-18.768830902829347
-18.77765883549536
-18.789254468364167
-18.800155310074253
-18.807782865002256
-18.81796234444024
-18.826658980874388
-18.83682332787952
-18.845911127001475
-18.85318580620402
-18.87054627511994
-18.877816009458716
-18.888337581270797
-18.89568433100945
-18.908329734284486
-18.923619509321938
-18.938388052412645
-18.952369290536133
-18.967665011354523
-18.984106373460662
-19.01022775159551
-19.03882673294958
-19.05534092033129
-19.07541451284339
-19.100184518958898
-19.12979701886891
-19.158560390977357
-19.18723395388658
-19.229525292754005
-19.254308458603465
-19.28611030118561
-19.31732073838956
-19.351940776553445
-19.37261665113724
-19.398493021080213
-19.43124532959935
-19.46079963360594
-19.479513936214943
-19.501149365456133
-19.51735109622853
-19.53464929342132
-19.550735774523844
-19.568900696236845
-19.58518825086547
-19.599613573680553
-19.610890652297417
-19.62510724481397
-19.637422494197708
-19.646885013662427
-19.6610058713723
-19.67401359382155
-19.695067671655337
-19.708062858506107
-19.72463893561205
-19.74333294628809
-19.75527266894648
-19.7686697974036
-19.78113108166763
-19.79911469926481
-19.81268199311461
-19.828311602773063
-19.843127970127796
-19.855597112167462
-19.86972303856304
-19.88836356058742
-19.896151978331346
-19.912086140532196
-19.917493056691107
-19.931780882242244
-19.93910453976267
-19.94763484996155
-19.954538421024957
-19.964199363470176
-19.970433689649216
-19.976742299536493
-19.98539491473004
-19.994143515057768
-20.000846450317134
-20.00916784768451
-20.01498594280311
-20.02139624903229
-20.038174114158295
-20.043546902849833
-20.053338457027824
-20.062834004980587
-20.07284899298991
-20.085248190730017
-20.093919938012018
-20.102437772349006
-20.108824999952816
-20.11638837273358
-20.120481269750684
-20.128865581574317
-20.132615675332442
-20.137996593161485
-20.14628679636312
-20.15202896086153
-20.158977474640807
-20.164448109023006
-20.170063882342937
-20.17491938210117
-20.18128010156963
-20.185089018206924
-20.188921388293174
-20.19589745975287
-20.200683021523975
-20.207617949574146
-20.212067048943698
-20.216355317125494
-20.220403686841628
-20.223695598730664
-20.22792596228438
-20.231113254522302
-20.234132409509794
-20.238643600475683
-20.241953518933574
-20.24566573123119
-20.25019480709487
-20.25277103758956
-20.25657857687715
-20.260410199402365
-20.264791897764432
-20.267003482897643
-20.270153448458988
-20.274374840262823
-20.278466263603466
-20.281364721553032
-20.283947548052524
-20.287529125245147
-20.29305198646322
-20.294107804663565
-20.298155283060073
-20.30004051329841
-20.303135000065108
-20.306763379602792
-20.3109760036494
-20.3144650876863
-20.31854470641342
-20.321979741785036
-20.326332303780262
-20.331269604067664
-20.335114633067665
-20.337960961310102
-20.34284893837921
-20.34585662872075
-20.349357029171966
-20.35342958336891
-20.356177971054368
-20.359237180450343
-20.363246495881306
-20.366940224863058
-20.370165688534772
-20.37419361079169
-20.377631118620137
-20.380873226344534
-20.38582036469652
-20.38992242907736
-20.394470813223627
-20.39868725530177
-20.4026424523927
-20.40722752484398
-20.411468661737423
-20.41502796332009
-20.418773504309307
-20.423357356837396
-20.426200554137036
-20.429290497073094
-20.432884924256015
-20.438084593000603
-20.44566114762185
-20.447513355425173
-20.453398543990993
-20.45541648178953
-20.459052233787165
-20.461816194003433
-20.466361888460913
-20.47020709360405
-20.47353276047203
-20.479130605515483
-20.48488264703977
-20.488790986998826
-20.49370246666399
-20.498474317518937
-20.504318565053616
-20.50985938942783
-20.515501295503068
-20.51850112187974
-20.523307286752377
-20.526612843066218
-20.529995810856995
-20.534244927236717
-20.53860622370557
-20.541805969945276
-20.544856285006677
-20.549515553541877
-20.55291430804051
-20.556016313823832
-20.559121501307985
-20.562342724084353
-20.567816317426026
-20.57311406579879
-20.576804861768007
-20.582301498946922
-20.585134254277648
-20.58811937825939
-20.591270310274837
-20.59395439725328
-20.598337943764935
-20.603015320858244
-20.605726361317185
-20.609408647296718
-20.612754237903783
-20.61676498733725
-20.620085582132827
-20.62314325512829
-20.624899231150113
-20.628542736147267
-20.630465275812643
-20.633028035843164
