500 iters for seed 40 on 3R0.3 which is in the 50.034332275390625 percentile
 Maxcut: 20.0, MedianCut: 12.0
-12.004629666568544
-12.169471199533273
-12.307388230251002
-12.664920387901622
-13.155456861017463
-13.236664921107515
-13.774709796044958
-14.229471365691044
-14.58957824899041
-14.86439823725912
-15.237416353741482
-15.408344351594033
-15.532888813669889
-15.680595256298274
-15.791565257643434
-15.9593739443439
-16.096466879953695
-16.156380085268772
-16.304275427714128
-16.37353681800164
-16.49825911227585
-16.55400638796887
-16.640189094874653
-16.696868563897997
-16.748476260213472
-16.766590204019757
-16.82044247775932
-16.840059548479612
-16.86761461821656
-16.8868218302443
-16.9090281803978
-16.927241395169712
-16.94503195024903
-16.97312200090345
-16.981815971894815
-16.989713046722507
-16.996929774007228
-17.00204312186202
-17.005438908965523
-17.008761073959214
-17.01045488500277
-17.012404163127087
-17.016146417324542
-17.017835294046495
-17.019933298326713
-17.02179030377348
-17.02338393355961
-17.025305168448103
-17.02711455650836
-17.028690316115693
-17.02986927587652
-17.030762643876695
-17.03164625316537
-17.032354495593125
-17.033240418680865
-17.0340818468978
-17.034603285972597
-17.035150514733644
-17.035630201709694
-17.036469335967443
-17.036860543756468
-17.037256083029774
-17.037742332070966
-17.038244857349035
-17.03856670942801
-17.038944247565222
-17.03940110819428
-17.04011466692167
-17.041053556608905
-17.041913525214195
-17.04258331878941
-17.043425840818028
-17.04405293906493
-17.04483002245902
-17.045595393811027
-17.046200547412273
-17.04701797102739
-17.048254016573075
-17.048783056249114
-17.04961850850191
-17.050430822602873
-17.051310851642725
-17.05275145053352
-17.05360868070191
-17.055007010550767
-17.05632090208279
-17.05797941634886
-17.059405884422457
-17.060780870296814
-17.06260599163286
-17.064124543805757
-17.065508923872567
-17.068066595790004
-17.06922580433044
-17.070953011040263
-17.073542608460432
-17.075060334099884
-17.079187064130366
-17.081953930516736
-17.085270769772098
-17.087655252693477
-17.090001727810655
-17.093299375797788
-17.096400271567564
-17.098510558651313
-17.101316684749875
-17.103984776535437
-17.106035169860313
-17.10864322034404
-17.109943059390687
-17.112558393643763
-17.11536316996918
-17.11849458335701
-17.12067514243279
-17.122482162590938
-17.124240582573634
-17.12687744957387
-17.129208674365977
-17.131179011951513
-17.13258560294787
-17.134190456834567
-17.134972724019786
-17.136476626368328
-17.137125568434737
-17.137902058141005
-17.139059550450845
-17.140263977081386
-17.14156374934311
-17.142532975076318
-17.143630957656903
-17.144948741471758
-17.146238842972192
-17.147324199466606
-17.148356040040003
-17.14940445425716
-17.150746925882707
-17.151344881911985
-17.152047271445486
-17.152804428984563
-17.153345756458382
-17.154428100104656
-17.154750007403567
-17.15563253623621
-17.15604494786269
-17.15680534534935
-17.157858469761873
-17.158415162090883
-17.159312008121418
-17.15999077564994
-17.160791352833204
-17.161410068834464
-17.16224099067408
-17.16283524179407
-17.163341837552665
-17.163902005185655
-17.164489556143128
-17.16533060985923
-17.16602429976691
-17.166624493451785
-17.16740677597882
-17.1680351825101
-17.168979273238246
-17.16986933934121
-17.1702273895526
-17.170909259925505
-17.171374997296283
-17.171969855483194
-17.172478597799756
-17.17298523264031
-17.173983829991414
-17.17434955597086
-17.175165138692584
-17.17553902934588
-17.176166023620624
-17.176839398840716
-17.177643942832834
-17.17816250086977
-17.17890586150673
-17.179354260448946
-17.180085244449273
-17.18063894448281
-17.18112024460929
-17.18202505052228
-17.182667551285494
-17.183571361333758
-17.18456426271257
-17.185680091027955
-17.18673857788493
-17.187715169628653
-17.188786456417102
-17.189681027655755
-17.190811930351526
-17.191775472703714
-17.192729215732154
-17.193776771904567
-17.195100284454355
-17.196260903693165
-17.19717691442438
-17.19815503031949
-17.199105978745884
-17.19987836029778
-17.20071182132483
-17.20150425223183
-17.20245820845641
-17.2033334491279
-17.204062113963914
-17.205067426799797
-17.20592978645559
-17.206630180804233
-17.20735740952456
-17.207957294987843
-17.20856805969009
-17.20944782279058
-17.209914125989563
-17.21087084995994
-17.21117554214544
-17.211989141938076
-17.212458193652935
-17.213052937651465
-17.214188046810232
-17.214634101652795
-17.21655788159491
-17.217504748988194
-17.21856337653074
-17.21961803668368
-17.220884868296814
-17.221660675197725
-17.222640363014225
-17.224025493843794
-17.224688571559344
-17.22578549913121
-17.22643239818384
-17.227374546532655
-17.22919912634678
-17.230486890223194
-17.23199471537175
-17.233330828942094
-17.23453387585104
-17.235905705781786
-17.237202917009306
-17.238110422878158
-17.239445034240507
-17.24063085220234
-17.24166087505679
-17.242588228853872
-17.243727323323142
-17.245045589987978
-17.246016268786555
-17.247206416435713
-17.248765254843832
-17.250463834253992
-17.25197442348708
-17.25297372553773
-17.254433196755883
-17.255346730191665
-17.25644395004401
-17.258122413245594
-17.25901385910626
-17.260138804366562
-17.262014434080672
-17.26335962345281
-17.264753066816347
-17.267242015637642
-17.268814711806993
-17.271254149256283
-17.273294253592926
-17.275286217133353
-17.276838590250478
-17.277907174091606
-17.279395016439025
-17.281100668066838
-17.282354615929
-17.283680023932714
-17.284883930002508
-17.286456323953864
-17.28815094426383
-17.289498040394225
-17.29091597738955
-17.292219898462083
-17.293801198538787
-17.295646333932883
-17.297036421939566
-17.29841189189266
-17.299858719825455
-17.30114970991216
-17.30269917817452
-17.30402052815967
-17.305181490561594
-17.30650504768595
-17.30759772424293
-17.30941740012045
-17.311106294498227
-17.31292490834092
-17.315109240608876
-17.31674771854182
-17.31850806494894
-17.31999483029916
-17.322463860729773
-17.323281913602354
-17.325205012308803
-17.325735926592206
-17.32779536422777
-17.328904886561755
-17.33011571896366
-17.33193653540056
-17.333061768961368
-17.334760924888243
-17.335970208921662
-17.337416544543753
-17.338628964967047
-17.339518533887436
-17.34088362080722
-17.341943190612035
-17.342968720664178
-17.343848514939765
-17.344511098939424
-17.345271128857526
-17.34601559805216
-17.346615887703766
-17.34728793833356
-17.34810306311681
-17.348990381988152
-17.349767281970017
-17.350406007594486
-17.350929435016837
-17.351413996291143
-17.351796162700584
-17.352286163886014
-17.352976447969834
-17.353589868985704
-17.353900909391335
-17.35426228026008
-17.354674773721033
-17.35538148039607
-17.355909269946935
-17.356340988091418
-17.35704323222348
-17.357623396179434
-17.35834050782949
-17.359040380761353
-17.35966048268036
-17.36012725782656
-17.360740384731773
-17.361152022606625
-17.36165798148041
-17.36205745117528
-17.36257283113511
-17.363475461334186
-17.363671992089564
-17.364688845590365
-17.365055839652907
-17.365689481867886
-17.36651916398599
-17.367227981111487
-17.367908271848513
-17.36840556282515
-17.36888035270641
-17.36924481040191
-17.37026049763743
-17.370607504297695
-17.37098908824455
-17.37120156508033
-17.371688966512746
-17.37199627671228
-17.37235442839889
-17.372944184683206
-17.373432136105908
-17.374153703307023
-17.374578387359108
-17.375114666344622
-17.3755480962415
-17.375892236020807
-17.376380938865108
-17.376659875414397
-17.376879654059803
-17.377560120601775
-17.37777499707697
-17.378155802838382
-17.378630518706256
-17.37878948884202
-17.379313742221417
-17.37951504331252
-17.379885877169293
-17.38006656374781
-17.380587517119277
-17.38086447064086
-17.381131454330397
-17.381563053364115
-17.381833045493572
-17.382230966299307
-17.382442138819027
-17.38269276695862
-17.383248461763333
-17.383358026985405
-17.384250962202266
-17.384610765905432
-17.3851593652001
-17.385262460783135
-17.38601873693318
-17.386436653081322
-17.38697722449946
-17.38777675793445
-17.388344189110125
-17.389332102646
-17.38990024297076
-17.390425764636475
-17.39092414410149
-17.39199092128837
-17.39216116368359
-17.392990135833003
-17.39326610455345
-17.39386125481701
-17.394559742355774
-17.394873862161482
-17.39557932264982
-17.395863000692376
-17.396317150489708
-17.396486959143328
-17.397097842143623
-17.397359680936006
-17.39773502327914
-17.398263919165895
-17.39872864508884
-17.39912688467675
-17.399531127551402
-17.399932219297504
-17.400854706298418
-17.401278599751652
-17.401937892059056
-17.40232930154319
-17.402880016675578
-17.403862245574143
-17.404248652264968
-17.40505581296573
-17.405378320000544
-17.405980578007412
-17.407131287233952
-17.408302833185466
-17.409195222492063
-17.409991353132465
-17.41062412689805
-17.41131013020861
-17.412240235265106
-17.412872091904433
-17.413769421834846
-17.41440574190353
-17.415028053399595
-17.41576676462365
-17.416599178208795
-17.417354684183355
-17.418098703785354
-17.418981546758353
-17.41970574654345
-17.420598659840188
-17.42131850171429
-17.421988797221708
-17.422781242522404
-17.423665954078448
-17.424518048395274
-17.425196463385813
-17.426117615948176
-17.42744573428432
-17.428563206546308
-17.429375727613536
-17.43042052776196
-17.43145306627374
-17.4328153127193
-17.433974870334005
-17.43490804172305
-17.435748544777148
-17.43663763510988
-17.437939005560885
-17.438360597242916
-17.439269132666
-17.439868853364203
-17.44055865777324
-17.441736433870318
-17.442509047973292
-17.443821039458978
-17.44481091098163
-17.445897580693916
-17.44710008013726
-17.448668754134154
-17.44987893195167
-17.450874776718518
-17.45231730951231
-17.45345441916882
-17.454909648647345
-17.456872593084807
-17.458311778393078
-17.459985531038367
-17.462049570700323
-17.464365312990775
-17.466136467831863
-17.468956498790046
-17.471377406949046
-17.473939469453587
-17.477162459661265
-17.4813848422446
-17.483866948964586
