500 iters for seed 32 on 3R0.3 which is in the 78.71627807617188 percentile
 Maxcut: 21.0, MedianCut: 12.0
-14.003782800148812
-14.873214953228162
-14.875781909085758
-14.974614092181314
-15.742444110506268
-16.02082425980587
-16.264834960710818
-16.50293616247546
-16.74000726249294
-17.056459848201094
-17.29536134051355
-17.52398022347676
-17.665601673675848
-17.7793942012211
-17.93893947625599
-18.016774951381045
-18.097632343243024
-18.174787616701398
-18.226662833178253
-18.273026183477853
-18.320743774186838
-18.362603299788262
-18.397448195817027
-18.41579180200557
-18.43783758527813
-18.451519978647152
-18.46743650186275
-18.474856529154607
-18.48170281973817
-18.492781694263495
-18.502588392144705
-18.50880599615406
-18.518017488664793
-18.524612522475692
-18.53200075165108
-18.537921208499448
-18.542080978832484
-18.547225836757114
-18.556533323090715
-18.558261092124585
-18.565131201462933
-18.567223969043646
-18.57142757000822
-18.577024343817644
-18.58161338429171
-18.587366960308394
-18.591478749056765
-18.598482584426286
-18.60619295545073
-18.614041536447967
-18.621998368719844
-18.629470706817827
-18.638923069630472
-18.649432035515595
-18.66245089697134
-18.673851135989
-18.688741001667985
-18.70392503368343
-18.71920345614001
-18.731989221617244
-18.7437458483733
-18.75613500475602
-18.772547344698044
-18.786426875343366
-18.800886058698445
-18.814364141738977
-18.826315108347554
-18.841106381987434
-18.853621163331553
-18.861949173362294
-18.870428494104218
-18.881644266510225
-18.892187197202038
-18.900384076190296
-18.909776776766712
-18.919685840365005
-18.930215870099108
-18.941526748853178
-18.951155762798184
-18.959525116466335
-18.97006241567832
-18.97977902451538
-18.986913002638648
-19.00026097482176
-19.00365703073242
-19.011383451077528
-19.01682792449817
-19.02352973368051
-19.032372259203015
-19.03792935429726
-19.046190604808356
-19.05163121932186
-19.057515288236914
-19.06308524256466
-19.068303321904096
-19.074229100029573
-19.078744810599144
-19.08525137442217
-19.09218584238292
-19.09940857518447
-19.10514347802776
-19.11088569376472
-19.117802571484678
-19.124916574193797
-19.130169004098917
-19.13778125688693
-19.1441977601343
-19.148606608082503
-19.159382171599304
-19.160411032426666
-19.16608719115342
-19.16873248288293
-19.171918652434506
-19.176186216435557
-19.182070111140575
-19.188481117103326
-19.19204464062258
-19.1968611097568
-19.20029136805635
-19.20432446714645
-19.20914620378478
-19.21193410768833
-19.217370354240934
-19.22145792956812
-19.225338191285264
-19.22839832634141
-19.23142405248426
-19.236006364491626
-19.23966966406101
-19.24294121784335
-19.24572587471264
-19.249072138776388
-19.25239129270593
-19.25517910613478
-19.257364271492108
-19.25962302709303
-19.261506559565984
-19.263551652057828
-19.265423620047798
-19.267301214441623
-19.268959337275433
-19.270261451601993
-19.272996365767863
-19.273745967703782
-19.27529179973379
-19.276593725813417
-19.278190025992746
-19.279556333313423
-19.2806943681715
-19.281957780146943
-19.28308965346667
-19.28485911117317
-19.28573280406603
-19.286497822962716
-19.287861767266556
-19.28852108447718
-19.289177217096107
-19.29031002483788
-19.29096962169217
-19.291751344362087
-19.29301081192716
-19.293398226941996
-19.29409124367088
-19.294857452548033
-19.295645219467225
-19.296758423854747
-19.297424384456576
-19.298198669585354
-19.299452893235696
-19.30016020258195
-19.300969458095377
-19.30230971879525
-19.30353805491608
-19.30445105882701
-19.305223382761774
-19.30594689692552
-19.306782824831
-19.307460579147598
-19.308002586442818
-19.30889438724973
-19.309779293835884
-19.310857187301696
-19.311421108912718
-19.31204705053196
-19.31291240824509
-19.31377223326325
-19.314306555871656
-19.315018094228375
-19.315578575813678
-19.3162416757459
-19.31709024297584
-19.31748342463253
-19.317885528333253
-19.31844343429028
-19.31890847435324
-19.3196562757627
-19.32012850189936
-19.320944058502317
-19.321592407728954
-19.32219333229985
-19.322690149892402
-19.323192862912986
-19.323842233862383
-19.324279054187414
-19.32480282511499
-19.325231388998045
-19.325775845072062
-19.326051982712478
-19.326639758821766
-19.32739359606438
-19.3277609151867
-19.3283658033242
-19.3286847232485
-19.32909371404414
-19.329734074039095
-19.330423820169425
-19.330982264382925
-19.33159885245292
-19.3317778663325
-19.332297523125533
-19.3326939576426
-19.333014012471313
-19.33350346396513
-19.33416797833275
-19.334951459370636
-19.335306281501467
-19.335775357654757
-19.336289833997697
-19.33691428986334
-19.337818932056063
-19.338235831499972
-19.338777904201265
-19.33914746508047
-19.33976390041704
-19.34018535159696
-19.3405393131628
-19.341202517662705
-19.342044580720643
-19.34314225022192
-19.343765579978616
-19.344268480732342
-19.344704660851693
-19.345247446775844
-19.345842614562383
-19.346323764507765
-19.34670964165651
-19.34734944029468
-19.34753848949879
-19.347856470199048
-19.348027288129593
-19.348237749913807
-19.348585285419475
-19.348937118643875
-19.349456599570523
-19.349754960801953
-19.350017706865255
-19.350408145996454
-19.350876164693428
-19.35123282175874
-19.35141718676434
-19.35173936504816
-19.351852537269714
-19.352234364221186
-19.352463108785987
-19.352626322190943
-19.352873910550723
-19.353004381962638
-19.353445644873947
-19.353604798571688
-19.353840685912903
-19.35418864514856
-19.354393361246647
-19.3547316181808
-19.35494842356484
-19.35519532497543
-19.355371966239183
-19.355567746089857
-19.355789828401527
-19.35591455853496
-19.35625855503312
-19.356506277168755
-19.35675128701769
-19.357004005634764
-19.357243460138815
-19.357805830808193
-19.358120118110282
-19.358526123518264
-19.358910822351138
-19.359234348359273
-19.35959692613848
-19.36001037577656
-19.360400064151783
-19.36094605348137
-19.361414523024585
-19.361933606729515
-19.362293058596478
-19.362618905848276
-19.363108271740288
-19.363556054408686
-19.36385249853786
-19.364127566962093
-19.364402910604404
-19.364599808885536
-19.365026575591603
-19.365207011234013
-19.36546831737946
-19.365836191955378
-19.3661013233738
-19.366560272427535
-19.366921858071414
-19.367173555016606
-19.36741232889425
-19.367670411700583
-19.367893269763762
-19.36815766954148
-19.368316979649745
-19.36858048345184
-19.368965862559527
-19.36914538009895
-19.369542133897045
-19.369710850014584
-19.369987787474127
-19.37052265633131
-19.370985393935584
-19.37171275450003
-19.37208728238664
-19.372442697313232
-19.372975778993546
-19.374006449217
-19.374633421325655
-19.37547322275504
-19.376174780123925
-19.37670562795338
-19.37728454293854
-19.377786716601943
-19.377996033949994
-19.37833689505331
-19.378733218692425
-19.379126442236995
-19.379363252060383
-19.379585555140466
-19.379772782096257
-19.37992439656498
-19.380121978275003
-19.380424743691318
-19.38069720580648
-19.38097497406048
-19.38121699257504
-19.38138836727616
-19.381674070485197
-19.381877229757002
-19.382171383482603
-19.38238632059215
-19.382615512982877
-19.382860274296647
-19.38326839768806
-19.383521246907957
-19.38372602121449
-19.384095594720574
-19.384349054224074
-19.384916554925642
-19.385154990064976
-19.38542197880515
-19.385722296095683
-19.38609538781976
-19.38652203026541
-19.386812391805346
-19.387115543752635
-19.387426774527945
-19.387862694370597
-19.388240417173062
-19.38860857170813
-19.38903797780813
-19.38936045879246
-19.3896043024669
-19.390121144308324
-19.390390351092822
-19.390841981784124
-19.391141996190388
-19.39151744220728
-19.39176052009164
-19.392154077027936
-19.392705376230122
-19.393170900610425
-19.393898862327855
-19.394304756757254
-19.394755311212172
-19.39515541751074
-19.39566213520515
-19.396136954128085
-19.396654215728205
-19.39692637412213
-19.397854594132614
-19.398219944889632
-19.39861338173817
-19.399210995172055
-19.400188697390437
-19.400823358670173
-19.401359023301456
-19.401751199986112
-19.40229688483119
-19.402886039042706
-19.40342119861345
-19.403887460401737
-19.404374813618073
-19.404807739804458
-19.40551510965689
-19.405847818102682
-19.406317928828287
-19.407069434854005
-19.407662575417802
-19.40851446892315
-19.40909681944275
-19.409708043250333
-19.410101861400253
-19.410605212242505
-19.410986727967863
-19.41140462091019
-19.41184147750496
-19.412408659884758
-19.412801975328108
-19.413169533202822
-19.413667591367354
-19.41425581719086
-19.414735069218302
-19.415276897361522
-19.416028109391032
-19.416237911435676
-19.417212326141456
-19.417511275579955
-19.418032378888345
-19.418448248759574
-19.41888270202326
-19.419367199905643
-19.41969181038553
-19.41981684556855
-19.420598909502118
-19.42080686517007
-19.42117958564269
-19.421674350034298
-19.422136685955582
-19.422587949936002
-19.422906684998896
-19.4233849498078
-19.423704161761258
-19.424248323044015
-19.424643767773574
-19.425049050008376
-19.425341326600186
-19.425754621689297
-19.42612402617698
-19.42647900246703
-19.427117215494857
-19.42748434173691
-19.428147194680328
-19.428621561458215
-19.429157833690844
-19.429682686247748
-19.430071275650867
-19.43049095213353
-19.431047742972254
-19.43158235632578
-19.431877517345043
-19.432803781897128
-19.433093724011403
-19.433536295381323
-19.434207972361854
-19.434607619826064
-19.43521003940784
-19.435578155419343
-19.436007508922778
-19.436387626473174
-19.436655186160475
-19.43712594265866
-19.437470770677503
-19.437877697366652
-19.43820545237207
-19.438602094604864
-19.438898665016204
-19.43920748528201
-19.439755377551872
-19.440028724940625
-19.44032539580469
-19.440825868223286
-19.441045086718585
-19.441237240330178
-19.441525743360334
-19.441796817674714
-19.442207114213176
-19.442513983325725
-19.442859145533845
-19.443185515488985
-19.443524166052597
-19.44388184207889
-19.444391960008847
-19.44462139405371
-19.445008134633113
-19.44543675035586
-19.445906765181988
-19.446268283140924
