500 iters for seed 23 on 3R0.3 which is in the 49.335479736328125 percentile
 Maxcut: 20.0, MedianCut: 12.0
-12.00537493836781
-12.05920039554595
-12.184704354118399
-12.255993543411176
-12.401015960753515
-12.487474104784603
-12.712411261193834
-13.191338888300214
-13.545695910308398
-13.861009223412614
-14.641155221344585
-14.913417918398661
-15.63389624306034
-15.99800860457024
-16.535466107783485
-16.914436993572156
-17.15982111538868
-17.48433385629031
-17.70083126307712
-17.91963788751712
-18.10327424271637
-18.287691439110663
-18.431309856957252
-18.54588784562084
-18.622702138080125
-18.69004347401689
-18.754779022277386
-18.80068747237148
-18.836956803273424
-18.86377684905505
-18.882003089940063
-18.90217914412362
-18.915155143396326
-18.93545171543264
-18.944078916142075
-18.951532474101423
-18.962783104085013
-18.96783890898277
-18.97391265371967
-18.97648004244257
-18.979546286206496
-18.982826032151408
-18.98603168701047
-18.987518043309606
-18.989165699863502
-18.99045350062409
-18.99139490050052
-18.9929148332926
-18.9935654967751
-18.99419910726406
-18.995038618303536
-18.99549664284306
-18.99617238651
-18.99658533140299
-18.99696161020627
-18.997252613424426
-18.99766246207248
-18.997971701171164
-18.998311504214904
-18.998535740049967
-18.998713888872295
-18.99876758676277
-18.999007615432035
-18.99907230412151
-18.99916569043954
-18.999278634627142
-18.999359233587036
-18.999477280730286
-18.999549349756837
-18.999638392259556
-18.99970901953232
-18.999753552602087
-18.99980085232477
-18.999831055602215
-18.999858092264596
-18.999886552485766
-18.999898867672094
-18.999912751981686
-18.99992216884053
-18.99993461111903
-18.999942495978935
-18.999948815706087
-18.999960864750932
-18.999965043407585
-18.99997185661888
-18.999975138769045
-18.99997787747705
-18.999980455073302
-18.99998300814425
-18.999984830177752
-18.99998697601985
-18.99998883742562
-18.99999127833183
-18.999992659396376
-18.999993777014666
-18.999994777428977
-18.999995543964765
-18.99999612078303
-18.999997100241494
-18.99999738594066
-18.99999778236627
-18.999998138402553
-18.999998479355245
-18.99999879556801
-18.99999896080822
-18.999999072412596
-18.99999925927738
-18.999999313596522
-18.999999409630757
-18.999999537955176
-18.99999959346604
-18.999999696719794
-18.999999720594698
