500 iters for seed 122 on 3R0.3 which is in the 94.74411010742188 percentile
 Maxcut: 22.0, MedianCut: 12.0
-16.00000005806328
-16.000000171361705
-16.000000351468387
-16.00000068987715
-16.00000136441288
-16.000002751931554
-16.00000565994487
-16.00001183550868
-16.000025072436337
-16.000053628222553
-16.00011552352174
-16.000250065009922
-16.000542852499482
-16.1722631794545
-16.172672614724142
-16.199201663431833
-16.51455576068443
-16.79829136324443
-17.097613321158036
-17.49616630805739
-17.91388463437593
-18.229097674438307
-18.551066337245505
-18.7328214294493
-18.88089454544238
-19.14295849359681
-19.28370095761813
-19.401585310808397
-19.51089925804597
-19.573134921121277
-19.651006238802843
-19.688719300919303
-19.7172256803852
-19.747139985896528
-19.772320453626605
-19.79730977058168
-19.828182897626746
-19.837310534924033
-19.855028980426287
-19.870647070242445
-19.886327733398424
-19.899308375739622
-19.908676110893857
-19.91823601654849
-19.931109074986114
-19.942235909506095
-19.947263552489208
-19.95697916171702
-19.961336845453616
-19.965724664318017
-19.972411025646107
-19.975251869474583
-19.978196863287085
-19.981308722388448
-19.983669373105236
-19.98572899334291
-19.98729091554366
-19.98923363035299
-19.990810889567218
-19.992389209160716
-19.993661716059194
-19.99461978864985
-19.995465213956308
-19.996161593060744
-19.99672950891598
-19.997155035614533
-19.99764822096694
-19.99818090332953
-19.998379047933113
-19.99870764633412
-19.998888473641344
-19.999175278749174
-19.99936279178377
-19.99951004849926
-19.999821020900832
-19.999952179581765
-20.000219639044122
-20.00039712110965
-20.00054640777515
-20.000673879614613
-20.000755989314253
-20.00086245520664
-20.00093664528976
-20.001015778771436
-20.001087649915032
-20.001144809322916
-20.001205650446813
-20.001262714952315
-20.001301541493323
-20.00133224312769
-20.001366409154045
-20.00140445235459
-20.001425968413614
-20.001445012101524
-20.00146380899384
-20.001486576194687
-20.00149751803066
-20.00151772064392
-20.001542846190045
-20.001570099300363
-20.001589182027924
-20.00161470207071
-20.00163286198432
-20.00165120108408
-20.001692171172547
-20.001707483855014
-20.001725478088957
-20.001765643867287
-20.001786123173964
-20.00183977749657
-20.001880105905283
-20.001916848817036
-20.001952245041366
-20.001999170423307
-20.002044032884402
-20.00211795063338
-20.002152593386942
-20.0022056131951
-20.002287452613675
-20.00238641275533
-20.002494020547616
-20.00256545162151
-20.00265220816948
-20.002813929942064
-20.002918078204974
-20.003092755239223
-20.00324378233279
-20.00339323179841
-20.0035661565852
-20.0037765460624
-20.004009745524268
-20.004219514766262
-20.004566369083022
-20.004806836718135
-20.00508698713458
-20.005230020827643
-20.00546213461612
-20.005674551379713
-20.005917843908644
-20.00610823621858
-20.006287141600072
-20.00649884796152
-20.006719990527348
-20.00700830503061
-20.007249364526594
-20.00750888823189
-20.00783199553269
-20.008050889037225
-20.00825656846968
-20.00860052998685
-20.008771358392263
-20.00901179863384
-20.009228291060495
-20.009385130981578
-20.00974066326417
-20.009915828682697
-20.01019839439829
-20.01040718506265
-20.0106357733783
-20.010887550980602
-20.011105613242723
-20.011328040514368
-20.011537957660583
-20.011723196378323
-20.011936012047173
-20.012173010359387
-20.01235780218522
-20.012551661663668
-20.012797545922727
-20.013040085686253
-20.01335089925359
-20.01355713716877
-20.013895154860347
-20.014063423899298
-20.014249069027457
-20.01451732207525
-20.01479409026319
-20.01501845299463
-20.015250632172492
-20.01546696230303
-20.015730079112394
-20.015959573950962
-20.016175477430533
-20.016461152623084
-20.01674862119897
-20.017006473099173
-20.01724960011236
-20.01750060385533
-20.01776041842783
-20.018028524350285
-20.018282404427435
-20.01852064875834
-20.018755955504023
-20.01893905689899
-20.01912705278355
-20.019525903948523
-20.019728411499205
-20.020070260401543
-20.020368479263702
-20.020615841393962
-20.02083984967757
-20.021159969609638
-20.021363644999578
-20.02161699131119
-20.021882741812487
-20.02219641107631
-20.022386857219455
-20.02263053369298
-20.022857706261686
-20.02315549094301
-20.023491968625176
-20.02379025666751
-20.024036585248467
-20.024547537699682
-20.02468539655751
-20.02518468052577
-20.02540380369346
-20.025726030705496
-20.026253508109757
-20.02670259211167
-20.02729322596365
-20.027721253922444
-20.02819158073606
-20.02870151111568
-20.02924782156838
-20.029944583375457
-20.03043536227146
-20.030918017881273
-20.031470068729984
-20.031702441958334
-20.0324270737492
-20.032820215510707
-20.033336469540703
-20.033992571878926
-20.034739364021963
-20.03547817895905
-20.036210499644536
-20.036820094009663
-20.03747296526161
-20.038323828884185
-20.038872491229462
-20.03982404019562
-20.040620405396083
-20.041374650055964
-20.042064164203047
-20.04291732643346
-20.04381090496223
-20.044751499894684
-20.045680348156466
-20.046967546963103
-20.048027546468976
-20.049356249944918
-20.05058646583943
-20.051514984733718
-20.05299816276591
-20.05416964281314
-20.055304607090207
-20.056612762957617
-20.057800094361887
-20.05872856146197
-20.059641957962956
-20.060385002795392
-20.061838546523482
-20.062821182607788
-20.063460286910516
-20.06440093820118
-20.06526306283715
-20.066529709233976
-20.06754371905307
-20.068734893136323
-20.069335172062342
-20.070252538449793
-20.071304879953033
-20.072459092817176
-20.073254174745472
-20.074103069087478
-20.07496495180309
-20.07599367545476
-20.076688129203497
-20.077350977637682
-20.077836242347015
-20.078542191899206
-20.079466070597203
-20.079911780052427
-20.08056632360975
-20.080956133871847
-20.081483381280844
-20.08196671597906
-20.082441573738556
-20.082925239751056
-20.08327975660756
-20.083611328323055
-20.084138352013913
-20.084501422175997
-20.08509363962854
-20.085686709931974
-20.08616238646143
-20.08704954947791
-20.087639090512297
-20.088384025430976
-20.08894176992156
-20.089525681850592
-20.09004756917104
-20.090547571304857
-20.091072970834247
-20.09154152347059
-20.091926170865413
-20.09254890833427
-20.092836384610035
-20.093169882720357
-20.093791551586186
-20.094173998826257
-20.095209822526353
-20.0955533911432
-20.095982188308177
-20.096441919577543
-20.096960386403186
-20.097326440280824
-20.09776354046145
-20.098140554881592
-20.098557356108643
-20.099155217661593
-20.09940095792119
-20.09988342297861
-20.100271344024485
-20.100640869674248
-20.10121064635293
-20.10133788601199
-20.10208138410695
-20.10230416550491
-20.10269570714804
-20.10318434101434
-20.103773190935375
-20.104210077468544
-20.10472540703287
-20.105253192269547
-20.105990173994552
-20.10658561473372
-20.107118635785024
-20.107806945041332
-20.10838503948039
-20.109003490062435
-20.10955638971295
-20.110119926896843
-20.110905348959754
-20.111714917105683
-20.112228909682525
-20.11279359174724
-20.11331702077345
-20.113900088168545
-20.114591953473678
-20.1149231835528
-20.115545125008126
-20.1159802792232
-20.116374820095395
-20.11675907694836
-20.117064659626145
-20.117543754355015
-20.11798394970155
-20.11830984132656
-20.118806962642434
-20.119171293694524
-20.119549727993817
-20.119893692302526
-20.120173500170296
-20.12058952108516
-20.121072164285547
-20.121448267801682
-20.12179896262833
-20.12230980971882
-20.12263708334584
-20.123098274408
-20.12337820696754
-20.123666677650533
-20.124138701980428
-20.124492619935737
-20.124830220798625
-20.12513531905376
-20.125453883068847
-20.125914420232714
-20.126424194131214
-20.126793330686723
-20.127360160318084
-20.127644543318045
-20.128150081589563
-20.12844390757913
-20.128680010202434
-20.129047215453593
-20.129466452005072
-20.129709261592044
-20.130044073671748
-20.13048315833617
-20.13093468103515
-20.131303631665794
-20.13161031500691
-20.13194730363524
-20.132377878121932
-20.132761910526664
-20.133165087386093
-20.13347759061651
-20.1337768327371
-20.134078529416957
-20.134410914368697
-20.134763333758283
-20.135027015720304
-20.135324562052578
-20.135512041915433
-20.13573029054498
-20.136123683683525
-20.13632597582158
-20.136712096725795
-20.136883748378033
-20.137123412722616
-20.137566736728846
-20.13779750590319
-20.13813341691317
-20.138376318089097
-20.13864943810283
-20.138924531831165
-20.139306020027387
-20.139582064520887
-20.139863200272583
-20.140075250050295
-20.14028883901304
-20.140487997701154
-20.140804362277915
-20.141062505179356
-20.141267470050046
-20.14166274363336
-20.141921132654193
-20.142251947341865
-20.142472326569745
-20.14276552796134
-20.142975007647827
-20.14321699055028
-20.143429899815242
-20.14357272579348
-20.14387755237834
-20.144137273411356
-20.144321754446924
-20.144566496519225
-20.144757320431008
-20.14500090793952
-20.145187395129987
-20.1453588186335
-20.145526514919077
-20.145777631500447
-20.14598392872244
-20.146203243045182
-20.14641096179307
-20.14659897212716
-20.146827946721604
-20.147102749000567
-20.14733564192226
-20.147602128644905
-20.147806944526724
-20.147986546283008
-20.148227093522898
-20.1483717694678
-20.148603904922552
-20.148779053736053
-20.148915482040934
-20.14913217631859
-20.149338079648594
-20.149541265104272
-20.14968907527694
-20.149789213556556
-20.149938039797266
-20.15008404266343
-20.15018690310262
-20.150312804399878
-20.150445171076917
-20.150588297576828
-20.15076313253859
-20.150870167645863
-20.15103294278238
-20.15120365500222
-20.15130851515487
-20.151518064714253
-20.15156417429437
-20.151871699350757
-20.152028756254754
-20.152197192216097
-20.152429001644073
-20.152753933697127
-20.15318667002206
-20.153393988009665
-20.15361454360439
-20.153888943382125
-20.15412124751263
-20.154409094055346
-20.154526538406206
-20.154708110104753
-20.154932040019577
-20.155179288548787
-20.15539976035896
-20.155555394257927
-20.155742095065573
-20.15594898829496
-20.156155195454556
