500 iters for seed 120 on 3R0.3 which is in the 94.97909545898438 percentile
 Maxcut: 21.0, MedianCut: 12.0
-15.99999993398963
-16.000000017038953
-16.000000714158435
-16.000010572574123
-16.000442779926914
-16.000453278542047
-16.000475029931028
-16.00057598928052
-16.001135956110264
-16.00156916217679
-16.003090601747527
-16.01369850547579
-16.018324222465058
-16.030413554243005
-16.059337438391825
-16.119255145958412
-16.290100760134294
-16.56840612127517
-16.704590318717795
-16.94717468600705
-17.108332956475763
-17.244272161059047
-17.382659160906734
-17.43884856008992
-17.558635260262704
-17.643063843706276
-17.701067107921503
-17.745497241977485
-17.78163969781173
-17.811054762659627
-17.84751296177787
-17.86470753437109
-17.896237360671442
-17.910847878039938
-17.926611074772275
-17.941096786145426
-17.950914942382973
-17.960445852437974
-17.968584923976785
-17.9753738187043
-17.9802517951215
-17.98287464248658
-17.986218203581462
-17.988121535472324
-17.990045001010348
-17.991844590223508
-17.99297555842604
-17.995022690647232
-17.995799950628925
-17.996451486068487
-17.997148296524507
-17.997916623525406
-17.99859590717418
-17.999085195839786
-17.999554233410596
-18.000021439052883
-18.000565377544905
-18.000955996678893
-18.00124176875444
-18.00151493944302
-18.00180429976483
-18.002113258328055
-18.002326592914166
-18.002545648724713
-18.002720495597007
-18.002908821531165
-18.00303649375017
-18.00313225977978
-18.00320769339069
-18.00340213530677
-18.003462852611705
-18.003534469650365
-18.003655107728672
-18.003687409422987
-18.003871903118338
-18.003926552872297
-18.004014588625086
-18.00413727617827
-18.004209775660925
-18.004367921858176
-18.00442231483992
-18.004526041336504
-18.00465683656324
-18.004819880669455
-18.004972750854254
-18.005082029763066
-18.005202027941948
-18.005337484615314
-18.0054553961471
-18.005664946984233
-18.005752136413907
-18.005900270155617
-18.0059858695335
-18.00612210963154
-18.006222356985415
-18.00643671920091
-18.006544259346093
-18.00666710760831
-18.006811983305255
-18.00700812577441
-18.007222525461305
-18.007444004884675
-18.00761651608637
-18.007869566612648
-18.008265192040625
-18.00842707432341
-18.008633859152553
-18.008942477945478
-18.00919413899645
-18.009724792934264
-18.00998837984062
-18.0103615026511
-18.010867679930303
-18.011165553710544
-18.01200195160149
-18.012459756464313
-18.012924024789
-18.01367878466681
-18.01463480703726
-18.015532189854245
-18.016264637426314
-18.01684680623044
-18.017707321767183
-18.01831839836728
-18.018959404200118
-18.01970852887893
-18.020328144420393
-18.020931184977776
-18.021470394124652
-18.022017135648586
-18.022460865139283
-18.022829635451732
-18.023290654915957
-18.023870545786494
-18.0243459521276
-18.024670273309646
-18.02521105334558
-18.025588615154522
-18.02597311206234
-18.026392070575337
-18.026702913004566
-18.027404919094533
-18.028005629778704
-18.028480875341046
-18.02907281525378
-18.02961769262629
-18.030400254571294
-18.031203033974567
-18.032325773367393
-18.032871871794327
-18.033926099048557
-18.03478269039683
-18.03556781116786
-18.036327378452818
-18.03692335821126
-18.037879073135038
-18.038792419308077
-18.039544995452736
-18.04022063287917
-18.04104490976917
-18.041788968335815
-18.04267202477428
-18.04340504621419
-18.044246667068673
-18.045152505849842
-18.04596797239761
-18.04688634129357
-18.047955665649685
-18.048807576580327
-18.049647105318577
-18.050523868898264
-18.05135700969205
-18.05219302215677
-18.052967879907943
-18.054106668108556
-18.054695303347266
-18.055722659403255
-18.056666530644016
-18.057642609538746
-18.058305057630882
-18.059110782928844
-18.05984700297907
-18.06072612438192
-18.061333623962987
-18.061932161938945
-18.0626800594775
-18.063733180722057
-18.064714010440152
-18.065509922213906
-18.066448441562684
-18.06720658912187
-18.067812431374236
-18.068606117938067
-18.06903493607584
-18.06947708072517
-18.069819911114664
-18.070148088546375
-18.070486057337238
-18.07090905001277
-18.071091043677207
-18.07133971979363
-18.071735932920337
-18.071893139162004
-18.072449608026975
-18.072663876805496
-18.07298594993007
-18.073395365325034
-18.07368354660941
-18.074061024276926
-18.074300120783494
-18.074640246002573
-18.07487109969726
-18.075295065928
-18.07568976315684
-18.07614471633972
-18.076656555026556
-18.07721941686886
-18.077712229410384
-18.078180981267856
-18.078521697146407
-18.079129083024416
-18.079773983355672
-18.080366186671018
-18.080919234209006
-18.08134254527099
-18.08187536092779
-18.08198267767908
-18.082880680672176
-18.08327744854036
-18.083678133449123
-18.0842489964044
-18.08503771547387
-18.085883959406853
-18.086223821400818
-18.086812462009863
-18.087218980959253
-18.08777950058649
-18.08845846393885
-18.088899655982342
-18.08941435592107
-18.08987920159834
-18.090295667582954
-18.09058418824989
-18.090922259352133
-18.091327212587945
-18.091662255151178
-18.091964572540284
-18.09234223658797
-18.092905032083014
-18.09344337531458
-18.094000083288226
-18.09473428167972
-18.09531937596729
-18.095811174139488
-18.096870739872532
-18.09732158442952
-18.097783520845695
-18.09852286554783
-18.099028580494064
-18.09973964450994
-18.100785561695055
-18.10147535522901
-18.10201074018198
-18.102834165929877
-18.10359695250519
-18.104614379860212
-18.106160682635927
-18.107422222041365
-18.108768431611924
-18.110136939832433
-18.111319913234713
-18.11303887490236
-18.114078288589774
-18.11539707160348
-18.11636679653442
-18.11719849660144
-18.11837442244918
-18.119666239320082
-18.120869281837134
-18.122238730530206
-18.12369295981059
-18.125107465195303
-18.12628492711144
-18.127288586532472
-18.128270783591187
-18.129307440252862
-18.130822220748747
-18.132387898946185
-18.133832247534002
-18.13543808561377
-18.136755071598593
-18.138594707078852
-18.14031434665753
-18.141759907252432
-18.14304858540454
-18.145768699611896
-18.147180063907086
-18.148836132527183
-18.150829697563065
-18.15251819885792
-18.154269910401972
-18.15621929676742
-18.158324180156367
-18.160743430245784
-18.16356638156085
-18.169018406456825
-18.173049883080292
-18.178136231037627
-18.184783844166354
-18.19000662789395
-18.196233908294605
-18.201223915892257
-18.206731895464266
-18.208215219020776
-18.219103946712067
-18.22213962240796
-18.226307697315587
-18.232591765764404
-18.24211141103656
-18.255241103940147
-18.265219272089876
-18.278355941672945
-18.290744158033476
-18.309781359754187
-18.32445562224592
-18.33566258168813
-18.345096737451318
-18.35222028705508
-18.359001816388336
-18.365765462571336
-18.370954923140797
-18.37527433429404
-18.387840872681977
-18.393379860619245
-18.401915306591096
-18.41244311269747
-18.4201892592743
-18.431845757569025
-18.443648921794427
-18.45133191768187
-18.465181735695595
-18.476926315574616
-18.48872562350262
-18.49566346732762
-18.501646530056963
-18.506681999324904
-18.516142608038734
-18.52108891151847
-18.526419449230865
-18.530838427069426
-18.53470534135297
-18.543038060137484
-18.55178864693038
-18.559192609696055
-18.562561868654594
-18.56789710939858
-18.57089825661322
-18.575174071584893
-18.58142595933316
-18.58490906141783
-18.591130654115222
-18.596067522324386
-18.599778349205724
-18.605457278889006
-18.6092250595241
-18.612579984425256
-18.61823419452318
-18.621890312524567
-18.625391477886435
-18.63046904947349
-18.63261069261867
-18.635477057809826
-18.63905285560305
-18.641026636971798
-18.642936672943875
-18.6447906054572
-18.64647431712933
-18.6493731799742
-18.64994797310881
-18.654723823469087
-18.65620059639613
-18.658052494883016
-18.66038085565678
-18.662609851841488
-18.664686420670197
-18.66629788169874
-18.66827829533739
-18.670197907403967
-18.672830443748897
-18.67406165778199
-18.67543691234979
-18.677117994194347
-18.678795468028742
-18.680141334493896
-18.68142787852092
-18.68308578318831
-18.685071348812716
-18.686915266353072
-18.688343448675223
-18.689614204279405
-18.690975435822473
-18.693312884395493
-18.695266457002838
-18.69696999724625
-18.699157137273446
-18.700869354003874
-18.70247604628414
-18.70471444500678
-18.706449763862476
-18.709366240317053
-18.710914597464154
-18.712754845056573
-18.71350336705217
-18.714649093101745
-18.716004455689728
-18.71739185946419
-18.71859436785463
-18.71963613344825
-18.720883574567196
-18.722197463931966
-18.723113649908402
-18.724104259588902
-18.724871031068254
-18.725984904382635
-18.727152707159853
-18.728433896731996
-18.729179027865353
-18.73005972474861
-18.73148546432107
-18.733021217808734
-18.734647592766017
-18.735721974073467
-18.736713016498452
-18.738390806676755
-18.73975227104905
-18.741321574959343
-18.742681647270793
-18.74375413984834
-18.745284494324498
-18.746723003001478
-18.749777586875084
-18.750636673378654
-18.75433130734673
-18.756101995010983
-18.758388406785098
-18.761895399451944
-18.76556685183149
-18.769078706549763
-18.77211014992746
-18.775805078233716
-18.77854253821475
-18.782606110650086
-18.785815648724252
-18.78834459042319
-18.790747118590637
-18.796687120641014
-18.799916589283555
-18.80300348552449
-18.806392776533027
-18.810057364661937
-18.81390643277954
-18.817703074446296
-18.821271096469815
-18.823712457403403
-18.826752646088995
-18.82967693102186
-18.83274461997956
-18.835741615654346
-18.83768446873899
-18.83964185155886
-18.842662717919957
-18.844734284457097
-18.846520699539862
-18.848261889156785
-18.850069302981282
-18.851663787906535
-18.854338113260148
-18.855449174571227
-18.857194985917573
-18.859259135494785
-18.86128560163546
-18.862967140478055
-18.8648765263514
-18.866507518286642
-18.868609142701196
-18.87076715212394
-18.87276762745089
-18.87419936473137
-18.875877170843673
-18.87765035240137
-18.879496446482584
-18.88089592247262
-18.882342619869675
-18.883018376419997
-18.884366913434157
-18.88509994757164
-18.885879524527585
-18.887068586797387
-18.887856125574924
-18.889338173858405
