500 iters for seed 80 on 3R0.3 which is in the 21.108245849609375 percentile
 Maxcut: 21.0, MedianCut: 12.0
-10.034817095119177
-12.010045762081548
-12.076444400788244
-12.114785489074787
-12.157684077198532
-12.182184003673385
-12.208453043505273
-12.233154488411037
-12.253030501061453
-12.270602795595881
-12.286439950416549
-12.299824749661626
-12.31527557437346
-12.330300977377414
-12.342874522109708
-12.353550069281868
-12.36124274459227
-12.370442389411316
-12.376946580138066
-12.382892743850856
-12.388585468355199
-12.394255708669382
-12.400248132533072
-12.406761170984929
-12.410991435626856
-12.415582809481062
-12.419406728147536
-12.423958116961076
-12.427158963874241
-12.431533566696883
-12.433713407079331
-12.436711825223487
-12.43933573466154
-12.442652069112983
-12.444767988734505
-12.44671546276068
-12.44869598289805
-12.451001258464052
-12.452642780807363
-12.454553381579842
-12.457757827480382
-12.46012560766366
-12.46240121932713
-12.464567036370124
-12.465593654972306
-12.467336316183378
-12.46946700271759
-12.470698164861233
-12.473711848216137
-12.47569873343227
-12.477939214352137
-12.480118703169513
-12.481831410567901
-12.483772394372274
-12.485670048541857
-12.487737662822425
-12.48943701050654
-12.491204702597242
-12.493445666939225
-12.494787587182975
-12.49607114249589
-12.497670887382156
-12.4986540306284
-12.50102459881251
-12.501976831496929
-12.503050781397292
-12.50416630404077
-12.505054826774664
-12.506063591156494
-12.50713110289686
-12.508005403930005
-12.508880245839944
-12.509723914236234
-12.510630889613541
-12.511392399464174
-12.512184599991702
-12.512929845239414
-12.513686427206618
-12.514542675007672
-12.515459611917548
-12.516223449271752
-12.51686516295624
-12.517452399039486
-12.518362846806319
-12.51913160541742
-12.519749951609883
-12.520726739643424
-12.521184340643803
-12.521962356968421
-12.522650526099008
-12.523187190996534
-12.523704720633088
-12.524490087599787
-12.524958906672223
-12.525528358897073
-12.526435619137231
-12.526913838288497
-12.527569938804394
-12.528069877535298
-12.5287009502237
-12.529359199114529
-12.530089124139089
-12.53089145664913
-12.53162430661035
-12.532307780337698
-12.533035087008795
-12.533701937415735
-12.534371816222075
-12.535482533493292
-12.535992427326143
-12.536727837529524
-12.53716938746518
-12.537730395119532
-12.538463121231606
-12.539366627347404
-12.539933843654705
-12.54062170565435
-12.541295491854568
-12.542102548613439
-12.542659621578107
-12.543243624477013
-12.54380461446387
-12.544478143186517
-12.545238547747191
-12.545890158859185
-12.54634193934004
-12.547119333385139
-12.54743299140725
-12.548064862215716
-12.54853589165026
-12.54894701822478
-12.54964482360851
-12.550011193735951
-12.55063882898475
-12.551134469451233
-12.551819558002862
-12.55212059794333
-12.552760755355454
-12.553139336320577
-12.553499405324574
-12.554071181723515
-12.554400384567373
-12.554937756197802
-12.555446465854402
-12.556010795365307
-12.556484561960396
-12.556945249725818
-12.557434292151333
-12.557729768275031
-12.55835489561974
-12.55887815546806
-12.559169339194419
-12.559795850259345
-12.560027528086456
-12.560454062885013
-12.560825926677902
-12.56107409148328
-12.561610049045951
-12.561923939373994
-12.56227268501902
-12.562609689076433
-12.562806403771635
-12.563091275734411
-12.563400761222196
-12.563609595428428
-12.564086646241233
-12.564314544582306
-12.564711340205548
-12.564979557258859
-12.56527025154363
-12.565511424162864
-12.565757384877038
-12.566017387502407
-12.566243726169995
-12.566468797477317
-12.566755061550131
-12.566861519945686
-12.567179173771
-12.567342247625003
-12.56753190515564
-12.567798736550632
-12.56800682243905
-12.568303789429738
-12.56847579174351
-12.568743180516915
-12.569008363629617
-12.569239328318492
-12.569489269041846
-12.569650438699998
-12.569823797373452
-12.56997586823341
-12.57023283178727
-12.57050365816669
-12.57073447080888
-12.570995157525227
-12.571293952192194
-12.571546459103704
-12.57193724249225
-12.572138746215515
-12.572379952135856
-12.57271903727387
-12.572957403089978
-12.573179631729419
-12.573552897101898
-12.573744048330338
-12.573988553585465
-12.57412953039756
-12.574433897072561
-12.574612971106664
-12.574775344540605
-12.57509274610387
-12.575298771443453
-12.575642465478493
-12.575894835884252
-12.576126497465712
-12.57638736398371
-12.576685278028226
-12.576940259234362
-12.577185974242033
-12.577404109006734
-12.577612840862933
-12.577840790236392
-12.57804623484979
-12.578285533384209
-12.578560738004807
-12.578857320873263
-12.57906347543337
-12.579319829959086
-12.579486605552484
-12.579661882624922
-12.57990557818587
-12.580061778888783
-12.580317854660198
-12.580524025176699
-12.58078913769588
-12.580936039896326
-12.58113648606673
-12.581271692575026
-12.581459721509972
-12.581644564572015
-12.581840214321808
-12.582028741868736
-12.582270517843149
-12.582401925014782
-12.582578783515869
-12.582744594541692
-12.582948361678444
-12.583133813273957
-12.583322928691567
-12.58350367494588
-12.583679412692454
-12.583904136960559
-12.584026995777128
-12.584166684769029
-12.584489056276546
-12.584597180216594
-12.584727082769913
-12.584954140146376
-12.585089634862811
-12.585415069713655
-12.58550225859181
-12.585794817634092
-12.585900786507246
-12.586084386946192
-12.586345872552942
-12.586511716506173
-12.58670360002984
-12.586868653153264
-12.587057911044566
-12.58728409127576
-12.58755767144054
-12.5877874622873
-12.587961221500786
-12.588191521742726
-12.58844997244038
-12.588708282366214
-12.58894881107977
-12.589132368518383
-12.589307741901893
-12.58951326829944
-12.589675519218048
-12.589837857262799
-12.590037998189857
-12.590256277334323
-12.59043691253101
-12.590572765416729
-12.590738403393257
-12.590832310724975
-12.591020510195957
-12.591125998270456
-12.591261004504108
-12.59147190611701
-12.591603031447962
-12.591766289754172
-12.591854908848834
-12.59198821737581
-12.59217692030864
-12.592370880378258
-12.592483961804781
-12.5926176854465
-12.592810733552668
-12.592952729700595
-12.59316876546325
-12.593351619406025
-12.593534217537657
-12.593678961212692
-12.593801373576445
-12.593951972477644
-12.594096734848751
-12.59432327362795
-12.594486511358282
-12.594614484129727
-12.594828990474557
-12.594995973026034
-12.595198893663845
-12.595452112749607
-12.595638286486725
-12.595841470790917
-12.596004945246797
-12.596160290903514
-12.596329663912167
-12.59649619034753
-12.5966419577272
-12.596834738279158
-12.597009583271467
-12.597116471719247
-12.597328991633375
-12.597417383261718
-12.597537896596375
-12.597682946673807
-12.597798270935051
-12.597941672784373
-12.598031412056319
-12.598135321529412
-12.59825245158304
-12.598386859682712
-12.59849177383526
-12.598638027625327
-12.598733371381368
-12.598854106046291
-12.59897331666389
-12.599064115583001
-12.599291310297392
-12.59936489960969
-12.59950403786113
-12.59961062729779
-12.599714993358072
-12.599789188109614
-12.599859028629819
-12.59998237347317
-12.60006573105833
-12.600203434897898
-12.60029788068817
-12.600374454747767
-12.600477862490335
-12.60054948776125
-12.600651223215625
-12.600779337480386
-12.600846479284113
-12.600948939802471
-12.601017576596545
-12.601122974015905
-12.60121046435296
-12.601263303611539
-12.601370902466908
-12.601402365563207
-12.601607100859436
-12.601657315499285
-12.601726321841785
-12.601804093663537
-12.601927287788511
-12.602034249420917
-12.60210266448442
-12.602179057887446
-12.602231874814288
-12.602312076726733
-12.602392872741177
-12.602445689715918
-12.602524609920732
-12.60259263177296
-12.602709279942404
-12.602764639265494
-12.602821320958036
-12.6028740286273
-12.602938540572335
-12.60303312656759
-12.60305243041845
-12.603197914064125
-12.603244743962762
-12.603307050018891
-12.603332957018416
-12.60339818969837
-12.603446222039294
-12.60349556590382
-12.603579765622142
-12.603641528771172
-12.603729250295565
-12.603790567197288
-12.603861378492528
-12.60391181782874
-12.603980327580043
-12.604043329779262
-12.604103729989449
-12.604148223325032
-12.604233261640431
-12.604282841933967
-12.604331787100797
-12.604424380435411
-12.60451020456145
-12.604570478720234
-12.604648667635129
-12.604711296600918
-12.604798343775101
-12.604895926450586
-12.60495629460615
-12.6050053207716
-12.605096788011526
-12.605147815554675
-12.605205317177228
-12.605292265160708
-12.605349706645839
-12.60542850301024
-12.605484577633245
-12.6055412805968
-12.605578984332036
-12.605627175193842
-12.605705036787292
-12.605763767665362
-12.605850678965695
-12.60590172279414
-12.605949476343097
-12.60596733081742
-12.606060783499586
-12.6061131768161
-12.606166197214037
-12.606236087834827
-12.606307866214427
-12.606402796512919
-12.606456531964694
-12.606540129336064
-12.606609000155732
-12.606700061618916
-12.606802165936838
-12.606871463677695
-12.606956612064643
-12.607066227374178
-12.607125607399482
-12.607196890919612
-12.607260685224407
-12.607321646281337
-12.607413515670308
-12.607478735667543
-12.607527461917217
-12.607627199466807
-12.607686507607294
-12.607751292489814
-12.607858707427866
-12.607908888174283
-12.607961041032729
-12.608062922023391
-12.608121309092676
-12.608201054149673
-12.608270156021593
-12.608357265053387
-12.608422780652191
-12.608489056749622
-12.608558480189558
-12.608616083806037
-12.608694298475232
-12.608772444669498
-12.608859371440484
-12.608935675150192
-12.608992316388436
-12.609041457779748
-12.609112334050021
-12.609170365329426
-12.609227134742772
-12.609301386852117
-12.60936766631409
-12.60944162237518
-12.609498436700616
-12.609567021353843
-12.609617838935407
-12.609663575676468
-12.60973494782046
-12.609768319414396
-12.609809622334241
-12.609892617405968
-12.609942064612056
-12.610009592182447
-12.610091514507399
-12.610132188859126
-12.610190482324736
-12.610258620469066
-12.610343319639673
-12.610404295466768
-12.610446533928057
-12.610500598967782
-12.610540271661064
-12.610594731084891
