500 iters for seed 85 on 3R0.3 which is in the 79.28695678710938 percentile
 Maxcut: 22.0, MedianCut: 12.0
-14.002684569665423
-14.952356495386944
-14.95708411726112
-15.144322037250886
-15.8195921496876
-16.113035318062515
-16.511503703081143
-16.89945314775478
-17.1112691735725
-17.26551383190848
-17.384443241164664
-17.519792289697193
-17.606211203614272
-17.710114029137088
-17.818230325468843
-17.929463148671438
-18.127954004919733
-18.316665371524977
-18.548352680731437
-18.71784782082638
-18.834096051217845
-18.96294853923068
-19.09765868649517
-19.183037338005462
-19.256968761058953
-19.359892337193063
-19.445073217627062
-19.511965112860622
-19.562258217028052
-19.601769986053064
-19.654607574283816
-19.689229747449236
-19.72437141847148
-19.74619936553801
-19.767865379465587
-19.7940672770836
-19.82436215636045
-19.844785046063112
-19.86684372612918
-19.885961834298826
-19.903613541307287
-19.911420259022776
-19.922598504083382
-19.932064275156655
-19.942603697974537
-19.948804521518664
-19.956030918038493
-19.962929460284435
-19.96911954576492
-19.971992703590576
-19.975837630206662
-19.978619281907783
-19.98157099851076
-19.983745500541193
-19.98522835405513
-19.9870398942788
-19.98869400148475
-19.98996809624645
-19.991255845548405
-19.992124630614935
-19.992883126658572
-19.99329953167799
-19.993866167558263
-19.994407143247237
-19.994970534908518
-19.995390759858267
-19.99575452072581
-19.99614697558049
-19.996765017131644
-19.996999559473394
-19.997297024273568
-19.99770033828151
-19.997999228587926
-19.998286381429164
-19.998445546409087
-19.998648388810402
-19.99878036427843
-19.998944711957417
-19.999068806553076
-19.999179638658152
-19.999255013236834
-19.9993603302224
-19.99942049094432
-19.9994689789158
-19.99952022868565
-19.999564288454426
-19.99960629950892
-19.999641480698696
-19.999706952944518
-19.999742190101106
-19.99976894620477
-19.999793509842164
-19.999816681604003
-19.999829319787796
-19.99985540200137
-19.99986474703719
-19.999879958033684
-19.99990075795738
-19.99991245702052
-19.999929012600944
-19.999937742956934
-19.9999498652398
-19.999955849097077
-19.99996315591817
-19.999968312178755
-19.99997242660256
-19.999979358779644
-19.999980056043167
-19.99998536949483
-19.999986726852136
-19.999989063561713
-19.999991159215956
-19.99999264281648
-19.99999331353282
-19.999993881790893
-19.999994476462696
-19.999995322297565
-19.999996115059027
-19.99999642552685
-19.999996855187863
-19.99999718235352
-19.99999764631596
-19.999997977518902
-19.999998234242767
-19.99999850253622
-19.99999873730058
-19.999998904877312
-19.999999078482066
-19.999999201343194
-19.999999341819816
-19.99999945965233
-19.999999541191826
-19.999999596586473
-19.999999678886727
-19.999999741061025
-19.99999980076756
-19.999999841696773
