500 iters for seed 53 on 3R0.3 which is in the 94.70596313476562 percentile
 Maxcut: 21.0, MedianCut: 12.0
-15.999999925501694
-15.999999997368548
-16.000000348078228
-16.000001320434286
-16.000003251473135
-16.000007782183065
-16.000018489765825
-16.000043952612714
-16.01594611804409
-16.015959570510066
-16.020812092717417
-16.065973112397508
-16.125067075729802
-16.189355103788298
-16.364833757892747
-16.474506334428835
-16.622466514669313
-16.750543882677277
-16.840632332445033
-16.998251326104302
-17.094170567918034
-17.270461297083994
-17.34857690107578
-17.49124445870406
-17.575935178971353
-17.66295137943033
-17.73458839138886
-17.785782342870295
-17.828686545739213
-17.865475743022856
-17.88735840949554
-17.90669946170195
-17.925044117539727
-17.943055069306144
-17.960991540962894
-17.96761833433459
-17.980880909171496
-17.991846504449498
-18.005345698704105
-18.015818349753783
-18.02571257005712
-18.042129608856218
-18.071820329169864
-18.114060937417662
-18.196791092433564
-18.299155194002818
-18.467700117211834
-18.543640564204345
-18.683400025488073
-18.81824522268273
-18.957870787984607
-19.082654298212727
-19.21396224240491
-19.378108203193104
-19.478503514069704
-19.547144150335683
-19.598316203967745
-19.659623860257817
-19.710314014520737
-19.759533160862524
-19.795168133512192
-19.832391552052513
-19.85676160826289
-19.87828391261109
-19.89591954282314
-19.908933067554596
-19.928506054249617
-19.94618636837859
-19.952409362749904
-19.960774098219783
-19.96711234177996
-19.97391107784274
-19.978314428184717
-19.981362514445713
-19.98497788986901
-19.98636682293638
-19.988538609557036
-19.98960259969753
-19.99103373647069
-19.99286603350697
-19.994023920120593
-19.994522598268404
-19.995074350611304
-19.99558518256108
-19.996025976273017
-19.996658941284668
-19.99690969249168
-19.997198539601197
-19.997540909604755
-19.997892683429342
-19.998154847957135
-19.998417753498316
-19.99848924959837
-19.998733587794202
-19.998803771095197
-19.99890835425896
-19.99903908744033
-19.99912234351362
-19.999232975704402
-19.999293214736074
-19.99937524166715
-19.99946091922036
-19.99955779823976
-19.999605134394063
-19.999666207341065
-19.999707453882923
-19.999748778206374
-19.999800590839616
-19.999828726166406
-19.9998676980757
-19.99989058076006
-19.99990295520559
-19.99991614265325
-19.99992619595711
-19.999942976829395
-19.999947335652823
-19.99995992844934
-19.999963379583928
-19.99996949642212
-19.999974189742023
-19.999979110447217
-19.999981763510473
-19.9999840031184
-19.999987097874058
-19.99998951452546
-19.999990617882098
-19.999991789774377
-19.999992611734612
-19.999993456704317
-19.999994068176754
-19.999994606818298
-19.99999556252645
-19.999995856152385
-19.999996668409125
-19.999996994216556
-19.99999741258718
-19.999997983531813
-19.999998204851924
-19.99999856492993
-19.999998732739126
-19.999998920827878
-19.999999071085817
-19.99999917975609
-19.999999324032476
-19.99999941824906
-19.999999566754802
-19.999999618459054
-19.999999678296255
-19.99999971468707
