500 iters for seed 154 on 3R0.3 which is in the 49.335479736328125 percentile
 Maxcut: 21.0, MedianCut: 12.0
-12.051327968655292
-12.593452427091151
-12.982709322025979
-13.204375860106401
-14.170251788693255
-14.364440324124159
-14.99161519495258
-15.421309684125248
-15.67103543682364
-16.167018579781026
-16.63018738525837
-17.08233106057992
-17.480964489000744
-17.77870877574101
-18.089910079283545
-18.363478994663552
-18.57027361941216
-18.740729040195536
-18.849775517983197
-19.017542446017995
-19.09216711094307
-19.194946745866883
-19.306102951423725
-19.40542912457385
-19.477148331123228
-19.554652199170825
-19.603420795095868
-19.675417868908923
-19.70150100088855
-19.739556829615918
-19.787957095308993
-19.80640711304987
-19.845920676554584
-19.8587103213387
-19.879092598362654
-19.892727163558533
-19.910213907666925
-19.92263431930714
-19.930486494350653
-19.945344187119613
-19.95210012647517
-19.960308683800662
-19.96707613576206
-19.973148604212398
-19.978022417137247
-19.981279902447596
-19.984266979232128
-19.986149646846933
-19.987979329876026
-19.990742597378677
-19.992282201598826
-19.993771418241657
-19.994952090363174
-19.995745999595318
-19.996271531596406
-19.996851777831736
-19.997259315847387
-19.997722894263998
-19.998066449974452
-19.998346686781755
-19.99857728472061
-19.99880870807577
-19.998929695361742
-19.999067001134584
-19.999204855454042
-19.999334860661836
-19.999402568807284
-19.99946829547924
-19.99952813807138
-19.999600407691165
-19.999636096392123
-19.999675553116298
-19.999721219767043
-19.999763612602237
-19.99979014006427
-19.999808754387452
-19.999836047280898
-19.999860745658893
-19.9998905710052
-19.99990354681594
-19.99991619461261
-19.999939319484298
-19.999949170453277
-19.999962010856038
-19.999965538454866
-19.999968519180673
-19.99997330817548
-19.999976108889285
-19.999979410680133
-19.99998256046234
-19.99998459838437
-19.999987969513054
-19.99998931192516
-19.999991007693833
-19.999992340149348
-19.999993623867415
-19.99999489278944
-19.999996065097875
-19.999996912285216
-19.999997589902787
-19.99999800768799
-19.99999851516669
-19.999998876804323
-19.99999908717915
-19.999999264800355
-19.999999385655524
-19.999999463525842
-19.999999564058427
-19.99999961179714
-19.999999692939813
-19.999999724968383
