500 iters for seed 199 on 3R0.3 which is in the 78.82919311523438 percentile
 Maxcut: 21.0, MedianCut: 12.0
-14.004491842116153
-15.025891835895601
-15.040002007966507
-15.272913086442896
-15.650536411949693
-16.049352089411943
-16.343523762920025
-16.510849923172103
-16.74366900427442
-16.903863345701794
-17.036745146893907
-17.116594801729327
-17.227124221365234
-17.295530250916215
-17.350150191225868
-17.394948096745175
-17.442947972259393
-17.49798035348995
-17.538221925063855
-17.566566929152394
-17.602962768957774
-17.632923127405565
-17.659205430342052
-17.674819262452335
-17.694442554506644
-17.72859666002301
-17.742842296319775
-17.765189390506794
-17.784470778967126
-17.80190054899632
-17.82099965078283
-17.843182554745162
-17.85766167851518
-17.870752578665304
-17.88229107438268
-17.8956755677516
-17.90988762472013
-17.922710585220628
-17.940805768539473
-17.949276780169566
-17.956411933138458
-17.970981305366248
-17.978938124170394
-17.98922188228993
-18.000597033998513
-18.004402105781477
-18.011092810911645
-18.01645459011231
-18.02207582221873
-18.029709620798837
-18.034615788693177
-18.04019991364084
-18.047391240032653
-18.054296989021292
-18.06381673008087
-18.07700198967825
-18.08765733315009
-18.097215015773433
-18.11320323482921
-18.124498611154184
-18.139615057601645
-18.158450913220438
-18.17060250318045
-18.186172315603617
-18.196098110606325
-18.209007825949662
-18.22697715019432
-18.245903456921077
-18.257246267308048
-18.2697597547173
-18.285665745000152
-18.29980265425983
-18.311314574137192
-18.33378873547031
-18.351888236319482
-18.37189213386119
-18.393410779040938
-18.4128484973583
-18.43323996073056
-18.460680265170517
-18.48043064247291
-18.501084329948405
-18.51588815089046
-18.532579178773148
-18.55204805576607
-18.570345815824727
-18.589170098946806
-18.60715165525206
-18.62648746212676
-18.643850057231415
-18.663460923870296
-18.681241948975984
-18.70342204583605
-18.723231181278237
-18.740740970043962
-18.755160744037696
-18.772619066439596
-18.784955354424454
-18.793284686527524
-18.807636903401185
-18.816393145708165
-18.824447219374587
-18.835868606629788
-18.841866858192613
-18.84969282570828
-18.85528367664439
-18.859813240910697
-18.864964870745368
-18.87103915503034
-18.876759200674446
-18.880879940652886
-18.88376704736064
-18.887687520070077
-18.890504177243276
-18.89619899481374
-18.89899016233904
-18.901874999840988
-18.906083685503237
-18.909157139651434
-18.912507125493313
-18.914976596900917
-18.91820842995496
-18.91982105976424
-18.923011850625347
-18.92447866604791
-18.926646911268094
-18.929786222330602
-18.933579426532525
-18.93623865064408
-18.938413516982756
-18.940265001596
-18.942456402934315
-18.944811202144088
-18.946412018760387
-18.948595401787326
-18.949091671794434
-18.95180117737961
-18.953044630348035
-18.954809181270523
-18.95731969578028
-18.95863490640693
-18.96055621667847
-18.962082778311537
-18.964077650585473
-18.965980931203028
-18.967569155093646
-18.96984588304852
-18.97155675575711
-18.97390487191245
-18.976007299332228
-18.978856992227787
-18.979956796141675
-18.98229012984397
-18.98368852900768
-18.985871757496366
-18.98730239814707
-18.98861625314764
-18.990685224597232
-18.992124353316164
-18.993929612650337
-18.99524209153985
-18.99659097124227
-18.998023738804424
-18.999383883137284
-19.001415482847463
-19.002695963857636
-19.00404917017328
-19.00636012227799
-19.00724901487089
-19.008547428047976
-19.009680776351264
-19.010713177740776
-19.012590701327493
-19.013539720020965
-19.01501646640918
-19.01610653836462
-19.01762064854311
-19.018909048279067
-19.020302987008105
-19.021842406786647
-19.02295888677282
-19.024611785717568
-19.026119726684122
-19.02759502229423
-19.02911164568174
-19.03094491876497
-19.032782862342994
-19.0346451127843
-19.035755332490293
-19.036985727543072
-19.038089056294073
-19.039142097357846
-19.03996302052524
-19.041582954456832
-19.042346078792722
-19.04328659592121
-19.0448830202676
-19.046654719325637
-19.048168854254794
-19.049751918230072
-19.050917457278413
-19.05236781437851
-19.05405874514644
-19.055623000037677
-19.05727932492106
-19.058907884625093
-19.06048389963363
-19.06173724188297
-19.06320900322548
-19.06513899714884
-19.066706711047104
-19.06794385118108
-19.069790716828553
-19.071409792981743
-19.073505332391935
-19.07500877895318
-19.07650616731415
-19.077918029508204
-19.07953333925466
-19.081259580332095
-19.082900873294264
-19.08453176525153
-19.08615230700485
-19.08768854988607
-19.08951427098449
-19.09118359540229
-19.092252666288772
-19.093869734570436
-19.095049168379823
-19.096216616648714
-19.097972573599343
-19.099035975375745
-19.10029945134825
-19.101418306437058
-19.1023234156586
-19.10307959655429
-19.10404163946684
-19.104494033079302
-19.105375338857957
-19.10577088111105
-19.106391929012624
-19.107112406314986
-19.107805823405737
-19.108336212837628
-19.108945016947658
-19.10946059045898
-19.110095522898117
-19.11074128623913
-19.111207302728882
-19.111864813355282
-19.11259523100875
-19.113323053629315
-19.113888055611486
-19.11444437773716
-19.115132500573477
-19.115811484790836
-19.116666275475726
-19.117410037474592
-19.117967280565768
-19.118480274461184
-19.1189659753801
-19.119650164898626
-19.12030593507128
-19.120917497917986
-19.121286843718547
-19.122013907753097
-19.12271828685635
-19.123626755590866
-19.12456613228124
-19.12514650094919
-19.12560881738826
-19.126276284940147
-19.12669406886746
-19.12716384888681
-19.12757778943152
-19.127956987279326
-19.12834663614822
-19.128744228722134
-19.12903951156443
-19.129377656368938
-19.129757904550132
-19.130132726104748
-19.13040434371425
-19.13066251714841
-19.130955335103327
-19.131265086916905
-19.131577550003502
-19.131805264989524
-19.132106589889972
-19.13246015115079
-19.13278094271011
-19.133084500116325
-19.133262006692252
-19.13353993968365
-19.133702323853782
-19.134029284143004
-19.13425519566247
-19.1344462942226
-19.134709444099453
-19.134885630781472
-19.135047721883836
-19.13515862164463
-19.135327790191653
-19.135573410951245
-19.135802025016602
-19.135958379802773
-19.136178646880264
-19.13632895849075
-19.13649323668524
-19.136798545400318
-19.136928648871482
-19.137060709811987
-19.137270155215138
-19.137396641522173
-19.13757114782997
-19.13776566578507
-19.137910152957403
-19.13811873880165
-19.138331548733824
-19.138471810654607
-19.138749935383217
-19.13878024653785
-19.139046055590335
-19.13917793651675
-19.1393487853808
-19.139564361065325
-19.13971108499885
-19.139879722024084
-19.140012726984256
-19.14020918701899
-19.1404514450242
-19.140710487200696
-19.140987011213955
-19.141169434533108
-19.141347331511355
-19.141744570711058
-19.14187846150292
-19.14213154507151
-19.142297651685944
-19.142496408426883
-19.14278188577521
-19.14295190193952
-19.14313919288857
-19.143279423795622
-19.14351962200919
-19.143759246436847
-19.143998676036738
-19.144384912346016
-19.14450787340248
-19.144750764188714
-19.14492702927884
-19.145084400279057
-19.145340771685095
-19.14548932041036
-19.145711094212572
-19.145846310894186
-19.14601705084154
-19.146186577867443
-19.146336385965736
-19.146445789239408
-19.146560544138634
-19.146663083370754
-19.146792492251855
-19.14690388970219
-19.146997484833474
-19.14711137815651
-19.14719193324248
-19.147279715813237
-19.147444491641128
-19.147548337391516
-19.147614903132474
-19.147703596487432
-19.147812659986187
-19.147945973423674
-19.14806264728274
-19.14815756627054
-19.14824492275018
-19.148332658965646
-19.14841890106508
-19.148542575543445
-19.148583763759436
-19.14866492035261
-19.148725322889295
-19.14880489359259
-19.14886359375143
-19.148918653791124
-19.148988480716856
-19.149058565786397
-19.149097761334353
-19.149157194136592
-19.149220295706915
-19.149292950154848
-19.149365527438576
-19.149445097197393
-19.149524449454574
-19.149612892567955
-19.14970651798762
-19.149771849427086
-19.14985343038906
-19.14997186851686
-19.150057552024837
-19.150159564304555
-19.150239034179993
-19.150319145752505
-19.150421639360538
-19.150523203649673
-19.15058657608378
-19.15065448515343
-19.15072978517582
-19.150818919389227
-19.150876935962028
-19.150956073860325
-19.151063309261154
-19.151110715755298
-19.15120328433871
-19.15124883410631
-19.151309417828273
-19.151417194381228
-19.151462922996515
-19.151665391191695
-19.151748397707316
-19.151855552676448
-19.151873684628775
-19.152008232355207
-19.15207675930263
-19.152162780433468
-19.152264359038956
-19.15229825853981
-19.152423857037594
-19.152459343038036
-19.152527108832647
-19.15257863696314
-19.15264731419862
-19.152691232069024
-19.15272711840332
-19.152815020800535
-19.152859635331474
-19.15290385065303
-19.152959603712723
-19.153013381224895
-19.153079253878612
-19.15315358658036
-19.153188567019125
-19.153245624073485
-19.153304236991023
-19.153373235354405
-19.1534447606497
-19.153484961180197
-19.153514152312255
-19.153583762167262
-19.153622100012786
-19.153650352123893
-19.153690426835812
-19.153725082976315
-19.153790391032754
-19.15381287653663
-19.153872449959316
-19.15389984530775
-19.153950173447452
-19.154010949620066
-19.154067690598733
-19.15411382158537
-19.154179558089115
-19.154228980647325
-19.154282328442292
-19.15435303317649
-19.154391428857203
-19.15446224132303
-19.1545201236253
-19.15456447273912
-19.154624429599874
-19.154670118438688
-19.154726449957707
-19.15476814727845
-19.154809875885487
-19.154851581626566
-19.154890783035125
-19.154903130023982
-19.154976836994262
-19.15500115973986
-19.15503972501447
-19.15509989912378
-19.15514069881602
-19.155206737932957
-19.155242907871695
-19.155287481535133
-19.15532263759929
-19.155358063010038
-19.155403841922492
-19.15543061572313
-19.155472222656133
-19.155514823160793
-19.155565110288375
-19.155597004342564
-19.155637730608213
-19.15566692246139
-19.155707548690156
-19.155743388402172
-19.155772012927816
-19.15578719806405
