500 iters for seed 34 on 3R0.3 which is in the 79.07638549804688 percentile
 Maxcut: 21.0, MedianCut: 12.0
-14.002110837866883
-14.120993947910128
-14.230149620425488
-14.449687816080312
-14.69913174189198
-14.864055578715504
-15.233472503129008
-15.467616711351223
-15.797850557627898
-16.160915239691622
-16.441516731936083
-16.632687894899036
-16.790374763140484
-16.916453783518147
-17.005957588651714
-17.08312954672426
-17.173613685799364
-17.27669419171747
-17.367484594244186
-17.447258319211297
-17.49408474489509
-17.57083096373999
-17.641562007861335
-17.684594396939968
-17.746789216665636
-17.775387092077406
-17.809773441541115
-17.84655794659671
-17.878033806469382
-17.893666131569766
-17.9113627784201
-17.925565579391872
-17.94202320380237
-17.956491724968508
-17.96298034444986
-17.97002471881634
-17.978504684520388
-17.983453532069518
-17.987905056332625
-17.991886521011338
-17.995695717799478
-17.99968329639175
-18.003300517497987
-18.004592141556216
-18.00657703536216
-18.007866948607266
-18.009409797422236
-18.011310729034168
-18.012331497255254
-18.01325312654555
-18.015069482144543
-18.015645939809023
-18.01665617570878
-18.017237375811447
-18.017865862846296
-18.018788625656452
-18.019472167377323
-18.02078614307575
-18.02135496742492
-18.022231348333484
-18.02315685499532
-18.02421087781153
-18.025330481902696
-18.026564093435987
-18.028402011557343
-18.029679435162894
-18.03232545230409
-18.035085766012333
-18.03813120858058
-18.04339045047277
-18.04867511601688
-18.056376101622757
-18.0710320348246
-18.079836911083763
-18.09587497499286
-18.11231724219069
-18.1321476457022
-18.149434360687252
-18.164914054478952
-18.184264986996688
-18.204426202053735
-18.228065462232777
-18.248162097934134
-18.264744261663616
-18.280871120234476
-18.300307048409277
-18.32534988224654
-18.350288266947707
-18.367488881235463
-18.38351076108178
-18.412507299870082
-18.427385767332296
-18.448062099384344
-18.466426547057676
-18.48654645346845
-18.52007158929879
-18.547969407793868
-18.58287245121923
-18.610514924338684
-18.6330803472075
-18.65476435828441
-18.67570025863119
-18.694859669101767
-18.713177746750535
-18.73314848374031
-18.747565335235294
-18.757703254563456
-18.77125516993534
-18.78266230287209
-18.79376558386508
-18.806744761686673
-18.813125753355287
-18.820537409219952
-18.832045400118478
-18.838003635479073
-18.847653242567507
-18.855255686621557
-18.86264285316131
-18.87485251585144
-18.886749071924914
-18.89546085462882
-18.912466324472856
-18.923590036686267
-18.942881204616775
-18.969235054374185
-18.98816985583002
-19.000365911857816
-19.04280649057714
-19.06391593509895
-19.089916341174487
-19.120526426091672
-19.14092758333776
-19.164238523263023
-19.183190692560686
-19.196124790552265
-19.210332472535466
-19.223074436247007
-19.23318637062648
-19.242577734315866
-19.25099349637898
-19.25808090330299
-19.263583148444507
-19.26844299330713
-19.27371571915192
-19.27801376121539
-19.282544587616506
-19.286862909726516
-19.292839105072925
-19.29846344033751
-19.3048919923776
-19.308861782412546
-19.314692506188642
-19.319566472454312
-19.324788661722614
-19.328027619948124
-19.332315743961175
-19.336233876397884
-19.340494289443633
-19.34499388193691
-19.34758924441182
-19.351810464387107
-19.354759509005962
-19.35644312905417
-19.358330012192102
-19.360199883088804
-19.36268240528325
-19.363383884616425
-19.364941949870154
-19.36556107673347
-19.36653537953183
-19.36774936961104
-19.368153190899815
-19.36972319086405
-19.370258069121387
-19.37104493391777
-19.37219567440691
-19.37306750600405
-19.37454009324725
-19.375344692010934
-19.37597786261442
-19.376542281924976
-19.377245586995713
-19.377999874252996
-19.378598616286293
-19.379497241765574
-19.379973363164144
-19.380564930681025
-19.381264185299948
-19.382152355302612
-19.38292823359613
-19.383640774354145
-19.384334604459973
-19.385287308927865
-19.386297117510903
-19.38701943441428
-19.387709307471514
-19.388663127474853
-19.389456112434633
-19.39057818884051
-19.391499917670043
-19.392316969887155
-19.393040287917245
-19.393803179790225
-19.394513011398885
-19.395296891716523
-19.39614307330746
-19.39657841639994
-19.397494803523017
-19.39788429098989
-19.398629618752526
-19.399673518945196
-19.399996527551284
-19.40100783915841
-19.40134679605265
-19.401966333103097
-19.4026443169385
-19.403361210120938
-19.403886677675192
-19.404285940736173
-19.404807566057286
-19.405421610545208
-19.406068944806584
-19.407109054084795
-19.407543350463477
-19.408102503921494
-19.40863153030039
-19.409162514647477
-19.409838055273294
-19.410556051513588
-19.410896401825344
-19.411488220836503
-19.412028549754663
-19.41270133619966
-19.413601507173976
-19.41397231868369
-19.414378310301785
-19.41536477690178
-19.415883186154087
-19.416661085995457
-19.41737435507395
-19.418149707343147
-19.4186938277807
-19.419215152978737
-19.419662973275607
-19.42015228146405
-19.42053509529993
-19.421066876911887
-19.4215998185914
-19.422108420847266
-19.422897096447635
-19.42342347683741
-19.424148942117657
-19.424920951881585
-19.425509297258014
-19.425928916089276
-19.42663907367433
-19.427079340051854
-19.42759382525763
-19.428103017796836
-19.428458819811212
-19.42885405394931
-19.429204235230316
-19.429541305896233
-19.429720886340625
-19.429887512778144
-19.430199585480583
-19.430372125778874
-19.430628615325023
-19.430783763714405
-19.431160078300366
-19.431249840051553
-19.431437518955434
-19.43157389382513
-19.431794327081214
-19.431983017917904
-19.43211444976248
-19.432371731796497
-19.43247584005864
-19.43263237426183
-19.432741178451845
-19.4329300694682
-19.43309770596971
-19.433307241863655
-19.43347374047908
-19.43365333465005
-19.43381881186756
-19.434003000628554
-19.434351873887213
-19.43455697005157
-19.434722709363637
-19.43519730177296
-19.435385811359865
-19.43561163768868
-19.436323451400057
-19.436612651320864
-19.43697161865615
-19.437832777935046
-19.438301238551166
-19.438713615967192
-19.43988509020408
-19.440258479898816
-19.441003272117623
-19.44125402848434
-19.442086144017242
-19.4425455140318
-19.442988386134594
-19.4435354817857
-19.444079477008838
-19.44468967562289
-19.445221454501457
-19.4457325119412
-19.446200322063827
-19.447166769831256
-19.447717461481012
-19.44849520968313
-19.449334012895907
-19.450449506984242
-19.45164139671046
-19.452930248126137
-19.454337715357987
-19.456278126272682
-19.457837851192274
-19.459257521548363
-19.4607396028619
-19.46221584424153
-19.4637270025431
-19.464764348321985
-19.46637685306842
-19.46830313546616
-19.469592515161388
-19.470813782223892
-19.472019558092907
-19.473419599371276
-19.474556245027824
-19.47576248691591
-19.47668774977179
-19.477505223421968
-19.47856825480118
-19.479398848453354
-19.480465728304004
-19.48095856111129
-19.481631022697048
-19.482436683210544
-19.483349217313965
-19.483867203066204
-19.484566436439067
-19.48500054998144
-19.485595042257504
-19.486048368292177
-19.486445663833752
-19.487147106884745
-19.487587030211937
-19.48806151031635
-19.488510841453273
-19.488987572435985
-19.489511055096393
-19.49000324547771
-19.49047687028845
-19.49096033320493
-19.491596104023735
-19.49237203185611
-19.49314612649706
-19.493799623465037
-19.49451225087996
-19.494976832188566
-19.495516600309042
-19.49644606169705
-19.49700358013537
-19.497660036619262
-19.498443910441416
-19.49900216902212
-19.49991251056912
-19.500597347916536
-19.501583958718175
-19.50236615900378
-19.503028776342298
-19.5041120859471
-19.504472627326837
-19.505803274243917
-19.506346610734283
-19.50701198907017
-19.50810657512995
-19.50878267358734
-19.509959097705778
-19.51052037222355
-19.511187710681973
-19.512364308256053
-19.513202841106907
-19.514061168776905
-19.514746074411722
-19.515499015592756
-19.515940982578392
-19.517619285232424
-19.518196508913153
-19.518877317995226
-19.519865978838347
-19.52069179168073
-19.521947509189985
-19.52286418673247
-19.52393395826129
-19.524842702522726
-19.52571009244146
-19.52670444100455
-19.527486563261366
-19.528644350628905
-19.529975104509873
-19.530526096908762
-19.531535570663866
-19.53224454963112
-19.532883914547714
-19.53427520128025
-19.534837214042508
-19.535464250825513
-19.5371201821629
-19.537707960410774
-19.53846285386313
-19.539432093640936
-19.54007853976682
-19.541353315951653
-19.54214641189949
-19.54305458181476
-19.543989815599076
-19.544961705423564
-19.546003863475313
-19.547077200462482
-19.547918896751337
-19.54878678310941
-19.55017560825118
-19.55122187360076
-19.55211593618984
-19.55283904485225
-19.55346864200279
-19.554412046081197
-19.555411009553275
-19.556267213899034
-19.557116068639893
-19.557957377619555
-19.55883907431188
-19.560255880105572
-19.561312580722756
-19.562232038099303
-19.563813401825538
-19.564745230270066
-19.567221737176123
-19.56854671849161
-19.569664424824328
-19.570677619853743
-19.57155299775427
-19.572651020152485
-19.57386560466006
-19.574524581717885
-19.575175336912196
-19.575811094853904
-19.576510942360656
-19.577092079793104
-19.57780774087509
-19.578329553870688
-19.57889218424141
-19.57967279973114
-19.580492721571225
-19.58105096660234
-19.58173458190801
-19.582120244602958
-19.58268257117272
-19.58355801713503
-19.584030768854703
-19.585124860590096
-19.585444019568463
-19.58655639515076
-19.586921489207302
-19.587521001762582
-19.588545839536152
-19.58954263092227
-19.590868703567374
-19.591466804518642
-19.592162362695564
-19.59255694885038
-19.593211220933043
-19.59381888968053
-19.59422851143791
-19.594900671317852
-19.595720401817214
-19.596164300741478
-19.596887372166325
-19.597473487342185
-19.59822088838955
-19.599096887279806
-19.599698384211138
-19.600825501173496
-19.601878731642195
-19.60303071128634
-19.603743869135208
-19.604599861131316
-19.605484025406415
-19.606262695214433
-19.60671295939398
-19.60769282777781
-19.608224271134254
-19.608846115836982
-19.60969503389266
