500 iters for seed 0 on 3R0.3 which is in the 94.74411010742188 percentile
 Maxcut: 21.0, MedianCut: 12.0
-15.999999900207897
-15.999999937127885
-15.999999998134193
-16.000000105350995
-16.00000122486478
-16.00000407368556
-16.000012921036028
-16.004094545397823
-16.00409634943308
-16.0047441468372
-16.010879633319803
-16.018048398798975
-16.03742483740321
-16.127513622788232
-16.258764118200297
-16.45489320530355
-16.61498558957144
-16.769055074984184
-16.912339663627353
-17.03816183546538
-17.203428112092226
-17.324885162735086
-17.401994391192673
-17.452722366773116
-17.52103284389587
-17.586949267876765
-17.639433113541067
-17.682104822040213
-17.717310575630908
-17.758362483929382
-17.79253568376153
-17.820449947317595
-17.842567671187584
-17.863206633827847
-17.88754110200727
-17.89713631422785
-17.907831032180567
-17.913474050083263
-17.92241844197811
-17.9354574480659
-17.946815284977415
-17.959439123478
-17.962977210201032
-17.966532490730202
-17.969402640259712
-17.972657349341137
-17.976199245402476
-17.978120993929345
-17.980971455477665
-17.983978083484782
-17.986577940269772
-17.987824811388528
-17.98945739026567
-17.99053326029642
-17.99176245512433
-17.99261461201488
-17.993351230039337
-17.994361264989738
-17.995255378810427
-17.995642956223016
-17.996010382153788
-17.99632431778864
-17.996682027344384
-17.996941304093898
-17.997192927078803
-17.997694647163286
-17.997882152272794
-17.99816050140772
-17.998366124741644
-17.99860319817804
-17.99873257967746
-17.998902405907117
-17.999037215394658
-17.99914865089034
-17.999238869469515
-17.999426313406786
-17.999506204090387
-17.999604889158732
-17.999732054933578
-17.999755109485065
-17.9998868503686
-17.99991456573137
-17.999969017212003
-18.000056760494804
-18.000117495044183
-18.00022231158002
-18.000296627093483
-18.0003855787777
-18.00050056400484
-18.000586762613736
-18.000713749824275
-18.000798887415744
-18.00089854048954
-18.0010040756318
-18.001123163700107
-18.00123263618766
-18.00136465699697
-18.001463841994564
-18.001596096869505
-18.00179570188666
-18.002039830838672
-18.002272073969326
-18.002531365567823
-18.002926872390418
-18.003444103145338
-18.004264060402765
-18.005269400827256
-18.00691293743712
-18.00903675533499
-18.012747177096422
-18.01685859040047
-18.021472793659324
-18.033029202591482
-18.041799701594023
-18.048954890963156
-18.065140277253782
-18.07897810372929
-18.092433895886817
-18.099784465368398
-18.11934272476312
-18.135796519127716
-18.147662586444696
-18.1619308115516
-18.1750677195229
-18.188109366804163
-18.196553896854585
-18.205101433990055
-18.21550287599031
-18.229319967221024
-18.24372594282221
-18.25543368968457
-18.26566035335626
-18.280405812045654
-18.29592310818486
-18.3057230192521
-18.320691047742343
-18.32982994724147
-18.34289331189116
-18.35687176614563
-18.375679006381194
-18.393748195453398
-18.408972881264848
-18.433749754315716
-18.447605899718557
-18.46558643494239
-18.480390258549633
-18.493829501654016
-18.50265155138284
-18.51240985384219
-18.523440299778667
-18.531862270827077
-18.539691856750643
-18.552162184027125
-18.557181790616227
-18.567213436303
-18.57455377472156
-18.582418118749523
-18.591087232953164
-18.596651666335532
-18.604221666739626
-18.610039998474118
-18.614784379325748
-18.620368148572105
-18.62446457560265
-18.62933636276089
-18.635032600630417
-18.63844144097002
-18.6426538954903
-18.646409602350406
-18.6500473594947
-18.654271741300544
-18.658541316809615
-18.660648395683218
-18.663669153937974
-18.6671489343239
-18.67152700825878
-18.676815559649597
-18.680891008800792
-18.68488052599662
-18.688609313294236
-18.693272301946955
-18.696693261903594
-18.70023712939032
-18.704815890816537
-18.708491431895585
-18.711818940838317
-18.717685173459742
-18.72087404542892
-18.724317457984515
-18.72945286256181
-18.732781220965094
-18.740103716322018
-18.744110728948
-18.750146986321568
-18.75388824436319
-18.757819903757444
-18.76606061060133
-18.77085718689014
-18.77783402913437
-18.78392410877076
-18.787552323175888
-18.791328646044704
-18.796640352554824
-18.800280261238825
-18.804252493699632
-18.809167375842502
-18.813135002581767
-18.8173599317196
-18.818689839755276
-18.82494070940546
-18.827121418887423
-18.829765455728783
-18.833580382435372
-18.840237221980953
-18.84579711174358
-18.849058665963685
-18.852507034664917
-18.856282308465865
-18.862627909171074
-18.86827275967949
-18.873560578979824
-18.877639376650567
-18.8812609665234
-18.886085814719735
-18.891208087532604
-18.89547233414773
-18.898319114436905
-18.90516927126527
-18.907034190413984
-18.91318095229572
-18.91592641783252
-18.91910891143509
-18.923499110013108
-18.924314967712178
-18.931068521597123
-18.933366660746763
-18.937009974859407
-18.94049155264895
-18.944889974637928
-18.94845448132373
-18.95188353116481
-18.95677652994175
-18.961229361161113
-18.965166145658973
-18.97017420791025
-18.97371328070077
-18.978860737918357
-18.98390137076314
-18.98871324255451
-18.99252264750955
-18.995749942074895
-19.000166081659025
-19.003764810185828
-19.007510528218393
-19.01133578498197
-19.014451517338326
-19.018892804872795
-19.023195553997898
-19.026967795581708
-19.031315084612118
-19.036243370540447
-19.04103671854546
-19.045494472989898
-19.048211581014996
-19.05289877529912
-19.0569303643108
-19.060798237274746
-19.06379318735412
-19.068194967274053
-19.07310169012803
-19.07731846528611
-19.08175454192578
-19.08449281222105
-19.087808969479063
-19.09235074033234
-19.094522239198717
-19.097119820549626
-19.100134106826303
-19.102452631927836
-19.106076985723057
-19.11014745658567
-19.112697016093364
-19.116162701153463
-19.118214660553758
-19.121131323583725
-19.123680837449868
-19.12545710623947
-19.128950208928824
-19.13161483640085
-19.133445327314437
-19.13573679359072
-19.137773123052956
-19.140388655432307
-19.142749921183512
-19.14501835786899
-19.14666612767876
-19.148604349190947
-19.15099222525913
-19.153452247260727
-19.155487803606224
-19.158871252595205
-19.161148723493664
-19.164493728000487
-19.167691741757263
-19.17113220406418
-19.174136493672222
-19.177207829872575
-19.18056774439806
-19.18490224368274
-19.18887965485747
-19.19331860020899
-19.199769599381874
-19.201542703804535
-19.21135551391476
-19.215861862105413
-19.22225401162729
-19.230767862691255
-19.243024666511126
-19.257306875659122
-19.27477947908241
-19.285656910502976
-19.30026727821459
-19.31927205186689
-19.339580769123874
-19.351064389125078
-19.37682914826797
-19.401756739192326
-19.438147462214307
-19.471558104086125
-19.50088961123052
-19.52588557451146
-19.55355323910144
-19.577299588164337
-19.598028203848397
-19.612394424930432
-19.623850833797704
-19.650300867253122
-19.65773089648607
-19.684517378736153
-19.69437226022642
-19.708454319989485
-19.71858262271293
-19.732333851613237
-19.740304728842922
-19.749087237874978
-19.764426791850386
-19.773468653832513
-19.78907802063839
-19.7988381116634
-19.806533839318526
-19.814204913967302
-19.826752243972972
-19.83583352739114
-19.844128097198737
-19.849678754059372
-19.85643762744792
-19.863955853468827
-19.87231727716531
-19.877489272797366
-19.881889157687286
-19.886565440999135
-19.891795345883985
-19.896538317022458
-19.900492972274456
-19.90575639841433
-19.911039439120465
-19.914627158097677
-19.91927637164436
-19.9212691985582
-19.92507111363672
-19.927179419304675
-19.929616609300577
-19.932837903558283
-19.93613491767808
-19.93878888749023
-19.942886550568982
-19.945697089643748
-19.94915670937146
-19.952045992374323
-19.954426808282577
-19.957669153702355
-19.960957422310933
-19.964393940101566
-19.96648922299591
-19.96883087940761
-19.97033614011812
-19.972329021015884
-19.974032548088417
-19.975239413165678
-19.976498403045248
-19.97770420040999
-19.978495040951795
-19.979364368382765
-19.980027143895214
-19.980876754187914
-19.98191779566994
-19.982403423645493
-19.983115221195185
-19.98354198055779
-19.984168980025796
-19.984696071008546
-19.98530304159193
-19.98576715873831
-19.986182920187243
-19.986635954922072
-19.98713013041654
-19.98771876547467
-19.98809926717944
-19.98838521136474
-19.98870536668847
-19.989115736440336
-19.989320088403986
-19.989619855252858
-19.9898163197596
-19.990039495371626
-19.99043674291388
-19.99068437151814
-19.991066704360044
-19.99134111607236
-19.991470607805915
-19.99173620825175
-19.991854744345236
-19.992063221260295
-19.992260346878844
-19.992370547170392
-19.99268691238683
-19.992760602655487
-19.99288030242901
-19.993075001685398
-19.99318568166492
-19.993354749546544
-19.993478105400467
-19.99361718101872
-19.993730864725464
-19.993852183166194
-19.993959652952377
-19.99407548144345
-19.994210837414155
-19.994364648752498
-19.99451716496958
-19.99465209014374
-19.99472329244207
-19.994886056156794
-19.994955583611823
-19.995024477415036
-19.995142942573878
-19.995209567204835
-19.995343566177525
-19.99543766354802
-19.995555158429934
-19.995635117844202
-19.995716363465004
-19.995793117487818
-19.995859375112417
-19.995955845505243
-19.99605002715629
-19.99614322424608
-19.996216629908293
-19.99629708877578
-19.996368497993927
-19.996426540793873
-19.996523769979632
-19.996589555207976
-19.996709693331486
-19.996759534642226
-19.996815479360418
-19.99691591907032
-19.996966991362065
-19.997030471656327
-19.997076410630292
-19.99714716374869
-19.997205176233038
-19.997256477033112
-19.997292174885878
-19.997340957122937
-19.997399148701312
-19.997462555744736
-19.997508057114768
-19.99755868378607
-19.99760228723711
-19.99764510834166
-19.997677795416873
-19.997703133547482
-19.99774596196629
-19.997774077974643
-19.997814205785673
-19.997851295337437
-19.997880938326123
-19.997923399978443
-19.99797013018167
-19.998000601120836
-19.99805445346395
-19.998078828448204
-19.998123700275613
-19.998152077194423
-19.99818013573498
-19.998228262945265
-19.998280886308514
-19.99832507196451
-19.99835576254893
