500 iters for seed 83 on 3R0.3 which is in the 78.87954711914062 percentile
 Maxcut: 22.0, MedianCut: 12.0
-14.000150617487355
-14.263860450265119
-14.266439254758684
-14.342022139423795
-14.395322507149011
-15.008604852560339
-15.099396924581503
-15.437611164326137
-15.7618233234867
-16.092407888220706
-16.55950144226222
-17.068995790567826
-17.552220666680096
-17.903788011842945
-18.101966757077435
-18.511940252839235
-18.707759103013537
-18.91670296854426
-19.149831913052335
-19.317273761768117
-19.428213879565014
-19.549794911329272
-19.633447733532375
-19.715583255687452
-19.776212686164374
-19.82304398192688
-19.87136167604896
-19.901145607899398
-19.9244995142224
-19.93715142456109
-19.953453551110396
-19.957452021242183
-19.968855083567774
-19.972094318548326
-19.976223923607947
-19.980700812472445
-19.982388073145795
-19.984378982873558
-19.98565167095754
-19.987331597856812
-19.988523560103125
-19.989575873374257
-19.99059616473156
-19.991478521593393
-19.99243523960253
-19.99369594172743
-19.99437587208864
-19.995090567751173
-19.996070764564323
-19.996580366141607
-19.99708427471929
-19.99737055920006
-19.99779725905765
-19.998053564838425
-19.998356198453266
-19.998547745477296
-19.998702685767682
-19.998890954234202
-19.999088303004367
-19.99917066318321
-19.99929349254854
-19.999392880999267
-19.999478993514742
-19.999527651847835
-19.999584790990703
-19.99962989014133
-19.999672686169305
-19.99971435996398
-19.999739608519256
-19.999766527558364
-19.99979858832311
-19.999820881929075
-19.999842390789706
-19.999864874324814
-19.99988240951156
-19.999895782543167
-19.999904670527794
-19.999920204346108
-19.999922955392165
-19.999934408423663
-19.999939629407926
-19.999945728698258
-19.99995354031595
-19.999958067929395
-19.999965612774005
-19.99996931965246
-19.999973477186035
-19.999976376368206
-19.99997922657156
-19.999982340158052
-19.999984096437448
-19.99998666596481
-19.9999878017478
-19.999989183166832
-19.9999911800709
-19.999992426455208
-19.99999373581299
-19.999994265712314
-19.9999951557901
-19.999995808204147
-19.99999688319731
-19.99999724768829
-19.999997550843187
-19.99999787781491
-19.999998276277523
-19.99999850859966
-19.999998766226334
-19.999998870156798
-19.999999029544465
-19.9999991403304
-19.999999234838953
-19.999999376911447
-19.999999484769553
-19.999999556509074
-19.9999996264805
-19.999999689349732
-19.999999736790603
-19.999999784925127
-19.999999800941957
