500 iters for seed 106 on 3R0.3 which is in the 79.02450561523438 percentile
 Maxcut: 21.0, MedianCut: 12.0
-14.000000149227679
-14.000000500726
-14.0000015636526
-14.000005009174828
-14.00001645794825
-14.00005492349146
-14.00018473866457
-14.000622841569593
-14.002090411057528
-14.006892114889135
-14.142483561221447
-14.151078323502968
-14.27926488904429
-14.380609525552263
-14.766121491459582
-15.01848861862887
-15.267434075039395
-15.585002934170078
-15.820987176939338
-16.08680017310371
-16.350924701754913
-16.549957752867137
-16.700039722387338
-16.835864750964383
-17.01562953199244
-17.118849930151377
-17.22542338458285
-17.28895295352903
-17.352052832288077
-17.474137965976528
-17.536787124373642
-17.609673097659364
-17.653970098389344
-17.696861013361268
-17.762587038682152
-17.78778943452459
-17.81837401078912
-17.836757231490765
-17.857354332785537
-17.871990651930812
-17.888512963341867
-17.899634160926038
-17.911116546512698
-17.917644820650956
-17.933233379767614
-17.93936680984604
-17.94663733280644
-17.956213925338453
-17.95862063555857
-17.968269840036132
-17.97097224488012
-17.97585967320426
-17.979996996025022
-17.984843859019534
-17.988669728185336
-17.99095159178158
-17.99560082420584
-17.997750829342955
-17.999488743713993
-18.001555477962846
-18.003623259985826
-18.005946545041304
-18.008304295038005
-18.00976506408325
-18.01158194161229
-18.01304577948104
-18.015804338919107
-18.018544737991064
-18.0209469405004
-18.0253975112466
-18.028469031677123
-18.03297656470987
-18.03617884477889
-18.040512613574826
-18.04452755073351
-18.0495627925303
-18.054419787567802
-18.05863373525934
-18.062427489725987
-18.065614000130143
-18.06991284928841
-18.073505385897587
-18.080054062839356
-18.087204825739978
-18.09454344734647
-18.101410460652346
-18.111780035691293
-18.132015839524147
-18.146551141930388
-18.164969526700403
-18.17982185300165
-18.191168282494726
-18.206180749846236
-18.218599147701585
-18.229792527208406
-18.238819432417312
-18.250415371340612
-18.26565874432946
-18.280616899326635
-18.28855469216042
-18.301614833536583
-18.310892305279037
-18.324672663264156
-18.341347836114956
-18.3541062926859
-18.367915617106807
-18.377405095745996
-18.389343743247178
-18.40392915650308
-18.412289568176664
-18.419165249563086
-18.42328420378508
-18.428178486928893
-18.433085739911274
-18.440296899939906
-18.44313016930673
-18.44666132273407
-18.451024915609636
-18.456094192322166
-18.461596587603303
-18.465012088018124
-18.471905497997305
-18.478634783656982
-18.484219052188106
-18.493600487855343
-18.498416331612873
-18.50404670204583
-18.515103988422254
-18.521207866503044
-18.53257801640637
-18.54423248724537
-18.556004625254882
-18.56987568197608
-18.584558638345058
-18.59913500978738
-18.611439171586667
-18.62390540060522
-18.63976572085276
-18.65272204977184
-18.665392972978797
-18.676276618294597
-18.685863893206932
-18.69998039180063
-18.712025601294393
-18.721146936321773
-18.7273543102457
-18.736961454361868
-18.741084952466817
-18.74690168806114
-18.75331267103153
-18.757043487718427
-18.762124397844225
-18.765148556090253
-18.7690011056983
-18.775843089828125
-18.77945038576858
-18.78286672291624
-18.785950081390137
-18.78860805999458
-18.791424896362983
-18.79351363913904
-18.795275625896736
-18.79685278289439
-18.799088931763364
-18.800402155821057
-18.801627979584385
-18.802560000232248
-18.803741730701358
-18.806075250406597
-18.807527057342302
-18.809428420329265
-18.810982725444198
-18.8125943028627
-18.81392421419457
-18.816697147702325
-18.818166228938086
-18.819744326882187
-18.822194878588956
-18.823924546093266
-18.826883474714272
-18.82952181710156
-18.832832035700218
-18.83629016583733
-18.839779245844575
-18.843945577563137
-18.84795917131618
-18.851777097776434
-18.856281743311822
-18.85935677693408
-18.862788532817465
-18.866785310579875
-18.870370880072322
-18.8751743906057
-18.879568316851064
-18.883944441755407
-18.88935546303862
-18.893556598702656
-18.898805489899544
-18.904435232649586
-18.910596714768964
-18.915748735724453
-18.922459545620015
-18.92948262497629
-18.939598401066494
-18.946463311331538
-18.952742941472035
-18.95908263970233
-18.96421239171032
-18.972512036976575
-18.978540549142835
-18.98496086510748
-18.98920346268069
-18.995534245016273
-19.003760091902386
-19.011547436996896
-19.016906228209116
-19.02126258186689
-19.02421771075701
-19.027737370754448
-19.031787031069292
-19.034663227276024
-19.03709371564813
-19.043493938742092
-19.045714300180713
-19.0483834577051
-19.05269833082954
-19.056228058680887
-19.061006763821048
-19.065054618947933
-19.06966826334898
-19.072859300014354
-19.076748540555887
-19.079720576076216
-19.08275382255016
-19.087398180619907
-19.0901374419663
-19.09329702311635
-19.09581075996219
-19.097958204603223
-19.100379058163117
-19.103203585660875
-19.105213364888353
-19.10751432811773
-19.110114384238152
-19.11241545398753
-19.11456960837173
-19.11592139500279
-19.117600473470244
-19.1192425161143
-19.120927853855257
-19.123113885221976
-19.124428082370834
-19.125774902275605
-19.128125095135083
-19.12942576994649
-19.13066861098486
-19.1346708095793
-19.13661086012421
-19.138363939208535
-19.14028688195184
-19.142607461228728
-19.14692131911083
-19.15038472986012
-19.154472417528318
-19.157990416642654
-19.16335315561282
-19.164788266937258
-19.16902184069657
-19.17193470089461
-19.17486884922347
-19.17917779394693
-19.182832246538755
-19.187957369035182
-19.191765838749156
-19.1956663789375
-19.199228945721412
-19.202765015266642
-19.20594202723173
-19.20887683956782
-19.21136155412949
-19.214966132737445
-19.216559268112125
-19.21891706810274
-19.22138428160203
-19.224136791658182
-19.227082491501886
-19.228960380519585
-19.230971267137505
-19.233067401708144
-19.235002858898056
-19.23598132066358
-19.238535163103546
-19.240023835525832
-19.241907478581705
-19.244870496165834
-19.24599272291204
-19.250237663413298
-19.251646696863766
-19.2535822698323
-19.256139285456925
-19.258147021334533
-19.26139294775383
-19.263282849726334
-19.26492640552362
-19.266577958042213
-19.268110317355145
-19.269646295734493
-19.27070215206141
-19.27219045416414
-19.273648145046025
-19.2756995619587
-19.276840337181397
-19.278253207753657
-19.279936635102572
-19.281871540251377
-19.2833537664561
-19.28501985941251
-19.286504783911045
-19.288519074090726
-19.290387474495873
-19.2920956740386
-19.293727497483335
-19.295411172495726
-19.297627087235686
-19.299304948229693
-19.301333898467806
-19.30391995738766
-19.305764333905326
-19.308390604779355
-19.31096642000051
-19.31341602455509
-19.315940132639174
-19.31887798432327
-19.321912496389086
-19.324302684930622
-19.3272543704018
-19.33060431537904
-19.33394953504861
-19.336626914050232
-19.33916421113344
-19.341874072446522
-19.34494385195002
-19.347723363128523
-19.350388590005917
-19.354496088233976
-19.357080719143003
-19.359979173639008
-19.363486597692013
-19.36574855661306
-19.368655514014097
-19.37170592699749
-19.37363639692154
-19.37551824431105
-19.377603000454883
-19.380181674209137
-19.382428423835513
-19.384376018340745
-19.386598618602132
-19.38894215196534
-19.391762995838555
-19.394068819222554
-19.395434796523418
-19.39884768257953
-19.400367562597417
-19.402137574085017
-19.40517399842317
-19.40633420928333
-19.4092230726442
-19.41065802048869
-19.412474253729787
-19.413907713333376
-19.416295788219816
-19.418267623364564
-19.419794201552698
-19.422305216364073
-19.423818859814503
-19.425904041923836
-19.42775322830776
-19.429943682432622
-19.43076493217788
-19.43277483385282
-19.433677282129388
-19.43462261068
-19.436190524120367
-19.43699745713531
-19.43846832596226
-19.439491282380004
-19.440753301580358
-19.442042065888273
-19.44350998091602
-19.44516254980192
-19.446535552756746
-19.44818833177752
-19.44980757649675
-19.451744460064194
-19.453553961527078
-19.455297441688113
-19.45662103974011
-19.45757184379004
-19.458888902758293
-19.46031854203111
-19.461243191266682
-19.462722569765123
-19.463154106320175
-19.465083532413498
-19.466056796967912
-19.466979046890348
-19.468513835291255
-19.46877117621402
-19.471408591049705
-19.472158202103067
-19.47325696665577
-19.47457576226884
-19.47542223705919
-19.47735563695573
-19.47815047970514
-19.47932687764354
-19.48086266583371
-19.482442309215497
-19.484176054546918
-19.48530061324508
-19.48702762501824
-19.48879122635387
-19.489995409676318
-19.491342311291167
-19.49187713803833
-19.49355665667774
-19.494262313226553
-19.495125189797307
-19.49642808526931
-19.497218241065926
-19.49867905433342
-19.499500162247017
-19.5004755607531
-19.501327441200196
-19.502339350619355
-19.503548872730477
-19.50442599367097
-19.505551536368223
-19.506604213345046
-19.50767476888464
-19.50876406482526
-19.50959087183456
-19.510544638334796
-19.51125636961466
-19.511999768710456
-19.512670855717122
-19.513914208941763
-19.514539927064444
-19.515171355179383
-19.516510666823958
-19.51722381191474
-19.518351706118864
-19.519224216012613
-19.520256892544452
-19.521155744320588
-19.521943687586113
-19.52289830617124
-19.523585372180587
-19.524432880030226
-19.525116512322246
-19.52580339676051
-19.52695685944451
-19.527590606303523
-19.528586207092427
-19.529342718088184
-19.52999815325328
-19.531399402284556
-19.532116147203002
-19.533135824574533
-19.534128044733936
-19.535280640961883
-19.53652272399393
-19.537707977293223
-19.53877902389406
-19.539822739348374
-19.54155280728796
-19.543196217879093
-19.544520971040686
-19.54637700891451
-19.54764850641951
-19.548631101970802
-19.55025987727889
-19.550878028378747
-19.551546559217908
-19.552707299423037
-19.553395219272666
-19.554748085165745
-19.555511341252217
-19.556259950632843
-19.556962364139064
-19.557444162192752
-19.55805142420994
-19.55855234208265
-19.559163526419958
-19.55975622935304
-19.56046626806892
-19.561220473095187
-19.561972145046006
-19.562662960857736
