500 iters for seed 130 on 3R0.3 which is in the 95.05691528320312 percentile
 Maxcut: 20.0, MedianCut: 12.0
-15.999999909589526
-15.999999986368701
-16.0000006576306
-16.00000490254472
-16.000143101157615
-16.001678926726967
-16.001760093454163
-16.00395318531348
-16.00726319913642
-16.01367398584412
-16.029281761906013
-16.07111417519046
-16.141002592892857
-16.18641289821343
-16.25155420931712
-16.307438765433627
-16.35332997511703
-16.404643583820746
-16.515648848987116
-16.63509270429851
-16.822261078610502
-16.971110179228823
-17.073865382848517
-17.219532466900063
-17.337372342949728
-17.422080719773344
-17.512439131298645
-17.5905762615883
-17.642772224083686
-17.697721327140254
-17.752361783472665
-17.793439485448463
-17.834671603109268
-17.860626549144826
-17.881497265830944
-17.905440623574073
-17.928260425106465
-17.94729419765639
-17.95872879888408
-17.96561446334368
-17.97437151830634
-17.977381213254237
-17.98597280651307
-17.98927640053276
-17.992764861084403
-17.99832004568064
-18.001936515849355
-18.00735858533801
-18.0114123333965
-18.014664927736863
-18.017543912247856
-18.019489702352534
-18.02142442205367
-18.023903416844753
-18.02655723906057
-18.02817943778735
-18.02991208654709
-18.031396948521618
-18.033258575952285
-18.03492052984636
-18.0360136885036
-18.0376828091045
-18.039172600299327
-18.040465544876263
-18.041331274776983
-18.042416602024026
-18.04371099070309
-18.045188459064203
-18.0461018681828
-18.047178258413524
-18.048162093818778
-18.0493319671223
-18.051361308062074
-18.052338143487443
-18.054601660470862
-18.056561613659277
-18.058126185081516
-18.0609736073533
-18.062973902449283
-18.065475451867737
-18.06721023530295
-18.069001287372892
-18.070905366497083
-18.073208463873158
-18.07571371323473
-18.07785014913709
-18.080973348283354
-18.083865456738785
-18.08787892800374
-18.093357285741536
-18.097271405133355
-18.104984340768976
-18.11370167953125
-18.12296546066664
-18.134510977467215
-18.145515753842613
-18.157863173629018
-18.17617849518588
-18.18875153806646
-18.21329737063286
-18.231944125450703
-18.251295583413842
-18.270458680057445
-18.292871937409938
-18.305524177149227
-18.323964014158012
-18.34201690129616
-18.354511354329894
-18.3740487039794
-18.38713399719882
-18.3963235260671
-18.404845623921855
-18.416612618870243
-18.421187236662245
-18.438093958507046
-18.44485533836292
-18.4528502995101
-18.46479408255549
-18.467705927409085
-18.482196897082627
-18.48697088447763
-18.493420071495393
-18.50017163143157
-18.506931981279532
-18.51078060721957
-18.514337828487108
-18.518595703151366
-18.522621014976398
-18.527179655497353
-18.52875523595434
-18.530730027117396
-18.532291333769056
-18.534126533396115
-18.535963698639513
-18.5372874861616
-18.538139588197087
-18.53984213733592
-18.54027286592091
-18.541279034826303
-18.54224769852137
-18.543349865091013
-18.544612860443085
-18.54571414855582
-18.547221696084783
-18.548814536421375
-18.550564544565162
-18.552104315840666
-18.55359539883757
-18.55509001668397
-18.556574493027565
-18.55789410483258
-18.559580985989893
-18.561106486016023
-18.5625748920833
-18.563829744643822
-18.565704642396664
-18.567206462375182
-18.569124008784957
-18.57111624566983
-18.57327797084088
-18.576472356669008
-18.579818838553475
-18.582145280255368
-18.584826305578964
-18.587596580787935
-18.59088113411939
-18.595127642825688
-18.598147137855765
-18.601272657020978
-18.60646729780314
-18.609060816386283
-18.612877668390784
-18.61621388865668
-18.619655632085593
-18.623996223080812
-18.628656984458047
-18.631848594116864
-18.63458763010378
-18.637436610006386
-18.640451979898142
-18.64416708178858
-18.647570975049835
-18.650706657865303
-18.652941477000972
-18.657398452868872
-18.659606030347735
-18.66240873963431
-18.664341918941894
-18.66635253490568
-18.66940700170009
-18.672251426377624
-18.674102532810714
-18.676557117290603
-18.679262155721283
-18.682403455145547
-18.68561526217371
-18.688286875886835
-18.69110058239342
-18.694046709108694
-18.698037815898253
-18.701018727654258
-18.70399720831746
-18.706331137040504
-18.70965540967902
-18.7119826585676
-18.71468487975086
-18.717627531303606
-18.719651241447547
-18.722456118778467
-18.725179006153578
-18.727637162595002
-18.730020321452507
-18.732154817763284
-18.733770856460836
-18.736456669920027
-18.738252973400755
-18.740337831294507
-18.74488025514036
-18.74652215763272
-18.748412089917046
-18.751156633752466
-18.753080559140788
-18.75547565225554
-18.75763439772744
-18.759497454240634
-18.761406007464196
-18.763446439778107
-18.7651498413186
-18.76813436091278
-18.76851981552288
-18.77105954721242
-18.772163122875927
-18.77378274237566
-18.775980470901665
-18.777178749287444
-18.78133504220812
-18.782989660373506
-18.78530011215262
-18.7876219273415
-18.790397855495662
-18.79264349058309
-18.794264915562948
-18.79562639529521
-18.79736067333105
-18.79898483632133
-18.80059915913847
-18.80234851107528
-18.80398907633257
-18.80566551562311
-18.806876645903067
-18.80845427871996
-18.80989272681621
-18.81209048054356
-18.813629742562668
-18.815052547338173
-18.81662985398554
-18.818431813155218
-18.819971600500445
-18.82144803897802
-18.822940811414576
-18.82435651195898
-18.825913527537633
-18.826842754487224
-18.827922017587046
-18.829147237968026
-18.830151553828138
-18.831322052309382
-18.83239210851585
-18.833157766739145
-18.83373643132316
-18.834783023975913
-18.83561333290472
-18.836475279499293
-18.837256055174933
-18.837976166073553
-18.83894903745314
-18.839999148749907
-18.841085324220277
-18.842263945849574
-18.842560206828544
-18.844367776094796
-18.844906583550674
-18.845648209819995
-18.8467495329059
-18.847287610948456
-18.84906146297229
-18.849651681038203
-18.850464576260713
-18.851282049796183
-18.85226168649603
-18.85310208126156
-18.854023239805883
-18.854918220567104
-18.85579392827149
-18.85674674147315
-18.8573715271294
-18.858011328462332
-18.85871417143143
-18.859215340156755
-18.859890566675485
-18.86090005703212
-18.861679033942952
-18.862450245603867
-18.86308007911343
-18.863790426075308
-18.86458922863524
-18.865280783690938
-18.865919055363154
-18.86659911237699
-18.86768813255303
-18.868627703435667
-18.86962280934696
-18.870643641087632
-18.871672628557352
-18.87260411451383
-18.87392090304489
-18.87488149067219
-18.876015746765013
-18.877513590330672
-18.878500048724327
-18.87968705662377
-18.88115278370676
-18.88240734052594
-18.882995171020134
-18.884503424439774
-18.885617703621776
-18.886975372492678
-18.8883024061858
-18.889643906865075
-18.890779245505403
-18.892992908739657
-18.894253742450367
-18.895565301656912
-18.89689434628343
-18.898102194438763
-18.899443165598058
-18.901401669686383
-18.90279665246173
-18.90406623555285
-18.905831648217234
-18.907960159627713
-18.909731765303196
-18.91150449101014
-18.91303874096677
-18.914914596526327
-18.91635542877213
-18.917840039673546
-18.919213567568292
-18.92100346553946
-18.922148399107535
-18.92326390363005
-18.9252001911524
-18.926522971237922
-18.9283110490391
-18.92960101994995
-18.93109149330763
-18.932330398128993
-18.933452624236526
-18.93463993184099
-18.935611217306093
-18.936789966278273
-18.937781229451673
-18.93851079055138
-18.93946686814136
-18.940365543633146
-18.94148599488286
-18.942264167205032
-18.94297031411992
-18.943982682419744
-18.945246362676365
-18.946108030745602
-18.947269357337632
-18.94837652249312
-18.949639416912262
-18.950643187941008
-18.951903064183124
-18.953236429115158
-18.954673441750764
-18.955707719738893
-18.956913317381865
-18.9578091915242
-18.958836559087242
-18.96013390477364
-18.960910314329958
-18.96224284116319
-18.963347397307395
-18.964158134014017
-18.96499239189213
-18.96611119431061
-18.967244551549246
-18.96819921981669
-18.969244473925446
-18.969833925736058
-18.970694963603716
-18.971496381780426
-18.972134786002922
-18.973391365400943
-18.974010052357897
-18.97497672152619
-18.97541154996176
-18.976100579789644
-18.97661704981774
-18.977385586461892
-18.97781042385686
-18.97832628012026
-18.979326539657695
-18.97991544821385
-18.980838214099162
-18.981624636600547
-18.98250104108505
-18.983403015357894
-18.984516072393205
-18.985300177341816
-18.98604688643688
-18.98682937739359
-18.987650088784928
-18.988549389973457
-18.989105125181133
-18.98961941614598
-18.990598430383386
-18.991014717209914
-18.99152982593054
-18.9920760670006
-18.99253185824253
-18.993433541765533
-18.993802256587443
-18.994598950888847
-18.994977624431048
-18.995572208186303
-18.996531286716095
-18.997526508211312
-18.998257485019675
-18.9991362782943
-18.999822321861316
-19.00100949551714
-19.00196311137854
-19.002766264389862
-19.003625356214243
-19.004506407387527
-19.005443084863487
-19.006365218481083
-19.0069744458219
-19.007521087432906
-19.008424498423278
-19.009048572700834
-19.00958896413542
-19.01042683336702
-19.01092634604363
-19.01163723988957
-19.01238645544074
-19.012794546261652
-19.01362229808351
-19.01421936043016
-19.0149483138315
-19.01555501301503
-19.016122749941957
-19.017106450954323
-19.017811681899907
-19.018483671601835
-19.019086408576776
-19.019802199447184
-19.020735623249447
-19.02180717976645
-19.022453379247978
-19.023439574614166
-19.024146125321653
-19.025084674782256
-19.026033426858486
-19.02659530992053
-19.027027720497447
-19.027875966417277
-19.028245545986636
-19.028824741219967
-19.02925570753555
-19.02980095358123
-19.030054866313723
-19.03035666440018
-19.030784866700532
-19.031270998570047
-19.031717150416597
-19.032145788797862
-19.03251103408917
-19.033117731321042
-19.033760163394618
-19.034251707708513
-19.034917072192297
-19.03538708399371
-19.03596545459179
-19.03659040701858
-19.03716073025399
-19.03755771530405
-19.03838432176655
-19.039123381260094
-19.039897656143204
-19.04047313466574
-19.041001393507567
-19.04153481530401
-19.042136085196844
-19.042745409081263
-19.043140499029686
