500 iters for seed 91 on 3R0.3 which is in the 94.65866088867188 percentile
 Maxcut: 22.0, MedianCut: 12.0
-15.999999923474002
-15.999999969938756
-16.000000226114846
-16.00000096701125
-16.00000237319067
-16.00000560870112
-16.000013116696973
-16.029079646439445
-16.029080563480008
-16.03101281159308
-16.036337302916284
-16.064641705173578
-16.090440768424337
-16.12596395169672
-16.1813520181128
-16.269439870699927
-16.35208025600547
-16.54206484285499
-16.775231219501233
-16.992283552584496
-17.142622080613403
-17.260652169317904
-17.38752102901123
-17.502707662202614
-17.56564191378161
-17.61940047769756
-17.67950244464891
-17.726946447337617
-17.759702839228993
-17.80422462781724
-17.82193513494014
-17.841175487571036
-17.861025322535333
-17.872918884144916
-17.891063357303207
-17.90211307643097
-17.91011704527023
-17.916642338413897
-17.924003168991
-17.93613480596148
-17.947463301957487
-17.955959242273774
-17.964629294125274
-17.97061067396954
-17.97577324271094
-17.97906154379299
-17.981382904809397
-17.98444728713829
-17.984976101364815
-17.98902540612435
-17.990147982914156
-17.99143012079237
-17.99292072385738
-17.99458278869795
-17.99570453932479
-17.99621895001079
-17.996752795966756
-17.997320445134868
-17.997627735516375
-17.99803713782686
-17.998240912954763
-17.99843445495465
-17.998631874427975
-17.998935470567893
-17.999085911587095
-17.999203312059528
-17.99929741613174
-17.99942092092045
-17.999494004765435
-17.999622789770296
-17.999668659402673
-17.99972156596161
-17.99979307700262
-17.999839972530786
-17.999881329311492
-17.999908910896142
-17.999939803485532
-17.999964844698688
-17.999998159230486
-18.000018508758945
-18.000037542317994
-18.000075725438656
-18.00008719291738
-18.000106266676173
-18.00011979215693
-18.00013810376821
-18.000151385146317
-18.00016154533174
-18.000173392849288
-18.000179494988043
-18.00018642517603
-18.000193085585597
-18.00019732044365
-18.00020095934574
-18.000206664171607
-18.00020908280683
-18.000214294860385
-18.000218213078842
-18.000221432542904
-18.000226249796192
-18.00023022486826
-18.00023480732854
-18.000240476656696
-18.000245496901734
-18.0002492572395
-18.00025645067281
-18.000261863861134
-18.000268039874747
-18.000279480642636
-18.00028658446733
-18.000302750108464
-18.000311525117283
-18.000325904135696
-18.000336446035405
-18.000349131433158
-18.00036503872102
-18.000385668059355
-18.000401954912807
-18.00042065808034
-18.000449815338733
-18.000482942702675
-18.000507352546574
-18.000552199588487
-18.000571731552775
-18.00059966134943
-18.000630282987377
-18.000652411345374
-18.000693923293404
-18.00071428978212
-18.00074523392943
-18.000764308000075
-18.00078481488007
-18.0008023360042
-18.000817913558688
-18.00083026165382
-18.00083998996625
-18.00085431693002
-18.000870841688133
-18.000878101986316
-18.00088978438588
-18.000902301018613
-18.000916190203725
-18.000928185005886
-18.000936663998573
-18.000946806410347
-18.00095874804918
-18.000970006776004
-18.000986611557256
-18.001006866919806
-18.001025874545615
-18.00105715914774
-18.00107524057841
-18.001098641912737
-18.00113557313934
-18.001158329918518
-18.001218861959167
-18.001251936525207
-18.001287562011772
-18.001316281525963
-18.00134463149282
-18.001384179545195
-18.001423782753662
-18.0014654889289
-18.001502374676146
-18.001561236872078
-18.001610578115425
-18.00165248101558
-18.001695855070512
-18.001739069445897
-18.001795634896634
-18.00185547353667
-18.001892710264272
-18.001939145790356
-18.001964012484763
-18.002015203428723
-18.00204734085672
-18.00207492960202
-18.002126761721374
-18.002164530230253
-18.002226696940603
-18.002266887082016
-18.002311689597438
-18.00236500159272
-18.002429720199416
-18.002508973329515
-18.002592873671734
-18.002674438371727
-18.00276426253445
-18.002858141819292
-18.002936989632882
-18.003033736839797
-18.00314377735076
-18.00326059493888
-18.003558862138835
-18.003649205281075
-18.003841886228987
-18.003987959612473
-18.00416613039453
-18.00448684407203
-18.00467185681213
-18.005285501821838
-18.005631727885575
-18.006207445478115
-18.00649736855909
-18.007334238009197
-18.007958075871066
-18.008683512255374
-18.009699128586007
-18.01084850228768
-18.01203190578383
-18.013170035554676
-18.014586353197227
-18.016150581658486
-18.019004780255845
-18.020987237661068
-18.023480119634318
-18.027572894313785
-18.031636600317707
-18.038088951304946
-18.042452370107597
-18.045538263699605
-18.04941701230632
-18.055699500794802
-18.063932296807778
-18.07274819983475
-18.078936751508536
-18.08604013732708
-18.092589882098174
-18.104473069964246
-18.11338036746491
-18.120493050259142
-18.129749148621283
-18.137272564080295
-18.145795394088047
-18.154159705592
-18.158455819486072
-18.165411226069352
-18.17544283176027
-18.181152289953186
-18.18857626626974
-18.196288715529107
-18.20381143508975
-18.21481192325455
-18.22126776595339
-18.22754636244615
-18.236851391275536
-18.241826214900534
-18.24563275633885
-18.24925551916199
-18.251963294614843
-18.2552211619122
-18.259028370241438
-18.260907889781937
-18.26384521818557
-18.265668057880827
-18.268461179941
-18.271167092644074
-18.273604943207978
-18.278494973935256
-18.281741047163905
-18.286868270340886
-18.2918998733661
-18.297818734567425
-18.302851872815513
-18.308331804798485
-18.31302373419988
-18.31741005139821
-18.322566082955625
-18.32760528262905
-18.33161016372628
-18.33481713240153
-18.337331690191974
-18.341316757982597
-18.344102689984123
-18.346610133209282
-18.35093603787977
-18.35336721083016
-18.356722333856894
-18.360879852974143
-18.363754598781547
-18.36615503419273
-18.369001055680126
-18.371821417719435
-18.375025643872696
-18.37781034798923
-18.380336913990384
-18.382813344059745
-18.383824310754303
-18.387534335331296
-18.38889826565947
-18.391003588733337
-18.392728967255696
-18.39496538656322
-18.397256794431453
-18.39949114331184
-18.400486430125863
-18.403649025402476
-18.404700458646712
-18.406028097556582
-18.40774199244414
-18.409700165393478
-18.411451738134975
-18.413336882209716
-18.414872166401526
-18.416295300251065
-18.41777103794209
-18.419095622982955
-18.420131305716232
-18.422008515735115
-18.422751196171447
-18.423819234468436
-18.424777865718152
-18.425654318389125
-18.427281812008175
-18.428364980173658
-18.429728356719632
-18.430980144307892
-18.432317613889758
-18.43351872325684
-18.435300207699363
-18.436437020509036
-18.437926812009454
-18.43941366623495
-18.441026032958515
-18.44204486597221
-18.44356207337998
-18.44449510342679
-18.445763417107546
-18.446709112414187
-18.447405177514753
-18.4483902779889
-18.449569943521297
-18.450200439433093
-18.4514336823071
-18.452244546904673
-18.4532582958672
-18.454569515777205
-18.455709425432048
-18.45720659484411
-18.458764759734596
-18.461230537984658
-18.462539920932645
-18.46393240464967
-18.4656667410875
-18.46702985644328
-18.468205008343897
-18.469799613381134
-18.470970936044655
-18.472285432834642
-18.473604669534325
-18.47472965137557
-18.475840583857643
-18.477017444499683
-18.478294970704276
-18.479678343229477
-18.4808614301823
-18.481826299286507
-18.482980003367043
-18.483899835091762
-18.48513795624383
-18.486936642092164
-18.487439810389514
-18.489894197336064
-18.490562958103563
-18.491918663973944
-18.492907996310496
-18.4941195862306
-18.494911011440948
-18.495656906097988
-18.49702761811194
-18.497820490429554
-18.49929394384131
-18.499891704791352
-18.500706925521175
-18.50222006669083
-18.503548347321267
-18.50546771363674
-18.5064771670927
-18.50764592866482
-18.509030192665797
-18.510776267590355
-18.511831144256462
-18.51304930634305
-18.513592468129996
-18.514768191085995
-18.51540915054444
-18.51615691039201
-18.517374362008564
-18.518069621144587
-18.51876526723532
-18.519202870210737
-18.51983011008467
-18.5207988983612
-18.52099401179371
-18.52206564074178
-18.52253622416649
-18.52324171302071
-18.524186423600458
-18.525163812862434
-18.525960733095353
-18.52695538618288
-18.527672162457378
-18.528790436002723
-18.529552050269228
-18.53019750932594
-18.531060053348448
-18.53188000267859
-18.532559979592833
-18.533464865237228
-18.534523269622998
-18.534871934816376
-18.536388618507946
-18.53677960647528
-18.537669407626428
-18.53849630872918
-18.53956613852091
-18.540282372630717
-18.54100260924062
-18.542049137626222
-18.54296247210312
-18.5440036737122
-18.54449004582205
-18.545221390891413
-18.54612031315762
-18.546830065676517
-18.547320290041274
-18.547815127046427
-18.54837330177463
-18.548648588193643
-18.549814513380948
-18.55009701960249
-18.55049179088376
-18.550970681852462
-18.551145873842785
-18.551969352593623
-18.552192222201622
-18.552534070119926
-18.553135087071915
-18.553342768516018
-18.55420954169132
-18.5544674235953
-18.554924214428752
-18.55527492950669
-18.555808772396528
-18.556177251298518
-18.55651247055418
-18.55721747352059
-18.557582505794855
-18.558151525702755
-18.558583427332895
-18.559054845587998
-18.559566042109417
-18.560106951812273
-18.56070877830745
-18.561229621516095
-18.561688576351855
-18.562720354202327
-18.5633187527823
-18.5637466707168
-18.564848999436414
-18.56528754720698
-18.565876110260962
-18.56692986003629
-18.567389747242945
-18.567927709833654
-18.5684675250063
-18.568996684861556
-18.569461807647052
-18.56990040121533
-18.570416640715898
-18.57079297470277
-18.571600562502464
-18.57202440836665
-18.57246679490183
-18.572874108451277
-18.573265634433536
-18.573759681363413
-18.574434091353872
-18.57490649449641
-18.575340817997247
-18.57586703691047
-18.576451429026754
-18.57719441784684
-18.57787294936955
-18.578296035565668
-18.57876348736326
-18.57903966009067
-18.579378226126405
-18.579819337085127
-18.58014019058866
-18.580413617467112
-18.580926550475418
-18.581296083277465
-18.581549636464537
-18.582041726822325
-18.5823810146523
-18.58320456473736
-18.583556007070992
-18.584233497593445
-18.584752137384807
