500 iters for seed 193 on 3R0.3 which is in the 78.85818481445312 percentile
 Maxcut: 21.0, MedianCut: 12.0
-14.002896366150049
-14.63238850343341
-14.636134075659154
-14.756757907639615
-15.366160788979435
-15.646061789999308
-16.001604826763252
-16.369456581460863
-16.634323981129192
-16.96435800102408
-17.145290074170163
-17.301336004972782
-17.451607160330994
-17.598083284763458
-17.694023824143432
-17.750331144749246
-17.796268955976608
-17.845076256590545
-17.88747565878082
-17.91572864340137
-17.93888846419889
-17.956375115596277
-17.9716612609755
-17.983053206187726
-17.990626164186995
-17.996989916620684
-18.003138696800193
-18.007512575798806
-18.010169459248154
-18.014043992444435
-18.01522042705421
-18.01742560161104
-18.01899666893555
-18.02033765287638
-18.022707027871157
-18.023886435315895
-18.02541769531825
-18.026644407361633
-18.028072676589442
-18.028867590235784
-18.029795030897564
-18.0304018683633
-18.03104399467737
-18.032198186228133
-18.03266462578987
-18.0337260189818
-18.03410907528716
-18.03474486644189
-18.035156004787623
-18.03593686999171
-18.03637659966125
-18.03696764026711
-18.03802916721924
-18.03880239796123
-18.040169358123656
-18.041585292629563
-18.0432046566559
-18.045340052703082
-18.047912509405695
-18.050887712143762
-18.054672743479586
-18.056861766261278
-18.058892340605652
-18.063657450559834
-18.066815510436953
-18.071027997891683
-18.075317798208243
-18.079923711723346
-18.084496213339758
-18.090547361017766
-18.095579161839634
-18.099050909380793
-18.102745144947633
-18.105997112449597
-18.10891554706874
-18.111508578855133
-18.11507624802685
-18.118636550525622
-18.1215603356463
-18.123786220036585
-18.12699913989658
-18.130604476181972
-18.134433072428923
-18.137313594720773
-18.14022654336194
-18.142837053198935
-18.146880600837875
-18.149854793636976
-18.15305339744526
-18.156518693028218
-18.161102449102437
-18.164079371989878
-18.166837815341193
-18.171285700055698
-18.175042387416667
-18.17881964637409
-18.1826633657693
-18.185898089085164
-18.193480496704794
-18.196544730536633
-18.202336420669223
-18.20484604191257
-18.20836643462048
-18.212241829620726
-18.217658981461597
-18.221585275521324
-18.225879721646
-18.231231126347353
-18.236183188891825
-18.241477560453237
-18.245960366714677
-18.250040034489963
-18.25827134249313
-18.26193105302637
-18.267405705331445
-18.270967651249272
-18.27529893161098
-18.281407105563975
-18.28780862902299
-18.291943703648045
-18.297121283075587
-18.30170002287321
-18.307667871623607
-18.31560636182694
-18.31933699077761
-18.32249252745175
-18.32853527166558
-18.332030119536427
-18.33649203353806
-18.340703675785182
-18.343100349251944
-18.346967314544436
-18.34803452178096
-18.351605279376102
-18.353605958130235
-18.355752835497004
-18.35945887841176
-18.364597975986864
-18.36938817413086
-18.3726284803886
-18.376054566683198
-18.378567590733184
-18.381826397151503
-18.38749968899359
-18.38965607204665
-18.39277682828771
-18.397108646001783
-18.399916234061717
-18.402353139979258
-18.40606975315399
-18.409698771474513
-18.411553912404578
-18.417870562367863
-18.419833194065895
-18.422623273844685
-18.425096385745714
-18.428201771446364
-18.43112154729848
-18.43323917258985
-18.43756473604066
-18.439545967022763
-18.44266560162454
-18.445896899012276
-18.448459201814682
-18.450932857415545
-18.453822591361128
-18.4562887520162
-18.459191113774082
-18.462698132379117
-18.464689025425585
-18.466719184526795
-18.46855491176979
-18.470984895981662
-18.473099711746343
-18.476314614305764
-18.47816326114764
-18.48048310256255
-18.484016073664826
-18.484698584791126
-18.489499416172006
-18.490720037437573
-18.493133602886992
-18.49684345326723
-18.50019084639125
-18.506662817540395
-18.509746272126577
-18.513357220811656
-18.516110422865886
-18.51938627682353
-18.522963023394308
-18.52565016539535
-18.531652108313626
-18.535396897424757
-18.539029277452677
-18.54276788521404
-18.546427792153306
-18.55157100417707
-18.556895759391235
-18.56109876259034
-18.564877583516374
-18.569755492892394
-18.574053236898077
-18.57851485039861
-18.584068167637426
-18.58800984316395
-18.592079299062746
-18.599394413012835
-18.603857733152108
-18.609334645461374
-18.614377146357185
-18.619656335997735
-18.629213082534946
-18.63101432245728
-18.64346875588968
-18.64755899522738
-18.654119138609047
-18.660583520191864
-18.666891834490205
-18.673263191797922
-18.678457862640986
-18.685409501031256
-18.691811768783218
-18.698589148854293
-18.704570634893326
-18.71103310700737
-18.716883546709727
-18.72238960622082
-18.730005218122937
-18.739780087847564
-18.74584863280157
-18.753022901418877
-18.758986500458455
-18.76449722799396
-18.770534835431402
-18.778226975793896
-18.783836199153285
-18.79195980493138
-18.7986678281233
-18.804962174960664
-18.812763800472236
-18.819032223062315
-18.824323568878146
-18.83260271610509
-18.835573490587137
-18.841207092836367
-18.844835031006944
-18.848605163544615
-18.8542484629652
-18.856145901006133
-18.86173462113434
-18.863822654424244
-18.86734862074828
-18.870354556913433
-18.87417086243689
-18.876447789152344
-18.87882538330147
-18.88230278430064
-18.88630939066769
-18.889511275837517
-18.89429893977212
-18.896867118978907
-18.9002369825086
-18.90428791925018
-18.906562400949277
-18.910981090960167
-18.91609644515065
-18.918860858650728
-18.923372848092555
-18.925804522926907
-18.929809606424357
-18.933658747398862
-18.936420120640957
-18.94134533329193
-18.94367296013052
-18.946987728018254
-18.949482994250165
-18.95200428019377
-18.95445049568716
-18.956365189096374
-18.95864377536435
-18.960296401494567
-18.962420289552917
-18.96409785937455
-18.965753277913173
-18.967799510692505
-18.969493540033724
-18.970942754582065
-18.973222304495447
-18.97487787882955
-18.97655401295852
-18.978675333251836
-18.979732712610677
-18.980734648777517
-18.98324098845096
-18.98404110735279
-18.985673517464996
-18.98713383818948
-18.98883297000368
-18.991557601759922
-18.99379587189436
-18.998386659272956
-19.000320466635994
-19.00258392164834
-19.00543516640431
-19.008738595480253
-19.011316864638193
-19.01407884403199
-19.016092369347202
-19.01928785507462
-19.02335265358064
-19.026531628615977
-19.029938032801937
-19.034762858493828
-19.0393061200957
-19.044739975133282
-19.050675305690447
-19.055170768253213
-19.05933723417923
-19.064720325328487
-19.06928351938899
-19.074939125620432
-19.07885226321812
-19.082839505341187
-19.087523959234534
-19.092387251675127
-19.096433410406682
-19.09945423607873
-19.102875073553868
-19.103848395328452
-19.109641742707225
-19.111628072806223
-19.114741901347085
-19.118349488707587
-19.121476098682002
-19.124640087567787
-19.126874591628596
-19.12913281131398
-19.132077777819536
-19.135116000364665
-19.13713936555932
-19.13864616999781
-19.140446541759356
-19.142725187955897
-19.144855057627353
-19.146982910917245
-19.148897714934648
-19.15094444742529
-19.15364155288664
-19.15547063165063
-19.157386546021424
-19.15919900958259
-19.16109217044535
-19.16399755786773
-19.16591345051665
-19.169641012156763
-19.170796974332497
-19.17249726585719
-19.174507826064765
-19.177031577995045
-19.179255468505
-19.181574787405335
-19.18363050431604
-19.185653420314296
-19.188550668241383
-19.19052048149324
-19.19179328823429
-19.19439089193299
-19.195468395068872
-19.19700514719918
-19.19936071332171
-19.201083198682838
-19.20348155047454
-19.20588671910174
-19.208136858087858
-19.209628389281868
-19.21125814945452
-19.213139988029315
-19.215427734195043
-19.217558873913564
-19.219294396219965
-19.221357157860474
-19.223891609851723
-19.226654251702424
-19.228212959371188
-19.229834889376306
-19.23142079478195
-19.232886884082678
-19.234939099095538
-19.237062940082517
-19.238413572959423
-19.240514469991012
-19.242683445156043
-19.245047021596083
-19.247363788182874
-19.249130757816708
-19.250594095774737
-19.253212255639582
-19.255023629790806
-19.25673397320223
-19.258982063925423
-19.26072696772645
-19.264345585017985
-19.26556381770365
-19.26858321961119
-19.269671695968224
-19.27120377776815
-19.272734139708522
-19.27411322891361
-19.275753428965004
-19.276958602194924
-19.27895414565647
-19.280782956156962
-19.282665754119016
-19.2844221470359
-19.286704896497174
-19.289680164473367
-19.29247442453051
-19.2953277961837
-19.296994283361194
-19.298853459677073
-19.30100170095566
-19.302842462071276
-19.30641104238023
-19.308952344763533
-19.31162610281093
-19.313454781717272
-19.315672473252267
-19.317379506796158
-19.32062460947865
-19.322165839085716
-19.323960321156875
-19.327196287285656
-19.329470523005547
-19.33317172823092
-19.335657619545184
-19.338299657157677
-19.340486720916832
-19.342367224523937
-19.345533198062412
-19.34738993303185
-19.3502904152978
-19.3525792116575
-19.355294144925743
-19.359145416275698
-19.362353160062575
-19.36473266610935
-19.366805327840968
-19.36890769038432
-19.371820213041662
-19.374388001295504
-19.376330667103254
-19.378951183676605
-19.380136621383077
-19.38358591250591
-19.385005679508456
-19.38667964871045
-19.389354537869018
-19.3912354077573
-19.393908850235267
-19.395800093931484
-19.398533404861002
-19.40070517751405
-19.40375340717086
-19.405716150201982
-19.40744967853394
-19.409494741179444
-19.410555263108286
-19.41289946558065
-19.413813545977074
-19.415278155370924
-19.41657638449547
-19.418353019027176
-19.419711006250765
-19.42082332289105
-19.42257222859445
-19.424444209987684
-19.426135577545026
-19.42876709601959
-19.430094175566325
-19.43156675778231
-19.433570462753497
-19.434712735170617
-19.437563829557053
-19.438441982380002
-19.44109053284241
-19.442139575544076
-19.443772782043165
-19.445863155198627
-19.44809716972632
-19.44975533772588
-19.451263136786885
-19.452422631231048
-19.453466835522327
-19.454744180893776
-19.45571089336633
-19.456682028538932
-19.458103113888694
-19.45924994542126
-19.460665097515033
-19.461755650988326
