500 iters for seed 7 on 3R0.3 which is in the 78.51028442382812 percentile
 Maxcut: 21.0, MedianCut: 12.0
-14.000000050103608
-14.000000253627674
-14.000000598269393
-14.000001260690272
-14.000002571288626
-14.000005201041848
-14.000010518778552
-14.000068411639935
-14.000139084721473
-14.00028276823514
-14.000573837651578
-14.00115982433855
-14.002327185274781
-14.0046133363086
-14.008970766071508
-14.01693480886319
-14.070411640596904
-14.10664410264326
-14.15051654348092
-14.200495602828125
-14.254332469385611
-14.310621041346899
-14.588581134668884
-14.672782548775796
-14.74937103002171
-14.932431636278874
-15.083998406285655
-15.220716886917078
-15.358456765993585
-15.477261060417723
-15.572894427486057
-15.636748016644626
-15.689560223163594
-15.724731097074695
-15.768138383423784
-15.79364740920429
-15.831154715155956
-15.851788550242176
-15.86997620846059
-15.901785457901143
-15.915661968729946
-15.928969547823575
-15.939126748606883
-15.949021693031595
-15.954653704710067
-15.966049954385568
-15.970450643662181
-15.975345969246776
-15.981062353156421
-15.984297290161722
-15.988523586063437
-15.990073577050039
-15.992269294576369
-15.994285194667468
-15.99634962342542
-15.997672676554622
-15.99873377199551
-16.001165031483694
-16.002081132417562
-16.003505891760287
-16.004729897549776
-16.006259781130726
-16.006735819526227
-16.008234682973367
-16.00885415366975
-16.009547284044405
-16.01032479880987
-16.011207150516274
-16.011987374993534
-16.012856465043736
-16.013840979383346
-16.01502688987324
-16.016514139501677
-16.01823357879384
-16.02000339141483
-16.02200406096677
-16.02404419588757
-16.026823523034825
-16.029782341423406
-16.034014709852872
-16.039188878041564
-16.04397296260416
-16.048715028815938
-16.055067862952537
-16.059100885156287
-16.06362180632686
-16.068811494614813
-16.07532373035388
-16.08315116839758
-16.089467775164163
-16.100807753716037
-16.11122618641411
-16.124573716047347
-16.137160056425707
-16.15016803810982
-16.170609777336118
-16.186736032173034
-16.203835699471664
-16.223071410227075
-16.24885748412351
-16.269980813332765
-16.289160810329395
-16.31770122823707
-16.343581270985926
-16.369181175682893
-16.40923900654065
-16.45547733822462
-16.502524805340727
-16.56197078282564
-16.60978193759624
-16.659585711602563
-16.72524579629356
-16.781749443207612
-16.836613206294384
-16.89296691395558
-16.93885071524569
-16.990077676958656
-17.02936441885125
-17.061821188778318
-17.099753526804722
-17.130073040125865
-17.164506790119173
-17.185737925923494
-17.203730587703657
-17.219693532268266
-17.243632987058124
-17.264156196623947
-17.28997748961667
-17.303026136618335
-17.32398319246428
-17.354972551623636
-17.381600504812678
-17.42729290078101
-17.453433865510046
-17.486435188998545
-17.519859289898
-17.54646125753786
-17.577336012457874
-17.6006235432371
-17.62615959223389
-17.65377507473427
-17.671204557987725
-17.690589429707284
-17.712298179261087
-17.72715782644676
-17.73382614166847
-17.746042445467168
-17.752193426324688
-17.760410421677747
-17.770915489893916
-17.781402315714026
-17.788194243876077
-17.79612592802187
-17.80381965497919
-17.815485641494856
-17.826559040093077
-17.837088496661476
-17.846628707460084
-17.856229375154363
-17.864692339194864
-17.871964543573636
-17.87887432132378
-17.88679443957964
-17.89215539258897
-17.896103164530857
-17.906371075351665
-17.912247861763237
-17.91939426667337
-17.927143826383013
-17.934258313927597
-17.94289794756107
-17.952608255095956
-17.96417980436551
-17.981167697059803
-17.99914292982666
-18.024591260049935
-18.050254492895167
-18.087107358488268
-18.120329561574685
-18.157485783448756
-18.187293059104594
-18.224404407124368
-18.27245381813145
-18.29993942486414
-18.348271085154416
-18.36476279979015
-18.388961295278595
-18.420247821258773
-18.45140219853527
-18.48302885338709
-18.51705281317143
-18.54250517179667
-18.577600196101873
-18.60766775968261
-18.6388345577872
-18.690398551939484
-18.72064398999398
-18.753614375655303
-18.780987695109058
-18.80538931435907
-18.839197369863655
-18.859493815826514
-18.876842202732238
-18.89607696584244
-18.91964586917828
-18.941665572164926
-18.965394090614634
-18.98206533201632
-19.00042796611332
-19.009427428207886
-19.03036097723326
-19.038857314713603
-19.049453750130553
-19.05925500860319
-19.06951944960061
-19.07651880370186
-19.082543370398053
-19.089684566690757
-19.096147698031636
-19.101063383228485
-19.106526225917936
-19.10908934454375
-19.11416883515723
-19.11739562830605
-19.12104934980294
-19.12718555369852
-19.13091098720889
-19.13750991390229
-19.14232144214942
-19.148697216883598
-19.152554514850728
-19.158238647341065
-19.162246564499526
-19.166547924357605
-19.172369339323865
-19.17694325472089
-19.182215319753436
-19.185272722928044
-19.189473850012053
-19.193617963523685
-19.19840365423527
-19.203040858229425
-19.206936858518233
-19.211469303758307
-19.217221403703878
-19.220676975418986
-19.228774295203156
-19.233361600378636
-19.23772422849752
-19.245641826622595
-19.250422368261347
-19.257768398998667
-19.26298119837468
-19.267587155788256
-19.271605485373104
-19.275813538073162
-19.281155698470403
-19.28865298845411
-19.294091762386966
-19.301614929745124
-19.307354339626663
-19.314590350307913
-19.32546285193154
-19.335866811310897
-19.34566438028514
-19.355682877386037
-19.36239955340448
-19.3705097447179
-19.3805922034008
-19.386637943894463
-19.39447409041679
-19.40437300335793
-19.409400017944577
-19.41706927583264
-19.4227133099933
-19.42810160704664
-19.43517010432294
-19.439418041453035
-19.44345586801272
-19.449459231947255
-19.452600653132617
-19.45723603481819
-19.461847077137243
-19.466971945014453
-19.471711152387492
-19.475977215394927
-19.480795270848454
-19.48442237664854
-19.48795529654377
-19.492547111237645
-19.49645614470789
-19.500182996400728
-19.503691888212817
-19.50609012784239
-19.508500920985004
-19.51269316017078
-19.51597306521056
-19.519185453471206
-19.521913561180448
-19.525872951004533
-19.530204896344554
-19.53512972091852
-19.539388975584355
-19.54344185578644
-19.548287907418747
-19.55349437073157
-19.55850967520356
-19.56322704428422
-19.56723079109048
-19.572540912476466
-19.576939107294265
-19.581151798635272
-19.587555921636046
-19.59051639226976
-19.5942458492584
-19.598513706977634
-19.601965647338055
-19.607072972789133
-19.612986816785334
-19.61648360840222
-19.620180186140107
-19.624314343690617
-19.629293005466348
-19.635270111072828
-19.638218629440228
-19.644245483159764
-19.647416356699004
-19.65268349704439
-19.657311892173176
-19.66131894668814
-19.669295873262215
-19.673842816638484
-19.68110406902147
-19.685296854673464
-19.689755242536485
-19.694349454995287
-19.70060048138775
-19.706031512731602
-19.712125744667592
-19.715025561753116
-19.72205689731766
-19.729923876535615
-19.738279605552844
-19.744815306130434
-19.75449496541147
-19.759087433019552
-19.7647411172743
-19.771088759883444
-19.7778681212723
-19.789227463753075
-19.79806291430327
-19.812233546778284
-19.825503022613866
-19.836924101690624
-19.84870406453027
-19.863393183447393
-19.87436962193106
-19.88474734539981
-19.892761301304976
-19.90386325404787
-19.909389333564913
-19.916957831141993
-19.9260347654455
-19.93534448281478
-19.945526745317068
-19.95580456413754
-19.96526497151497
-19.973852950138795
-19.984692252645637
-19.996532345982985
-20.00553179176021
-20.013620029665876
-20.01968278090686
-20.025611534811905
-20.030869417126446
-20.035609930261803
-20.040380667455153
-20.04485889661327
-20.04868592694403
-20.0519889409006
-20.05471755661559
-20.059289569835236
-20.061975920609626
-20.066434960420015
-20.070150329379075
-20.073054335683285
-20.0791015747471
-20.081766208322165
-20.086349245753247
-20.090223451427924
-20.0942462344158
-20.097865200042506
-20.101029549913576
-20.104450158229703
-20.10623165541609
-20.10789259818698
-20.110982025847214
-20.11327205844876
-20.1156356177673
-20.121169021810054
-20.1231617956196
-20.12647009974279
-20.131026537198057
-20.137405963159125
-20.142992780909182
-20.14743006883671
-20.15210196882207
-20.15650695639258
-20.161189221025484
-20.168932883094598
-20.17369910090353
-20.181389043875214
-20.187083297412283
-20.192559170551796
-20.20032472559999
-20.20709169619147
-20.212611455364335
-20.222944986657343
-20.22526403493811
-20.23726420027277
-20.24342630811352
-20.249527801153306
-20.258076997644135
-20.264658197382637
-20.27022955810049
-20.27795729056541
-20.283611452546882
-20.288710940756204
-20.2941502664471
-20.299239779070103
-20.303640060923822
-20.307077751369228
-20.309957029445698
-20.312407386667118
-20.31525528809878
-20.318544254175908
-20.32110160430804
-20.323069618702593
-20.325157887900712
-20.326663601163492
-20.32863847815869
-20.330334199956162
-20.33205863030076
-20.3332027901374
-20.33483051272273
-20.33598691512034
-20.337208615435983
-20.338710396914564
-20.339669404247402
-20.340863206401732
-20.342824544000997
-20.3434685546384
-20.344438652724286
-20.34508714950464
-20.346024348404608
-20.34728185100374
-20.348114283681845
-20.34921605067596
-20.34998373391833
-20.350923357404703
-20.352321093963173
-20.353759854926622
-20.354858351645092
-20.35587797232664
-20.35694810708269
-20.35836791038966
-20.360208906852154
-20.36115588562828
-20.362225410526513
-20.363371011240556
-20.365107944321604
-20.366257288759837
-20.36729494147961
-20.368799231933465
-20.36901105343024
-20.37108580846922
-20.37171207071057
-20.372839262118816
-20.374652254407227
-20.376174150093505
-20.37765975272828
-20.3786378521003
-20.37972271779936
-20.3811333070385
-20.383014875646612
-20.384034260972893
-20.38526167900674
-20.38625235298366
-20.38754903426352
-20.38942747961619
-20.391014725523494
-20.392421034321625
-20.394599006177437
-20.39590026097528
-20.397369763009163
-20.399117316041302
-20.40031699197293
-20.402218522398986
-20.404212023534292
-20.40539942930425
