500 iters for seed 4 on 3R0.3 which is in the 78.79714965820312 percentile
 Maxcut: 22.0, MedianCut: 12.0
-13.999999965572641
-14.00000005691641
-14.000001226631401
-14.000073918881306
-14.005476440610725
-14.005481026230107
-14.006704528370545
-14.018636770897315
-14.036082066140928
-14.093535692298163
-14.179991907532733
-14.347307422304885
-14.591241877399325
-14.982862807509886
-15.4805519950903
-15.87643064981918
-16.253670792226856
-16.38088352342351
-16.873803909608878
-17.04619982975885
-17.271248258982705
-17.435875852064854
-17.547062377042668
-17.62289599566065
-17.70184686423787
-17.772886477013753
-17.819761237367693
-17.853154737318537
-17.889023785707163
-17.9057936588599
-17.921599736214162
-17.935725274610935
-17.947967756233417
-17.966807155287228
-17.97301005032207
-17.980987670521472
-17.989264944375183
-17.99570182484379
-18.0033090477547
-18.010593642332786
-18.01777845125486
-18.02407652252434
-18.032252421681243
-18.039236654506283
-18.04325682713201
-18.04987380619842
-18.051628982543082
-18.05626326385812
-18.059551190106347
-18.06293025997044
-18.06941895606233
-18.070649835310242
-18.082806090980064
-18.086692313807987
-18.092208818808743
-18.10080044520431
-18.110545592544618
-18.122790655240504
-18.132373557184184
-18.143273951977765
-18.153721323365822
-18.166057731485886
-18.177992264876295
-18.187167644387277
-18.19576395015986
-18.20699067339166
-18.214360133515303
-18.223638559233894
-18.231362610949436
-18.239774242232066
-18.25493633793968
-18.26285054019635
-18.272856388496162
-18.27958881376659
-18.286119665209487
-18.292745157243335
-18.302472448548055
-18.30626770172101
-18.312557767517855
-18.316260556272187
-18.323602778745478
-18.32878112114836
-18.333510838117004
-18.342394479391626
-18.347035326333156
-18.35462602476713
-18.359953160372143
-18.365210056103795
-18.37076847044833
-18.37641942708164
-18.38093679494229
-18.38578690793516
-18.39020969425492
-18.39707668393324
-18.404081500168484
-18.410324007415486
-18.41793632946223
-18.42251136162816
-18.42929276217986
-18.436739033454508
-18.44452755035712
-18.45164555034531
-18.459042576840194
-18.472886032783038
-18.485663842958044
-18.49601098338499
-18.511268344028966
-18.523530832072773
-18.54838377449538
-18.566015180352654
-18.590644025264833
-18.60285252112714
-18.618438118825964
-18.643269345110134
-18.665744549087705
-18.683942446207244
-18.694778107078616
-18.714085917017574
-18.721297103553066
-18.738629644718106
-18.749147840267923
-18.758949304211164
-18.776190256247013
-18.784084182692318
-18.800838736841893
-18.81499621449422
-18.827391531079282
-18.836669981243613
-18.847757054231355
-18.856937425734227
-18.86492591709349
-18.87075253704309
-18.876952590873834
-18.879621347622574
-18.887790805089075
-18.891059597139037
-18.89495815702203
-18.90077021236781
-18.901460081373575
-18.909722662068663
-18.912093717936564
-18.91465709193911
-18.91834997520144
-18.92214286182012
-18.924709886009097
-18.927989094396406
-18.929702696463792
-18.93180306627896
-18.93421541845812
-18.93566063207737
-18.938557343349018
-18.93964976532186
-18.943482806734515
-18.944957724827287
-18.94714733405136
-18.950236472972446
-18.952346629533714
-18.954442656253196
-18.95563826411255
-18.957333088489726
-18.958145982345187
-18.961907193187052
-18.96309863324255
-18.964472514179555
-18.966432769478082
-18.96747090061103
-18.97076126780086
-18.971811565420044
-18.973914509625256
-18.976699784723284
-18.978477902297193
-18.98037102111351
-18.981978187038013
-18.983235768497142
-18.984824015611583
-18.986498856337583
-18.98790625963938
-18.990444736913204
-18.992063887781402
-18.9935372751409
-18.995113149147148
-18.99676215641532
-18.99854067255334
-19.00016523164281
-19.001611915454998
-19.003203670973626
-19.004901889183124
-19.00684321549505
-19.0078468354029
-19.008973616731772
-19.010290486475313
-19.01209826677122
-19.013685950701817
-19.01454959325558
-19.015535911815775
-19.017004825465545
-19.018072768589303
-19.019140838874417
-19.020141060656176
-19.021738239860312
-19.02254316826772
-19.023277671812885
-19.02450411936441
-19.0247480839956
-19.027170069892666
-19.027812660361985
-19.02868240870524
-19.02981908968002
-19.031092009393088
-19.032085958664187
-19.03274165187174
-19.03350253957329
-19.034305754024174
-19.035420007180797
-19.036243115394804
-19.03682567683619
-19.037953947925754
-19.03927930172685
-19.040290568847123
-19.041740796962262
-19.04277282046983
-19.04363699994119
-19.045578430431263
-19.04650374733237
-19.04747707235677
-19.049176665238296
-19.04983711796418
-19.05053446733651
-19.052075175668104
-19.052645740301035
-19.05351124362062
-19.05441160386819
-19.055580801764716
-19.056134626062885
-19.057075841708244
-19.057373186114795
-19.05846269612318
-19.058999510415966
-19.05971312108715
-19.06083352825207
-19.061526242067973
-19.062748938227912
-19.06371867626562
-19.064758957979425
-19.065765140787757
-19.066718611969552
-19.067821988203352
-19.068647235085198
-19.069643186617512
-19.07080271762566
-19.071841148728637
-19.072753116754672
-19.0743439167118
-19.07521917907661
-19.076108936170368
-19.077455034035122
-19.078469292313343
-19.08016382025063
-19.08074739372195
-19.082525453979866
-19.08319066664511
-19.084123639256745
-19.085519028678902
-19.086542752497206
-19.088122330979726
-19.089305489936226
-19.09061964350623
-19.092034626786564
-19.093387761445584
-19.094740067276504
-19.095833628356917
-19.09684969212196
-19.099082701743036
-19.10116831179378
-19.102545651073484
-19.10431557827132
-19.10568847875174
-19.107639700507804
-19.10971688584182
-19.111834477820103
-19.113622868265367
-19.116263333010075
-19.117229555202343
-19.120250947387632
-19.12190316929509
-19.12362341262925
-19.126088030175595
-19.127836558885754
-19.129830469044666
-19.1317321045012
-19.13338834012454
-19.135197704879115
-19.137247734946357
-19.13887326984432
-19.140153173482133
-19.14176161908292
-19.14333698377738
-19.14531197379193
-19.14750788349704
-19.148740380392372
-19.149937952343564
-19.152239063916248
-19.153624186702487
-19.15549161365601
-19.157342645635314
-19.159225699056467
-19.16110288322791
-19.16280774513246
-19.1644175790624
-19.165656262283246
-19.166985603349957
-19.168785231135164
-19.169929696037762
-19.171132237668118
-19.172129541133614
-19.173490009033188
-19.174357899751964
-19.175108558228363
-19.17620610822109
-19.17727812853848
-19.178080603092283
-19.179558698716917
-19.180589965085055
-19.181817921535107
-19.18287618510483
-19.183854138675663
-19.184390765739977
-19.185682279946622
-19.185896999164807
-19.187192695024265
-19.18768880126241
-19.188395275119486
-19.189086485782074
-19.18970070461892
-19.190106850341298
-19.1906223722297
-19.191116741071074
-19.19182966912133
-19.19243417593755
-19.193113340375746
-19.19372568708494
-19.19433371963775
-19.194978898350513
-19.1955705175526
-19.19640108450029
-19.1967105201442
-19.197628438814757
-19.198035316300764
-19.19854917710754
-19.199327050642278
-19.200028987326228
-19.200673110681002
-19.201258580195525
-19.20200522737828
-19.202436070708828
-19.20339410845379
-19.203713410976007
-19.20417138672731
-19.20489041210033
-19.205817333315505
-19.206565176241256
-19.207315379083997
-19.20802854879839
-19.208866939822983
-19.20987906829842
-19.21072808147176
-19.21156677944358
-19.212377453392204
-19.21350610964121
-19.214360805852152
-19.215061191063107
-19.21557379815814
-19.216221508943086
-19.21690015827788
-19.217463288083337
-19.218067190542335
-19.21857485788865
-19.219130086975486
-19.219784637123347
-19.220373846367874
-19.22090379917067
-19.2216450966008
-19.222006816435716
-19.222398294905936
-19.223021703528943
-19.22335889566101
-19.22375431811539
-19.22462116969269
-19.224933765929077
-19.225482039878628
-19.226171577012767
-19.227077310278776
-19.227912623256564
-19.228906478018402
-19.22962257079843
-19.230319187870933
-19.230985699682847
-19.23149757590082
-19.232245251783723
-19.232987890170676
-19.23361799684038
-19.234305877897203
-19.234817483250847
-19.23553358583361
-19.236338763900438
-19.2370333769423
-19.237673007960446
-19.23838703022488
-19.238945091977868
-19.239465719411662
-19.240052122515735
-19.240529655361286
-19.24080458635508
-19.241512614118584
-19.24196481095124
-19.24255240253846
-19.243149437473594
-19.243532307716908
-19.24398921146701
-19.244648669509356
-19.244915623965095
-19.24541522328703
-19.245819259010023
-19.246347022738554
-19.24671929947832
-19.24709473926392
-19.247570261251173
-19.247941978890573
-19.24823246748096
-19.248498202057366
-19.248849509521335
-19.249255405159424
-19.24978953810023
-19.250078786409336
-19.25050693291513
-19.250915919937604
-19.251376913970336
-19.25176887997814
-19.252084078860303
-19.252400841337387
-19.252769291419906
-19.253051729338193
-19.25327776751161
-19.25365505328204
-19.253860625749653
-19.254244846260207
-19.254435900383715
-19.25468009686415
-19.255074610158612
-19.25524592991298
-19.255672067821518
-19.25584287033083
-19.256052417293255
-19.25624676041022
-19.256542844409598
-19.256709084941235
-19.256894415398246
-19.257152172749436
-19.257366943806712
-19.2576839252886
-19.25783427294744
-19.25804651653831
-19.258103597924208
-19.258373648028336
-19.25853068007148
-19.258698557738704
-19.25892727550932
-19.259015312314872
-19.259227203796677
-19.25935295370102
-19.259516625408644
-19.25962139634361
-19.259722753912964
-19.259890476031988
-19.260009512215248
-19.260246702933415
-19.260377779915853
-19.26058626152741
-19.26071713558771
-19.26083098216382
-19.260965224108507
-19.26115655012626
-19.261265884312348
-19.2613827334931
-19.261493810116107
-19.261625444445066
-19.26178150646911
-19.261881526877424
-19.261998131556187
-19.262209817883594
-19.262314290559242
-19.262441884536486
-19.262625689064272
-19.2626796728217
-19.262888186839163
-19.262962144541117
-19.263106383820055
-19.263219308222627
-19.263408256198975
-19.263519030336692
