500 iters for seed 129 on 3R0.3 which is in the 78.82156372070312 percentile
 Maxcut: 21.0, MedianCut: 12.0
-14.000000303330243
-14.000001220398405
-14.00000492394241
-14.00002018314865
-14.000083761573704
-14.000352264122155
-14.001511650788185
-14.00667293288026
-14.029307400678148
-14.108234312951783
-14.12932909958289
-14.180978964798832
-14.40787470982153
-14.745992832015125
-15.283926698312873
-15.619691791881154
-16.025159025919105
-16.512689668583743
-16.96051371482389
-17.231566981330694
-17.393003543402266
-17.479957030263833
-17.622221288353185
-17.76028121867822
-17.867917334396516
-17.987052323464976
-18.045007671653757
-18.106921089587193
-18.161089861468685
-18.206971860137187
-18.24606229021266
-18.282397513424502
-18.327387641008126
-18.36496407570077
-18.382477891905086
-18.40985642506856
-18.42904642371326
-18.445435091500567
-18.460146078917063
-18.46778407380025
-18.478544904859064
-18.490371948331937
-18.494600050752204
-18.505789778985346
-18.51022405355589
-18.518274531715427
-18.524842059415818
-18.52962498077211
-18.53886789935533
-18.544028533073927
-18.550163735735076
-18.554638036264382
-18.559341833039213
-18.562996360286498
-18.567497366445597
-18.57030812298117
-18.57356628137319
-18.58057270516563
-18.583669913175342
-18.593107493345027
-18.59787385653239
-18.603958809655644
-18.611736118991633
-18.616739728120592
-18.6211450153355
-18.623424143250865
-18.626546261534283
-18.62929987824561
-18.633540757997054
-18.635281377137968
-18.637867211537024
-18.641541416144
-18.644359013074823
-18.647876033518482
-18.649966034549497
-18.652061767930388
-18.656448175546423
-18.65876222908626
-18.66220189709774
-18.664246225857372
-18.665942562497136
-18.667111303819073
-18.66784276052177
-18.66889559386493
-18.669706349140988
-18.670912912111515
-18.67241055541639
-18.672922758806482
-18.674175920853592
-18.675021581534246
-18.676197572829143
-18.676981481807537
-18.677699736659573
-18.678294077814925
-18.67876349432515
-18.679076971922953
-18.679630474216278
-18.679803693931326
-18.680292890977327
-18.68054646262949
-18.680788914752572
-18.681196106832132
-18.68146803840437
-18.681817872788606
-18.68203434097598
-18.68234676237546
-18.682612130085904
-18.682855350353503
-18.683164184836897
-18.68337994652793
-18.683596410479055
-18.68405392875305
-18.684373984194984
-18.68486077126785
-18.68526790972419
-18.685548852173202
-18.68603880815318
-18.686448591230665
-18.686931757274667
-18.687621753636293
-18.687961361611702
-18.68841203894583
-18.689314911792053
-18.689544315215038
-18.69024138658596
-18.69065984334049
-18.69121707252106
-18.69193069100203
-18.692383238285906
-18.693003534127808
-18.6934944134294
-18.694124211809147
-18.694263910787164
-18.695154632537353
-18.6956122855775
-18.696240501058142
-18.697124052384634
-18.697752287223267
-18.698782316712947
-18.69959732620492
-18.700545054450473
-18.701585383420433
-18.702810528420443
-18.703931469590394
-18.705286284613045
-18.70653985140279
-18.70786761047152
-18.70966635045937
-18.71080108456152
-18.712016567992862
-18.71387286311743
-18.715451118454283
-18.716528172777316
-18.718682777406727
-18.720447292049897
-18.721963797078367
-18.723787930384443
-18.725013281539667
-18.72676286069578
-18.72877513061829
-18.730893432102565
-18.731756117143664
-18.733559951935042
-18.73494565774597
-18.736504645455664
-18.738097779283958
-18.739588174786537
-18.741690551389294
-18.743720789824764
-18.74577140549927
-18.747443939994692
-18.749194994383732
-18.750960576024223
-18.752560895651467
-18.754802072696585
-18.757198071314797
-18.759333672387143
-18.76202094920057
-18.765001232891116
-18.767542210479803
-18.769873354308764
-18.771564410417394
-18.772970693221072
-18.776253446137254
-18.77793696553354
-18.780004190869455
-18.782868185294845
-18.784109034415227
-18.78548081092664
-18.78686961035588
-18.78838095316755
-18.790538429035998
-18.791668690812955
-18.79341805686225
-18.794526447600035
-18.795792867735354
-18.796882451887726
-18.798010717548586
-18.79934552711255
-18.800331194810024
-18.801536089384783
-18.802940311543065
-18.804319914753446
-18.806272550684238
-18.807431536166398
-18.80867959954834
-18.81026097549107
-18.811933600280284
-18.815245056860736
-18.81612308703355
-18.820198988976585
-18.821599390815503
-18.823878873806486
-18.82719229404531
-18.830284649069135
-18.832910206297104
-18.835101432443356
-18.83761175265191
-18.83893120746526
-18.842383768348522
-18.844183913805754
-18.846271127907787
-18.849137932034644
-18.85008732552839
-18.853184198424007
-18.854170752858792
-18.856158393343684
-18.858438876398058
-18.861015107573337
-18.862731893428833
-18.864492567742158
-18.86602240049944
-18.867646879320432
-18.86900243265968
-18.8702893823739
-18.8720305980524
-18.873909503045873
-18.875561611313227
-18.877521479989042
-18.879660259202886
-18.881937730612062
-18.88380731496214
-18.8853055195502
-18.88722618600254
-18.889307243299335
-18.891274228274575
-18.892865296959382
-18.894664957892804
-18.89640390402274
-18.898272830384908
-18.900197817530554
-18.902166775723472
-18.90440460035398
-18.906330378004263
-18.908034151854483
-18.910266838418725
-18.912405786494386
-18.914767505203663
-18.916589037768993
-18.91811608210096
-18.91982190605835
-18.921331167089864
-18.92268867669509
-18.923938090434515
-18.925070875773937
-18.927115370486025
-18.927998115511762
-18.929349955187263
-18.93127502522202
-18.93269145889817
-18.93428586255236
-18.93526839856321
-18.93650289854919
-18.938752479728464
-18.94006330453578
-18.941638431060923
-18.942628261381582
-18.943782425320315
-18.94530818016486
-18.9471955545469
-18.948167493408924
-18.949195407845224
-18.9504130674166
-18.951573523339146
-18.952761822660012
-18.953744595904492
-18.95471605436496
-18.95589124994469
-18.957020745509933
-18.95814237152087
-18.95902517731469
-18.960012582453047
-18.961333730952457
-18.96231989685419
-18.962999979213706
-18.96419537176416
-18.96502696628621
-18.965969985001582
-18.967250454162123
-18.968357971744826
-18.96962329977534
-18.970143564905243
-18.97284422666293
-18.973360074553764
-18.974813426675635
-18.975888246328385
-18.97708265313743
-18.978268593869895
-18.979306412088604
-18.980244156012766
-18.981831360521042
-18.982544835010845
-18.983497002564548
-18.984328876471174
-18.985550295848334
-18.986444739437086
-18.987119026889136
-18.98813309288312
-18.98916281316871
-18.989794060402513
-18.99056316580614
-18.991153978045542
-18.99180822000205
-18.992845468867785
-18.993428734929843
-18.993970368912358
-18.99497051359724
-18.995520640340516
-18.996242570039843
-18.997160574629643
-18.99791763899266
-18.99851522440388
-18.999474099440516
-19.00020083370336
-19.000984942119732
-19.002034867783028
-19.002638769494407
-19.00343230983971
-19.00414906900047
-19.004636920458985
-19.00540048494326
-19.006212608467816
-19.00717708174377
-19.007847500352153
-19.008501376475294
-19.009311749766947
-19.010247569447696
-19.01126672130422
-19.011935964040198
-19.012763296402046
-19.014062310812257
-19.01522777439242
-19.016595085308083
-19.017462852887963
-19.018550342555052
-19.019644950370687
-19.020706808689322
-19.021880017530478
-19.022758473935447
-19.024050090682
-19.025226467107284
-19.026339890338857
-19.027523226313157
-19.028884045975797
-19.030149192502925
-19.03135505093606
-19.032361170489757
-19.033509208671017
-19.03484738797342
-19.036686987443254
-19.037708437667206
-19.039063658188148
-19.04044289307508
-19.04129515464117
-19.042693997399383
-19.04319192477281
-19.044024911201568
-19.045324972357598
-19.046657842549187
-19.04767792703389
-19.049196429327132
-19.050171870706645
-19.051366381554104
-19.05421194749993
-19.055731353357253
-19.057454817430994
-19.059324862758462
-19.060698233471182
-19.061595446577293
-19.063563350926618
-19.064314523040064
-19.065629786916205
-19.06707866113477
-19.068737019831193
-19.070377506193566
-19.071491463809167
-19.072854079718752
-19.074561619334037
-19.07617815957837
-19.077239834207045
-19.078611996281936
-19.079876435775187
-19.08130437161673
-19.083272753062634
-19.084438874922316
-19.086482947063185
-19.08885949001905
-19.09160643628914
-19.093613774374187
-19.095102927774988
-19.097336518090355
-19.099611495659605
-19.10175503471546
-19.10332556046271
-19.104835036515215
-19.106586499478773
-19.10855732366295
-19.11031906904496
-19.111767497886333
-19.11332553739838
-19.115298610274273
-19.116906266139054
-19.11844008762783
-19.120768664894506
-19.12170851191785
-19.123070654854775
-19.124489879699286
-19.125558272457095
-19.12763832854257
-19.128863493809195
-19.13014733711812
-19.131146260761383
-19.132400778581207
-19.133862444143105
-19.135304025873
-19.136703438895108
-19.137721278256322
-19.138432524361424
-19.139940601310254
-19.140492904058313
-19.141178803336608
-19.141766540957644
-19.14215495542561
-19.142934498399075
-19.143328539600404
-19.14396250559503
-19.144444600562796
-19.145095307551767
-19.145621939897943
-19.146057342088678
-19.14679625520878
-19.14725523512081
-19.14777228406128
-19.148483375764833
-19.14911035134781
-19.149436088273184
-19.15037845005227
-19.15098067797928
-19.151636743828412
-19.152233758277234
-19.152765955915942
-19.153190419199237
-19.153724812203812
-19.154182383493733
-19.154664845430734
-19.155055679151662
-19.15549320892308
-19.15607699958524
-19.156482558921116
-19.1569028964952
-19.157483947226034
-19.157882481042126
-19.15836753589029
-19.158958819317515
-19.159546082912783
-19.159885625539026
-19.160415738805334
-19.16070417602973
-19.161086445412874
-19.161471537862926
-19.16176139212542
-19.162504800189787
-19.162831079460275
-19.163369337919303
-19.163788301714256
-19.164205219445485
-19.164554051665842
-19.164892918877896
-19.16540621836866
-19.165762936084267
-19.166036338328944
-19.166445370352125
-19.166710183901117
-19.16692560384958
-19.167293279649154
-19.167559569501737
-19.16764599049174
-19.168373614824567
-19.168534841668656
-19.168805155421868
