500 iters for seed 197 on 3R0.3 which is in the 78.49349975585938 percentile
 Maxcut: 20.0, MedianCut: 12.0
-14.001298527970146
-14.420964984283374
-14.429408714281792
-14.649507031121512
-15.195874911333156
-15.376821017210807
-15.554783231787827
-15.7356537623826
-15.906308331425963
-16.03593734715674
-16.14220160635519
-16.268202947795945
-16.417839570736227
-16.592623485537512
-16.787923199165824
-17.127510216379054
-17.64382324408761
-17.955169223687008
-18.337631416939477
-18.582123761337268
-18.806452511804842
-19.005432777012143
-19.24108624246365
-19.343090145601604
-19.435796964360243
-19.56154899173487
-19.652226692592752
-19.715940464290828
-19.760699375409168
-19.791552003726903
-19.820597010266418
-19.851832733062984
-19.882954910948726
-19.897832248114742
-19.913939655754845
-19.924506054784658
-19.936517059296943
-19.944403005131928
-19.95069056022075
-19.96426026820559
-19.969940090403014
-19.975390891822638
-19.97894636761417
-19.98244141293213
-19.985921629326448
-19.988622941691162
-19.990842438512395
-19.992679944290302
-19.99391233139111
-19.995115345792208
-19.995997398310724
-19.99683497434379
-19.99739653128826
-19.997974179733824
-19.998376217396576
-19.998696809294923
-19.99892840321696
-19.99911172127734
-19.999241769109748
-19.999455036032433
-19.99947369924331
-19.999587945657645
-19.999631149479928
-19.99969317058566
-19.99975840759816
-19.999780862924844
-19.999820946581785
-19.999842757869207
-19.999864243860117
-19.99988147604949
-19.999895729314694
-19.999913921513887
-19.99992471311645
-19.99993372607009
-19.99994312796517
-19.999949552914952
-19.999956634971195
-19.99996128656948
-19.999964832857238
-19.999969342046843
-19.99997147759183
-19.99997537781281
-19.99997733111022
-19.999979707472804
-19.999982935918787
-19.999985002050263
-19.999987019457635
-19.999988025871417
-19.999989300770686
-19.999990121664194
-19.999991291724964
-19.999991943448073
-19.99999280028799
-19.99999344330532
-19.99999412303804
-19.999994707001097
-19.999995156446563
-19.999995767007423
-19.99999630863348
-19.99999663685172
-19.99999713990729
-19.99999739858209
-19.99999774349112
-19.999997975987878
-19.999998159217768
-19.999998592311574
-19.999998801758064
-19.999999120192285
-19.999999262422417
-19.9999994073496
-19.999999501586206
-19.99999957959855
-19.999999653676518
-19.999999705079492
-19.999999761894788
-19.99999980150728
