500 iters for seed 35 on 3R0.3 which is in the 79.28695678710938 percentile
 Maxcut: 22.0, MedianCut: 12.0
-14.000000161413748
-14.000000693867765
-14.000002108675847
-14.000006099131586
-14.000017553374938
-14.069638634081468
-14.069707688220474
-14.147507283795962
-14.222850660594661
-14.410091876481369
-14.64512935261043
-14.883770032834814
-15.058460019532047
-15.22949411650627
-15.344984095605552
-15.4136164782084
-15.508956136891559
-15.559484619681111
-15.618866736020557
-15.68565903499409
-15.734674219780256
-15.831086259225833
-15.891482211113654
-15.960928011382244
-16.034406997696024
-16.088154075122873
-16.17107011401443
-16.244652507711496
-16.313791506742678
-16.372062298581035
-16.412608875425047
-16.461203488556936
-16.503369853326177
-16.538774127726477
-16.565256216092607
-16.583600024251364
-16.613973590369895
-16.64506414094138
-16.684756707743535
-16.71852494269229
-16.74489415736567
-16.780042340617307
-16.821561008266812
-16.85510746687801
-16.87299430113445
-16.912015954750487
-16.930646468214583
-16.955042790994497
-16.991022147842695
-17.013686368059492
-17.028744137435137
-17.06931870446009
-17.083921708997718
-17.106043697877016
-17.134186121193142
-17.153445229488902
-17.17454446666366
-17.193814885157177
-17.21723487534167
-17.239923073514145
-17.26589443301257
-17.293961783917688
-17.32089681686119
-17.35683490202172
-17.392851247085467
-17.425960996862454
-17.457396507086404
-17.495056576028283
-17.53425321954769
-17.573515544119616
-17.608742354885756
-17.647308588144625
-17.680402863249416
-17.710252406272303
-17.74301160161509
-17.786225415804346
-17.81245818884487
-17.839583542917666
-17.884152718467245
-17.91020217252091
-17.93593281816336
-17.96646452352126
-17.988510034524037
-18.017608108220877
-18.043488603213877
-18.06490201881264
-18.082679265982225
-18.10241816446594
-18.11924709234601
-18.13388057368866
-18.150873249762384
-18.165694229141092
-18.178559410101258
-18.21001287914467
-18.221074610976814
-18.23387548312858
-18.253396792049198
-18.27392591768315
-18.282464625437267
-18.311159321106256
-18.32118415038965
-18.339280770048514
-18.34949216582267
-18.37122506043579
-18.38537302644558
-18.39690582165343
-18.41804791939176
-18.431646470285944
-18.44679142417282
-18.459221263024883
-18.475016639750514
-18.48845232411089
-18.49925243002317
-18.510330334455467
-18.519315559531055
-18.531927466048508
-18.538979402729527
-18.546227240152298
-18.553586430912144
-18.56091102843165
-18.573382982349646
-18.580013061928184
-18.588840928038774
-18.596131870173526
-18.602487511824496
-18.60946507069586
-18.616222495614448
-18.62183851288849
-18.62663298475226
-18.63333362318385
-18.64087470207889
-18.646009848191223
-18.65372497421574
-18.659020750001375
-18.665034858352207
-18.6749339307923
-18.680083198174415
-18.68865205348309
-18.69341058317474
-18.69885758700676
-18.706073208692747
-18.71403858419369
-18.71964834976724
-18.726219326478244
-18.732505264507896
-18.740764565641637
-18.749648778733736
-18.754621870116253
-18.758086338547457
-18.76889485975435
-18.773082921208125
-18.77928463246121
-18.784798590483064
-18.788558389296078
-18.797353927458364
-18.803034490446855
-18.81075712925327
-18.817842071482804
-18.825775171671104
-18.83409753021304
-18.842466960164852
-18.85149476074219
-18.859669469763038
-18.869696326709835
-18.87975216236592
-18.890577012583925
-18.898215793039043
-18.905128069678955
-18.917609133650107
-18.921314481771915
-18.93029041520452
-18.935856316774398
-18.94173899611362
-18.95111672655216
-18.957189676961526
-18.965998430073146
-18.971598735630987
-18.97956842483964
-18.98610004115196
-18.991980140578555
-18.999859926035015
-19.005147782226228
-19.012417333337538
-19.020013751166562
-19.0274958661988
-19.032877717900295
-19.043901839436565
-19.049164559452624
-19.057064230674488
-19.066708171838
-19.074025088262406
-19.0810338870017
-19.091065313661947
-19.099355045106087
-19.107931886018743
-19.11082137454128
-19.11826153027867
-19.122715429539838
-19.127459318788517
-19.135578323229264
-19.138507531071056
-19.15114355435974
-19.15466389121726
-19.16034299378436
-19.16694636285777
-19.17473780366361
-19.18335632260539
-19.18954157105266
-19.195623918295496
-19.20681661167599
-19.2145096582492
-19.221556275788814
-19.231989742200625
-19.23651819044111
-19.244025482367203
-19.248247963932872
-19.25393453891286
-19.26046188617904
-19.265042345978788
-19.26963757865898
-19.274450962486384
-19.279828885617032
-19.284689498254952
-19.290348822232374
-19.29562636428812
-19.29951491620649
-19.30496059956566
-19.310135059198036
-19.317383332804127
-19.321821795464132
-19.32534335255825
-19.32965664146832
-19.33398211017993
-19.33981586781278
-19.344054811622726
-19.349084615220324
-19.354348667053348
-19.35925097006575
-19.36280751459702
-19.367456184734138
-19.37108449860592
-19.375420324362178
-19.381027421314943
-19.384266570760133
-19.387995318905453
-19.39175430754625
-19.394977695167736
-19.39741876104691
-19.40052467876492
-19.403057065461685
-19.406086547381324
-19.40872581550056
-19.41228608540428
-19.414802894715535
-19.417877428271254
-19.42043287111367
-19.423621214461026
-19.42654881271218
-19.429022240949998
-19.433134523847873
-19.43717615061216
-19.439770870772605
-19.442665810437997
-19.444054345027972
-19.44627075964713
-19.44944024168112
-19.451363016069955
-19.456141324020596
-19.4585844747495
-19.462525990317747
-19.46478376313343
-19.466959839447444
-19.469035665654296
-19.47213336483417
-19.47457193998276
-19.47701332372511
-19.479159541432296
-19.481503190570294
-19.483831440606927
-19.486105624011845
-19.488930551462584
-19.490829536984467
-19.493440287037632
-19.495705489831618
-19.49806238941397
-19.498985996231617
-19.503283589713202
-19.505154998130273
-19.50706655397642
-19.509886263990833
-19.510461273867396
-19.51688328677821
-19.51871210418473
-19.520975179740816
-19.523681254239523
-19.52573241976961
-19.528933883974545
-19.530763120659778
-19.533594448239935
-19.5356848132858
-19.53851334106831
-19.54110894213334
-19.54419350331744
-19.5462489021072
-19.54892134430051
-19.550912614474363
-19.552674659641255
-19.555990995018995
-19.557851640322145
-19.560152801246815
-19.562069975770527
-19.563591990911213
-19.565379591692206
-19.566952665945117
-19.56805246341114
-19.56947691317829
-19.5710292325208
-19.572139305971415
-19.57390633695737
-19.574126327671287
-19.576583015561113
-19.577595916802323
-19.578903334911363
-19.58067030706714
-19.58446296445739
-19.585874440651647
-19.587786429396996
-19.58927226949714
-19.590629261600743
-19.59221826430908
-19.594041110714716
-19.59523223436101
-19.596023783862538
-19.598110942720478
-19.599361531245712
-19.60092077956851
-19.602475755065655
-19.60359347897515
-19.604797784561622
-19.6055222295998
-19.607593494592027
-19.608216969179065
-19.6091646442762
-19.610223617772117
-19.61130078170232
-19.61298546732119
-19.613929729668882
-19.615235358034923
-19.61596971519237
-19.617501195337667
-19.618449168083774
-19.61944621750412
-19.621102667479427
-19.622423743529314
-19.624056200124944
-19.625334510046482
-19.62690620639459
-19.628320664046246
-19.6305801206244
-19.631784530698894
-19.63338032054615
-19.634409251076868
-19.636265499812218
-19.637787163634286
-19.63890611829906
-19.641026530012255
-19.642087276931537
-19.64404795991047
-19.645477827769923
-19.64717405903778
-19.648659288394306
-19.649977951744418
-19.651869723443767
-19.652860739663467
-19.653943759374258
-19.655935601985163
-19.657011335121048
-19.659116540484735
-19.660631397405936
-19.66195476483626
-19.66358847956865
-19.665149686963872
-19.66709739591699
-19.668601781221213
-19.6702471109297
-19.67232944225428
-19.673971186140715
-19.675843021361565
-19.677163893689386
-19.6785049881747
-19.679833388673458
-19.681090460020414
-19.682061815328577
-19.68289234604361
-19.684151346240373
-19.68566444121259
-19.686294464973187
-19.687578749826415
-19.688496065522912
-19.689604331171555
-19.690951445988826
-19.691854005043954
-19.69305208974422
-19.69451906977183
-19.695201967868492
-19.696395977217684
-19.696832401181027
-19.69810070372753
-19.69870408288458
-19.699294135080507
-19.700169136119513
-19.701309636741936
-19.70268248494183
-19.7033368315896
-19.7043473570756
-19.705063102070305
-19.70610505000735
-19.70745451419465
-19.708231180436062
-19.70955677524153
-19.710439284600238
-19.711140433968254
-19.711714559635666
-19.712476137427547
-19.71368318547397
-19.714737685882344
-19.715399577053073
-19.71651772141233
-19.71733246061686
-19.718761653569832
-19.7206517470602
-19.721948589466297
-19.723170981170753
-19.724019128942622
-19.72541616531761
-19.726399163274547
-19.727470392978777
-19.72831780753571
-19.729216576561022
-19.73032681933111
-19.73190844091779
-19.732802879637863
-19.73371106536286
-19.734773408025703
-19.736001053469586
-19.736909463564135
-19.738078938406296
-19.738949067390223
-19.739997354668212
-19.741315902608505
-19.742191794800636
-19.742883267298684
-19.745046965710912
-19.74576271613075
-19.746765624900057
-19.74817350338222
-19.74900883823601
-19.750449043448054
-19.75102482683382
-19.75210246893665
-19.75338211513748
-19.754705742548747
-19.755496277307966
-19.75657177017647
-19.757602437934786
-19.75875911781546
-19.761492291720554
-19.76258909748936
-19.764119533045744
-19.766120298166236
-19.767687192749374
-19.768939966587872
-19.770710567533456
-19.771821635593025
-19.773039956412596
-19.775343245574682
-19.776649104000313
-19.77822578091307
-19.77964652435939
-19.78081858741094
-19.78304366273759
-19.783834016496197
-19.78518341749295
-19.786261867088157
-19.787197480462012
-19.789003076949932
-19.79005020424678
-19.79195844250435
-19.79348947530725
-19.79541344206614
-19.796912619057142
-19.798392176521478
-19.799705113611232
-19.800793647947714
-19.80192477032039
-19.80320816985685
-19.80455848383799
-19.805575825922926
-19.806886666233368
-19.807907433918782
