500 iters for seed 189 on 3R0.3 which is in the 94.80514526367188 percentile
 Maxcut: 21.0, MedianCut: 12.0
-15.999999981028587
-16.000000082402448
-16.000000826377782
-16.000034058930662
-16.000142672973155
-16.00016878103013
-16.00033796004839
-16.000655770171708
-16.001672805772863
-16.004375292541134
-16.012736530731374
-16.041190651723742
-16.16575902405475
-16.29344513859048
-16.40622590705244
-16.718790563552485
-16.972698232827373
-17.14168143458355
-17.332814011607326
-17.46369226810252
-17.60500047221631
-17.683067160669122
-17.732038169429632
-17.78039878758157
-17.820263324593395
-17.847057785117354
-17.86776285476467
-17.885782079086688
-17.90157733398899
-17.915620433350544
-17.92455427064522
-17.931832207822108
-17.940785169059208
-17.94789620962954
-17.953735565660427
-17.964137022109508
-17.96697140494958
-17.97146314780322
-17.974522916592992
-17.97866391351058
-17.98377780964923
-17.98556472747824
-17.98754241985771
-17.989014381015572
-17.99087966781912
-17.992298749603407
-17.993266463678314
-17.994277160779653
-17.99480187502177
-17.995341552977862
-17.99614701418448
-17.996610241601093
-17.997216120101346
-17.997675572116925
-17.99792151394165
-17.998260038322368
-17.998503122002653
-17.99883801513744
-17.99907039882654
-17.999225084014334
-17.999408676778867
-17.99953768170938
-17.999643794596178
-17.999701331210826
-17.999755799880905
-17.999814056614117
-17.99986265630805
-17.99990032876493
-17.999938277136938
-17.999982405368407
-18.000033282038363
-18.000052097218752
-18.000081230888465
-18.000103740278753
-18.000127780166807
-18.000148412095957
-18.000163966906857
-18.000174877676557
-18.000190196922343
-18.000197525258333
-18.000204969930966
-18.000212428763447
-18.000220530877506
-18.000225469083652
-18.000230126644208
-18.000234311901824
-18.00023918910049
-18.00024243831649
-18.000245350027903
-18.000249365960283
-18.00025319807705
-18.00025511724025
-18.000257309569392
-18.000259859392855
-18.00026269010456
-18.00026499235475
-18.000266644261714
-18.000268299516556
-18.000270585435537
-18.00027278581843
-18.000274736045167
-18.000277276815588
-18.000279052961094
-18.000281354827226
-18.00028438074103
-18.000286578154178
-18.000289162459765
-18.00029245842314
-18.000294974437747
-18.000297445706465
-18.00030206543427
-18.00030542026453
-18.000310179387295
-18.000315191071465
-18.000320165140828
-18.000326913458807
-18.00033124156995
-18.000341757939957
-18.000349723523502
-18.00035984827026
-18.000373556741742
-18.000392369494705
-18.000416051800556
-18.000454421797016
-18.00050971598316
-18.000576964692275
-18.000688607758264
-18.00094858630499
-18.00129623621818
-18.001735133428053
-18.00210974214217
-18.00293244751273
-18.00371602200786
-18.004706025674746
-18.005409022412266
-18.00639792229633
-18.007199811631597
-18.00814472940087
-18.008988766175154
-18.010283838675427
-18.011610644297914
-18.013441614317443
-18.014118413099396
-18.01731474395606
-18.019996594269767
-18.02377683920396
-18.030372487514438
-18.04031785069574
-18.05327620346945
-18.066121020022337
-18.07676627623092
-18.08922499542715
-18.11830334476303
-18.12971539394367
-18.1396447883016
-18.163916112565936
-18.185256140614953
-18.20797328440682
-18.22813583538436
-18.254242138524354
-18.27894945693691
-18.294093212192017
-18.313924289803527
-18.33252660049542
-18.348846887661036
-18.361655739698264
-18.38207323470013
-18.39827410117223
-18.413645302783575
-18.426142048330348
-18.439066148214543
-18.45128435420955
-18.464706107460906
-18.471999052363437
-18.479630830426082
-18.48559890934663
-18.493238172240453
-18.4974717435682
-18.500955971605944
-18.50454092546287
-18.50921855432767
-18.512302297990267
-18.51483777993545
-18.520122836893943
-18.52343370598569
-18.528309237567996
-18.532149910519205
-18.535854714605414
-18.538698276223013
-18.541655665806108
-18.544003173027324
-18.54594784386787
-18.548526438944847
-18.55149206428191
-18.552935544247195
-18.55518599165073
-18.55589912286029
-18.558320800249177
-18.559780178238015
-18.56110761653216
-18.56329370603515
-18.567063112678646
-18.56932032249727
-18.571446906381
-18.573252347138553
-18.57554821753866
-18.579096438350657
-18.583007365508866
-18.585987374284773
-18.589671858150073
-18.592035222469875
-18.59490024399183
-18.598400806907048
-18.60058294314955
-18.602641907031536
-18.607328425329563
-18.610258120280772
-18.612750999010505
-18.61916365833049
-18.622425173766064
-18.62676930529943
-18.6321966340388
-18.6361855759998
-18.639207237744507
-18.64294271898993
-18.64609277330819
-18.650020208173707
-18.654583286114057
-18.659351159936843
-18.662585194063958
-18.667484882756945
-18.669419708712574
-18.674091219153578
-18.67674264620447
-18.67968019956403
-18.68395061159677
-18.686658830965918
-18.68985645012259
-18.69107201438541
-18.69347997891502
-18.696627436881478
-18.700076813622566
-18.70297685729226
-18.705904119867814
-18.70894921670918
-18.711978038933054
-18.715824680521536
-18.71892844068454
-18.721357592671733
-18.724820044930585
-18.727181250612105
-18.72952411229913
-18.731435180890234
-18.73397360065685
-18.736085790735768
-18.73828102735929
-18.74046151750318
-18.74261875711258
-18.744439256872347
-18.745982074975874
-18.748064304288476
-18.749780820725753
-18.751557892787634
-18.754056202637067
-18.75506666712599
-18.756546052369334
-18.758147890004953
-18.759188138961765
-18.761880383408013
-18.76337549153851
-18.765291142142615
-18.767658872762883
-18.76968862225368
-18.771628652264187
-18.77359494328711
-18.77482335712818
-18.776402365138257
-18.777910431242784
-18.77934773103142
-18.78022309659461
-18.781322031062846
-18.782562076571153
-18.783983064724133
-18.785250734411
-18.786499672089857
-18.788600612524448
-18.789525746557416
-18.790932918893663
-18.79218345836021
-18.793889569781406
-18.79485697734456
-18.79669292187331
-18.797804013212744
-18.798861454870057
-18.799740557768565
-18.801008602415646
-18.80208084902739
-18.802983749446643
-18.804420131170218
-18.805761784688485
-18.80684052038564
-18.808176976518137
-18.809280455293855
-18.810977569430644
-18.812888099883544
-18.813812675572073
-18.815274883563205
-18.816350515262293
-18.817640457917697
-18.818880224655036
-18.819709394117286
-18.82068698511227
-18.82205044220936
-18.82327708510919
-18.824281694803418
-18.825557297022662
-18.826576186302226
-18.827574845740916
-18.82935142618519
-18.83034158101916
-18.8314940611375
-18.832954239809403
-18.833728361952303
-18.834870412641923
-18.83593845444207
-18.836724607571863
-18.837788802598453
-18.838399944227774
-18.839110249107502
-18.8402607063156
-18.840938638134908
-18.84185688739837
-18.84281535352597
-18.843470601010303
-18.84427145141954
-18.845401370998417
-18.8463556887215
-18.84713804597925
-18.847769981454995
-18.848542199399766
-18.850102590949284
-18.85105779289743
-18.851829496456258
-18.85251215787224
-18.853122060977988
-18.853825091658194
-18.85485465596917
-18.855670471309356
-18.856358048875194
-18.857584193093093
-18.858558090475164
-18.85985502051333
-18.860601731641736
-18.86143983180444
-18.863025222749414
-18.864544420530216
-18.865361523479155
-18.866745877292132
-18.867487140409413
-18.868333867129056
-18.86943519671303
-18.870084088839036
-18.870893563701458
-18.872566558968426
-18.87324394811647
-18.874307151034195
-18.87572321831071
-18.876927247848116
-18.877789723278486
-18.87834648358085
-18.879229009498605
-18.880016691101805
-18.88110675341881
-18.881818025544646
-18.882516456869187
-18.8834042568672
-18.88460701075504
-18.88551167097191
-18.88633828258645
-18.887509800309257
-18.888681956948755
-18.889614582151744
-18.890875278085936
-18.892004140907073
-18.89323496990922
-18.89477863717649
-18.895752587340805
-18.896709114280046
-18.898459270725013
-18.899223432214132
-18.900174511892377
-18.900815020415692
-18.90171672821216
-18.902763088382244
-18.903875839893633
-18.90482414724338
-18.90590630453941
-18.906714678634327
-18.9076862188071
-18.908940644756534
-18.909557760045345
-18.910273450444215
-18.91115192500217
-18.91181693278575
-18.912438074677997
-18.913508405113927
-18.913938557905986
-18.91453808437765
-18.915396773352956
-18.916144860899866
-18.916800308100658
-18.91773096579168
-18.918438129097048
-18.91941348201881
-18.920938232560342
-18.921691126883232
-18.92271836426632
-18.924149980507167
-18.924958356526783
-18.926396266075145
-18.92734572389333
-18.928533398828183
-18.92957237327234
-18.930484127658318
-18.931232753037147
-18.931989179606596
-18.93268964254457
-18.93344556435666
-18.934452837821553
-18.935207287210915
-18.936095431949845
-18.936969118817604
-18.937889692028524
-18.938576958919455
-18.93935603904621
-18.940226433599403
-18.940705325194134
-18.94152508160351
-18.942403273506972
-18.943459326784204
-18.9440599030407
-18.94478137482553
-18.945242207714568
-18.94589367282317
-18.946735695068888
-18.947384365827446
-18.948375611854953
-18.949410325401985
-18.950216645892
-18.95097373889347
-18.95181698013958
-18.953046856004924
-18.953615899809275
-18.954205751569663
-18.954875693172493
-18.955468154160666
-18.95603861476317
-18.956744367400525
-18.95715613674085
-18.95770836073033
-18.95847491514823
-18.95926917662496
-18.959818159197447
-18.960511055363213
-18.961003274124685
-18.961642093253122
-18.96262623469356
-18.963097757041577
-18.963470008027944
-18.964341214108643
-18.964905773042645
-18.96570244442146
-18.966620982091616
-18.967037793643716
-18.9676805804726
-18.968182397894576
-18.96880962309685
-18.96944377470401
-18.969912880053815
-18.970764968344426
-18.971549295934256
-18.97217192221948
-18.972951750472564
-18.97370874785363
-18.974670104833177
-18.975424897506876
-18.97593871303876
-18.976548102431888
-18.977135427245305
-18.97800921285088
-18.97901226979541
-18.979779802156035
-18.980192461062757
-18.980968058556563
-18.98146701400229
-18.982018298004693
-18.982690195210328
-18.98306021377786
-18.98347919219545
-18.984455811446555
