500 iters for seed 96 on 3R0.3 which is in the 94.81430053710938 percentile
 Maxcut: 20.0, MedianCut: 12.0
-15.999999949581676
-16.000000002806658
-16.000000365987788
-16.000001856492563
-16.000005420478153
-16.000015336510394
-16.00052784863996
-16.001106208313804
-16.002883937046644
-16.0040142149976
-16.008657821222357
-16.02615990668473
-16.09506954882823
-16.132383117379145
-16.165157655330944
-16.206889181726023
-16.24516558751413
-16.29345122595066
-16.35992350680735
-16.403106849428706
-16.47464818921152
-16.545858481076138
-16.618831175055643
-16.696467888014713
-16.75375922671415
-16.813492115859976
-16.878690619468113
-16.937973355656094
-16.990871874197623
-17.055185244316608
-17.12249073218369
-17.173815849161976
-17.212091000751723
-17.24328541650061
-17.265509062401016
-17.292383542453823
-17.31492816413126
-17.336511645515984
-17.356361254165353
-17.375575747351366
-17.395859088718037
-17.411055359304594
-17.426840372310423
-17.44270092987602
-17.45891726098092
-17.47207333727937
-17.482071406272247
-17.493870497923577
-17.50323435662975
-17.511212201836447
-17.525483932115815
-17.533776755627084
-17.546368616834293
-17.555989625048504
-17.56486882548434
-17.579934160290353
-17.590828967509136
-17.599366274302213
-17.60552235873154
-17.612493748212522
-17.621271338905018
-17.628843576160932
-17.63495145336486
-17.641203044508675
-17.64868293608251
-17.656033071702485
-17.66189596593308
-17.668095560775726
-17.674611148897135
-17.682867996349266
-17.687667831294515
-17.693451734940865
-17.695895185644076
-17.70261924862231
-17.706647963931832
-17.710655332675646
-17.717390151280107
-17.720458207736158
-17.73054061967585
-17.733212336409764
-17.736896895367337
-17.741766221494842
-17.746491355415614
-17.750926215685627
-17.75397219746251
-17.757268714989998
-17.76156260125295
-17.765292289330006
-17.76836401714333
-17.771696210576216
-17.775645436721835
-17.77995824121459
-17.784035919848318
-17.78690532492682
-17.790829516493957
-17.79377641018231
-17.79663619085107
-17.80024383809491
-17.803043801236164
-17.807445310835266
-17.811763644700306
-17.81458311592054
-17.81801805808505
-17.820740577186296
-17.824020080343168
-17.827188441382372
-17.829412493715424
-17.833553630708266
-17.837026267624882
-17.840268900330734
-17.84362590379093
-17.84637175196743
-17.8528144395919
-17.855639027992844
-17.859122605465966
-17.862131866877114
-17.865536400900698
-17.8711017438822
-17.87433375545288
-17.878501262441162
-17.880870842468603
-17.883957236871062
-17.889578475196494
-17.89312115422769
-17.89898633952878
-17.902165992916547
-17.906209243692814
-17.911480269465933
-17.9170581363133
-17.920612933854517
-17.926493367447854
-17.930597558387763
-17.935027989691736
-17.941347553864166
-17.945482924249486
-17.948842195332674
-17.95799622427125
-17.961535012396368
-17.967322934745848
-17.97354296775315
-17.980575422145833
-17.98603261891291
-17.99327319920445
-18.001880892646042
-18.011553803795014
-18.022327823817726
-18.031642972263306
-18.040328954455326
-18.047504364878705
-18.05528886189361
-18.064932649400845
-18.074567204486012
-18.083223050709147
-18.091562583758304
-18.10176864315845
-18.111183595316522
-18.119436384721986
-18.126720073552793
-18.134684399505396
-18.143421257162657
-18.151314997883933
-18.15728195879936
-18.161764572862513
-18.168342266220638
-18.172248946178627
-18.17709673174266
-18.18224923960953
-18.185496007372524
-18.192337872035093
-18.195158454015658
-18.198937933228727
-18.201089522050022
-18.20467871743009
-18.21036715140623
-18.213565892857805
-18.217540105239113
-18.221564783139875
-18.22521724320033
-18.230802235980097
-18.236544941074865
-18.24184936022785
-18.247397862351
-18.253411294093645
-18.260709201477994
-18.266350110790167
-18.271257597937364
-18.27899371318199
-18.284105945957585
-18.289654345885072
-18.293946401808004
-18.29806716795119
-18.302142721125843
-18.309128076753623
-18.313481288598688
-18.318600155802535
-18.32556502357886
-18.333445003035756
-18.33991321931962
-18.347372122573038
-18.353484298219797
-18.361159913582135
-18.369551776223364
-18.375354766553578
-18.382809383490695
-18.391218269391235
-18.396532410645523
-18.402795495712336
-18.40690626250388
-18.411242689605107
-18.416204489518055
-18.421280780754497
-18.427323555090513
-18.433094060815982
-18.43911364566427
-18.446121589783576
-18.452238590934748
-18.45730141719913
-18.464142775786623
-18.470752955574167
-18.476829996480436
-18.48148286000143
-18.48682399078263
-18.491379663532758
-18.496980012016394
-18.501033562601574
-18.508469880557154
-18.513500283546527
-18.517737809490747
-18.525670912717764
-18.53076888120195
-18.538747098708257
-18.544861412993704
-18.551777617738924
-18.557324068152827
-18.56249853195434
-18.56867926940539
-18.57364926497347
-18.57996487290966
-18.586234096281796
-18.592751437683635
-18.598232738834533
-18.606663980900088
-18.61186491375401
-18.61791401479223
-18.62516209098984
-18.63084291309743
-18.637326144788346
-18.644627861465597
-18.650295563054712
-18.657099709727444
-18.66348638700998
-18.672605429937416
-18.678331270592885
-18.685132793310935
-18.69210175633567
-18.700618365812343
-18.70774033702325
-18.714267477300044
-18.72032450810529
-18.7295995356943
-18.736150319019895
-18.742884640124824
-18.750058899675714
-18.758991351293616
-18.76553002756253
-18.772610143320858
-18.780523699542144
-18.79002393550378
-18.79737337150199
-18.805824466256702
-18.812269076926412
-18.818129083600585
-18.828674192926634
-18.83444144285519
-18.84132233386884
-18.850148981002906
-18.854984317557587
-18.859319398985146
-18.866466349918344
-18.870991983743075
-18.878001524017314
-18.88596538425458
-18.893398070073154
-18.89908691186832
-18.90563291116713
-18.913634942430093
-18.923989614395566
-18.933656104458517
-18.94320224536886
-18.951598382796014
-18.961731668557988
-18.96880341037997
-18.97444062538936
-18.982306026247347
-18.988755080220503
-19.000978244718006
-19.010508664516678
-19.01970546942631
-19.02892385532368
-19.03714055944767
-19.04686006363204
-19.0590187046013
-19.065168758809815
-19.07423730193319
-19.08488568435504
-19.097246260705692
-19.106486380448604
-19.11482549324259
-19.124014534935107
-19.138562143275976
-19.149843036794998
-19.16248848980753
-19.17247487562033
-19.182614905473702
-19.191233967875107
-19.203369918517538
-19.21255888545456
-19.223877725397447
-19.236433971454886
-19.245088336455847
-19.24835496500464
-19.265536221404332
-19.269622172284937
-19.275350464055784
-19.282602563393702
-19.28870210045799
-19.299504800221793
-19.30298892122123
-19.307484924989403
-19.311496913448902
-19.315878022201403
-19.31997026801297
-19.322802568614605
-19.327156383689143
-19.331921234917754
-19.335328427898457
-19.33839200268001
-19.340406323426137
-19.345327938911424
-19.348351780550548
-19.351333045633986
-19.3559583192465
-19.356816302804294
-19.36542770781712
-19.367741845054795
-19.3711024883412
-19.374492481227843
-19.378192452056954
-19.381852058664165
-19.38529987150291
-19.388762211059717
-19.391799052239953
-19.397155475620732
-19.39937662213541
-19.402599418147457
-19.405826242455802
-19.408657932042242
-19.4114823051459
-19.41527340320187
-19.417472631916375
-19.42058691748249
-19.42346271752014
-19.42632036029298
-19.428647935710224
-19.431117556073946
-19.433699754841882
-19.43612013472131
-19.43840801108224
-19.440201418118985
-19.44296879584592
-19.445162251623966
-19.447581740321993
-19.449132156185474
-19.451146698638016
-19.454371354246362
-19.456736447409533
-19.45832531256239
-19.45983385064759
-19.461097936231972
-19.463941853938653
-19.465525368019904
-19.466887676527357
-19.468168149479144
-19.46951419049349
-19.470141615081744
-19.47261903529549
-19.47354732578656
-19.47472115376127
-19.47648905303244
-19.478561360439887
-19.481452304014404
-19.482859635312504
-19.484508630646193
-19.485457933792812
-19.487042952455162
-19.488478375635985
-19.489338296378335
-19.491250776335743
-19.492301907078378
-19.49366566011853
-19.494882590193043
-19.496092653722243
-19.49723389099713
-19.498425246881173
-19.49999561857436
-19.50108030698142
-19.501931642268165
-19.50295647924048
-19.503868954085103
-19.50497704553783
-19.506336974769145
-19.506882807247973
-19.507719960460797
-19.50861634737587
-19.50951713439186
-19.510420001985786
-19.510958221062275
-19.511553715748537
-19.512588148989025
-19.51349267591375
-19.513943784182732
-19.515017901304535
-19.51560459436188
-19.516442776734618
-19.517407732234346
-19.51822266456259
-19.519029205494906
-19.520302604689835
-19.521003343817718
-19.52189158222402
-19.522566751639996
-19.52370440845041
-19.524512059616942
-19.525155637773437
-19.526361715996064
-19.527043219781138
-19.528196731961312
-19.529040066276654
-19.529748649668537
-19.530422119857132
-19.531014772080717
-19.531644676305774
-19.532282097834145
-19.532850156986267
-19.533477921050924
-19.533884741854447
-19.534701189243908
-19.535064453736013
-19.535538841963717
-19.536020704418558
-19.536573241166632
-19.536891678172683
-19.537440486056784
-19.537853580904176
-19.538276137960903
-19.538831409868862
-19.539632081745584
-19.54027684460115
-19.540971906893382
-19.542009277256593
-19.542606206337776
-19.54344363480527
-19.54401647585264
-19.54448580838
-19.544950760656896
-19.54543643513902
-19.54609242600977
-19.546541414612133
-19.546938689678782
-19.5477868476165
-19.548278105024114
-19.548984738353926
-19.54968631617421
-19.550334623583158
-19.550920215968656
-19.551646167484915
-19.552281417537017
-19.552793856216258
-19.553641663394984
-19.554258883603854
-19.555191462647127
-19.555639678167015
-19.556321040317815
-19.55675311128196
-19.557264663559604
-19.557964231941757
-19.558660552655553
-19.5591054767016
-19.559712119122437
-19.560110234243066
-19.560813706659342
-19.561462779852384
-19.56197051740118
-19.562824468227102
-19.562986832554092
-19.564291244127492
-19.564741738211914
-19.565446363145035
-19.566184110458476
-19.567101665045826
