500 iters for seed 105 on 3R0.3 which is in the 78.89480590820312 percentile
 Maxcut: 20.0, MedianCut: 12.0
-14.035334423571154
-15.26086111610892
-15.349571476567514
-15.464473226200468
-16.00033502111331
-16.370465438219735
-16.66875907648816
-17.078102594843372
-17.46346766483806
-17.74163917326454
-18.10120684232762
-18.372050838946446
-18.619904665455973
-18.81626514615593
-19.02557508159139
-19.160126949640823
-19.26506778532193
-19.330458272503368
-19.416223078118286
-19.498829554032824
-19.552710045655704
-19.628669994982697
-19.68509029284713
-19.738740192007636
-19.775797852962327
-19.80293347058478
-19.851824152989117
-19.875811286630405
-19.89280348940847
-19.90821108676585
-19.922045718434205
-19.930827655654195
-19.939445407982802
-19.94612071371104
-19.953777495607195
-19.960816968187086
-19.9683716066233
-19.970269369878594
-19.97386986739033
-19.977077102372263
-19.98074882389884
-19.983309884217654
-19.98583973054578
-19.987981204476945
-19.98995641140889
-19.991267453115903
-19.992963093217917
-19.99412705943043
-19.994926733626727
-19.99579717758792
-19.9963081626328
-19.99677038853127
-19.997418306503103
-19.99773377589803
-19.99799543748945
-19.998348978935645
-19.998520703418464
-19.998786759132706
-19.998986609622854
-19.99919166621212
-19.999290884167436
-19.999413055242762
-19.999486075755172
-19.999550064999926
-19.99960154358834
-19.999639028723383
-19.999719881216848
-19.999758110242073
-19.99978482981935
-19.999805437661998
-19.9998262803722
-19.99985015835539
-19.999875348851052
-19.99989166866677
-19.99990297114109
-19.999917218292783
-19.999925528176682
-19.999933953374253
-19.99994070405292
-19.99994627003034
-19.99995167086875
-19.999957600403576
-19.999960682138674
-19.999965872225474
-19.999968413845743
-19.99997167748624
-19.999974436244422
-19.999977096855318
-19.99998104161579
-19.99998285876401
-19.99998536403148
-19.999986925001398
-19.999988077896948
-19.999989160775606
-19.999990701884723
-19.99999184342698
-19.99999264223314
-19.999994068924387
-19.999994559431318
-19.99999518174218
-19.999995536820208
-19.999995973101264
-19.99999659516475
-19.9999968999969
-19.99999733486781
-19.999997575590722
-19.999997827702607
-19.99999803244768
-19.99999820472903
-19.999998366735703
-19.999998560653285
-19.99999878767403
-19.999998984947844
-19.999999160771264
-19.999999281767774
-19.999999403405976
-19.999999523810125
-19.99999960694644
-19.99999965631106
-19.999999692121524
