500 iters for seed 76 on 3R0.3 which is in the 50.316619873046875 percentile
 Maxcut: 21.0, MedianCut: 12.0
-12.018663558088653
-12.085597490835433
-12.275238173326112
-12.324228047035708
-12.523755508867518
-12.822597544358308
-13.149268067820877
-13.35733482583358
-13.684188769038279
-14.099729696624722
-14.424187412758503
-14.797810795960322
-15.153647420936423
-15.53908680016319
-16.122186596861983
-16.639389926380236
-17.115960379584042
-17.47744336648304
-17.831978687586624
-18.04389911853439
-18.321083337864337
-18.611239626259877
-18.831974244428235
-19.038808112945475
-19.172824829297568
-19.310241896263328
-19.417716397077545
-19.49396854853004
-19.545676139716374
-19.625818529530534
-19.646986459019917
-19.69705833668608
-19.71733587638597
-19.747823105038794
-19.790966559542472
-19.807013202004644
-19.846066383549577
-19.85536728868758
-19.866515109400346
-19.878058865902712
-19.890461272321847
-19.899499124039775
-19.905526959216356
-19.913821750422642
-19.91946342239507
-19.924484013744816
-19.932254748066768
-19.93723256154206
-19.944197947737493
-19.948960997468262
-19.953512826539686
-19.957375349529713
-19.960794772469637
-19.964755873072512
-19.96719918686882
-19.970258092916257
-19.973578846301027
-19.975653579456072
-19.977115916972714
-19.980598321674396
-19.981331073369518
-19.983689183013723
-19.984656842677374
-19.986036786389366
-19.987771071075866
-19.988785366835717
-19.990402598279076
-19.991171277836827
-19.992008257551387
-19.992762443541185
-19.993584025779032
-19.99466396640867
-19.995252688953165
-19.995795429223943
-19.996129155131452
-19.99651608817458
-19.997158610273317
-19.997493874564036
-19.99779247886488
-19.997993077664027
-19.998161690109324
-19.998322841749324
-19.998423657484885
-19.998544305868563
-19.998754076182518
-19.998968828355434
-19.999101372805132
-19.999197622997546
-19.999317088298728
-19.999376665755463
-19.99945578815929
-19.999517014545177
-19.999568141820784
-19.999614030598543
-19.999660551404087
-19.99968766209693
-19.999708406628947
-19.99972929209141
-19.99975807165449
-19.999787129935456
-19.999810953835393
-19.999828623413414
-19.999846125170723
-19.99986574750808
-19.99988229464622
-19.999895535119933
-19.999907213085
-19.999916184492438
-19.999926904940633
-19.99993225410003
-19.999937769709806
-19.99994487194263
-19.99995190491399
-19.999961074177754
-19.999962039490416
-19.999967419547335
-19.999969279765363
-19.999971910284184
-19.999975075333417
-19.99997586101034
-19.999979114086436
-19.999979957918224
-19.99998150390796
-19.999982898866193
-19.99998476450827
-19.99998614133063
-19.9999875755752
-19.99998883468226
-19.99999019422116
-19.999991198074927
-19.99999212983888
-19.999993260110777
-19.999994218834633
-19.999994674491074
-19.999995472693236
-19.999995687205317
-19.999996165946985
-19.999996403639653
-19.999996616663918
-19.99999695371114
-19.999997033376534
-19.999997668908787
-19.999997861283195
-19.99999804390169
-19.999998274701472
-19.99999841984294
-19.999998613483704
-19.999998746645772
-19.99999891276875
-19.99999905045083
-19.999999114661335
-19.999999204086418
-19.99999927423303
-19.999999423003754
-19.99999948457812
-19.999999522197722
