500 iters for seed 86 on 3R0.3 which is in the 79.40902709960938 percentile
 Maxcut: 22.0, MedianCut: 12.0
-13.999999973860444
-14.000000094426262
-14.000000331907971
-14.000000879856556
-14.000002205246995
-14.000005476290593
-14.000013627664455
-14.0000340420055
-14.000085301857847
-14.000214185299978
-14.00053815419671
-14.001351005834248
-14.006303662823408
-14.281274719542035
-14.46511795502932
-14.814789055724257
-15.147780091372395
-15.321314323791876
-15.504328462034286
-15.780712065541259
-15.90673522157644
-16.173400591520426
-16.417899567381696
-16.632866363185236
-17.01561671092191
-17.196330044182062
-17.322596181485824
-17.51156178569596
-17.60477133416408
-17.6937688198219
-17.780159502982396
-17.856139600430808
-17.947240772850208
-18.02050224287193
-18.070872995792527
-18.12371924198185
-18.194324317394834
-18.273916564346003
-18.359610231696646
-18.445039610372856
-18.520550361321227
-18.57835458196638
-18.611814607692843
-18.667655435667815
-18.69079786449504
-18.72892097683778
-18.751911845022065
-18.774886704579348
-18.79323816356196
-18.81846569397098
-18.836790233035504
-18.851955514720323
-18.879754454852083
-18.893461163362566
-18.909647245636613
-18.92564040118723
-18.944785483926733
-18.964586867075035
-18.98780500483614
-19.009898687336896
-19.03685933064277
-19.066792743322722
-19.09957427830897
-19.118915884333774
-19.15354902992801
-19.179708436563626
-19.208330808540683
-19.228603332122017
-19.253330630663214
-19.280677662438165
-19.310617668400326
-19.340705162090995
-19.368554143690602
-19.39947149235187
-19.44013505444686
-19.482674203085615
-19.529220895326443
-19.56900483545276
-19.61513204688366
-19.64807918007912
-19.682180074889455
-19.731383103858
-19.766366229149266
-19.780153114438864
-19.837295344681767
-19.851684689501894
-19.879187932620166
-19.909966685187303
-19.941581420399018
-19.966049532754653
-19.994579054723033
-20.01571815590645
-20.037028179056616
-20.058749929097964
-20.072614889488598
-20.093338290706882
-20.11428532689107
-20.124644670679935
-20.143908638655557
-20.162160614827023
-20.18435975616107
-20.201224845627678
-20.212737584079264
-20.230032480241462
-20.24290114075524
-20.25511458715802
-20.26751730723011
-20.276377996906938
-20.293906137805614
-20.302687901144846
-20.310022432781995
-20.314934518557088
-20.321040123146368
-20.32973573495006
-20.337378114489518
-20.341775151902983
-20.346951414060257
-20.350194322618822
-20.35536869601076
-20.35894928923591
-20.361955552376465
-20.364465874402875
-20.36803061383577
-20.36976149175888
-20.3727661447232
-20.375318933576253
-20.37788500122423
-20.3823892553517
-20.384705472793318
-20.388315587208776
-20.39073500239025
-20.392874761493772
-20.394802832138712
-20.396919765490363
-20.40068183844586
-20.402610450996534
-20.404537802811177
-20.407597901305092
-20.409622268577007
-20.41503340386745
-20.417200261238925
-20.42052745781567
-20.42208384733878
-20.424418479654587
-20.42666725909735
-20.429383459390497
-20.4313224074667
-20.433421935284176
-20.435759118690836
-20.437680211428734
-20.43912050393288
-20.440569011065712
-20.441975332587496
-20.444428206197443
-20.445763343718827
-20.4474834374698
-20.44965604274693
-20.451528675434492
-20.453495445070363
-20.45615433649369
-20.45765309772858
-20.459840871613313
-20.46181519882989
-20.46404742182104
-20.46776983578627
-20.46997456297676
-20.472870850341682
-20.477428940204025
-20.47949830105456
-20.483676062129565
-20.488528074985307
-20.491771761859688
-20.49503907652031
-20.497305185825553
-20.500440212378514
-20.503900726898664
-20.50733217240641
-20.510441509617397
-20.513106454533805
-20.517322733335657
-20.521451250094426
-20.524246068738798
-20.52750011173367
-20.529984870264503
-20.53307419821047
-20.537784220641964
-20.540760190511833
-20.544466922060955
-20.54877564840949
-20.551943519103435
-20.55396019904626
-20.558274098561668
-20.56001402211014
-20.56253630329485
-20.567103449201092
-20.570888959335466
-20.5774144316499
-20.58066407082009
-20.583845081077445
-20.588840945983954
-20.592288527650165
-20.597333602411236
-20.600794124062183
-20.604568875021062
-20.608446209293216
-20.612601316450178
-20.618010062189825
-20.62355418528487
-20.6273638345333
-20.634090852162213
-20.638319306311672
-20.642524118919265
-20.650078006075365
-20.654504584311624
-20.66002074275137
-20.664009829544817
-20.668492338240142
-20.672804244062995
-20.67681928585095
-20.68362365876634
-20.686914384813026
-20.691053582457187
-20.697786645669797
-20.702717143534905
-20.70852668463713
-20.71702364872493
-20.72308655822528
-20.732229648297725
-20.735883210041944
-20.742939065114413
-20.747237896526322
-20.751431763879175
-20.759648194904603
-20.76505662171285
-20.773670285724396
-20.77922429380632
-20.785437689610514
-20.790828892361088
-20.795965516509334
-20.800933275502164
-20.806416793879496
-20.814418734090275
-20.822339381505667
-20.829617365116903
-20.837564989247234
-20.84483755099816
-20.853692086633853
-20.861804127849787
-20.870238206710823
-20.87811433085384
-20.88365994625642
-20.888955907556525
-20.89400397500945
-20.899079691205174
-20.90585777765436
-20.91096203547672
-20.91423649475624
-20.920465197711827
-20.923648724447958
-20.92732418640965
-20.93406803088547
-20.93708719265729
-20.940305761169352
-20.944537705110715
-20.947566562060143
-20.951566332452792
-20.954759933954335
-20.958233762008053
-20.961366909996492
-20.96479683423444
-20.968682227017805
-20.97193355944036
-20.97438924751381
-20.978925451114975
-20.98492014321214
-20.987228609747905
-20.992001103498247
-20.99374114642759
-20.996520504505455
-21.000053036422752
-21.003438948696207
-21.005674929448773
-21.007337959402328
-21.008465675469882
-21.01360820672664
-21.01567119830122
-21.018094275412636
-21.022260438881922
-21.025575803882838
-21.02967029859217
-21.033693420059713
-21.036707969440464
-21.039647372460568
-21.042893435674827
-21.0462961575564
-21.049586682403927
-21.05215303091355
-21.055396912561452
-21.05954986486027
-21.062375924879444
-21.06670553598443
-21.06930065339572
-21.072550880565103
-21.07668110619603
-21.08081869429517
-21.08429475517322
-21.088176757725577
-21.091344452357674
-21.094938622194345
-21.098111956381516
-21.10184320129258
-21.10560508189847
-21.109460164154985
-21.11260463685947
-21.116944438821772
-21.1209380428741
-21.124481993874376
-21.127790750582918
-21.12973674803104
-21.133310800979476
-21.133920399091217
-21.13800642595719
-21.139435741890363
-21.141280877363627
-21.143783385114528
-21.147018936991785
-21.15043721157214
-21.15411583019725
-21.157199525078937
-21.15995357659576
-21.16427929381144
-21.16697101265448
-21.169207247937766
-21.17313048126037
-21.175738965485447
-21.17983525236651
-21.183764895300914
-21.186144097184034
-21.189137044830986
-21.19264144289688
-21.19643577706195
-21.199855682378825
-21.202751116718687
-21.206271747851197
-21.21140953910271
-21.216274265053368
-21.220405707291228
-21.224533672836838
-21.227410947813272
-21.23065263368811
-21.23554756559681
-21.237819471532525
-21.240475062575022
-21.245061467861166
-21.24828630532117
-21.253143493372313
-21.25711575750575
-21.260558571428053
-21.264321240751425
-21.26763936004925
-21.272233341293237
-21.27836172395196
-21.281208656576183
-21.285169479292126
-21.291120733651418
-21.29538371003077
-21.29949801938378
-21.30248888086043
-21.304297995848074
-21.306573474706337
-21.309786635383404
-21.311526125207955
-21.316419654980326
-21.31940289499966
-21.322712583123668
-21.326271025391005
-21.329802648711606
-21.333273725924656
-21.336434674773955
-21.338532306307705
-21.341999860225652
-21.343317325921518
-21.348131799115745
-21.349538499982437
-21.351792601970175
-21.355257276637744
-21.35943781443565
-21.363425567574193
-21.36710859468593
-21.371262831893297
-21.375443403047175
-21.378493693677225
-21.38272683480412
-21.38598466697636
-21.38972327680742
-21.395287537368315
-21.39792248011518
-21.40095231284277
-21.404508585165615
-21.40729791259947
-21.410287439576294
-21.41345362321543
-21.416414428482923
-21.42200247369566
-21.425044379700623
-21.430255692778818
-21.43361673884271
-21.436954209534377
-21.440726675164903
-21.446149251745783
-21.44725451095135
-21.452895731968386
-21.45504494457706
-21.459379104922487
-21.46281432188065
-21.4669981439033
-21.470309100272377
-21.473793091154565
-21.477822343987555
-21.48267519796112
-21.485312010584583
-21.488065555688735
-21.492133361503562
-21.497508612279827
-21.503283147494805
-21.50645247277751
-21.510013359059432
-21.512939030818536
-21.51694679117537
-21.523879764664844
-21.52870372729636
-21.53418979447089
-21.538635146175928
-21.54214478866593
-21.545908684769586
-21.5509279672609
-21.555269535042534
-21.55775129686593
-21.561821172280478
-21.563575460717225
-21.56627838580891
-21.5693836842083
-21.571757135015858
-21.575313534578438
-21.578117634239636
-21.58082437688648
-21.583157825991968
-21.585072365327242
-21.58701502931294
-21.58964581537332
-21.591158155841807
-21.593513292698955
-21.594984554848434
-21.596979128755557
-21.59807564388083
-21.599342534907834
-21.60093714215265
-21.60195521041069
-21.60470279822588
-21.605791779799986
-21.606865270903537
-21.60833284377617
-21.6108289654695
-21.613009883407514
-21.61400911339453
-21.614880484604736
-21.615645621969342
-21.616740481898777
-21.618630264990976
-21.619383533873652
-21.620791599987722
-21.62219731436052
-21.62378943214616
-21.62481843166563
-21.626297928586787
-21.62796543915467
-21.629490535362645
-21.630114418403174
-21.631775008389887
-21.63264327967375
-21.633732062107928
-21.634640830139155
-21.635824662354196
-21.636568252585054
-21.637562872106756
-21.639099895088748
-21.63974749873927
-21.640886035072626
-21.641960718220588
-21.643011080562516
-21.643518972427636
-21.644194881679457
-21.644873525521962
-21.64547295583323
-21.646069865797553
-21.646621481638906
-21.64717775109396
-21.647661499210354
-21.648094966465038
-21.6489143813895
