500 iters for seed 125 on 3R0.3 which is in the 94.79904174804688 percentile
 Maxcut: 22.0, MedianCut: 12.0
-15.999999902128378
-15.999999950158701
-16.000000077941156
-16.000000335522166
-16.00000527103458
-16.00002380756538
-16.000113759813676
-16.018703667043138
-16.018722128303256
-16.023976162999983
-16.08939869938627
-16.181543105720525
-16.334401430448057
-16.645543658085902
-16.81099088094725
-17.19550869132301
-17.546847750424135
-17.817475606156634
-18.04686089947366
-18.318413739045177
-18.532221322019275
-18.711681214576057
-19.0064155443013
-19.104025982062012
-19.234044688475542
-19.324622610850533
-19.397496375318585
-19.53203129215245
-19.55301184172357
-19.660233150491027
-19.697239803670264
-19.752610729104543
-19.795323219878597
-19.835057715523217
-19.850139726097694
-19.871786562255075
-19.89347795788958
-19.917709984567733
-19.937017478505688
-19.947195958391653
-19.95633143461051
-19.965365123255722
-19.971592536519957
-19.975630923951822
-19.980322268805747
-19.982848691503264
-19.985015049318665
-19.986979710427146
-19.988561257819512
-19.990301141614083
-19.992412071739235
-19.99304502409494
-19.99422018234756
-19.994944303404136
-19.995763857820418
-19.996383021875243
-19.996743992881523
-19.99760154329846
-19.997783004078535
-19.9984311107727
-19.998630915854463
-19.998880492355436
-19.999043449261503
-19.999302204635626
-19.999376180438443
-19.999457163068268
-19.999562318465173
-19.999613508350695
-19.99967202226635
-19.999712469714037
-19.999745645323625
-19.99977875364219
-19.999807176132393
-19.999837207177645
-19.999862593254257
-19.999883119467373
-19.99990019095348
-19.99991640432328
-19.999929909602777
-19.99994161022915
-19.9999487057344
-19.99995497994941
-19.999960102839815
-19.999964364649333
-19.999970967845424
-19.99997443993708
-19.999978105515407
-19.99998200643379
-19.999984360622033
-19.99998569474609
-19.99998897165327
-19.999989777823554
-19.999991179622217
-19.99999203006063
-19.999993431295163
-19.99999418789284
-19.999994776037106
-19.999995794145256
-19.99999630898555
-19.999997094055335
-19.999997504714347
-19.999997898256474
-19.999998201042335
-19.99999845139103
-19.999998683819353
-19.99999889823863
-19.999999085411993
-19.99999919514237
-19.99999928668606
-19.999999399192543
-19.999999489574634
-19.99999955925462
-19.999999604927176
-19.999999647280184
