500 iters for seed 16 on 3R0.3 which is in the 50.243377685546875 percentile
 Maxcut: 22.0, MedianCut: 12.0
-12.003251506671576
-13.23202280744404
-13.23934007083558
-13.450879078597868
-14.247784651242707
-14.52718325574958
-14.935996589475202
-15.421341719582413
-15.848464120541834
-16.225548243462086
-16.65352874904956
-16.95216822543359
-17.51277167682988
-18.07832716899074
-18.43937268038395
-18.763729190308453
-18.991017035481196
-19.15010471244535
-19.293921620006852
-19.43695599164525
-19.541934149765527
-19.608798303901054
-19.648966506603255
-19.68797496789499
-19.72858361854057
-19.762977308293788
-19.787466145858353
-19.816283620057497
-19.84429719984106
-19.872794678052664
-19.894144976841005
-19.907724040682055
-19.92076268302438
-19.93567500499149
-19.945835851236875
-19.95531303094282
-19.96360017298378
-19.968445992110546
-19.97370264784677
-19.976972339625544
-19.979420218381076
-19.98110728806811
-19.983384632533443
-19.98549176868116
-19.987486525127153
-19.9889738045329
-19.990341308824277
-19.991822802589574
-19.99314703677111
-19.994310229573426
-19.995125930311627
-19.995766611621775
-19.996329114064864
-19.996803622421847
-19.997324824078426
-19.99780675701897
-19.998174332709144
-19.998393969622672
-19.998651848081842
-19.998850812237748
-19.999008364974983
-19.999156513944175
-19.999267858108336
-19.999383185140072
-19.99955759605204
-19.99960443506114
-19.99966527786949
-19.999715868542594
-19.999763902832086
-19.99981013882493
-19.999835468461846
-19.999879617043895
-19.99990504998699
-19.99991560737287
-19.999925423565692
-19.99993502488451
-19.999938240900892
-19.999952021060388
-19.999955558788187
-19.999960904425752
-19.99996726930674
-19.99997300280362
-19.999975902900882
-19.99997876292023
-19.99998101336029
-19.999983714573304
-19.999987808104667
-19.99998841711567
-19.999990547493418
-19.999991408776953
-19.99999273973958
-19.99999404896557
-19.999995075654063
-19.999995738432162
-19.99999641578162
-19.99999705256694
-19.999997281992734
-19.999997981253586
-19.99999812450417
-19.99999839313945
-19.999998698859404
-19.999998993064818
-19.9999991670566
-19.999999305965833
-19.999999451428675
-19.999999557463138
-19.999999628189737
-19.999999686899027
-19.99999973506869
-19.999999789622972
-19.999999834498702
-19.999999864887936
