500 iters for seed 109 on 3R0.3 which is in the 78.83529663085938 percentile
 Maxcut: 20.0, MedianCut: 12.0
-14.000973799791606
-14.146219831634099
-14.278308451452688
-14.805357413915596
-14.872402716508025
-15.122468897633489
-15.5664224684987
-15.908928892321073
-16.351843144656346
-16.71689571273794
-16.9917859557187
-17.156522012924885
-17.353614651496468
-17.446532387714306
-17.538708393684413
-17.62028404316874
-17.67699615853444
-17.73028126308156
-17.781433177818784
-17.79879724465465
-17.829137115989678
-17.856610101649235
-17.882255616292007
-17.897562980610587
-17.909277340490522
-17.925630061281776
-17.939357737434776
-17.951568472630726
-17.957788422705445
-17.963534977250426
-17.968716066344076
-17.97427119266942
-17.977607046102044
-17.98057166921571
-17.983116466356936
-17.98653485659672
-17.98768666727188
-17.989538551213357
-17.99034435200696
-17.99156361417022
-17.992328251055575
-17.99290666955146
-17.99386191243372
-17.99441673878522
-17.99506290194172
-17.99553765975269
-17.99598847582756
-17.996391092684362
-17.99668969710768
-17.99706554977953
-17.997290578715102
-17.99752211484033
-17.997717056985856
-17.997869760566605
-17.9980173685669
-17.998160944346488
-17.998249117201624
-17.9983266444189
-17.998447556852042
-17.99855144671649
-17.998633466235823
-17.998714097216418
-17.99880295047252
-17.998916433677994
-17.998999585744638
-17.999052760844084
-17.999101108701865
-17.999148850062056
-17.999193777297787
-17.9992346018284
-17.99927221242933
-17.999309957133836
-17.99935237184327
-17.999372244555158
-17.99940169587874
-17.999423949368733
-17.999443268954757
-17.99947786005275
-17.999495443818798
-17.999515539717006
-17.999530760213126
-17.999549791107942
-17.999564392615916
-17.99957670180156
-17.999595125684163
-17.999605573255437
-17.999615810698963
-17.999629934877763
-17.999638919716627
-17.999648073054402
-17.99966212675722
-17.999673567843267
-17.999681834297764
-17.999701949750854
-17.999710063742363
-17.999720762533162
-17.999736180130213
-17.99974441799341
-17.99976279371441
-17.99977399287356
-17.99978382854831
-17.999791326329532
-17.999800640641165
-17.999812166079604
-17.999823038164283
-17.99982888090071
-17.999838540250316
-17.999843773683292
-17.99984921523366
-17.99985671547367
-17.99986089430016
-17.999869524212528
-17.999877404969485
-17.999880166087333
-17.999885284015207
-17.999889057836384
-17.999893538110268
-17.99989776579722
-17.999900394999017
-17.999906082390805
-17.999909533085436
-17.99991260497284
-17.999915177111124
-17.99991742983818
-17.999920029176266
-17.99992482795595
-17.999926677455782
-17.99992910805093
-17.999932384955134
-17.999934230250748
-17.999936561906825
-17.999938941349654
-17.9999412816943
-17.999944857585973
-17.999947204179517
-17.99995063864344
-17.99995205624647
-17.99995429764864
-17.99995594148034
-17.99995856720297
-17.99996003034847
-17.999961380526962
-17.9999635708135
-17.99996485564919
-17.999966762709647
-17.999967695515824
-17.999969266295363
-17.99997104688135
-17.999973005146018
-17.999974057901643
-17.99997523905799
-17.999976727290218
-17.99997810962328
-17.999979256390958
-17.999980614441533
-17.999981597616248
-17.999983020642212
-17.999984342500206
-17.999985509816778
-17.999986233706448
-17.99998761244219
-17.999988246301328
-17.999988946000105
-17.99998976336654
-17.999990231621908
-17.99999066830584
-17.99999143793027
-17.999991782628264
-17.999992415599586
-17.99999319305529
-17.999993980374253
-17.999994469469915
-17.99999489856835
-17.999995487004323
-17.999996031238723
-17.999996399359173
-17.99999669299137
-17.99999696298312
-17.99999732612002
-17.999997391251714
-17.99999787809435
-17.999998055031018
-17.999998277571567
-17.999998500817792
-17.999998699759807
-17.999998822354033
-17.9999989399962
-17.99999906355112
-17.999999125188808
-17.999999254405154
-17.999999292026754
