500 iters for seed 148 on 3R0.3 which is in the 94.85702514648438 percentile
 Maxcut: 21.0, MedianCut: 12.0
-15.999999793813291
-15.999999836117784
-15.99999990057916
-15.99999995793446
-16.000000107083967
-16.00000065157282
-16.000011907051732
-16.00005585772225
-16.000634819481608
-16.000674063406223
-16.001133348979312
-16.001524182386536
-16.001942378366348
-16.00238800951521
-16.002860811369263
-16.00336073628811
-16.006396179998298
-16.00691814548368
-16.010108260896406
-16.01402665000864
-16.018833068455255
-16.024610857549135
-16.031464983657127
-16.039526931501374
-16.048930283800964
-16.059848960415636
-16.076649389181966
-16.09141253482814
-16.369403706678685
-16.461010751755417
-16.651192888359606
-16.915485085904937
-17.116133111156678
-17.24817631167559
-17.350611196222566
-17.47158951106268
-17.560114014136065
-17.65035781464655
-17.717625952271213
-17.757767511167827
-17.797162457934476
-17.831846379859243
-17.86483643748482
-17.87604658849817
-17.907090676365694
-17.916972155955786
-17.93042417643962
-17.938696544300672
-17.948603745745622
-17.95233678234015
-17.9575027022378
-17.962470646567176
-17.967662445606276
-17.97122922655028
-17.97521959652364
-17.97859099589082
-17.98129217150733
-17.984175813609404
-17.986173771339903
-17.988150205608225
-17.989968548580485
-17.990846179470175
-17.991761838089175
-17.992454618833825
-17.993178014658355
-17.993767196494456
-17.99429940064148
-17.995159722403145
-17.99569604235305
-17.996106308488674
-17.996445862261275
-17.99680218573308
-17.997366079660228
-17.997759578555446
-17.997963766703457
-17.998207728773924
-17.99843087779644
-17.99854043663898
-17.998891412414164
-17.998992677208033
-17.99912535901295
-17.999302745341232
-17.99948979207066
-17.999617480365664
-17.99980240871477
-17.999830783251024
-17.999968948778765
-18.000029195737827
-18.00009778762228
-18.000206078716456
-18.000259981181856
-18.000335922309695
-18.000397119387575
-18.000459131050224
-18.00054270813305
-18.000630606034093
-18.0007176934255
-18.000792894840757
-18.000866757616244
-18.000953723830854
-18.001052584767574
-18.001160738127943
-18.001300871610475
-18.001451658594718
-18.001597612563128
-18.001700361417686
-18.001868971390525
-18.00199881690654
-18.00215951666895
-18.002414058399488
-18.002642951734185
-18.002990662143755
-18.00333744884621
-18.00367260969783
-18.004037675623813
-18.00454282731006
-18.00503204161392
-18.00557489684505
-18.006096205489317
-18.00667034116285
-18.007293095713244
-18.007930289371405
-18.008489250253245
-18.00908359383568
-18.009745703222464
-18.01076757625872
-18.011637649539185
-18.012773953511733
-18.013523379651318
-18.014591402176713
-18.01579696715918
-18.01720427792219
-18.018614454268405
-18.020084477552246
-18.022462346202545
-18.024952537224898
-18.02702559712879
-18.029568255381395
-18.03196829170483
-18.03499876033438
-18.03826679350214
-18.041721656675374
-18.04445619807326
-18.048147400365583
-18.054092022774128
-18.058699923136917
-18.064780961447248
-18.073003827104287
-18.077465306310696
-18.089195820242065
-18.100636808022102
-18.114534575684292
-18.127472690108583
-18.149788499706187
-18.162584357992664
-18.18181743957006
-18.195281683074906
-18.20728737946134
-18.228206845710957
-18.24854637185474
-18.26497393176009
-18.282749947346904
-18.303882275206675
-18.324790967663354
-18.341536421489902
-18.360839489386727
-18.381280779000168
-18.40721971284154
-18.43721655450298
-18.460320529828213
-18.494481113718308
-18.520952040503047
-18.545501509078836
-18.56755677996362
-18.58901434628835
-18.617005866107167
-18.651022771446705
-18.68555161303901
-18.719740798763898
-18.753351339318655
-18.77794903430845
-18.809500064256103
-18.832998592025135
-18.854761487715656
-18.877565126347353
-18.901832886897807
-18.914942787573757
-18.928218661100747
-18.93911873419983
-18.949557624439066
-18.95556730638158
-18.95969889154288
-18.967362347865183
-18.96995118202254
-18.974896323486234
-18.977681310636175
-18.980103532064966
-18.98483626978082
-18.986428609997652
-18.99043397592083
-18.99173092168916
-18.99371986960663
-18.997167674759012
-18.998715187255776
-19.001319098672575
-19.002825269755046
-19.005189804078576
-19.006584987834827
-19.00841334884496
-19.009829687035968
-19.01058599607355
-19.011453167893293
-19.01255215053981
-19.013045844183495
-19.01373481728362
-19.014419587261017
-19.0151698816332
-19.01569044695313
-19.016339958951015
-19.016777844906507
-19.017145473734026
-19.01766343612427
-19.017956822674346
-19.018428642387754
-19.01876913993123
-19.019014526562927
-19.019272658748825
-19.019518336600147
-19.019877130758065
-19.020142122959058
-19.02042697990489
-19.020586413437794
-19.020872378188244
-19.021221959895158
-19.021501855707363
-19.021825006053575
-19.022082575788133
-19.022403966483292
-19.022762364476392
-19.023305559471886
-19.02358407324028
-19.02396626058932
-19.024528240102953
-19.02484994822136
-19.025833774941923
-19.026231613451102
-19.0267068426734
-19.027132408754312
-19.02768158755805
-19.028172254696454
-19.028597220099712
-19.02930070562315
-19.030104516514623
-19.030731377620867
-19.031751442607494
-19.032463662552225
-19.033304747425717
-19.0341376433312
-19.034998966874745
-19.03623563137149
-19.037817273850973
-19.038785971427878
-19.039781577488498
-19.041330312732008
-19.042503496180103
-19.043912040121352
-19.045015741976734
-19.04612160306052
-19.04748730879877
-19.04933369052641
-19.05020288479877
-19.05263597916469
-19.0540948141971
-19.05509022189949
-19.0565578829379
-19.058618137440742
-19.06115645734487
-19.063065412790237
-19.064761830137584
-19.066799838008343
-19.069288034004053
-19.07241613318087
-19.07441390323142
-19.07701358617216
-19.080948762526553
-19.084508574773807
-19.088042191693123
-19.092870076263512
-19.09808296249273
-19.105799978683628
-19.109413495637273
-19.115720762971836
-19.122722703591137
-19.127736056467768
-19.13348102837317
-19.137860478159986
-19.1432016147891
-19.14851895795588
-19.152436969574907
-19.158373517405856
-19.16406963555032
-19.168280887337968
-19.174497753056865
-19.177959932731834
-19.182081445187748
-19.186722712392474
-19.190346569799033
-19.19577361036091
-19.2024925480315
-19.209010108608584
-19.213225066071423
-19.219290309445714
-19.2223810951469
-19.225712352992
-19.230104284890558
-19.233388032122548
-19.238982079560046
-19.2418976303557
-19.24663444673181
-19.249949070073576
-19.25322584952075
-19.257012987010672
-19.261633882339673
-19.26572236210452
-19.268985632511026
-19.27464911547455
-19.278337296183388
-19.281870891956874
-19.28480257388469
-19.288541798744706
-19.291723460068912
-19.296757432143966
-19.299324836966505
-19.302083897891585
-19.306408367135273
-19.311311146268093
-19.315413265017888
-19.319165510259957
-19.32202197051245
-19.325442533448975
-19.330309137009372
-19.333779681351817
-19.337186970272473
-19.34354786712771
-19.346202236442714
-19.35094482003412
-19.356612036768446
-19.361582296655193
-19.36602038001088
-19.3692079853773
-19.373164754762364
-19.377372312612643
-19.380561447247626
-19.384936885971985
-19.388088512132967
-19.391472371716983
-19.397183818673415
-19.39978245755546
-19.40384958748433
-19.407398389490176
-19.41076415300739
-19.417834732866307
-19.42223064086034
-19.430046856090158
-19.435664171575613
-19.44059945977546
-19.44498957566892
-19.449816328307545
-19.453527224911813
-19.458007911801037
-19.463301785818718
-19.467702865616552
-19.4721487404655
-19.476388352676054
-19.48049905418914
-19.4868357589274
-19.491312642915705
-19.496309525532553
-19.499858303006175
-19.50543955331501
-19.50876281691654
-19.514211576972134
-19.518049221437522
-19.52162940111493
-19.527448724011176
-19.52928734223454
-19.53850937852428
-19.542014614861078
-19.546638318439058
-19.550309140821305
-19.555499440545667
-19.561044634706604
-19.56495748915958
-19.572134935594615
-19.5767798763378
-19.581848926470713
-19.58707556692345
-19.591597007490904
-19.597565570978766
-19.603180064275122
-19.608937468121
-19.615172824629347
-19.62184857589809
-19.62844137070073
-19.63280041430902
-19.639808166113966
-19.646889172147155
-19.654051859540996
-19.660021247390887
-19.667620705024085
-19.67647361659351
-19.685725267421343
-19.692576473383983
-19.699754206233457
-19.706186879503683
-19.713197901527103
-19.717523548670773
-19.721766841855683
-19.725057397558068
-19.728964170023527
-19.73468819946494
-19.738535883797198
-19.742434084799022
-19.7450210625764
-19.747956413738976
-19.753563770609063
-19.756154061146916
-19.761787737285644
-19.76441399710896
-19.768455917051675
-19.771394861352434
-19.7771392557359
-19.78019700829613
-19.783278190764694
-19.787318101005077
-19.789807309516966
-19.796620170232252
-19.799049014185123
-19.802481604822
-19.806938091343504
-19.811903681072202
-19.81607862207829
-19.820827227076492
-19.82484902372187
-19.829229308589444
-19.83266377209306
-19.83753190439388
-19.840866151897345
-19.84489288070517
-19.850041076978744
-19.85424390616298
-19.858976184541483
-19.863397514528003
-19.86746556457555
-19.8709486228316
-19.874579093468054
-19.878695402533122
-19.88181622295783
-19.88597204390592
-19.889140353403214
-19.893310169618275
-19.899445621471045
-19.9049807586609
-19.908740781427962
-19.912945476803237
-19.91631325115566
-19.920297358553313
-19.924295085362516
-19.927438958008562
-19.932180692603826
-19.935816551353547
-19.937833910026498
-19.939902811649706
-19.94282707182691
-19.945750727822283
-19.94814097206817
-19.950843380226093
-19.952659537918798
-19.954570425673705
-19.95662014272484
-19.958093612501745
-19.959696589296154
-19.96167309812584
-19.96309683180088
-19.965009598357998
-19.966946053675372
-19.968572605315916
-19.970374340393384
-19.97284782219378
-19.973872480854194
-19.97515775831357
-19.97638212190888
-19.977400493511798
-19.979462415985285
-19.980519950162986
-19.982262535299434
-19.983595777816802
-19.98494788323277
-19.986506294330805
-19.988430789296483
