500 iters for seed 21 on 3R0.3 which is in the 78.54995727539062 percentile
 Maxcut: 21.0, MedianCut: 12.0
-14.000000016305895
-14.000000078860188
-14.000000192227018
-14.000000430475074
-14.000000950462095
-14.000002105230209
-14.000004694950054
-14.000010538348238
-14.00002377997339
-14.000053877490867
-14.000122438020206
-14.000278842980089
-14.004098810086237
-14.106098188017256
-14.181183707506326
-14.274481238540682
-14.379537069501035
-14.494235810558134
-14.62190025028424
-14.765487465365174
-14.924847056366911
-15.09261950622491
-15.446826558115715
-15.641500066116945
-15.84259280549571
-16.09040208242023
-16.38209724582521
-16.622336375754127
-16.848076886355642
-16.963658929059985
-17.105741442827195
-17.28887763134908
-17.445457677640114
-17.53687759491752
-17.604389075380777
-17.66520229966038
-17.71130588361191
-17.75673651158027
-17.794757957931175
-17.820380765343128
-17.842789628895538
-17.8658650543492
-17.880208730702332
-17.891509805338195
-17.909249125119207
-17.92071472953993
-17.930220206408222
-17.942851264353255
-17.950093700164928
-17.959714826048632
-17.96701522341392
-17.973405548757658
-17.976025380229963
-17.981100264457083
-17.981882378099378
-17.98665294883306
-17.988079550009925
-17.990111990905575
-17.99235999859189
-17.993321198135128
-17.99425120761266
-17.994906273027578
-17.995844732031834
-17.9965466450298
-17.99736090014377
-17.997649419691516
-17.998119053229242
-17.998468840824305
-17.998801434750668
-17.9989662026309
-17.99910372106947
-17.99923559570959
-17.99934077422468
-17.99941614545007
-17.999500568015783
-17.999577163807487
-17.999640171664765
-17.999681005783593
-17.999719403932183
-17.99975266980593
-17.999784795294556
-17.999804530584584
-17.999824491695268
-17.999862755498356
-17.999882570168275
-17.999903338452878
-17.999915154884427
-17.99992889782841
-17.999942511106205
-17.999952988899903
-17.99996004728227
-17.999967125759344
-17.999973013609143
-17.99997915393321
-17.999982778642433
-17.99998577463967
-17.99998721276759
-17.999989968991414
-17.999990979017753
-17.999992023810925
-17.99999288737061
-17.99999424032277
-17.999994936082153
-17.999995486614313
-17.99999642838405
-17.9999968386605
-17.999997433408222
-17.99999772267963
-17.999998031994508
-17.99999824247864
-17.99999846033449
-17.999998620854125
-17.999998770620465
-17.999998915030517
-17.999999098441897
-17.999999209507553
-17.99999931103434
-17.999999404150643
-17.99999950233694
-17.999999548593173
-17.999999599560628
-17.99999968475739
-17.99999972798883
-17.999999787793506
-17.99999981730519
