500 iters for seed 20 on 3R0.3 which is in the 78.52249145507812 percentile
 Maxcut: 20.0, MedianCut: 12.0
-14.000000073067598
-14.000000208266597
-14.000000503919354
-14.00000123799621
-14.00000312828353
-14.000008069511146
-14.000021077222979
-14.000055400296644
-14.000145916774025
-14.0003838246224
-14.001004853182375
-14.002605680909554
-14.006638889811342
-14.016384803617306
-14.038217301918444
-14.08114292372415
-14.151569389846333
-14.251093675100233
-14.385963833247857
-14.569100137230306
-14.805443912751093
-15.070401922066617
-15.508389152983545
-15.692550708491583
-15.86270079609404
-16.088727785521698
-16.286485256631163
-16.47128039380525
-16.664598610990765
-16.835844515496436
-17.040218923328506
-17.15973088717648
-17.274130864083055
-17.374132057061786
-17.460198329375793
-17.545013904622163
-17.62328075299506
-17.677673238090676
-17.70978109449941
-17.753942514263358
-17.786967920407495
-17.81472994688648
-17.843564333165663
-17.864281074675585
-17.8839193064099
-17.91212513361085
-17.921702344358266
-17.937924317320466
-17.945019991498892
-17.957084020409198
-17.964041763515574
-17.969056106281993
-17.97661968183287
-17.981929426213348
-17.984458873870782
-17.987480662001712
-17.99043259521183
-17.994079735487524
-17.99712148749547
-17.998254041085982
-18.000713579355843
-18.001706186945334
-18.00311817152357
-18.004463628841936
-18.00540949669686
-18.00714491586546
-18.007878705277275
-18.0085873595237
-18.00905557026578
-18.009519717664375
-18.009942619421107
-18.0102803930443
-18.01057511631443
-18.010710642037665
-18.011006926407905
-18.011238152645525
-18.011490499474082
-18.011697124689633
-18.0118645223007
-18.012018414971234
-18.012178305239576
-18.012286214478664
-18.012399485455013
-18.012504535604627
-18.012645142694453
-18.012758926043077
-18.012917803766108
-18.01303998571212
-18.013139925685703
-18.013300800637264
-18.01342091422579
-18.013608932266685
-18.013734737179043
-18.013898158225842
-18.014090269304386
-18.014330295365923
-18.014522293911728
-18.014748288116838
-18.01502628745981
-18.015386571887376
-18.016148048441842
-18.016540501936245
-18.01712862577014
-18.0179948345571
-18.018714617505747
-18.01977931137792
-18.02070518773293
-18.021694849578143
-18.02269948986894
-18.02432793119498
-18.025562138304327
-18.02712547541843
-18.028727922693726
-18.03055686470292
-18.032448298815634
-18.034016106824623
-18.035333447791345
-18.036113424518298
-18.038769424222018
-18.039474789023473
-18.041407657057896
-18.043321914958838
-18.0457343844319
-18.04718389773777
-18.049050348370546
-18.05115324263973
-18.05257493158274
-18.054218257878603
-18.056205041089115
-18.05833315316224
-18.060386518909542
-18.062160183348244
-18.063765840769577
-18.06579083367052
-18.067060933251792
-18.06903080815475
-18.07148412775704
-18.073986570278112
-18.075885800507333
-18.077432277624737
-18.079978485611424
-18.082605521030523
-18.085586180546652
-18.087719139332584
-18.089462431590587
-18.09168057848103
-18.09359896254124
-18.095964681912168
-18.098038603755022
-18.101221546676648
-18.103508786529787
-18.105728662474437
-18.107851207934278
-18.11130546538289
-18.11429088250423
-18.1168548007057
-18.119526642228493
-18.122478911077476
-18.12642196849882
-18.13024979726858
-18.133041434304122
-18.135629683129775
-18.13843886614117
-18.141928623341563
-18.145390409635674
-18.148042982600746
-18.150565001024077
-18.152877946932232
-18.155638737385242
-18.158779330340742
-18.161513191782664
-18.163806561730198
-18.166478068013856
-18.16927100825023
-18.172222581270866
-18.174363986741696
-18.17672540407128
-18.179193823933073
-18.181670902583672
-18.18508870285591
-18.18793530273587
-18.190884147977155
-18.193397580588933
-18.195426147949327
-18.198654987364783
-18.20173094474205
-18.204066721057103
-18.20701165588728
-18.210107797434677
-18.214181043820275
-18.21724626650749
-18.220060937703554
-18.22285368667964
-18.226364149092532
-18.228317836194496
-18.230855401239765
-18.233648644130287
-18.23611615436772
-18.24047721879197
-18.242395567228332
-18.24474359004202
-18.24722295793261
-18.249105493592072
-18.251236327983204
-18.25396778685365
-18.25579107648084
-18.25815706973437
-18.26108553359777
-18.26259511204193
-18.26566863486381
-18.26755785183241
-18.270306169445913
-18.273138827181786
-18.276301042956963
-18.278764196594842
-18.28295424784411
-18.286406646146858
-18.29006537742836
-18.29553292649255
-18.299401526378578
-18.305752943724315
-18.31295495184581
-18.317841338547833
-18.32422701182299
-18.32794718383656
-18.332399429073686
-18.340483288208244
-18.34485337944664
-18.353305205857527
-18.359661113185044
-18.366479707402807
-18.375361201874064
-18.38065683550385
-18.390116436295582
-18.39876119706818
-18.402889961715456
-18.40983758170072
-18.414510307265285
-18.423338121157045
-18.430982546083236
-18.435003742655404
-18.440233394247137
-18.445719627859198
-18.45181451904879
-18.462032633724807
-18.467630638582683
-18.473289567419016
-18.48025571366709
-18.486961685763696
-18.492201949903958
-18.49744145684308
-18.501475983229792
-18.505743235759446
-18.510280052996904
-18.513601845038107
-18.517954431750308
-18.524134258382364
-18.528084680925847
-18.531353773442962
-18.53438138145569
-18.53764486205896
-18.542761627806556
-18.54716557304671
-18.550149187090874
-18.554021888352796
-18.557000902939336
-18.560762594585388
-18.56506005956875
-18.568341592648284
-18.572343622055573
-18.575524750856054
-18.578506903368638
-18.580823644827273
-18.58348111412458
-18.58621539133564
-18.58985255809898
-18.59256011436205
-18.595634596133177
-18.597003498877115
-18.600403469632024
-18.602270489738704
-18.604265572003197
-18.607295918709994
-18.60948371166173
-18.61262677958657
-18.614735406432306
-18.617899565215176
-18.620749097828323
-18.624384853244283
-18.628418041522533
-18.631347315864137
-18.63529082497197
-18.638485814308748
-18.641139887049786
-18.643723639654176
-18.64664266956322
-18.649719590285457
-18.65306204413777
-18.65657028969197
-18.65968740304496
-18.66292754219215
-18.6660177839094
-18.66915014646458
-18.67072639431756
-18.67334146853097
-18.674724886135607
-18.67707182387433
-18.678967465993292
-18.68040450935514
-18.684326290604286
-18.686452551920794
-18.689512097361334
-18.691768200881707
-18.69473201816407
-18.696955434428137
-18.699322052496452
-18.70240235546046
-18.704330544002467
-18.706644156920103
-18.708967079352366
-18.710868154859586
-18.712855996098643
-18.714846542919968
-18.717103848741413
-18.718409566932216
-18.720153110296483
-18.72193000461836
-18.724642741090282
-18.726188571686627
-18.728101413546383
-18.730866145572723
-18.732981947687218
-18.735860308983625
-18.73719314092221
-18.73959459370549
-18.741433307613043
-18.743916395410455
-18.746294046295706
-18.748100772146078
-18.748943868724094
-18.75152615477068
-18.752333044742805
-18.753916745449146
-18.75585133826434
-18.75705664607466
-18.758989333646745
-18.759885078603165
-18.76108670411226
-18.762265658273268
-18.76387755582174
-18.76475469258221
-18.765770580271884
-18.76720456452672
-18.768260846837183
-18.769790379209308
-18.77090563596339
-18.772432675340866
-18.773888130326437
-18.775463156476654
-18.777608955119998
-18.77908091188173
-18.780979141242412
-18.782749104734584
-18.784178075781817
-18.78551185565338
-18.787132282390395
-18.78834677237176
-18.789481664914053
-18.79083095900579
-18.79233508733784
-18.79364561571696
-18.794683948070265
-18.795679757982494
-18.797197011317568
-18.798458016947873
-18.799723937166913
-18.800965068769205
-18.802427360854512
-18.803790334380665
-18.80491301999657
-18.80608815670077
-18.807427540644426
-18.808849230430024
-18.81021151749961
-18.81142997500367
-18.812402779449158
-18.813728655388225
-18.814873516886177
-18.8161382567355
-18.8174430251443
-18.81832754180589
-18.81940762125295
-18.82102530810023
-18.8221630860039
-18.822947867039264
-18.82410850192471
-18.825026985146383
-18.826136984645196
-18.827397384347968
-18.828029368523755
-18.828823765481562
-18.829482212842006
-18.830273535617895
-18.831100069900337
-18.83171522171801
-18.832984526354895
-18.83363518171049
-18.834325172200863
-18.834919559510404
-18.83558795016207
-18.836425218882432
-18.83723170579972
-18.837898611226656
-18.838547292938586
-18.839282862072206
-18.840438033119398
-18.84137450952909
-18.842208817116767
-18.842934716391465
-18.84369601338663
-18.844186912882833
-18.845206117333483
-18.845857815469895
-18.846690985466772
-18.84780115618406
-18.84835452860758
-18.849427513528443
-18.85004437527772
-18.850765801382238
-18.851261964291375
-18.85170283929999
-18.85252040932464
-18.852906064538775
-18.853431670688625
-18.854014709082637
-18.85447299053182
-18.85505389332735
-18.8559531668844
-18.856497397714524
-18.857034650186836
-18.85800342107404
-18.858791512873726
-18.86009716296157
-18.86070539771487
-18.861871041434366
-18.863287304615504
-18.864749384922373
-18.865798747318113
-18.866688822407436
-18.86728927175573
-18.867990607631377
-18.869113456868394
-18.869721534534147
-18.870232007967665
-18.871191589059425
-18.871711552381846
-18.87222800532744
-18.873513895117796
-18.874115874902394
-18.87487128314639
-18.875774404807878
-18.8764725972982
-18.877044039223517
-18.87811088854676
-18.878866496551716
-18.879931291568724
-18.880853759543538
-18.88165303479512
-18.88230565543604
-18.882939453340462
-18.883665661166162
-18.884383266101565
-18.88496635088066
-18.885651700153144
-18.886234313884987
-18.88694361895537
-18.88746870943768
-18.887912061783943
-18.88836846485871
-18.888654400123826
-18.889080233640517
-18.88980584488063
-18.89027104082933
-18.89070012077923
-18.891372490247797
-18.891887107631163
-18.892632385369623
-18.893296918215675
-18.893653523736106
-18.894107472448773
-18.894347001255866
-18.89475962344342
-18.895146826542423
-18.89536374381234
-18.89582580074999
-18.896106073184857
-18.896506786342776
-18.896851487850007
-18.897194348814377
-18.89745296048097
