500 iters for seed 172 on 3R0.3 which is in the 49.451446533203125 percentile
 Maxcut: 22.0, MedianCut: 12.0
-12.004676092471302
-12.075895513411277
-12.10353949333085
-12.266583467502889
-12.470770443850908
-12.58526279314953
-13.049862017888202
-13.47532013882297
-13.827878613297488
-14.187834965626436
-14.267444884875651
-14.969554149263216
-15.398804113438997
-15.666025792847282
-16.151426500591498
-16.569965712023908
-16.851747455632502
-17.15923874485153
-17.42749819160087
-17.78269933204122
-18.051159607183937
-18.299899862775078
-18.487355855115236
-18.668092693031486
-18.806598339298947
-18.95286275189372
-19.09373234182908
-19.203692131559084
-19.28506901563428
-19.419809969570274
-19.484861800783182
-19.548762090953954
-19.61112917052095
-19.6546170588739
-19.738012931428575
-19.77230964396679
-19.797189861073832
-19.817090816942464
-19.839100399376054
-19.860833573710902
-19.87716970125736
-19.89032609883291
-19.9024720163974
-19.91410521477578
-19.922163097583223
-19.92868492268025
-19.935573307099915
-19.94210289101126
-19.947765556762565
-19.95306851847876
-19.95865403140395
-19.963715872749663
-19.96862917698013
-19.972928311221217
-19.977274690145396
-19.980477319664008
-19.98269151174147
-19.98492187149103
-19.986420436068805
-19.988015901688172
-19.98920601099377
-19.99051533095621
-19.991098199587743
-19.99275411436647
-19.99321111150644
-19.99390604357644
-19.99475621614033
-19.995573029216658
-19.996073640454366
-19.996549762595045
-19.99685687918386
-19.997222022288753
-19.99770702481064
-19.9979193533266
-19.998124923943976
-19.99834980133979
-19.998506016066205
-19.998710826952514
-19.998917518625362
-19.999051514668036
-19.99914964144936
-19.99923156972221
-19.999326119464644
-19.999422580840054
-19.99948669418637
-19.999538447528863
-19.99958030209244
-19.999627633104712
-19.999660982436726
-19.99967984537686
-19.999711069405173
-19.99973242325046
-19.99975807462894
-19.99979630441419
-19.999822939274235
-19.999834121042994
-19.99987721525301
-19.999885697074355
-19.9998978648819
-19.999902827468098
-19.999916462803508
-19.99992168123231
-19.999926443263107
-19.99993429695745
-19.99993666854
-19.999950581315723
-19.99995389407259
-19.99995758916073
-19.999961151607927
-19.999962308921248
-19.999967719993798
-19.999969032159424
-19.999971845880683
-19.999974856421534
-19.999976877442748
-19.99997951325727
-19.999981530861763
-19.99998430785785
-19.99998617946668
-19.9999882118951
-19.999989704889213
-19.99999086474159
-19.999991393495026
-19.999992717466455
-19.999993067889275
-19.999993676393697
-19.999994479230843
-19.999994785420725
-19.999995526350943
-19.999995754101324
-19.99999619470085
-19.999996361200527
-19.999996861203755
-19.999997051030036
-19.999997226414166
-19.99999748609927
-19.999997696406904
-19.999998047151262
-19.99999824438872
-19.999998401633643
-19.99999856146788
-19.99999872355916
-19.999998848429478
-19.999999007519143
-19.999999113156758
-19.999999205413502
-19.99999933923018
-19.999999389717665
-19.999999430108794
