500 iters for seed 75 on 3R0.3 which is in the 78.51943969726562 percentile
 Maxcut: 20.0, MedianCut: 12.0
-14.000000104625178
-14.000000346841391
-14.000000754161327
-14.000001578497958
-14.000003357578334
-14.00000734806409
-14.000016523827078
-14.000037987313208
-14.000088805079416
-14.000210233270948
-14.000502380148747
-14.001208951924717
-14.002924395674901
-14.00709474885619
-14.017184643254954
-14.04110442699865
-14.094655761773465
-14.552265379564021
-14.645701128027769
-14.947313358209392
-15.086113599078516
-15.93622719688417
-16.24590328022714
-16.56894563778412
-16.947557829168158
-17.009366120090434
-17.2279663814051
-17.329477078236028
-17.434524672228974
-17.562726519998364
-17.633170993333515
-17.689376480926903
-17.73647777081157
-17.781627726140663
-17.80051259440792
-17.85662197701105
-17.868289581545415
-17.88703102260325
-17.90738212329698
-17.925134227152316
-17.939702997363412
-17.947072389811275
-17.954359239902765
-17.961178926760265
-17.968513307548562
-17.970716453195237
-17.974548744457586
-17.9767497750405
-17.97981068268503
-17.98297390409933
-17.98502708415434
-17.988410915748574
-17.99026229992142
-17.99168417127952
-17.99268872951285
-17.993903944994077
-17.994331334392506
-17.995946527310046
-17.99643306251843
-17.997003174116045
-17.997714068358192
-17.997965247310905
-17.9983256495632
-17.998566762335756
-17.998835400348113
-17.998955252213914
-17.99914965600694
-17.999254356660725
-17.999372823585702
-17.999542570512048
-17.999610994077123
-17.999734019512967
-17.999810507930416
-17.999892027577935
-17.999978315190322
-18.000033885854272
-18.000102228088558
-18.000160385630096
-18.000220028274786
-18.000265811375765
-18.000318835196396
-18.000351648905415
-18.000384933266847
-18.00040701205476
-18.000426429944266
-18.000442619753528
-18.000471412419028
-18.00048844165747
-18.000501440301637
-18.0005266450303
-18.00053765032462
-18.000570402325252
-18.00058092088528
-18.000601659476253
-18.000616347185673
-18.000640763224606
-18.000659702762427
-18.000674824424756
-18.000696059469487
-18.000723781302224
-18.000749991926757
-18.00078062931625
-18.000807573390286
-18.000831197096982
-18.000865438623062
-18.000888638804085
-18.000937366322493
-18.00097645417225
-18.00101557038414
-18.001053433649474
-18.00108620809019
-18.001129109147172
-18.00117014783811
-18.001211661975894
-18.001265824186135
-18.001313832727174
-18.001352522720367
-18.001393396581566
-18.001429501542557
-18.001480002347996
-18.00152275849379
-18.00155746681242
-18.001592854760403
-18.001638397372414
-18.00168675498392
-18.0017380120083
-18.001771019560923
-18.001816846639574
-18.001853954277845
-18.001899779572337
-18.001952746057515
-18.001994138402623
-18.002100787850313
-18.002148605410934
-18.002242452628376
-18.002297307775436
-18.00236783156256
-18.002441917752165
-18.002543938703916
-18.0026146235254
-18.002738319249772
-18.002889073014888
-18.00306747629232
-18.003211676188066
-18.00335894421414
-18.003527912207048
-18.003813753903827
-18.004147410462384
-18.004383448468808
-18.004644632483473
-18.004794002627868
-18.00511527169887
-18.00541536256937
-18.005646617127603
-18.00606364193582
-18.006337041733396
-18.006704994524007
-18.006984192205845
-18.007486926041558
-18.00781992378714
-18.008146881152182
-18.008454304054798
-18.00872507020468
-18.009169199362287
-18.00966765633225
-18.00992336473577
-18.010311435743848
-18.010616686548907
-18.010939290461373
-18.011432697590106
-18.01163519923274
-18.01187370034726
-18.012185439428244
-18.0123867565253
-18.012797841092556
-18.01312649700159
-18.013345894956107
-18.013610277254507
-18.013823002821407
-18.014121099412115
-18.014384263390713
-18.014612005344564
-18.014862137089818
-18.01522783614711
-18.01539286750732
-18.0156560070363
-18.01580964017747
-18.015995145134234
-18.016265856819466
-18.01654856183576
-18.016739275599754
-18.0170137749349
-18.017163635211496
-18.017357404385326
-18.0176234387703
-18.01776160696605
-18.018084376830863
-18.01830051291176
-18.0185118118487
-18.018695668616612
-18.018951019414743
-18.019322025276622
-18.019626162924812
-18.01988030929152
-18.02018262199817
-18.020439432264727
-18.020753020347886
-18.021263882668944
-18.021493855718003
-18.02179867231446
-18.02229165669899
-18.022876550646192
-18.02375986393392
-18.024176184358783
-18.024747302667315
-18.02535109712155
-18.026087723164054
-18.0267610973148
-18.02727878173958
-18.027987387482085
-18.029066026168294
-18.030063199558136
-18.031041449372136
-18.032101643706724
-18.03298749362519
-18.034370522041392
-18.035649822318263
-18.03717113940728
-18.038854499779717
-18.04000384999073
-18.041386334213403
-18.042671916286864
-18.045037866831397
-18.046512937696154
-18.047822835679394
-18.049926642661912
-18.05160528906337
-18.05289408574099
-18.05511676562889
-18.05684022266168
-18.058377392946856
-18.06027162276744
-18.061948751416075
-18.063631249685052
-18.066353417714392
-18.068188233978873
-18.070046263845352
-18.07228223313668
-18.07399217308609
-18.076450069615568
-18.079152715177482
-18.08185767841618
-18.08391369653521
-18.08637580245212
-18.0881968612977
-18.08972838057275
-18.091159384085802
-18.092545654360656
-18.094370750885734
-18.096321439752398
-18.09851397392481
-18.100157962502056
-18.10155174158955
-18.10273099948993
-18.104085498563332
-18.10548520897782
-18.106832488408333
-18.107994368370285
-18.109166691364372
-18.11044925133838
-18.11177755986615
-18.11277010008777
-18.114059295236657
-18.114920489912226
-18.11649049929887
-18.11732498226086
-18.11813707140736
-18.11940613920039
-18.120249215016347
-18.121477134342477
-18.122166040191328
-18.122944478703324
-18.123872945980807
-18.12476581327328
-18.125453598933852
-18.125909071483278
-18.126725612583943
-18.127411217279455
-18.128321655466657
-18.12932819073321
-18.129943208426315
-18.13089132748253
-18.13186125105591
-18.13226050260248
-18.132869797252912
-18.13331614863241
-18.133885431742964
-18.134380607919205
-18.134749936579254
-18.13547683131748
-18.13591499310181
-18.136910698883906
-18.137310968165718
-18.13784728460067
-18.138281490143328
-18.138836707775365
-18.13932159264272
-18.13990496810071
-18.14042897575656
-18.141082163193644
-18.141651814198685
-18.14252965663323
-18.143193109232797
-18.144109587598766
-18.144969947737508
-18.145576214780856
-18.1470173846162
-18.147975353098925
-18.149144295614782
-18.150298110677006
-18.15157220071908
-18.1535971452109
-18.155016478940926
-18.156620422774445
-18.1579550961007
-18.159125090833975
-18.161617315377566
-18.163970025371764
-18.165627391286424
-18.167809607890568
-18.16905546896066
-18.170517105805978
-18.172534311879463
-18.17339821379678
-18.176282228111734
-18.177952185145816
-18.179533999740958
-18.181207993348362
-18.18273219794219
-18.184366781283188
-18.18629107827125
-18.187189889451645
-18.188545516258035
-18.19010021401322
-18.191918883383956
-18.19329059492685
-18.19503124453174
-18.196614425600426
-18.198376897771514
-18.20059228284164
-18.202756453678955
-18.20499239012291
-18.207219802373206
-18.210846279610344
-18.213465820798756
-18.21551708644318
-18.218453712058977
-18.219748460211523
-18.221672892870174
-18.224393674243586
-18.226021828456165
-18.229613640928015
-18.23020271152278
-18.234797151250746
-18.236604195690745
-18.239522303497388
-18.24372508892002
-18.2474844903732
-18.254302322989258
-18.256965040717503
-18.26006616522267
-18.263396594475594
-18.26772444463089
-18.270382668796547
-18.273087027283978
-18.274612542784904
-18.278186942825474
-18.28212723855622
-18.286076602490684
-18.28904787335752
-18.293003338061077
-18.295070792365166
-18.297979881474298
-18.300518325069902
-18.302289671620205
-18.305347091079383
-18.308416507940752
-18.310568538776323
-18.312791881980502
-18.315116678443037
-18.316308144072085
-18.318755177611937
-18.321191501170333
-18.32367671681476
-18.327407426010577
-18.329280593293888
-18.331819548104523
-18.334342296297454
-18.33724150102561
-18.33991274702465
-18.341979966071477
-18.34375397955833
-18.346064372207525
-18.347991357174283
-18.35013402531618
-18.35293221199849
-18.355416809185765
-18.357490450583697
-18.359898624350784
-18.36218603575334
-18.36453977667358
-18.36718809855454
-18.369032587178342
-18.37052957027289
-18.37269827592327
-18.3741209128447
-18.375182493370772
-18.37749646870147
-18.378606528208064
-18.379862494854297
-18.382130230407764
-18.383248268881474
-18.385481571353946
-18.38719960097913
-18.388229139795037
-18.39037995466694
-18.391906455440896
-18.393649303100037
-18.395727984091835
-18.39685752137509
-18.39828538183893
-18.40005234676339
-18.4020508577126
-18.403867304129275
-18.405535503747593
-18.40748421447349
-18.408845179145835
-18.40978586535444
-18.411211620518205
-18.412358929222872
-18.413779465637074
-18.414955755284023
-18.41605414073433
-18.416797583011533
-18.418091347062877
-18.41926198992759
-18.42032425939578
-18.42167523221962
-18.422704341444994
-18.42395167113993
-18.425584394947343
-18.42652833459138
-18.428159959638997
-18.428764508266806
-18.430414805122226
-18.431165338016548
-18.43199206608783
-18.433109439612377
-18.43427754908169
-18.43506792767835
-18.436234021345935
-18.437271336709575
-18.438518816728543
-18.439655173053502
-18.440572234649434
-18.441789648012975
-18.441988661880398
-18.443769212343184
-18.44425554464313
-18.445143999571254
-18.445993886433918
-18.44707015711272
-18.44803014330068
-18.448898400698994
-18.449544372826345
-18.450674269725525
-18.45149594758579
-18.452563966593516
-18.453860730580327
-18.455645317221556
-18.457274971483947
-18.45890514559749
-18.461674272066578
-18.463907467574348
-18.466188935501453
-18.46833132738497
-18.47019750981656
-18.471219492832596
-18.47621282366942
-18.478157116047395
-18.480691427248626
-18.483418948241724
-18.48744858130552
-18.490384196889185
-18.493316214720664
-18.49710354801215
-18.50102733460684
-18.504740468897797
-18.508508430248508
-18.51213736531368
