500 iters for seed 118 on 3R0.3 which is in the 50.011444091796875 percentile
 Maxcut: 22.0, MedianCut: 12.0
-12.03092892541661
-12.79264321114885
-13.505582039789969
-14.356099745697819
-14.712843371766366
-15.133938823095747
-15.878177702191199
-16.326429039150508
-16.909644445013615
-17.393334345166217
-17.81235129549841
-18.261596224245135
-18.298945067459652
-18.665637672618352
-18.795274917050776
-18.97335180836013
-19.155788658370778
-19.27834245526823
-19.36903243911863
-19.46060641910022
-19.546168705067057
-19.6133239186975
-19.648523642182838
-19.695154858355778
-19.73279684405341
-19.764320004826395
-19.780549957205363
-19.802034282617893
-19.823356072356933
-19.845207889076015
-19.85744313021754
-19.87226742497832
-19.887297400399238
-19.906879069515558
-19.920473529074034
-19.930017682567183
-19.938013637599674
-19.946336687583983
-19.950694817209854
-19.95640262705377
-19.963410693325354
-19.96695976724549
-19.971650493270023
-19.974102354612086
-19.977174068876174
-19.979801707679282
-19.982200162166567
-19.984103279804714
-19.985184565988177
-19.986021218125185
-19.9876326374517
-19.98865390999605
-19.990057857734286
-19.991369189850808
-19.991959157526395
-19.99269471818073
-19.993790549474465
-19.994369187829637
-19.994953234187044
-19.995407268450183
-19.996008767561726
-19.99636580592391
-19.996935761652303
-19.997432059170926
-19.99780132759226
-19.998162818176088
-19.998461266914756
-19.99865900084794
-19.99890889610015
-19.99907083260566
-19.99921553177074
-19.99936605008938
-19.999456154269733
-19.999619370818415
-19.999700801669377
-19.999747286680197
-19.999793539540498
-19.999825641394683
-19.99986254508902
-19.99989454613514
-19.999904782350534
-19.99991862946609
-19.999926823106268
-19.99993506885853
-19.99994224563056
-19.99994729214559
-19.999955799010245
-19.99996510810665
-19.999968715586224
-19.999974208403813
-19.99997547399204
-19.99998099055893
-19.99998287886113
-19.999984942793734
-19.999987361935954
-19.999990735297388
-19.999992936133637
-19.999993899820783
-19.99999451524101
-19.99999522924183
-19.999996002351708
-19.999997017861443
-19.99999743524712
-19.99999783675293
-19.999998080691203
-19.999998411827725
-19.9999985830343
-19.999998712608836
-19.99999895422926
-19.99999908001412
-19.99999920061064
-19.999999313372722
-19.99999940152869
-19.99999948180484
-19.999999543999554
-19.999999610689734
-19.99999968168632
-19.999999741558057
-19.999999774966128
