500 iters for seed 74 on 3R0.3 which is in the 78.75289916992188 percentile
 Maxcut: 21.0, MedianCut: 12.0
-14.000787958642892
-14.257201621996742
-14.263442154111784
-14.50793286740343
-14.96295119904313
-15.182753037602877
-15.532834739921574
-15.879299580615738
-16.252445331454123
-16.464385627102896
-16.600972515191167
-16.824042865151856
-16.990168137242215
-17.097846214707424
-17.191708548436637
-17.258689973720642
-17.339941724315842
-17.407412396376596
-17.500318645053166
-17.547594949381235
-17.633247157587718
-17.689202330269616
-17.75284187112275
-17.780551372269077
-17.80467338502656
-17.838024465476142
-17.8669701551505
-17.887526746840972
-17.906765476599915
-17.91986573410323
-17.934530048109746
-17.94151625034322
-17.95036002713267
-17.959997287964093
-17.969444793997503
-17.978195901923403
-17.984308426304523
-17.989458286574557
-17.993166624054123
-17.99608967323294
-17.999699581886535
-18.003960197525082
-18.007845295443627
-18.00983200928187
-18.012428395628433
-18.01525286103465
-18.018028567570298
-18.02030492308761
-18.022846667279644
-18.024898985000693
-18.02713189804599
-18.029461016202756
-18.031031433480376
-18.032924957624495
-18.03771586483353
-18.039042710782486
-18.04083547230685
-18.042991666044543
-18.044565574838533
-18.046234188389114
-18.048820147476057
-18.050641590129583
-18.054436774619692
-18.056548945617504
-18.05904293748335
-18.061502612079146
-18.06401006076269
-18.065537095697604
-18.068977273980583
-18.070418348296904
-18.072539239270053
-18.07397224718731
-18.076469522139718
-18.078335604012572
-18.079919929519825
-18.082995040806644
-18.08420538391139
-18.086034947055555
-18.08727696881384
-18.089239651931344
-18.09030323338864
-18.0915986236877
-18.092794759467896
-18.09385034830129
-18.09580711143186
-18.097131983553965
-18.09848082843976
-18.099569092553228
-18.100872750615462
-18.10234899400478
-18.10385630178389
-18.105022809719888
-18.106426904574946
-18.109439570730963
-18.112410123506695
-18.114768367173312
-18.117733726939242
-18.120205757614816
-18.123343959843034
-18.12946604900149
-18.131923118199268
-18.13608529127646
-18.13997541081396
-18.143985088673684
-18.148010879069982
-18.151571877379116
-18.154143837214658
-18.157438930333576
-18.162608479374395
-18.165861839345208
-18.16974802666885
-18.17427270896819
-18.17655052180416
-18.179171671209932
-18.183369668960594
-18.186749800711322
-18.189435341356702
-18.19238145543538
-18.194764577932894
-18.19640600975626
-18.203057393509297
-18.205430176145086
-18.20947863539254
-18.212126802313502
-18.21448709224651
-18.21866483147501
-18.22067031662775
-18.22529702830391
-18.22751513404509
-18.230548824662183
-18.232873405037843
-18.23745468658306
-18.24025673998353
-18.24247146981475
-18.246579205728064
-18.2486980469853
-18.255175866129505
-18.257363202685077
-18.261199023471786
-18.264182421844293
-18.267269917071022
-18.27167676979693
-18.27468382083298
-18.278009363770547
-18.283467516698334
-18.28537399154095
-18.289020525722268
-18.291870576235638
-18.294992125303505
-18.298499837326844
-18.3010380598905
-18.306679812402393
-18.30815194517038
-18.312788513081053
-18.314723185184842
-18.31735322999623
-18.32172514822291
-18.323043072285504
-18.330837625449114
-18.33348965763408
-18.33738051065273
-18.342393444688533
-18.343626701752232
-18.35117920323111
-18.353647038635323
-18.357919307480213
-18.36295518050647
-18.36850538211339
-18.373151459286223
-18.37832462817497
-18.383420503099902
-18.389319505996294
-18.39432474451122
-18.399178308093713
-18.404961284787493
-18.412308141441866
-18.417975356088572
-18.423256051967257
-18.43092910700834
-18.4378279663265
-18.444411055195943
-18.453827589271622
-18.460265734356756
-18.46761410508753
-18.475252057956876
-18.480060948453318
-18.488959440605484
-18.49518895741795
-18.501890359045444
-18.510748231642
-18.51699730207353
-18.52693518462444
-18.53669251229669
-18.54333707860878
-18.555486387702473
-18.564195366946446
-18.57324246262847
-18.583824269008065
-18.59321741556183
-18.60268233129639
-18.613316809200064
-18.62313039871014
-18.631846565440263
-18.64000888921318
-18.647475710436485
-18.654155628740437
-18.659009892164153
-18.664055856971498
-18.673140608527582
-18.677406477049132
-18.681777664876254
-18.68603385279453
-18.690419650285747
-18.698018487904857
-18.7029106074531
-18.708804565073198
-18.714595725367488
-18.720220968705394
-18.72569643366031
-18.73184409534394
-18.738363869755013
-18.745384098095194
-18.751097743217112
-18.756729635339756
-18.76201094419101
-18.768046643442375
-18.774255736263772
-18.77971373086489
-18.78520742778527
-18.791088421055296
-18.797413302228577
-18.802110877793826
-18.805721914521463
-18.809451851312094
-18.815153301458047
-18.819384430066965
-18.823078704552422
-18.826904695382098
-18.830663927645396
-18.834045914766065
-18.836886531536525
-18.83928096117507
-18.842158126451288
-18.845772998991837
-18.849195384190793
-18.85151465775223
-18.854487480889656
-18.857002743995583
-18.86036125558
-18.8646746907328
-18.86906302112047
-18.87370341255747
-18.877730562660606
-18.88234664278501
-18.88597175676782
-18.888506711065503
-18.892632184813753
-18.894750765953866
-18.89714854398472
-18.90025312726297
-18.90228604290646
-18.907518126051073
-18.9099784713418
-18.913961341379377
-18.917291283665698
-18.92080347306331
-18.92394476154869
-18.926889933521235
-18.930247179496504
-18.933468589218574
-18.93668100822583
-18.941257111367463
-18.944566228462246
-18.947642256474154
-18.95273421851106
-18.957496712446968
-18.962021544185273
-18.96882336133659
-18.974267397732824
-18.98126456659731
-18.988116168486798
-18.99175225327692
-18.998672558595825
-19.005372875892323
-19.01167401854425
-19.016196285991768
-19.020327213361682
-19.025479682069058
-19.030338487806752
-19.035035138951308
-19.0378738827463
-19.04107196798792
-19.04684723986448
-19.05008944050648
-19.05418658500204
-19.057222103453032
-19.060014977330784
-19.063506207853013
-19.067385032600715
-19.07050990625385
-19.07485181799544
-19.077875919204054
-19.080720958351534
-19.084160592213617
-19.086285364257026
-19.088884960768414
-19.09167389459675
-19.09451724465698
-19.096083210952923
-19.098641197515967
-19.100055233013325
-19.10244642603819
-19.1040432201999
-19.105560224650063
-19.10889419535332
-19.11077621820645
-19.11385652683931
-19.116511633369875
-19.118737627629265
-19.120912385635613
-19.123535227014713
-19.126328235922205
-19.129145920173205
-19.131742859828694
-19.135628094579396
-19.138703358348366
-19.14118078983361
-19.144357879460944
-19.145843519218737
-19.1472878415543
-19.150314303084965
-19.151753451457804
-19.15551745324972
-19.157760653304084
-19.15990933928042
-19.161398231339273
-19.16320250364512
-19.164752999521223
-19.167250865957637
-19.16874561041638
-19.170275767327382
-19.172701472518355
-19.174133976999023
-19.176335266471828
-19.177945487245825
-19.179925401817133
-19.182143581018163
-19.18500221540805
-19.18820020981183
-19.191006443647257
-19.193182081297472
-19.195116460397717
-19.19803456066825
-19.199875096772814
-19.201491606680992
-19.20465521955354
-19.20661710413438
-19.209126124592892
-19.211994371101788
-19.21470830541628
-19.21664787883938
-19.220081366861383
-19.2217469018422
-19.225533197152952
-19.228252078891476
-19.230919138931707
-19.23597098935494
-19.237048490622936
-19.24416416925153
-19.246476068031594
-19.251019917562992
-19.25362451135937
-19.25752309503709
-19.26322961982032
-19.268711826607696
-19.27427994986943
-19.280030009406488
-19.28431881779887
-19.290812606671874
-19.297374897090723
-19.302966665357474
-19.30883981607328
-19.313406876935634
-19.317723378195524
-19.323417903955708
-19.327212467218796
-19.33104055422369
-19.336548448061446
-19.340940982418118
-19.345615492067385
-19.34977631532173
-19.354253093523617
-19.359283178165246
-19.365925366766323
-19.372394940244252
-19.37667337469116
-19.383958486076722
-19.387742302456665
-19.39225685307971
-19.397253944149806
-19.401712637690682
-19.410852089273135
-19.415713052420617
-19.42055102677381
-19.425775431580604
-19.43110966380886
-19.437619906875824
-19.446089315700455
-19.448903304836705
-19.456115619567285
-19.459602533761274
-19.463961896319592
-19.469679816345845
-19.47262914543904
-19.477851805844157
-19.481353115576155
-19.48655171469088
-19.49054538168178
-19.49539430325601
-19.50017584647717
-19.505521070594373
-19.51188483945244
-19.51865391650961
-19.52352718664986
-19.52962817634287
-19.535713188760994
-19.542358397044186
-19.5504710937122
-19.55485253658566
-19.55984754089564
-19.567400884251533
-19.573416106186748
-19.584821018486405
-19.593886647573317
-19.60717784111518
-19.613090764655805
-19.622734529883513
-19.631817361838884
-19.64306677157262
-19.65387604005169
-19.660563807405108
-19.670738098353915
-19.68136194275373
-19.687990691217458
-19.696787055702814
-19.7035143574468
-19.709861134472852
-19.719235960677125
-19.725111330002814
-19.735887533727375
-19.743641384786983
-19.748665171768344
-19.755051916044454
-19.76171244084211
-19.769861512453964
-19.77924375273595
-19.785432950359056
-19.792544143881543
-19.799810427565088
-19.80733077830815
-19.814234923574794
-19.819622957411624
-19.82803727655961
-19.835827148188965
-19.844070517432698
-19.85053128070307
-19.857254354936416
-19.86205608536339
-19.86741705178342
-19.871929183567662
-19.877394003896093
-19.88126987529535
-19.88494573685383
-19.890280393870665
-19.894172582580214
-19.89793677580411
-19.90197501796352
-19.903822802818702
-19.906908842017426
-19.91132127801103
-19.913986621434212
-19.917623542224074
-19.92019798542785
-19.92394876757464
-19.92770832733589
-19.93108983072211
-19.934611116207712
-19.93657892437639
-19.938391783142997
-19.94231584933765
-19.943979581933284
-19.945425998639084
-19.94749121919194
-19.94839811045367
-19.95064246831441
-19.95258856438729
-19.953595791277575
-19.95530782285316
-19.95675210135997
-19.958000997830336
