500 iters for seed 70 on 3R0.3 which is in the 78.76968383789062 percentile
 Maxcut: 21.0, MedianCut: 12.0
-14.00019481192882
-14.01935098415509
-14.0576715738322
-14.069382906979449
-14.118656719763733
-14.22823841898169
-14.647674951670355
-15.072613166684057
-15.478871408660632
-15.871082003280675
-16.080865667722044
-16.52132849616278
-16.694005762958255
-16.8725365272807
-17.024122788816086
-17.218261041162002
-17.33976614845463
-17.4405920703432
-17.516867514710214
-17.618708063401517
-17.668176093688015
-17.71006131424061
-17.739322610281082
-17.771509821247466
-17.796031700468923
-17.82832792433417
-17.845027502138812
-17.861215064059085
-17.888026266303655
-17.896236474935293
-17.907623260678832
-17.920864447267405
-17.931630311395335
-17.943916325362046
-17.95299677975997
-17.959060565683462
-17.966394363444476
-17.972301054079455
-17.97749549663865
-17.981097936999344
-17.984744708286847
-17.986658784935557
-17.99000465909256
-17.991576800012176
-17.993180711962108
-17.994672929191342
-17.996372815646627
-17.997284891081893
-17.99826268961096
-17.999605765864786
-18.000142138119198
-18.001071457060146
-18.001370317459145
-18.00184005285042
-18.00206550041599
-18.002592676227852
-18.002818891006207
-18.00303917041905
-18.003373248495812
-18.003578214378056
-18.00379063543332
-18.003905401759106
-18.004053677261158
-18.0041581171365
-18.00430000809892
-18.00441838416033
-18.004527327658757
-18.004724697963514
-18.00480360585949
-18.004935870904667
-18.00498567137044
-18.005065144743305
-18.005151669883826
-18.00525487457943
-18.00532082947243
-18.005389209167543
-18.005460684574814
-18.005589831237284
-18.00576188685368
-18.005948239808927
-18.006102173922212
-18.006340420904678
-18.00655326407139
-18.006766065372457
-18.00703953309895
-18.00730007178064
-18.007734466047523
-18.00834935060803
-18.00919155815207
-18.009945011747487
-18.01066068155531
-18.01140915243899
-18.012307731011635
-18.01319035814008
-18.014539577973096
-18.01558574328599
-18.017481440992686
-18.018463993204445
-18.01990557483525
-18.022485028703407
-18.023623388374897
-18.025310541252125
-18.026549978304395
-18.027062179104036
-18.02930452742038
-18.03147640704272
-18.033307316418753
-18.034769141429457
-18.036559039273655
-18.039448826900205
-18.043518769934064
-18.05237147380563
-18.068014257350605
-18.091123744434483
-18.112511625197925
-18.145507418416624
-18.256922045084533
-18.434881902928577
-18.55026302861591
-18.801807067317654
-18.950414030009483
-19.08122085298064
-19.185486871198403
-19.3277503911051
-19.44294681651625
-19.536892541545118
-19.606234019948122
-19.666973856837153
-19.72328782689111
-19.778980192176075
-19.821275082128388
-19.852620901573996
-19.87798322528757
-19.902894056614088
-19.922770888384605
-19.935246446558427
-19.952080250281544
-19.956790438311018
-19.96485218397956
-19.968033420186625
-19.971921982131636
-19.9764311373972
-19.976996064519106
-19.9823444283615
-19.983530144082195
-19.985317768474257
-19.987615973965333
-19.98847376980073
-19.98960213322566
-19.990474739088953
-19.991361242413614
-19.991775846375244
-19.99252239238217
-19.992853366903358
-19.99319625171979
-19.993762257771117
-19.99384913740466
-19.9944294030958
-19.994582049278037
-19.994852065973348
-19.995058007217512
-19.995289472781753
-19.99539806441326
-19.99553129377801
-19.995670578110097
-19.99581220675288
-19.995942000055045
-19.99603350844478
-19.996193966511104
-19.99634462952898
-19.996468181715795
-19.996601772869
-19.996715080008308
-19.996873442691054
-19.997088130953358
-19.997256854842814
-19.997393974708874
-19.99748374779496
-19.997619742921987
-19.997714278782567
-19.997941180058927
-19.998031798619948
-19.998138027527457
-19.99826301084549
-19.998407300728683
-19.99849421299115
-19.9986133702371
-19.99868806270465
-19.99880397958954
-19.99891753800665
-19.999003503048744
-19.999099862234637
-19.999227671377586
-19.9992859198085
-19.999354945556835
-19.99945613882312
-19.999507254053047
-19.999569323617457
-19.999617090412304
-19.999682202168778
-19.99972317331262
-19.999781016500243
-19.99981344975444
-19.999846392814376
-19.999863545545466
-19.999901814172013
-19.999915142001417
-19.99992626340851
-19.999944451795535
-19.999960243767944
-19.99998460579996
-19.999991238158028
-20.000001112593324
-20.00001007234284
-20.00002103719012
-20.000030076322435
-20.000038817342055
-20.000045239637437
-20.000052785482826
-20.000061376036037
-20.000068138298044
-20.000075850110353
-20.00008351019508
-20.00008680941844
-20.000091636383143
-20.000097192977176
-20.00010282273875
-20.000107319000577
-20.000112316659738
-20.000116920412587
-20.000121501478837
-20.000125521417527
-20.000129236289936
-20.00013281819818
-20.000136515217502
-20.000142323585784
-20.000144473210362
-20.00014775427697
-20.000152094800175
-20.000156280167996
-20.000159420573322
-20.000163780758257
-20.00016712367879
-20.000171326405688
-20.000175761063602
-20.000181882507466
-20.000188489866
-20.00019514130088
-20.000204598502147
-20.00021022657999
-20.000217430372683
-20.00022990381912
-20.00024004862643
-20.000248199878953
-20.00026505713719
-20.00027689196756
-20.000291105413478
-20.000302424414702
-20.000320017917467
-20.000325013478367
-20.000343888742286
-20.00034664620924
-20.00036829297506
-20.000377036244267
-20.000388278474155
-20.000404723812313
-20.000421724056636
-20.000446489519472
-20.000456252647677
-20.000469164204713
-20.00047958283745
-20.000492129562357
-20.00050312330932
-20.000509410277594
-20.000520464211277
-20.00053186204088
-20.00054449703478
-20.00055337052156
-20.000563038585508
-20.000574597838764
-20.000582642728375
-20.000591238317732
-20.0005991086817
-20.000608030091485
-20.00061702831735
-20.000627115256687
-20.000636616450368
-20.000643901718835
-20.000653147635912
-20.000663368675713
-20.000674791948896
-20.000684519197865
-20.000701346826215
-20.000712681867945
-20.00072365834027
-20.000737413193885
-20.000746992840405
-20.000760434118686
-20.00077644058379
-20.000789790550545
-20.000805101376812
-20.000820637863605
-20.000838267493226
-20.0008581265869
-20.00088033162086
-20.00091343255059
-20.00093510381964
-20.000959015703657
-20.00100204996598
-20.001030069565697
-20.001059236303366
-20.00109614170957
-20.00112153840834
-20.001138923381717
-20.001174197720857
-20.001189508153228
-20.001210095759472
-20.001232515882382
-20.00124870929384
-20.001284109126882
-20.001304982384283
-20.001331499482944
-20.001343811644134
-20.001361757985713
-20.001386688496833
-20.001416998102624
-20.001438746852
-20.001462656628007
-20.001482142584457
-20.001500897809304
-20.001528540246607
-20.001546056681466
-20.001562092185683
-20.001603716246272
-20.001634962462088
-20.00167223257976
-20.00172665182503
-20.001764526354943
-20.001818378059955
-20.001876724753096
-20.001941068359177
-20.001992251207792
-20.002048646266882
-20.00210529402584
-20.002172110598472
-20.002251196747512
-20.002341188536814
-20.002439781793147
-20.00254299018318
-20.00264432821966
-20.002816780847287
-20.002980990832135
-20.00313347302827
-20.0035106562283
-20.00370460826459
-20.003961484874793
-20.00439789759675
-20.00467358454488
-20.00513022127775
-20.00549308703453
-20.005907841174427
-20.006214309378294
-20.006546437569988
-20.006668480262785
-20.007163592294898
-20.007406577191094
-20.007704124017707
-20.00814623887838
-20.00848652954868
-20.00885621173132
-20.009072303829555
-20.00929116190329
-20.009535219969376
-20.009893618286586
-20.010306262731902
-20.010652036149768
-20.01088620274651
-20.011052285705954
-20.011341591970663
-20.011519094359205
-20.01177271448242
-20.011959887532008
-20.01212835584122
-20.01237033743866
-20.01265436721702
-20.01281815442335
-20.013060161087825
-20.013371512237743
-20.013700694161077
-20.0140381814058
-20.014240373645816
-20.014489663905596
-20.014842080403376
-20.015139244886015
-20.015307865708493
-20.0155684715781
-20.015659784424553
-20.015842779996674
-20.015984924442773
-20.01607126887851
-20.016260821182513
-20.016385175344332
-20.016574535445283
-20.016705263399903
-20.016837265648817
-20.016954871011617
-20.01707226158361
-20.017172023473904
-20.01727114427099
-20.01737260601368
-20.017477856891457
-20.017588252981742
-20.017675159041392
-20.0177462716528
-20.017819841558207
-20.01786033796095
-20.017940224042874
-20.01803191226325
-20.018098213707578
-20.01818229635205
-20.01824866058609
-20.018339441929974
-20.018469462012693
-20.01859727704487
-20.018724389201296
-20.01883007475937
-20.01896252929689
-20.01905508536949
-20.019208914324686
-20.019287347181017
-20.019415044987824
-20.01963204095273
-20.019744422980242
-20.01992155379072
-20.020073469058154
-20.020200972653154
-20.020323394752538
-20.020488206252367
-20.020634137227393
-20.020794402768814
-20.02094622578351
-20.02103917708995
-20.021164919396735
-20.02127628138789
-20.02140614545915
-20.021547891059946
-20.02162906719565
-20.021710164701346
-20.021791926951295
-20.021853913457868
-20.021885649830622
-20.021981659426736
-20.022054597508394
-20.022109972948744
-20.02214463991568
-20.02217847612735
-20.022211940896504
-20.022273125205686
-20.02231374570252
-20.022357034751845
-20.02239282160494
-20.0224282819842
-20.022457946693212
-20.02251414976176
-20.022541897433758
-20.022572365147628
-20.022612706140848
-20.02265528221306
-20.02268486697223
-20.022714540247424
-20.022741198877426
-20.02277493602668
-20.022809174640606
-20.02284255069226
-20.022867004116552
-20.02290010179953
-20.022924002932985
-20.022949541809442
-20.02298711890891
-20.023013067103317
-20.023041568191168
-20.02310265502609
-20.023129212873528
-20.02316725614284
-20.02322742409852
-20.023276592650646
-20.023346708517423
-20.023391330314563
-20.023439053036896
-20.023492748992325
-20.023556469486433
-20.023629318816596
-20.023677686644834
-20.02371383578842
-20.023769000551926
-20.023811215638712
-20.023857848642734
-20.023908527456385
-20.023943921626593
-20.02396838962882
