500 iters for seed 194 on 3R0.3 which is in the 20.798492431640625 percentile
 Maxcut: 20.0, MedianCut: 12.0
-10.034101488446911
-11.991282641696019
-12.070484281185108
-12.092796788086135
-12.140207083403489
-12.172677520873629
-12.195590348738122
-12.216896318398737
-12.236946845455254
-12.252933185534987
-12.270033370660489
-12.285355717401298
-12.297795585966147
-12.308991015334607
-12.31993070672606
-12.328238536330684
-12.335582575057089
-12.343725445479041
-12.350543596396518
-12.358161924678695
-12.364453097095645
-12.371441697779616
-12.3775568550526
-12.382875149090678
-12.389119762652085
-12.393330202207228
-12.397163130200209
-12.403207211720698
-12.405706473322036
-12.408650504958068
-12.412980903298992
-12.415370240002312
-12.419040988586024
-12.4234611457099
-12.42533901348682
-12.428660369888657
-12.431387757309242
-12.433909893973926
-12.436187885307852
-12.43890273021662
-12.440004329784344
-12.442223337453605
-12.443539238634555
-12.444794772050223
-12.44716122860744
-12.44874441445587
-12.450571697398376
-12.452826248696928
-12.454852028100875
-12.45708516445147
-12.458813281329538
-12.46047340993784
-12.461719813077414
-12.464107859641087
-12.46536416279558
-12.466753197226113
-12.468356256755946
-12.469661055688384
-12.47122290154361
-12.472899729527745
-12.474429943162821
-12.47601801047984
-12.47746896195316
-12.479516980770628
-12.480513605377457
-12.48150759848389
-12.482654696417352
-12.483923673312747
-12.48542499724579
-12.486222026067487
-12.487256567008682
-12.488277339083682
-12.489173072779504
-12.490876509630269
-12.491597472378317
-12.49295157832418
-12.494095228747497
-12.49519371455168
-12.49629045661762
-12.497235073112552
-12.498142638103172
-12.498939578188818
-12.500371263050134
-12.501469225892816
-12.502326859135971
-12.5034607347698
-12.504402125302374
-12.505324929817393
-12.506506352340166
-12.506960436127594
-12.508156117095826
-12.508648757926183
-12.509653831675298
-12.510362072409977
-12.510965059980864
-12.511760293634344
-12.512716862923094
-12.513448126613476
-12.51444886247011
-12.51503502442254
-12.51568624153134
-12.516475840717181
-12.517151215374295
-12.517835723649197
-12.518558175875551
-12.519328413659718
-12.520095804500357
-12.520855866806379
-12.521265134457384
-12.521909317485285
-12.522280580436433
-12.522831613188117
-12.523668437030626
-12.524177937121353
-12.525005665337703
-12.525712891900417
-12.526198211326452
-12.526947669479945
-12.52759239936438
-12.528180437064316
-12.528546519113327
-12.529152374888808
-12.52934011587851
-12.530024043899182
-12.530440513572445
-12.530829807091552
-12.531440093952067
-12.531761811363879
-12.532614954680824
-12.532898010309562
-12.53338664435049
-12.534015305356888
-12.53433858372884
-12.534927071881935
-12.535336422328918
-12.53573621186519
-12.536397605191198
-12.536715120127012
-12.537222740918931
-12.537507232464867
-12.537974514995584
-12.538626064141804
-12.539109816663357
-12.539426093938191
-12.539806696028432
-12.54012936794047
-12.540273930267581
-12.540937099631762
-12.541156906414756
-12.541424370086009
-12.541833916963753
-12.541938684931917
-12.542683781014311
-12.542920444259114
-12.54326860030093
-12.543742864895737
-12.544184968327679
-12.544579246703556
-12.544794073979482
-12.545125884752093
-12.545203727695071
-12.545864019922336
-12.546104376799207
-12.546391613750131
-12.546759616356422
-12.546951621610674
-12.547380203748135
-12.547679980122068
-12.548088665863379
-12.548236144229378
-12.548568040683884
-12.548772367436435
-12.549000950086212
-12.549364923364386
-12.549588670222466
-12.549923625752507
-12.550179704304021
-12.550504093304646
-12.550748062675511
-12.551027351671145
-12.551265647662774
-12.551467836313492
-12.551868525696397
-12.552242327788068
-12.55250616689869
-12.552905728357782
-12.553219869789745
-12.553598367150235
-12.553940523686189
-12.554201608661113
-12.554513399883636
-12.554902694807174
-12.555284951461744
-12.555551198285622
-12.556015669688243
-12.556370018253503
-12.556736497678825
-12.557428570903653
-12.557925684196722
-12.558352227636076
-12.559286565493471
-12.55957275696931
-12.560291752382618
-12.560671170885922
-12.561191927155706
-12.561649349717424
-12.562023391016762
-12.562601839068634
-12.56319198440168
-12.563617959139702
-12.564048422899543
-12.56426316465978
-12.564645632221655
-12.56501759477836
-12.565343751615503
-12.565986862940521
-12.566437617712896
-12.567098077306069
-12.567577262497856
-12.568172349664868
-12.568845728233873
-12.569441120133538
-12.569936445103568
-12.570469990236699
-12.570892964161256
-12.571276119373234
-12.571881284389494
-12.572184966690088
-12.572490202308044
-12.57303899102342
-12.573303338562349
-12.573644362031658
-12.573937271787027
-12.574254213106999
-12.574658671347803
-12.575015066888582
-12.57535177310874
-12.575700908537293
-12.576075222371466
-12.576447990099405
-12.576702668678735
-12.57704109704654
-12.577238928499659
-12.577589852708721
-12.577786165365232
-12.57801440699913
-12.578108184360229
-12.578445390529108
-12.578576222936736
-12.578748127382603
-12.579013757952556
-12.579349345126339
-12.57971256686094
-12.579934743953736
-12.58027273874157
-12.58048484800069
-12.58067154986724
-12.580937277136893
-12.58107504919155
-12.581302746735378
-12.581563182659018
-12.58180568946188
-12.58197283269798
-12.582179888204791
-12.582390978723337
-12.582620919015298
-12.582879203991848
-12.58307711928743
-12.583278901195909
-12.583598317109677
-12.583696152456035
-12.58387218691335
-12.583998202003771
-12.58412180362788
-12.584303776071797
-12.584406785033602
-12.584708150068963
-12.584867839234917
-12.585055786455182
-12.585209411836288
-12.585386111357046
-12.585665765960286
-12.585725322987344
-12.585958004382181
-12.586036543292352
-12.586183147747015
-12.58626726088964
-12.586438045305993
-12.58654079447212
-12.586643409527428
-12.58682535084778
-12.586999413627545
-12.587139829863272
-12.587232088040572
-12.587373415918345
-12.58743826098734
-12.587653844486741
-12.587731581980561
-12.587832319174225
-12.58798220983265
-12.588105192414009
-12.588266072982787
-12.588374119223552
-12.588493066790354
-12.58863925106698
-12.588752003834689
-12.588850388625637
-12.58892692558413
-12.589064052239221
-12.589174173282352
-12.589301181624798
-12.589379977767312
-12.589488150870453
-12.58963116441978
-12.589778190634519
-12.589878753805937
-12.589985366280679
-12.590074350873845
-12.590202379217066
-12.590358561334988
-12.59048060913265
-12.590548841569
-12.590729551019857
-12.590781864675119
-12.590915049154882
-12.591007662049549
-12.591096324432192
-12.591229298131534
-12.591313380656352
-12.591408349080993
-12.59149340518842
-12.591593987171436
-12.591691622691247
-12.591784716850086
-12.591883178982526
-12.591970355436578
-12.592091066194058
-12.592216131214224
-12.592329246163573
-12.592428806103191
-12.592517390218887
-12.592621856763994
-12.592687362813649
-12.592771252971621
-12.592848144647723
-12.592920211168574
-12.593038634871114
-12.593112016528549
-12.593228382467844
-12.593383566387306
-12.593493388969083
-12.593631839213762
-12.593696470662344
-12.593842669137537
-12.593928123140696
-12.594061590859944
-12.594156664627597
-12.594232202824632
-12.594330428466144
-12.594451368805352
-12.59453159916549
-12.59464671014302
-12.594712146315011
-12.594808945809046
-12.594916402529305
-12.594999424102348
-12.595165443784948
-12.595248777076907
-12.595374947396028
-12.595498336748776
-12.595595406527583
-12.595691324273378
-12.595762724796836
-12.595855639540028
-12.595947520415212
-12.596072151042836
-12.596192067842667
-12.59632714097415
-12.596439159747414
-12.596546982892944
-12.59666839847852
-12.596788580925056
-12.596897142227359
-12.596980012879122
-12.597063859390376
-12.597193376718822
-12.597267690906522
-12.597347521045773
-12.597522690264437
-12.597588655718187
-12.59766767568858
-12.597788833344291
-12.597864109526704
-12.598013009543527
-12.598133389910874
-12.59821947327513
-12.598308808897569
-12.59839939493473
-12.598508619368111
-12.598588407251828
-12.598665784091757
-12.59876683069448
-12.598879979616886
-12.599004229610292
-12.59910426016539
-12.599193027544342
-12.599288071021286
-12.599389885708185
-12.59952285314897
-12.599619563385783
-12.599715732491454
-12.599810681473091
-12.59987707086924
-12.599959041659325
-12.600110936339902
-12.600194188843796
-12.600326416957387
-12.600382662326243
-12.600480324433464
-12.600606272816588
-12.600734406277612
-12.600816273427643
-12.600933391654024
-12.601012399880352
-12.60113118902218
-12.601253028415837
-12.601331067667935
-12.601450492651871
-12.60156356601303
-12.601688740812396
-12.601796716450384
-12.601927317891379
-12.60205127315457
-12.60216507067484
-12.602277795430462
-12.602390475518948
-12.602499124535841
-12.602655999174475
-12.602772688320783
-12.602905371748852
-12.60303327687586
-12.603130193510435
-12.603221934893035
-12.603363092415483
-12.60338329328173
-12.603582829468122
-12.603638419653226
-12.603737291118337
-12.603857123152853
-12.603924509177773
-12.604057827371733
-12.604110577456868
-12.604208216865478
-12.604277995216115
-12.60438254428419
-12.60446283209643
-12.604558934325715
-12.604657250964035
-12.604767360358286
-12.604853408524407
-12.604951491111104
-12.605025183159412
-12.605122100199006
-12.605176136772272
-12.605274116444985
-12.605337907666703
-12.605408607078784
-12.605506956419607
-12.605598346987609
-12.60567118302559
-12.60574391383205
-12.605845643109113
-12.605873211509627
-12.606018792304374
-12.606062352238432
-12.60614451139249
-12.60622891536265
-12.606317192677501
-12.60638532451915
-12.60649138959208
-12.60658505800744
-12.606694392167016
-12.606809643033714
-12.60687608118637
-12.606940318422145
-12.607121078497594
-12.607206787364767
-12.6073225292588
-12.607428982948921
-12.607509503622271
-12.607561536098864
-12.607709100455013
-12.607770699000179
-12.607841259070852
-12.607948280879201
-12.608015488143446
-12.608144794189707
-12.608194209316245
-12.608276874788402
-12.608334309642153
