500 iters for seed 155 on 3R0.3 which is in the 48.844146728515625 percentile
 Maxcut: 21.0, MedianCut: 12.0
-12.002725134879652
-12.157155360162728
-12.237524803770173
-12.470106022435871
-12.829564811957917
-13.1833321821307
-13.523564094702591
-13.842457527456817
-14.198286347846992
-14.385645936666284
-14.695280501931911
-14.94634893834737
-15.163260312898556
-15.32587040059273
-15.45094305752681
-15.566691224529496
-15.665334167203433
-15.735317788630368
-15.776674984154436
-15.812215313917667
-15.854220922588388
-15.88537480165784
-15.914786989499113
-15.93951136820178
-15.957303916879626
-15.97965075006655
-16.0071565697876
-16.01622449978392
-16.03388931182058
-16.045235486194006
-16.061856383656522
-16.08441766293957
-16.094403380780577
-16.120423884184472
-16.135023322718677
-16.15588119869445
-16.170372983977245
-16.18845414829812
-16.202480413061433
-16.217257584517423
-16.241344043844936
-16.255288833571402
-16.28180294903229
-16.295113443832566
-16.309832973160937
-16.322116329747587
-16.334363338892757
-16.350107310217446
-16.361790327548835
-16.387729608230913
-16.406473173431305
-16.42320975844084
-16.45128477704124
-16.46988873203925
-16.494184148763058
-16.517316868079572
-16.537480623955787
-16.556935412311415
-16.574253188798803
-16.590988391945025
-16.606529532681744
-16.62539795738569
-16.642163765973155
-16.65881919017999
-16.675729793947372
-16.692881626795746
-16.72025941860219
-16.740350241077564
-16.76068337894204
-16.780780576454312
-16.79608051479506
-16.809411041461924
-16.819714874288916
-16.837632841544384
-16.85646808505463
-16.87897459563245
-16.896217969804646
-16.9118493148555
-16.929578339762585
-16.95383388038952
-16.97893058174905
-16.997607125843484
-17.01464579804566
-17.02714622323837
-17.040809913893874
-17.05854525710158
-17.072360599851574
-17.088040149044783
-17.116339704553564
-17.13710269643694
-17.149510632559114
-17.1730921785455
-17.186932647406962
-17.202489303356256
-17.225911065571527
-17.238784972049842
-17.256126379476264
-17.280077204683177
-17.300778807482903
-17.317744494446636
-17.34470203759357
-17.364055379907807
-17.388238077006584
-17.41178775585372
-17.433967319996135
-17.460743429676555
-17.47752051314291
-17.50101346169236
-17.51494124902488
-17.532509516823353
-17.5599291702092
-17.584878063858902
-17.601045371002243
-17.61288504547651
-17.63657255837573
-17.644988339940564
-17.66614264193933
-17.67277518822459
-17.6825314348636
-17.697734497820516
-17.707811608284484
-17.72338776236259
-17.737744092169645
-17.756444088300565
-17.77377566059525
-17.79300842204592
-17.821280288597947
-17.841076212709865
-17.86335429680332
-17.88545145142734
-17.910840185495996
-17.923801737768688
-17.961832640449426
-17.97943044717999
-18.012627241920278
-18.03549382424587
-18.055136459979934
-18.068276414940286
-18.086959895533905
-18.102415334365844
-18.119279121114364
-18.135981503936733
-18.155144472084064
-18.16946844915472
-18.181664118493963
-18.192586887185577
-18.208761933180448
-18.215414430035498
-18.22768407689859
-18.231823036641618
-18.23981685050067
-18.247420555532162
-18.25715696313246
-18.266586736770403
-18.27394437893608
-18.285913990893025
-18.293928590825377
-18.302290591995895
-18.310696166586776
-18.317896130131743
-18.323319842862276
-18.335193019123622
-18.33927297791046
-18.344989752312173
-18.349531144631015
-18.356393685769245
-18.361075728332164
-18.36460199393062
-18.370641303490174
-18.37422204085656
-18.380363517677996
-18.38491568205206
-18.390430897546942
-18.395285869590424
-18.400563534348944
-18.405496138018414
-18.40997450383162
-18.41500041256041
-18.419686370670114
-18.426083155443198
-18.42993255189758
-18.434825024307255
-18.445724127937996
-18.45012149671655
-18.45420182628836
-18.459654921486116
-18.463397215233243
-18.46805580140908
-18.47137662612009
-18.475514658515667
-18.47962802027261
-18.486981302517517
-18.491766240636625
-18.496041849689572
-18.503883123630363
-18.508731790621226
-18.516102674308154
-18.52298823616093
-18.528272366295088
-18.534073764371133
-18.540754277947908
-18.547487364336376
-18.553244462641967
-18.55992869627542
-18.56431872128672
-18.569105482455786
-18.57818111629874
-18.584386614954678
-18.59166091461122
-18.597522851244953
-18.603361974438396
-18.61651036482407
-18.625878716896118
-18.634730746063333
-18.641734827025864
-18.649759886815968
-18.66288464689506
-18.676632375326367
-18.685671298119917
-18.696958337215552
-18.706556817866833
-18.720314183584392
-18.737292933564508
-18.752807132822618
-18.765274481844557
-18.792542960071927
-18.800047123360415
-18.816040779595944
-18.825305081381206
-18.841807644920703
-18.862034409347956
-18.883644063776828
-18.8990043316206
-18.91536538189372
-18.93331772355549
-18.95070112464193
-18.96667714596825
-18.97858320634491
-18.99152934355028
-19.006377782318882
-19.023211003339295
-19.039766683330736
-19.05133136536843
-19.064839693922757
-19.075785260138797
-19.085967435796025
-19.09365622847606
-19.10153832786165
-19.11341123299675
-19.119139602143232
-19.125271480145404
-19.133959472762452
-19.14384768964451
-19.15288077121298
-19.159333229501698
-19.167516537469268
-19.17213877539861
-19.17748572202524
-19.185027542839116
-19.18830742455423
-19.19261915395981
-19.196524236375282
-19.201144520137778
-19.203342897671135
-19.20922003948542
-19.211469975970093
-19.21424382555728
-19.218719054557344
-19.221782246568335
-19.225184582790664
-19.228795759826355
-19.231441850432347
-19.23624370317229
-19.240667787151104
-19.243380719167583
-19.247518412614195
-19.250284143032154
-19.253048942893113
-19.257453172392875
-19.25985953173148
-19.262840294596444
-19.26725936507388
-19.27202404277359
-19.27372426465991
-19.27720563214271
-19.279577734182475
-19.282195479448962
-19.285034996430056
-19.287937701580844
-19.291692811817676
-19.295373806189033
-19.298780176264206
-19.30192978757303
-19.30566464880271
-19.30970616458132
-19.313191707345474
-19.315765325040775
-19.319820934011894
-19.32369325149702
-19.327438334603475
-19.33021698633722
-19.331982795937908
-19.335157542148366
-19.337248231409408
-19.339655866160008
-19.34240810592566
-19.344046286869368
-19.34803787014653
-19.349965538510016
-19.351591680365313
-19.353108635097357
-19.354933535759713
-19.356774263310033
-19.358548735951647
-19.360084187646393
-19.362200494076426
-19.362536123894806
-19.365725828722155
-19.366894357313466
-19.368393507419942
-19.370629379464162
-19.373390877372675
-19.376699926666053
-19.378185986569616
-19.379894898273676
-19.38132366601008
-19.38333872431323
-19.386844303085685
-19.38850554224843
-19.39066071910856
-19.39401101563768
-19.396516010726724
-19.398187187150963
-19.40106280017808
-19.40236074353728
-19.403951774972096
-19.406418708444548
-19.40785803513199
-19.409287203192694
-19.412610340822805
-19.41372461527797
-19.41502122385983
-19.41664534009845
-19.418683333150977
-19.42024111468119
-19.42189249026147
-19.423199618135534
-19.42501471940613
-19.426583722096506
-19.42804343693115
-19.42955812052654
-19.430675482478147
-19.432578926711862
-19.43403293085615
-19.435104812705084
-19.436099905015965
-19.437296457673924
-19.43950854890333
-19.442025991570677
-19.444088938811355
-19.446783174192625
-19.448707531462468
-19.451678976515485
-19.452554355046942
-19.454055953757813
-19.455667246012204
-19.45767512775842
-19.459739012791857
-19.461608345003214
-19.46297399613083
-19.46439037289744
-19.466174922472174
-19.468207307973547
-19.470157845959676
-19.47195574069752
-19.473395657861275
-19.474943666795053
-19.47657327506803
-19.47788747324829
-19.47946262014006
-19.48050636871237
-19.481684417324416
-19.483269011358843
-19.484156502588938
-19.485485421283943
-19.486736944342795
-19.487947949353384
-19.488572568273586
-19.490442337946778
-19.4910513273199
-19.492438708236513
-19.49320693017373
-19.494098651439227
-19.495924434659912
-19.49684037072001
-19.498131552832096
-19.498941153123177
-19.49984801908577
-19.500642556668325
-19.501521104109454
-19.502243057443092
-19.502999981534618
-19.504369248130885
-19.50558946486461
-19.506542965624682
-19.507493637826983
-19.508294856456004
-19.5097272432175
-19.51106864583596
-19.512213915291035
-19.51348622770685
-19.514557995141907
-19.51567029970475
-19.5167567173104
-19.517291588831245
-19.518305601333083
-19.51890321804184
-19.519600648240175
-19.52048991155693
-19.521076810634423
-19.521642296990073
-19.522363729060526
-19.522693236646887
-19.523162155146313
-19.52358900991997
-19.5239564424379
-19.524599176455933
-19.524909356204265
-19.5252616764622
-19.525903217004434
-19.52619291601923
-19.526651491381035
-19.52730789924548
-19.52784944120464
-19.528146148096987
-19.528621790122855
-19.528921348196423
-19.52933843850882
-19.5296809675317
-19.530004763622077
-19.530542373039406
-19.53080302726933
-19.53135972927689
-19.53163024324098
-19.531973354645714
-19.532461388311948
-19.532952557945883
-19.533262493840375
-19.533711300237332
-19.53400293362976
-19.5343492736271
-19.534880088813043
-19.5352206498458
-19.53570002083138
-19.536181218898093
-19.53657701305638
-19.537054423837194
-19.537364331798102
-19.537677530731404
-19.53799258147746
-19.53825351884814
-19.53861120559076
-19.53895649152861
-19.539172851185164
-19.53941191422227
-19.53977185669705
-19.54012951792775
-19.540422787600797
-19.540687177467312
-19.54104454849668
-19.541403828170818
-19.541573390268436
-19.541913131267076
-19.54206507492483
-19.542363251879774
-19.54261676819006
-19.542815351934657
-19.54312693853014
-19.54348799098791
-19.543715184889578
-19.5439929452542
-19.544217152515802
-19.544479501912804
-19.544787227497594
-19.544935279063164
-19.545136154216173
-19.545338021572334
-19.545581216143432
-19.545839918149426
-19.54611559953194
-19.546365555691683
-19.546552830469512
-19.54673635701844
-19.547017931171418
-19.547267112256144
-19.547536599525706
-19.54779332787348
-19.547959733579383
-19.548279350565636
-19.548446890454304
