500 iters for seed 184 on 3R0.3 which is in the 5.692291259765625 percentile
 Maxcut: 21.0, MedianCut: 12.0
-8.093803964412746
-11.998219923773785
-12.016001939027005
-12.019634520260546
-12.077299809354095
-12.14605927758498
-12.14670050084936
-12.199887710395078
-12.212175746083885
-12.230940208253735
-12.243647683512467
-12.271184281537113
-12.28662869404184
-12.305118556392665
-12.320581560419154
-12.33217008485267
-12.342003360310688
-12.351613119484268
-12.358468988957792
-12.366043140901308
-12.375333553359749
-12.381904573205674
-12.3885121930817
-12.395829690002456
-12.401217717305244
-12.405031637122605
-12.410922616675208
-12.414767273750185
-12.419046101823465
-12.425610905118447
-12.42933152642862
-12.433036978257165
-12.439285512023295
-12.442963269669296
-12.447704633902923
-12.451821355975003
-12.455695550153683
-12.458119925936941
-12.46046336821343
-12.463244788800033
-12.465373474521243
-12.468482741245426
-12.47123277293666
-12.47361272940856
-12.47538690860438
-12.478067884386629
-12.479766607062675
-12.482243476756937
-12.484154173687168
-12.485839660347516
-12.48826716816726
-12.490570702871825
-12.491761675326117
-12.49386283311219
-12.49520461278088
-12.496865872799212
-12.498961704457985
-12.50028869772905
-12.501923919068519
-12.503549020799628
-12.505117002801267
-12.506004871232125
-12.508062248089084
-12.509052519389277
-12.510348260099027
-12.51157524807326
-12.512726349521682
-12.51381680049781
-12.514873306101512
-12.51576272851476
-12.516611663198965
-12.51740129017351
-12.518360806211689
-12.519010400244623
-12.520058618345649
-12.52081414867661
-12.521471645856113
-12.522698715302994
-12.523391678841666
-12.524264494671758
-12.525243896794514
-12.526092016808485
-12.52694608868364
-12.527685387469859
-12.52847259162136
-12.528997023779837
-12.529613823135989
-12.530323542512138
-12.530891369543117
-12.531603021486177
-12.532551426634605
-12.533201556312147
-12.533689360531133
-12.534326902673813
-12.534947099771031
-12.535710722571142
-12.536416498325616
-12.537128715354012
-12.537697885716872
-12.538530676023688
-12.539101885197985
-12.539849968878048
-12.540598727124344
-12.541396766962077
-12.542045161126442
-12.542771538047884
-12.543537327267622
-12.54428373158345
-12.54495595384024
-12.545519560320837
-12.546295666466872
-12.547157489366704
-12.548016910200992
-12.548491049683287
-12.549124786048823
-12.549521338219375
-12.549986905750234
-12.550800262137212
-12.551237129876563
-12.551768727330147
-12.552661364410827
-12.552939767825361
-12.55347659557887
-12.553791631395693
-12.554311470419272
-12.554625548242308
-12.554958585122016
-12.555602269367277
-12.556040189443518
-12.556754355921953
-12.557222475494862
-12.557706445007264
-12.55814278719134
-12.55862488966224
-12.559347907843915
-12.559759349773255
-12.560096707195992
-12.560637986603787
-12.560952530541739
-12.561447990400616
-12.561737459633283
-12.562051223323227
-12.562464902536036
-12.562805814981939
-12.56316040794648
-12.563681835322782
-12.563905188412148
-12.564220160896355
-12.564535815618076
-12.564918299143145
-12.565266565644027
-12.565571290940614
-12.565846848907771
-12.566126365780214
-12.566453979270587
-12.566637591399031
-12.566885619172005
-12.567131949565907
-12.567333884291665
-12.567721472000962
-12.567907580227233
-12.568167652189869
-12.568392678787383
-12.568699374320706
-12.568923050241132
-12.569241347808779
-12.569457514650834
-12.56966154300837
-12.569843811019656
-12.570161588477003
-12.570353413479873
-12.570538716575765
-12.57080698509612
-12.571101052670375
-12.571284280904104
-12.571508874914887
-12.571723756368213
-12.571931670836761
-12.572134991663573
-12.57231092889015
-12.57242806954634
-12.57264958162462
-12.572708547853253
-12.572886924680542
-12.573001954619262
-12.573133851243472
-12.573346899498254
-12.573479655077646
-12.573678100528772
-12.573847117330924
-12.574054768413045
-12.574225457626042
-12.574408183051458
-12.574574360510267
-12.574722622592239
-12.574848481516176
-12.57507398343023
-12.5751847076455
-12.575340321210138
-12.57550846936899
-12.575677813826951
-12.5758519117271
-12.575985850430445
-12.57610607704409
-12.576273319269877
-12.576443323159891
-12.576644421234743
-12.576829298047185
-12.57700988559856
-12.57714481757426
-12.577289827520467
-12.577413844274147
-12.57753638439437
-12.577684353644026
-12.577841743974682
-12.578016578610855
-12.578175058770906
-12.578347280043808
-12.578480995913827
-12.57866925504975
-12.578800866242506
-12.578979582101411
-12.579129723670254
-12.579252319390717
-12.579394545502105
-12.579528261350664
-12.579665812250992
-12.579876442952832
-12.580034000514228
-12.580140422632688
-12.580340543062256
-12.580430435283999
-12.58052139410967
-12.580637275542136
-12.580729358758907
-12.580908694548626
-12.581037167316609
-12.58117891515193
-12.581316925878903
-12.581453264543953
-12.581608459872626
-12.581779039580875
-12.581901783510084
-12.582009750562268
-12.582173200678067
-12.58229508895198
-12.582460464285882
-12.582592995712647
-12.582739151902551
-12.582895313970777
-12.583033416348272
-12.583201682747024
-12.583326654062013
-12.583437762868998
-12.583570134110936
-12.583726576182675
-12.583830624606843
-12.583955990924604
-12.58407801738416
-12.58421455511212
-12.584371782058016
-12.584485701484434
-12.584582926035818
-12.584759951793226
-12.584860372504192
-12.585001833064636
-12.585126755640808
-12.585264958245807
-12.585382260783348
-12.585532876850065
-12.585605632332804
-12.585829990318716
-12.585918120252293
-12.5860379305582
-12.586191677508351
-12.586276522895144
-12.586416480357602
-12.58652396691529
-12.586620800006449
-12.58681410651037
-12.586911996856893
-12.5870670104459
-12.587207093929218
-12.587363343166547
-12.587508402814532
-12.587637006226025
-12.5877775574234
-12.587880778432803
-12.58804272755474
-12.588160885997558
-12.588284494777469
-12.5883887828519
-12.588483179224077
-12.588574365189112
-12.588673326149893
-12.588742089505558
-12.588843450334146
-12.588932461228534
-12.589069446381995
-12.589163592899842
-12.589246551498094
-12.589420763019618
-12.589504438303749
-12.589632045706866
-12.589734455620281
-12.589847551712449
-12.589949274803967
-12.59003753991162
-12.590156213878293
-12.590228720052128
-12.590301809122138
-12.590430802779919
-12.59050545763484
-12.590576511183786
-12.59072447876255
-12.590835288139536
-12.590891003488544
-12.591048153022932
-12.591127219931874
-12.591225628177499
-12.59137642906867
-12.591454492280242
-12.591608204656538
-12.591722987975373
-12.59183702034556
-12.591959775053322
-12.592050625543596
-12.592192373581149
-12.592299463568043
-12.592423767907079
-12.592509095450273
-12.592627869156281
-12.592735361122035
-12.592883491179792
-12.59299017923617
-12.593089846934376
-12.593199349029684
-12.593354451986404
-12.593458530210292
-12.593564947516255
-12.593682086639479
-12.593826789195777
-12.593968687047976
-12.594112332547121
-12.594183205446106
-12.594339455212936
-12.594438090579853
-12.594531041289567
-12.594701061296053
-12.594792604438533
-12.594946302327928
-12.595062740394622
-12.595206667113462
-12.595317949118797
-12.595473286080926
-12.595590050014955
-12.595702904609224
-12.595801083168286
-12.595946917290266
-12.596031184900411
-12.596125477746556
-12.596299761549997
-12.596398125561318
-12.596553094827296
-12.596694818716216
-12.596828446117884
-12.596958003897399
-12.597088340860662
-12.597280813229665
-12.59738983918041
-12.597506421859032
-12.597702222638649
-12.597813998116338
-12.598001098973125
-12.598182984848203
-12.598364066145805
-12.59855023989539
-12.598687870264477
-12.598876314390942
-12.599037001017601
-12.599172871951602
-12.599270134221275
-12.599444205059385
-12.599536362967106
-12.599684686131496
-12.599818407427405
-12.599925579017327
-12.600041719005961
-12.600244198998883
-12.600366971653198
-12.600494652578348
-12.600653913838148
-12.600837192234703
-12.60095173397304
-12.601087259750944
-12.601187354385395
-12.60130493993758
-12.601444319525145
-12.601533947931316
-12.601653763482418
-12.601795418496241
-12.601889226803483
-12.602027200751536
-12.602106911650386
-12.602274742872563
-12.602369916440129
-12.60245200193222
-12.60259194433944
-12.60268802847683
-12.602824822420853
-12.602909754785882
-12.603017546291055
-12.603100010093943
-12.603200958207047
-12.603345224971408
-12.60344071711692
-12.603528645494704
-12.603779880184248
-12.603867590056161
-12.603997701363161
-12.604177484713365
-12.604304370514502
-12.604457102330937
-12.604564339940719
-12.604694957270024
-12.604790074710639
-12.604897423504005
-12.604993950406962
-12.60507105869648
-12.605119802025964
-12.605309497358638
-12.60537962368067
-12.605471978935526
-12.605612957565235
-12.605729351471231
-12.605906332831111
-12.606023147153959
-12.606206196385802
-12.60627598556076
-12.606463581260499
-12.606579822917022
-12.606685791354474
-12.606851854096917
-12.606935099574759
-12.607077986364155
-12.607164078248907
-12.607292920912395
-12.607392913513994
-12.607499823082001
-12.60761671833688
-12.60769907272357
-12.607801138737521
-12.607942430529812
-12.60805501583176
-12.60815991203898
-12.608259938418122
-12.608403691927128
-12.608519312393478
-12.608659653483898
-12.608793067399683
-12.608913059796443
-12.609038101481776
-12.609192518568184
-12.609280506408739
-12.60939624745189
-12.609607059107624
-12.609734137981611
-12.609870578550225
-12.610002197845043
-12.610144874864258
-12.610296737803917
-12.610434349735947
-12.610543730755053
-12.61064159192621
-12.610749664541522
-12.610852292767602
-12.610945590948553
-12.611024812412847
-12.611134436658773
-12.611232568653076
-12.61131885122078
-12.611424732078065
-12.611507934326534
-12.61159490927123
-12.61170734875672
-12.611813059423495
-12.611878539159452
-12.611970380003033
-12.6120444620446
-12.612146377461427
-12.612296576127548
-12.612379561947686
-12.612456688227581
-12.612618286169617
-12.61269652980559
-12.612776538626537
-12.612899331501614
-12.61299069246409
-12.61311612555641
-12.613250143158236
