500 iters for seed 6 on ER0.3 which is in the 21.956634521484375 percentile
 TRIAL: 3 
 Maxcut: 24.0, MedianCut: 15.0
-13.056957907518415
-15.01152220493425
-15.077683541661473
-15.143274422632802
-15.169310588795419
-15.195524001867293
-15.228704746270806
-15.250397047052887
-15.272213480215829
-15.288992905306737
-15.306466890681346
-15.323686909405932
-15.336872394557298
-15.348743987555267
-15.35940089846001
-15.370208026049506
-15.37960839885534
-15.387747275296238
-15.394837020714814
-15.402525612211804
-15.410572290065634
-15.416779374191034
-15.42205136263357
-15.428796146374644
-15.43432151194561
-15.439075988521662
-15.445783100463359
-15.44826816576402
-15.45155831679494
-15.456238224635948
-15.459134800885934
-15.46443398939365
-15.468298931319751
-15.471262266483361
-15.474569840539456
-15.47763403858957
-15.481251433034517
-15.484826519974932
-15.486715362151763
-15.490470405645535
-15.49269188659542
-15.495398201183939
-15.498406541899971
-15.500389107571408
-15.503601087602604
-15.506182167878697
-15.50877868220519
-15.51114188569641
-15.51272180823885
-15.514867366057578
-15.516315649797672
-15.517740757877897
-15.519658310681349
-15.52128974003628
-15.523176052848395
-15.525278427828136
-15.526340302486354
-15.528359563302352
-15.52919479588634
-15.53065920230191
-15.53175749873583
-15.532690507907876
-15.534545732235884
-15.535662688624548
-15.537399132290087
-15.538699632692644
-15.540211839697086
-15.541448175037807
-15.542589242719595
-15.543916213731386
-15.545026569666804
-15.54654255876802
-15.547729765785398
-15.548789228967603
-15.55007474324401
-15.551470676517734
-15.552797692916075
-15.554058192650569
-15.555107328708097
-15.556035243524615
-15.557040069876912
-15.557821344401502
-15.558718321621203
-15.559445829587117
-15.5603903657893
-15.561180015094246
-15.561991507790076
-15.56330424526276
-15.56381000602628
-15.565213406057083
-15.565805468345404
-15.566511234212857
-15.567772643213765
-15.568625743677085
-15.56968030659129
-15.57054040851299
-15.571443077126883
-15.572470534792222
-15.573369954018997
-15.57412582163848
-15.574925366572096
-15.57587243509664
-15.57672493460082
-15.577529913906222
-15.578390234644235
-15.579313596860505
-15.579960168985988
-15.580874730346999
-15.581472895193318
-15.582105908159605
-15.58261718049
-15.583350984182907
-15.583896760760645
-15.584521001714691
-15.585172300317756
-15.585763579601206
-15.58637167706821
-15.587203871084395
-15.587802293573002
-15.58847423862715
-15.589180195275697
-15.589705150444317
-15.590309662367476
-15.591136014883887
-15.591529865588287
-15.592191870584815
-15.59257811258774
-15.593230283143289
-15.593800306265564
-15.594210449860856
-15.595075242893845
-15.59577153209587
-15.59675327719845
-15.597223499016915
-15.59776711793476
-15.598278910919976
-15.598911092707969
-15.599513085291427
-15.59985570523876
-15.600426522049334
-15.601089342569278
-15.601851487368467
-15.602651834326839
-15.603422033929501
-15.604148773338157
-15.604794241191907
-15.605458135539385
-15.6060992463626
-15.606982897318215
-15.607682204806475
-15.608427040250374
-15.609038861715346
-15.609517982533006
-15.61029952953861
-15.610952059342475
-15.611523793398042
-15.612179800776829
-15.612856141248026
-15.613508842537097
-15.614064711864769
-15.614779669766273
-15.615293458176351
-15.61577877306196
-15.61652751736082
-15.617090458815795
-15.617407041439352
-15.617877026477654
-15.618290086282046
-15.618721438125599
-15.619208789316492
-15.619420209958543
-15.619907972609433
-15.62028944697924
-15.6206783672631
-15.620950676173583
-15.621182304895832
-15.621499711136853
-15.621862326936947
-15.622056120975989
-15.622314577968577
-15.622501113942281
-15.622730076541576
-15.623101327405761
-15.623326198553158
-15.62367667614368
-15.62392397454175
-15.624189400649254
-15.62440963888875
-15.62464244203054
-15.624860458317405
-15.625063568649104
-15.625255299594594
-15.625516390489533
-15.625751170177498
-15.625942241265173
-15.626129607795185
-15.626311200861865
-15.626587836834542
-15.626855023492478
-15.627025154767939
-15.627275104780736
-15.62761181061715
-15.62794696999088
-15.628245260558241
-15.628511732014319
-15.628711450416446
-15.628904596739781
-15.629185001104872
-15.629363693152822
-15.629529111014037
-15.62974553414596
-15.629871348682363
-15.630228767746951
-15.630401406435894
-15.630621606518147
-15.630794032798201
-15.630971008464233
-15.631227069231883
-15.631517223797864
-15.63170897319026
-15.63208656080676
-15.63214151760602
-15.632490973694232
-15.632687636335373
-15.632891267314134
-15.633167653620395
-15.633362199912355
-15.633615042670876
-15.633803915328304
-15.634033207038383
-15.634217610145987
-15.63441657296146
-15.634683394953267
-15.634889137591037
-15.635085345479066
-15.635387178572524
-15.635497712099056
-15.635686423103143
-15.635886672429121
-15.636083408667144
-15.636250343800883
-15.6363708914217
-15.636574649731054
-15.636774091912388
-15.636905979007093
-15.637089391452845
-15.637249631636495
-15.637451122805823
-15.63759815560184
-15.637769048742673
-15.638014581252243
-15.638257945514448
-15.63847117034039
-15.638651416081624
-15.638843546004866
-15.638992226352876
-15.639301195865214
-15.63940593791254
-15.639617562102798
-15.639789807702739
-15.640016165501095
-15.640155986557286
-15.640275808418934
-15.640542863402459
-15.640689779723715
-15.64090438473759
-15.641069762602669
-15.641257835610746
-15.641422519971952
-15.64155766577591
-15.641790776030241
-15.641922576913394
-15.642094929391563
-15.642311645736598
-15.642468907419277
-15.64275482695398
-15.64295385921828
-15.643115283897062
-15.643266035559344
-15.643441694164556
-15.643613794695018
-15.643772617887722
-15.643887854608842
-15.644076236985725
-15.644237629169453
-15.644387297255138
-15.644672108166986
-15.64483498853381
-15.645016179895851
-15.645181826065526
-15.645364686620818
-15.645551789448755
-15.645739894239934
-15.645944695674629
-15.646144508509776
-15.646345384622112
-15.64656397670975
-15.64676578960092
-15.646948731400645
-15.64723511354278
-15.647406614515495
-15.647617287049354
-15.64787536873403
-15.648054017087002
-15.648305717354635
-15.648513855638267
-15.648673177822042
-15.648886741225446
-15.649068870045472
-15.649241197072948
-15.649391851865433
-15.649529291819459
-15.649630006780697
-15.649840484143061
-15.649949195492628
-15.650172936126875
-15.650263811772838
-15.650364842361501
-15.650509686387945
-15.6507039936356
-15.65087209125041
-15.651014941045345
-15.651117236870533
-15.651242321999602
-15.651388001925238
-15.651484042232791
-15.651591917162428
-15.651734514290133
-15.65187676836684
-15.652009773234319
-15.652163830819433
-15.652269707712472
-15.652391667746192
-15.652487055593037
-15.652617656516565
-15.65272294889207
-15.652818044736618
-15.652990922359644
-15.653083422015602
-15.653201129584446
-15.653264156327255
-15.653363158812759
-15.65347965893257
-15.65362921956076
-15.653721460981792
-15.653863406423662
-15.654016099774681
-15.654144778595002
-15.654267972827936
-15.654353732268623
-15.65444545228266
-15.654530122267769
-15.654650363457758
-15.654717750699598
-15.654787624159043
-15.654913074274901
-15.655034443335106
-15.655108335107899
-15.655220908759013
-15.655310337173601
-15.655422845706513
-15.655554238449469
-15.65564403496299
-15.655726589963752
-15.655825670668083
-15.65591900856944
-15.656026240532793
-15.65613503254892
-15.656229873111705
-15.656326636005529
-15.656414497335035
-15.656502781870037
-15.656605017530671
-15.656723010075256
-15.65680589150955
-15.656894632387493
-15.656978269449317
-15.657070855024482
-15.657143154596133
-15.657206963637474
-15.657279347987583
-15.657407954313294
-15.65747063416818
-15.657555245419667
-15.657636290945334
-15.657723105246358
-15.657813914710808
-15.657921113043567
-15.657995116202859
-15.658068805333826
-15.658157357297386
-15.658220567356025
-15.658309591577288
-15.658407231176636
-15.658489923836912
-15.658557008948488
-15.658668204644192
-15.65873605537953
-15.658817937223493
-15.658870568649213
-15.658936116879875
-15.658983008097458
-15.659040814338574
-15.659109491315242
-15.659181558706159
-15.659226936432711
-15.659283785502144
-15.659337796267085
-15.659410680148703
-15.659460840192052
-15.659505973344663
-15.65958213890162
-15.659657258675114
-15.659714803462212
-15.659778705048309
-15.659831902604731
-15.659895252652497
-15.659949756943966
-15.660005049864106
-15.660051898501095
-15.660096279377388
-15.660168041266036
-15.660204820930511
-15.660246512043452
-15.660332978153662
-15.66037477513888
-15.660418940016067
-15.660479673655818
-15.660515531609999
-15.660565300329969
-15.660634162106565
-15.660685149684166
-15.660723918858718
-15.660756204193977
-15.660809830971804
-15.660860875426296
-15.660900734733957
-15.6609483445454
-15.660992222044856
-15.661042424169306
-15.661092882650316
-15.661139611017799
-15.661182742968508
-15.661239254145526
-15.661287376911005
-15.661330198601647
-15.661379821585106
-15.661416883208013
-15.661473409522824
-15.661535417736461
-15.66159516052752
-15.66163355132911
-15.661665209064154
-15.661732044545955
-15.661771726303648
-15.661817070869061
-15.661877853975316
-15.661924116408954
-15.66194984165605
-15.662016853420955
-15.662028874526817
-15.662070874501655
-15.662092036463042
-15.662130855674842
-15.662181988396057
-15.662278225285833
-15.662322490136287
-15.662386769550341
-15.662430625933055
-15.662479629470338
-15.662537886159576
-15.662609554741703
-15.662679930552713
-15.662742841323535
-15.662793346858889
-15.662855293753918
-15.662911907841417
-15.662950238276277
-15.663041278299687
-15.663093228052178
-15.663148755984615
-15.663202628107122
-15.663252802805344
-15.663324404023419
-15.66338196657251
-15.663427336078112
-15.663477301402462
-15.663525079237278
-15.663585296099031
-15.663652620780063
-15.663707174302546
-15.663746425661131
-15.66380249500885
-15.66388023385046
-15.663907408060723
-15.66401466656529
-15.66405092736786
-15.664101947978157
-15.664159689622423
-15.664225959080092
