500 iters for seed 37 on ER0.3 which is in the 87.46414184570312 percentile
 TRIAL: 3 
 Maxcut: 23.0, MedianCut: 14.0
-17.00000007534211
-17.000000311440466
-17.00000097669108
-17.000003081206483
-17.000009960053063
-17.000032699133694
-17.000108161119535
-17.00094612250794
-17.00309791227146
-17.009872184392236
-17.02935355098301
-17.075042430170402
-17.155295492214925
-17.263941265295497
-17.38397133426369
-17.646433238569628
-17.779832552782075
-17.957849599552
-18.120520176027075
-18.41332085269221
-18.54559041842323
-18.74213520630549
-18.853418536447048
-18.954280065214043
-19.037210102916266
-19.098916760811058
-19.17656569502459
-19.24569348472763
-19.27382949624663
-19.309410412986082
-19.332441226960512
-19.36438357225776
-19.39301946824607
-19.42090229238989
-19.43151427133832
-19.444638594292385
-19.45174500159848
-19.459124784105416
-19.46405676237282
-19.46744448464409
-19.474889474013466
-19.47786425276601
-19.481215453094478
-19.484334453170103
-19.486821609484494
-19.489292769261613
-19.491248930804296
-19.492850808735525
-19.494519267420834
-19.496167001966665
-19.49690238125872
-19.49800427460975
-19.498858337195536
-19.499717727891614
-19.50058399002551
-19.50111359004446
-19.501727890664753
-19.50218768368159
-19.50244724992647
-19.50276730215147
-19.50292082494611
-19.503086534269215
-19.503273145111876
-19.503420254006897
-19.50350426759211
-19.50356147595876
-19.503643138385595
-19.503673101462105
-19.503755500239617
-19.503785944792796
-19.503821278575952
-19.50386983515239
-19.50389905789746
-19.503935880882366
-19.503954486358367
-19.503979848145118
-19.504005771902612
-19.50403378652185
-19.504050087361403
-19.504069950990996
-19.50407987088254
-19.504096729417363
-19.504112948627625
-19.5041237164202
-19.50414359875074
-19.504155935803546
-19.504170532192575
-19.504183689896113
-19.50419857149638
-19.50421885137735
-19.504239658848476
-19.504262047075493
-19.50428659659946
-19.504312105489007
-19.504341111153213
-19.504377955995054
-19.504424245541855
-19.504479074104708
-19.504540466331957
-19.504608344183087
-19.50469441802745
-19.504808133445252
-19.504920941647416
-19.50502062013695
-19.50517806011978
-19.505307659836852
-19.50542343992514
-19.505636641438443
-19.505792281204705
-19.50594858600085
-19.506208236042216
-19.50636694317365
-19.50653940584117
-19.507019360416106
-19.50724662620949
-19.50774304439267
-19.5079557796208
-19.50829985624777
-19.508706465085062
-19.508875772222815
-19.509223934169476
-19.50952393979031
-19.509737739840816
-19.509868644419118
-19.51011315110127
-19.51028086678087
-19.510532054760507
-19.510724915867314
-19.510899495804313
-19.511146421172953
-19.51139187209831
-19.511634779822877
-19.51184557428887
-19.51211553169948
-19.512459427713846
-19.512721760110942
-19.5129025126387
-19.5131008540641
-19.51328036761753
-19.513573739663215
-19.513805815161316
-19.51403049979725
-19.514359341548374
-19.514656515659972
-19.51494001962914
-19.515347187895163
-19.515609295602246
-19.516023576940675
-19.516362610947702
-19.51677132318828
-19.517054900535488
-19.517372266428477
-19.517851468548262
-19.518130591046575
-19.518434297475658
-19.518961087037646
-19.519330687184322
-19.519870370647485
-19.52052187847692
-19.521078831695394
-19.52140350915685
-19.521825551174416
-19.522449243160573
-19.522951909622986
-19.52346132497318
-19.52387689049422
-19.524224795444773
-19.524591356461404
-19.52493845723987
-19.525272465944656
-19.525551241502246
-19.525833656332573
-19.52591960207866
-19.52636818258611
-19.52653663163723
-19.526755582646647
-19.527008940745716
-19.52730867717219
-19.527568999968704
-19.527914287443682
-19.52820120253774
-19.528445116426003
-19.52882948039966
-19.529067482027845
-19.529306090922624
-19.529638166375197
-19.529861566473457
-19.530314127766697
-19.530426380640712
-19.530731753230643
-19.530867608765405
-19.531070079800198
-19.531331771026924
-19.531609710621137
-19.53183759247151
-19.532074258301392
-19.532268377661673
-19.532532698464568
-19.532737489846948
-19.532915133510407
-19.53313446647695
-19.53335242051569
-19.533618723666013
-19.533808066722056
-19.533938064482417
-19.534128422415634
-19.534288335564206
-19.53448498992459
-19.534683264748132
-19.53483775153862
-19.535002087778253
-19.53516927649386
-19.535294470215366
-19.535384622400723
-19.53559308684018
-19.535725386530803
-19.535916028599438
-19.536142024153072
-19.536375670658217
-19.536576370789525
-19.53679539479479
-19.53704937644216
-19.537276384853875
-19.537512632692433
-19.53771390047445
-19.537912307779777
-19.538145768189636
-19.538368120021627
-19.53861848501361
-19.538797444118426
-19.538909528754353
-19.539084234464436
-19.539239240902305
-19.539392127293624
-19.539565797904256
-19.539655916496386
-19.539831071983535
-19.539991366139876
-19.540194786451274
-19.540316801730555
-19.540445244694695
-19.540534937116117
-19.540669680764825
-19.540764775176438
-19.540852356628314
-19.54105397060748
-19.541195356173272
-19.54139792734333
-19.54153808574745
-19.541695801067558
-19.541844274787348
-19.542082038323514
-19.542297265749912
-19.542498158168847
-19.542825161940684
-19.54292420865129
-19.54325409008683
-19.543393973674114
-19.543628071722917
-19.543822943635487
-19.544074267235338
-19.544197826795404
-19.544327732279076
-19.54450198733343
-19.544664314653854
-19.54478277061114
-19.54491780698706
-19.54504169746204
-19.545233170779834
-19.545384118112324
-19.545515129405793
-19.545677195343362
-19.545831453289754
-19.5459793271512
-19.546120295322154
-19.5462264203021
-19.546402202527844
-19.546543435326974
-19.54665815548924
-19.546759442550005
-19.546877145860343
-19.547002450894663
-19.547094863947226
-19.54716774324916
-19.54724774644697
-19.54732749036395
-19.547418465125137
-19.54751650908815
-19.547593990991096
-19.54767113895531
-19.54776768917325
-19.547849683821
-19.54790777054531
-19.547995733713503
-19.548040977844803
-19.548124410663604
-19.548233378214356
-19.548335538490086
-19.54840670436247
-19.548488214453478
-19.548564524609205
-19.54867729830948
-19.54883054911965
-19.548924811987174
-19.54902633991469
-19.549136961687772
-19.549238196588398
-19.549262018111232
-19.549455655562063
-19.549524279351406
-19.54963022831883
-19.54977432877117
-19.54989265465118
-19.550063186411084
-19.55016513988631
-19.550294308925665
-19.550419251299427
-19.550537257465283
-19.55068102958971
-19.550765004180736
-19.55090745262975
-19.55103662316313
-19.55119414928638
-19.551285583912385
-19.551417651406656
-19.551570112781704
-19.551727018089625
-19.551890974943998
-19.552000396478952
-19.552110930758236
-19.552318856188595
-19.55243533922953
-19.552563889361245
-19.552733337168267
-19.552900652509678
-19.553077086451136
-19.553255755027138
-19.553423123654788
-19.553587099935324
-19.55372715300481
-19.55389858061539
-19.55404924977223
-19.55419031605302
-19.55438633915562
-19.55451894262986
-19.55469423745435
-19.55483053870122
-19.55500158205888
-19.5551337306875
-19.55528640233027
-19.555568274697762
-19.55569866830163
-19.55590040091035
-19.556067545327775
-19.55622871810399
-19.556409732310357
-19.55656807253305
-19.556721108663258
-19.556879765774433
-19.557059091613013
-19.55719912272766
-19.557394730032332
-19.557507192371812
-19.557678804238325
-19.557809048925915
-19.558018172366385
-19.558160660903386
-19.558281308041096
-19.558506555347908
-19.558637616668136
-19.558774394582
-19.558905397209934
-19.559026004420243
-19.55917173286783
-19.559330357007667
-19.5594814303572
-19.55963111449995
-19.559793191258017
-19.55997409374638
-19.56012640226388
-19.560306836343692
-19.560457947405503
-19.56059876723114
-19.560745102217346
-19.560871361502315
-19.560972801454195
-19.561071080947
-19.561199828895205
-19.561286314077844
-19.56146206324581
-19.561537768179853
-19.56163996441571
-19.561791613326676
-19.561819056370858
-19.561998025258298
-19.56204829841006
-19.562144141979488
-19.56226079735238
-19.562352660424295
-19.562445953225776
-19.562524202638393
-19.56260535865148
-19.562688077014457
-19.5628519574382
-19.562935724044838
-19.56304659458148
-19.563189913059546
-19.56332709237361
-19.563505481428095
-19.563640830122544
-19.56380079027498
-19.5641093000048
-19.564296932663947
-19.564524324675812
-19.564695432336514
-19.564863526868695
-19.565052108595932
-19.565241223328513
-19.56540224320026
-19.565535487649104
-19.56568607333603
-19.565849771284316
-19.566025313284158
-19.56621839987119
-19.56637252599579
-19.56650007383685
-19.566698948906996
-19.56681798869309
-19.566950816936515
-19.567098784267706
-19.56717877690612
-19.56737770110202
-19.56755945899285
-19.56767007897198
-19.567862417971384
-19.56798507156254
-19.568141406036546
-19.568424887315963
-19.568560733534824
-19.568692141834198
-19.568909947441046
-19.569095483883213
-19.56922288067305
-19.569523300594643
-19.569660983631497
-19.569848174889135
-19.570143050244784
-19.57038857735739
-19.570754062791128
-19.571061995517734
-19.571415211066046
-19.571774008575616
-19.572188478088997
-19.572664986746304
-19.57293796112799
-19.573342743878523
-19.573681673935955
-19.57404399846106
-19.574354254160326
-19.574605003802258
-19.57496924889396
-19.57533088073053
-19.575676125733345
-19.57592705768588
-19.576138340499483
-19.576492611253936
-19.576798192104054
-19.577048335314075
-19.577399305900656
-19.57771887945008
-19.57805533087494
-19.578377504370053
-19.578658864778998
-19.57903008340289
-19.57933304554863
-19.57957686871207
-19.579777757508783
-19.580054041103274
-19.580336840520456
-19.58065532799968
-19.580992520691492
-19.581225694193023
-19.581537698586168
-19.581788461377485
-19.58220030946356
-19.582545200873103
-19.582821280159063
-19.58337794918504
-19.583681475940583
-19.584559253136593
-19.584921202163077
-19.585356445379645
-19.58584285597333
-19.586456304433444
-19.586989164472104
-19.58754975017793
-19.58783836246744
-19.58843272879454
-19.58888821707888
-19.589327002529686
