500 iters for seed 116 on ER0.3 which is in the 84.37576293945312 percentile
 TRIAL: 4 
 Maxcut: 28.0, MedianCut: 18.0
-20.999997404145027
-20.99999817015464
-20.99999891851007
-20.99999946566386
-21.000000573572642
-21.0000108563504
-21.000035440474345
-21.000081378759187
-21.0001678360273
-21.000309639135747
-21.00061261299696
-21.000796303287963
-21.00165403182068
-21.002744082895102
-21.004366283009283
-21.074988524676808
-21.085773510674844
-21.136374819143434
-21.213816905463986
-21.33813766539773
-21.62092856426611
-22.244238000412924
-22.440282473370132
-22.83153856715907
-23.65394811129174
-24.39478896059319
-25.050110960594388
-25.436826278612138
-25.704253956400105
-25.804920957186855
-26.014469055488924
-26.14029344676502
-26.258922952967207
-26.420983067130148
-26.547109079290127
-26.654823468130434
-26.743225727855116
-26.81920834272568
-26.914175115388208
-27.00313753741581
-27.08238200896824
-27.14351215625031
-27.178991800787696
-27.20913447629685
-27.22822348525635
-27.24876350307172
-27.260274602979553
-27.272418104668187
-27.29512463807718
-27.305135231246346
-27.324106400867493
-27.335155067530128
-27.34731830101246
-27.362898432583194
-27.368138192389967
-27.381043395107238
-27.387344172932895
-27.395882801175667
-27.404416716097835
-27.412545173833465
-27.421545300704597
-27.430239476261608
-27.439361603743393
-27.44777694068786
-27.458201500237593
-27.466908763579774
-27.474665444934942
-27.48536032365592
-27.495813637565348
-27.50250832587293
-27.510855511707284
-27.51553523732087
-27.51998862633614
-27.523007190410933
-27.52608255236899
-27.53082396470121
-27.533859733546237
-27.537093103795957
-27.539271428873917
-27.542046213237747
-27.543683497863736
-27.54609868520231
-27.547840259338034
-27.549440411231963
-27.552369122431223
-27.554132143194945
-27.556854125577303
-27.558433013220117
-27.56057397406246
-27.56317707139015
-27.565864017936242
-27.56853177704661
-27.570228799790097
-27.572633653363702
-27.574023891037236
-27.575781010365912
-27.57762296210796
-27.5800025131615
-27.581886963253687
-27.583497119179654
-27.585959192525983
-27.58775213948135
-27.590454765931636
-27.59255048260077
-27.59430575823651
-27.59826167158593
-27.598817290506215
-27.601218642890395
-27.602462113698582
-27.603904887226587
-27.605867121046956
-27.607618090245648
-27.610715236770503
-27.612201316119602
-27.61438160613389
-27.616315989607656
-27.618632608691406
-27.620332821819428
-27.62251834059591
-27.624708318981348
-27.627844630122826
-27.630237740778906
-27.633351893205603
-27.635424943589346
-27.637798516423867
-27.639401754767615
-27.6416642476977
-27.643613631847302
-27.645989599866937
-27.648139209569838
-27.65054583106002
-27.653873101305763
-27.657086561248335
-27.659674475975198
-27.66186125583763
-27.665014396460908
-27.668321081537464
-27.67274294268558
-27.676627925904302
-27.680546651627086
-27.683274359931048
-27.68652272425734
-27.68984666525207
-27.69276639851598
-27.696346039792978
-27.699478720430847
-27.7008454835271
-27.703627723376744
-27.706507023452772
-27.709014502519953
-27.711026566822987
-27.71305205939728
-27.715632438758053
-27.717955835341296
-27.71920452377875
-27.720703073286757
-27.722268666896156
-27.72399028169849
-27.72529438752496
-27.726261335900524
-27.727813785348367
-27.72957142694666
-27.730989510975725
-27.73206461395593
-27.733196303984112
-27.734536407431833
-27.735206698514155
-27.736008726378635
-27.73662940812611
-27.73719715702489
-27.73840320654467
-27.73949006646321
-27.740363045428243
-27.74126697621197
-27.742250833257028
-27.74324079404591
-27.744023555901894
-27.745086252329436
-27.745789388734817
-27.746552470450837
-27.74741912119217
-27.748317916988956
-27.749396327702975
-27.75058765440794
-27.751496181055398
-27.752860240675403
-27.753307622220905
-27.7543526589242
-27.755012985212964
-27.75566992248122
-27.756680298633203
-27.757446056992304
-27.75876519261449
-27.7593980992172
-27.760582607491948
-27.761624151802206
-27.762693058456406
-27.76351916931331
-27.764406860419655
-27.765735175250754
-27.766695930970617
-27.767889722269338
-27.76860399779346
-27.76949685701067
-27.770376560491577
-27.771167612916148
-27.77191396287388
-27.77250560358798
-27.773278540550116
-27.774152610841394
-27.774881521410563
-27.775543187860258
-27.776569764494855
-27.777556023586772
-27.778330160393732
-27.77936597813182
-27.780044605918015
-27.780694349959386
-27.78201366079994
-27.782737059502583
-27.784151258425425
-27.78463223066145
-27.78528085607898
-27.785874653462685
-27.786552234642855
-27.787460634954975
-27.787921071503412
-27.78862567492471
-27.789122426919825
-27.789541517330164
-27.79005851664893
-27.790877372200633
-27.791383293445
-27.791988189187656
-27.792791714340563
-27.793543999671112
-27.79420861911161
-27.79528404111003
-27.795792186330424
-27.79635306384152
-27.797336823766774
-27.79760967566155
-27.797972461808467
-27.79863128483946
-27.79904510715772
-27.799474464681452
-27.799869288874316
-27.80021051248172
-27.80056827980832
-27.80093908616043
-27.80134150455743
-27.801731971720812
-27.802304864569006
-27.802729585805295
-27.80317622242006
-27.80366472062047
-27.80403780361113
-27.804336281907556
-27.80465470942143
-27.804921857862457
-27.805250197539987
-27.805657694347822
-27.806016179448772
-27.806312247523238
-27.80661260222515
-27.807025360435212
-27.80755263701993
-27.808129243423473
-27.808624921023565
-27.809063033873574
-27.809820204330325
-27.810476740512915
-27.811022986998818
-27.811775220486577
-27.81243376634697
-27.813156838752896
-27.8139816783575
-27.81438068615853
-27.814684574528286
-27.815047626060828
-27.81535462190409
-27.816016174614408
-27.81639402780447
-27.816962555687542
-27.817265314395957
-27.817615979020573
-27.817778700825276
-27.81819104164912
-27.818482813288686
-27.818720558049026
-27.81919623496641
-27.819503154343995
-27.820060552207195
-27.820260308742355
-27.82063202892372
-27.82089757081926
-27.821214331014495
-27.821420084168633
-27.821566684344397
-27.821847934243316
-27.82191600979074
-27.822198129812175
-27.822317221511653
-27.82249560456914
-27.82263119693544
-27.822843601408106
-27.822970957669614
-27.823081939280073
-27.823251793513442
-27.823286338900953
-27.82361968177359
-27.823730278051215
-27.82388656222081
-27.824079534650053
-27.824464498327206
-27.824767513324357
-27.82493866065567
-27.8250942656634
-27.825295662016636
-27.82540392599768
-27.825467732704787
-27.82570762481516
-27.82590126613433
-27.826058733095127
-27.826190213024415
-27.826391446767254
-27.826547482580157
-27.8267762144065
-27.826961274994517
-27.827133248379
-27.827350255380153
-27.827521045294322
-27.827732577069302
-27.82791305063311
-27.82808326728323
-27.828296907520684
-27.828382105465323
-27.828619132151918
-27.82871017461291
-27.828821110317534
-27.82900249146309
-27.829259954336685
-27.8295440583494
-27.82977820797789
-27.829964835801388
-27.830148510186813
-27.83035290189972
-27.83051428998955
-27.83072995466967
-27.830938205474546
-27.831150532638414
-27.831286180699486
-27.831469321476643
-27.831609347648108
-27.831747187535655
-27.831990556229687
-27.83210285402692
-27.83223894106977
-27.832569016588447
-27.83268185310194
-27.832833611674257
-27.832989089054518
-27.83311483706491
-27.83337262531622
-27.833503115747096
-27.83378959395331
-27.833929769722552
-27.83410860269776
-27.834372279747978
-27.834539216826535
-27.834807265877558
-27.83493619231424
-27.835093953946714
-27.835259504862673
-27.83550290368538
-27.83561581797189
-27.835722658015815
-27.83590246718609
-27.836135205651875
-27.83635406433006
-27.8364986966416
-27.836625979458532
-27.836841433751054
-27.836959992866895
-27.837212304478165
-27.837386278054584
-27.837524209594452
-27.837731720313236
-27.837902546627983
-27.83805728301709
-27.838222254493427
-27.838322154181213
-27.83860331078483
-27.838776300716987
-27.83896392357009
-27.83912574242995
-27.839369474733743
-27.839735643116246
-27.84005392514081
-27.840314086452278
-27.840550431334844
-27.840629335080397
-27.840754004186365
-27.840870934463698
-27.84096392295018
-27.841112800613793
-27.84125502742429
-27.84139217417911
-27.841510875354697
-27.841683547998297
-27.841790196395586
-27.84193141548287
-27.842032427502804
-27.842121443891102
-27.84227299772614
-27.842324269731268
-27.84237183215535
-27.8423942502957
-27.84245551315056
-27.842542150936538
-27.84264222671711
-27.84277680302728
-27.842870404634223
-27.842991487586673
-27.843106827303664
-27.843243895775725
-27.843420722481
-27.843535194718072
-27.843632323293313
-27.843741320242245
-27.843819990586613
-27.84393523782479
-27.844035037090897
-27.84416580106206
-27.84426707701042
-27.844376622114236
-27.84454814484881
-27.84461260616451
-27.84476687073743
-27.844825341440853
-27.84493623657416
-27.84509215265148
-27.845186401459138
-27.84534286793839
-27.845469475017612
-27.845601919308784
-27.84582686656534
-27.845970979489742
-27.846168284295327
-27.84631349943745
-27.84642692990423
-27.846498706579297
-27.846605611382962
-27.84668502834145
-27.846781022547408
-27.846959269666613
-27.847088220038938
-27.847223597970913
-27.847326662257522
-27.847439731710562
-27.847617159575865
-27.847745448567252
-27.84783993214356
-27.84796265812254
-27.848061384402843
-27.84822923819007
-27.84837970979687
-27.848527841586346
-27.848623066357526
-27.84873424602625
-27.848822379819545
-27.84892512709632
-27.84908454823323
-27.849203215739074
-27.849366907184965
-27.84948249508435
-27.849645047977354
-27.84975916537179
-27.849873539980052
-27.849969143877118
-27.850059747568363
-27.85017976815182
-27.850314718269352
-27.85039873292099
-27.85047890484769
-27.850586980335645
-27.85073010562159
-27.850866829251903
-27.850992741189227
-27.851181668746936
-27.851382893852467
-27.851535792639343
-27.851732295759835
-27.852034364653854
-27.852076721362522
-27.852319966181778
-27.85242472582395
-27.852560149138775
-27.85273651774386
-27.852858951512815
