500 iters for seed 6 on ER0.3 which is in the 21.956634521484375 percentile
 TRIAL: 0 
 Maxcut: 24.0, MedianCut: 15.0
-13.026790460031773
-15.010569139185506
-15.01573633357086
-15.041042445461898
-15.084198971361374
-15.127112992538336
-15.151039139191692
-15.184805051867864
-15.22728365830245
-15.259112774534744
-15.282953378626955
-15.295776456476467
-15.314374329398099
-15.333881170967569
-15.345708718111844
-15.359311774109138
-15.376308457064962
-15.38857493472218
-15.401426101794781
-15.41358916946189
-15.42149448409811
-15.432583465416402
-15.441539508980252
-15.448663660971683
-15.45531373619189
-15.461085445902517
-15.466838385516375
-15.473086517215116
-15.478934444527937
-15.485162748962571
-15.490889788514158
-15.49583347192998
-15.49947265229428
-15.503582336175656
-15.507541809162062
-15.511734989617176
-15.515258647678023
-15.518879555520487
-15.522283868086905
-15.525521250225056
-15.528134811859735
-15.53030086849997
-15.532237905217281
-15.534559022388525
-15.536779106429178
-15.538306880317158
-15.540534465982807
-15.542012963973766
-15.543660148467215
-15.544983885147627
-15.546316418094273
-15.547608282100166
-15.549123151876957
-15.550675380282591
-15.551808104623323
-15.553296775877424
-15.554240930605078
-15.55538696468384
-15.55673386642947
-15.557716938399333
-15.558739078719851
-15.560540365078944
-15.561192249113667
-15.56238001905688
-15.563988394135452
-15.56519773163595
-15.566823634987951
-15.568010962544735
-15.569365955938023
-15.57075679417643
-15.572346590214174
-15.574388375489312
-15.57561473379271
-15.577090729773609
-15.57899368322905
-15.580285380650906
-15.581260442578792
-15.583393217737902
-15.584237077115738
-15.585476494491266
-15.586734727320525
-15.587998094096537
-15.589929823937254
-15.590767460045537
-15.59207507152341
-15.59277128517639
-15.59376884585257
-15.595194322808727
-15.59633536215877
-15.59723430500991
-15.5980312226271
-15.598775388333463
-15.599709941049998
-15.6011339946118
-15.601867592435006
-15.602705488909065
-15.603623640490783
-15.60454090516656
-15.605126614467332
-15.605981067607201
-15.606463547976425
-15.607069556596175
-15.608089721171984
-15.608648112345831
-15.609639344548526
-15.610299670795222
-15.610977859687779
-15.611515722525137
-15.612112395821008
-15.612689536043652
-15.613458911937185
-15.613953020314693
-15.614573183161777
-15.615184259205037
-15.615878487730182
-15.616514974225431
-15.617044723250793
-15.617716313477313
-15.618399926313835
-15.618805807736763
-15.619392490139372
-15.620104599087071
-15.62087281171404
-15.621449827539356
-15.622110504422418
-15.622568221668729
-15.623038262586304
-15.623664374760171
-15.624046289427792
-15.624344844984273
-15.625360591583231
-15.625694122298748
-15.626117132426579
-15.62677865909389
-15.627115605934991
-15.627762135967973
-15.628289625440441
-15.628737542512344
-15.629332205544223
-15.62974110955474
-15.63015706355837
-15.63069172951285
-15.63102302058442
-15.631599622678758
-15.632083446355562
-15.632496537947652
-15.633119562104387
-15.633526324658362
-15.633904571018245
-15.634417338504337
-15.634718616879947
-15.63508568819168
-15.63565679699829
-15.635988007699646
-15.636553914269818
-15.63696406876357
-15.637355551569216
-15.637723690721307
-15.638129540870702
-15.638593208521748
-15.639063826085483
-15.639415404001483
-15.639824375760776
-15.64024168667381
-15.640629557888955
-15.6410131356219
-15.641323125844574
-15.641713822355262
-15.642043024455786
-15.642410322534044
-15.642956047702016
-15.643208628205851
-15.643537620309324
-15.644045198785092
-15.64436880310891
-15.644974553858852
-15.645348649106179
-15.645671590088323
-15.645976204778519
-15.646264795841121
-15.646636450629481
-15.646984663282666
-15.64732345799629
-15.647566114737849
-15.647861819284632
-15.648196692232508
-15.648483962204672
-15.648772126631373
-15.64905405238309
-15.649357263108099
-15.649647040769143
-15.64997360335487
-15.650283132693941
-15.650624546568277
-15.65091967754011
-15.651233498389438
-15.65156313896708
-15.651830290552853
-15.652111808727941
-15.652261295513568
-15.652531997710973
-15.652665857373385
-15.65288165598481
-15.653213631141647
-15.653428577380327
-15.653802189430195
-15.654082486793397
-15.654398434679877
-15.654678722917334
-15.654918055239687
-15.655271863974027
-15.655520009865256
-15.655798993435985
-15.656177281866862
-15.656412331661501
-15.656580447786988
-15.656864944406063
-15.657060968220222
-15.657258951860832
-15.657569244637964
-15.657771527982302
-15.658039680032854
-15.65840800994493
-15.658592258527767
-15.658896527829407
-15.65901257305709
-15.6593678424319
-15.659619171473956
-15.65985535527844
-15.660213401637233
-15.660318963071976
-15.66069126952659
-15.660779031516642
-15.660978917412649
-15.66128725311022
-15.661562151157346
-15.661988108521458
-15.662217929174059
-15.662459471576376
-15.662656366912655
-15.662919654376392
-15.663146242737108
-15.663298061261075
-15.663470616198751
-15.663681680251281
-15.66385476494927
-15.664030141593358
-15.664164466550153
-15.664350039820945
-15.664573874300215
-15.664768838596029
-15.664987341251113
-15.665202202854308
-15.665468849634362
-15.665641341992801
-15.665763520472263
-15.666021410511334
-15.666158575046264
-15.666267519865269
-15.66638633538202
-15.666510648675308
-15.666594398632444
-15.666751271108929
-15.666823767653048
-15.666966525196836
-15.667128970606166
-15.667279768526996
-15.66742020739813
-15.667556724962285
-15.667667578901145
-15.66780532932823
-15.667961475414064
-15.668057412516221
-15.66820488091651
-15.668321299997789
-15.668512829857697
-15.668641217599792
-15.668750753548865
-15.668888399550784
-15.669058022283142
-15.669195276497536
-15.66937210691148
-15.669470261117755
-15.669617197826437
-15.669727407505318
-15.669832045655312
-15.670018372970107
-15.670195071563224
-15.670330831327234
-15.67051710746737
-15.670634313829858
-15.670789832347197
-15.670988961446952
-15.671098286011448
-15.671226172498518
-15.671461628145115
-15.6716433787945
-15.671732105982382
-15.671903352954956
-15.672037451578321
-15.672203165958086
-15.672356013674667
-15.672527507811939
-15.6726669591538
-15.67281723559466
-15.672952757783452
-15.673069722062746
-15.673192611277669
-15.67342481480428
-15.673496306800136
-15.673765378661646
-15.67388778204822
-15.674011943139426
-15.674189700112407
-15.674329941414621
-15.674555573952045
-15.674713157906602
-15.674914914144306
-15.675089842671126
-15.675233416962968
-15.675498726726701
-15.675578188489627
-15.6757147601092
-15.675884535891646
-15.676027438826793
-15.67629028153706
-15.676437031087358
-15.676684120439624
-15.6768342584341
-15.677011086896233
-15.677188718630893
-15.677396685244375
-15.677549630576367
-15.677691589154588
-15.677875180997736
-15.677962084378677
-15.678060775216291
-15.678232987692823
-15.678356900468868
-15.678536834160909
-15.678669180055099
-15.678822680767222
-15.678933086320265
-15.679059582216258
-15.679193448932528
-15.679357844028385
-15.67949892429971
-15.679639656668144
-15.679772303883727
-15.679919376459608
-15.680039089359962
-15.680124810141
-15.680252232006211
-15.680387889359789
-15.680506824303777
-15.680673559476148
-15.680712086543062
-15.680875162044819
-15.680970466265249
-15.681070700214649
-15.681216817597026
-15.681307198677981
-15.681473233614668
-15.681592336458248
-15.68172566416165
-15.681790783426312
-15.681929561682415
-15.682014631974562
-15.682101542068335
-15.682224957955151
-15.682298285033076
-15.68243676603495
-15.682524571925446
-15.6826204012075
-15.682735429280982
-15.682854539016196
-15.682985094536702
-15.68310343544687
-15.683221840339563
-15.683338637690214
-15.683512164859389
-15.683640695723415
-15.683737800757044
-15.683953780823495
-15.684057457029336
-15.684186772331117
-15.684296040964776
-15.684434875810211
-15.684573403891525
-15.684695755109486
-15.684871073875046
-15.684987373482386
-15.685123548229752
-15.685314595949105
-15.685473765170602
-15.685565227962226
-15.685788118544638
-15.685888175771971
-15.686019864148893
-15.686145302594268
-15.686271219271779
-15.686437888910428
-15.686635617988514
-15.686770770603772
-15.686943788219915
-15.687161170290953
-15.687386229673317
-15.687547171032321
-15.687765212967392
-15.687885798462522
-15.688013095841413
-15.688267780092863
-15.688394663081823
-15.688621797510198
-15.688675892471364
-15.688871671346398
-15.688982218527832
-15.689131604530592
-15.689365596436343
-15.689645405230689
-15.68994216293349
-15.690106658194193
-15.690302080168996
-15.690479819680002
-15.69068888574913
-15.690892837278597
-15.69106889595474
-15.691164576657883
-15.691489416316891
-15.691645951746283
-15.691853075130147
-15.692052996222175
-15.69218902228938
-15.692334769903315
-15.692507793748193
-15.692639232048712
-15.692807852799259
-15.693019878498795
-15.693212730139898
-15.693338852994007
-15.693498109289127
-15.693637862755708
-15.693821907017721
-15.693954098623237
-15.694080178250006
-15.694204055603695
-15.694327055906708
-15.694465649360385
-15.69457134520166
-15.69471302428782
-15.694838233000734
-15.694958985606991
-15.695139964721154
-15.69525109392549
-15.695427756701394
-15.695557678687887
-15.69567776124778
-15.695816972693313
-15.695936464311952
-15.696069703994937
-15.696205139644267
-15.696294740670721
-15.69640735365026
-15.696508550793924
-15.696607501193528
-15.696740917834806
-15.696874772137226
-15.69695264257247
-15.697052127924868
-15.697171357316048
-15.69730807200739
-15.697412117944284
-15.697508756067727
-15.697615631173827
-15.697643947597669
-15.697803158568554
-15.697858212519247
-15.697914540630014
-15.69800396332936
-15.698137189741955
-15.698264387383315
-15.698330405892527
-15.698403970519673
-15.698468738833162
-15.69855889800122
-15.698669400488097
-15.698742489564653
-15.6987901240969
-15.698891659441172
-15.698935164794015
-15.698980428768836
-15.69903609084903
-15.699070148997967
-15.699150402556537
-15.699210951296921
-15.69926001322153
-15.699311559426818
-15.699358465757449
-15.699388675040403
-15.69946031190998
