500 iters for seed 6 on ER0.3 which is in the 21.956634521484375 percentile
 TRIAL: 4 
 Maxcut: 24.0, MedianCut: 15.0
-13.807826368242907
-14.997128795587216
-15.000276573809519
-15.049761104844768
-15.081543253811141
-15.115056002190602
-15.151111815638453
-15.194126105391119
-15.221983432423457
-15.251850142378224
-15.275819345897863
-15.286847805751112
-15.296091196371258
-15.31432900777953
-15.326259529071184
-15.332203022165343
-15.342983541493767
-15.347255066510112
-15.358369606218982
-15.361691911069158
-15.366876414268553
-15.373615869307049
-15.379032327001159
-15.386151516300275
-15.392448021001563
-15.39784749390736
-15.401208879828316
-15.40520470757619
-15.4091850372915
-15.413806737023538
-15.417550456705767
-15.422015421190295
-15.425106319959008
-15.428758255361021
-15.432103931787372
-15.435246506091875
-15.438310848917345
-15.44091023320089
-15.444451125729175
-15.448161257814391
-15.450230006924768
-15.453734961570063
-15.456054571588137
-15.459080858311456
-15.460566223140646
-15.462717750588899
-15.463724278083639
-15.46509571348196
-15.46729505083275
-15.4687902823289
-15.470861299761117
-15.472605057573173
-15.474535325063256
-15.47610704828774
-15.477684067664521
-15.479733040315104
-15.48120788873439
-15.483377419361064
-15.48504006616857
-15.487049598125846
-15.489136502637603
-15.490743405030038
-15.493546931584397
-15.495714760287159
-15.497007746347732
-15.498474232247666
-15.499614198012617
-15.500965993558209
-15.502245890544108
-15.503054812848942
-15.504365028226623
-15.505198915188105
-15.506375582584026
-15.507423971633928
-15.508281099399396
-15.509217729643296
-15.510280345546096
-15.511560968078594
-15.51254315587387
-15.513429997463295
-15.514587840957036
-15.515166587271976
-15.515751263031648
-15.516425978865616
-15.517121046947764
-15.518545346712292
-15.519189326639808
-15.520119825921714
-15.520968766638706
-15.521680981909906
-15.522376431902877
-15.523455501903893
-15.524107819067456
-15.52476474931224
-15.525332741441593
-15.5258803194955
-15.526373019040165
-15.527265777783606
-15.527673873943929
-15.528183348969877
-15.528615254234449
-15.529171587581754
-15.52968575737473
-15.529969351408422
-15.530696349767577
-15.531155297287855
-15.531791052305293
-15.53236423200682
-15.532970244310263
-15.533505947136664
-15.534097394060764
-15.534481172709894
-15.535054570924775
-15.535320370384342
-15.535956999855259
-15.536331612893289
-15.53670901098987
-15.537344276668785
-15.53778355134142
-15.53850218140446
-15.539143648369762
-15.539930876203885
-15.540515598811183
-15.54117884685928
-15.54165034406009
-15.54199618026717
-15.542419512846713
-15.54273425683558
-15.543018445383954
-15.543252681769173
-15.543536539762085
-15.544031637477136
-15.544336878187757
-15.544667345418565
-15.545003272276327
-15.545334079758508
-15.545986899391835
-15.546369317885304
-15.54681662127542
-15.547154416438826
-15.547455155114745
-15.547814669229506
-15.548332992086925
-15.548825815564435
-15.549213844716142
-15.549699677195116
-15.550215765672487
-15.550751225542024
-15.551276147238287
-15.551794932919352
-15.55233708994012
-15.553140229411532
-15.553493869972423
-15.553936810710141
-15.55427223161589
-15.55468604273233
-15.555393279637599
-15.555801557965815
-15.556248817438437
-15.556861586084661
-15.557317952070084
-15.55782272872975
-15.558543813912289
-15.558928603389694
-15.559620896361627
-15.560316321177698
-15.561001388073674
-15.561517903090953
-15.561934008808466
-15.56238517731883
-15.562872406339604
-15.563281229961875
-15.56381431614352
-15.564312550703688
-15.564797560455398
-15.565114908217346
-15.565689433645057
-15.565952653264848
-15.566456561698747
-15.566872247971181
-15.567202667996005
-15.567884936982962
-15.568208528498946
-15.568623427163754
-15.56897807762383
-15.569307917293676
-15.56963341278942
-15.569914304511357
-15.570274413553882
-15.570598864313432
-15.570964060899964
-15.571254124103026
-15.571642907441671
-15.572067112710332
-15.572513467685901
-15.57298188815863
-15.573391197949281
-15.573751768035391
-15.574127310432957
-15.574409675094849
-15.574644974936469
-15.575005689952727
-15.57514997804336
-15.575603146335752
-15.57580294420832
-15.576039581541448
-15.576375478239902
-15.576549420419298
-15.576873416086691
-15.577025641494528
-15.577247118716315
-15.577685497870768
-15.577847401697285
-15.578049895913503
-15.578188150156686
-15.578373237282614
-15.578609309738749
-15.578858049566858
-15.579118553079148
-15.57934169301485
-15.579624000756564
-15.579857749250658
-15.580086180519068
-15.580345422940185
-15.580514879437809
-15.580721716054331
-15.58089659202751
-15.581110646673519
-15.581338808383
-15.581559781267673
-15.581766006085576
-15.581977946047928
-15.582127354418855
-15.582291961020642
-15.58243523347474
-15.582570367429506
-15.58283125702826
-15.583003906428303
-15.583204302900082
-15.583382367653352
-15.583543688137194
-15.583732046345496
-15.58392967365926
-15.584130924827376
-15.58434240748516
-15.584544032175382
-15.584861181799495
-15.585032606392756
-15.58527752517316
-15.585466807752871
-15.585649500926351
-15.58595350703632
-15.58614887447241
-15.586366926515872
-15.586494731996847
-15.586682400108096
-15.586802993293393
-15.587070726085278
-15.58717270708822
-15.587302559502348
-15.587548242068273
-15.58762660092984
-15.58799996428923
-15.588123118747822
-15.588309928040154
-15.588479374503377
-15.588696166571076
-15.588916641904806
-15.589118460822897
-15.589383401318685
-15.589613563468102
-15.58984312048582
-15.590050513177571
-15.590280900172225
-15.590497475419111
-15.590782648395308
-15.590988754523726
-15.59116058010083
-15.591357970167905
-15.591544327118447
-15.591775421824979
-15.5919713426643
-15.592192593419693
-15.592352201969163
-15.592521936468232
-15.592787072321183
-15.592902877858869
-15.593041040568957
-15.59323097195962
-15.593382510364778
-15.593518583324375
-15.59369572350691
-15.593873349217773
-15.59393529808021
-15.594036622440239
-15.5941758593427
-15.594352325982628
-15.594463284772669
-15.594628071402022
-15.594762819688036
-15.594889100202296
-15.595071815330105
-15.59521830902174
-15.595319398012142
-15.595465711551103
-15.595569488414247
-15.59569443511324
-15.595833087751
-15.5959090608998
-15.595978332886647
-15.596072173143925
-15.596133833093058
-15.596277183479826
-15.59635261230516
-15.596543051323708
-15.596617334750759
-15.596726872888262
-15.596844083655943
-15.596969946666999
-15.59714181159225
-15.597234621122247
-15.597351345183748
-15.597478122016831
-15.597559688171286
-15.597591928370228
-15.597702436124404
-15.597739584339752
-15.597808563774791
-15.597899824116373
-15.598097019793745
-15.59816729123435
-15.598356670695399
-15.598436795741371
-15.598538336485683
-15.598707136476737
-15.598841983296767
-15.599016998136744
-15.59910678568543
-15.599191820136314
-15.59929483364985
-15.599395761057904
-15.599530956225475
-15.599635099857018
-15.599757522320655
-15.599913399610692
-15.600033625905091
-15.600122468840851
-15.600262775792144
-15.600327503155574
-15.600403727905917
-15.600531705541576
-15.600609097598289
-15.600690519944063
-15.6007963639006
-15.600860604885114
-15.600951147565382
-15.601101832321794
-15.601148006510815
-15.601292321620047
-15.601344062363248
-15.601434916035128
-15.601536171587542
-15.601654165299818
-15.601746764722577
-15.60183124201314
-15.601933035897293
-15.602023915831449
-15.602110387169072
-15.60215846419505
-15.602229744646285
-15.602309080063527
-15.602404842566227
-15.602478432261872
-15.602526246907365
-15.6026381912979
-15.60267915991166
-15.602785054099375
-15.602843581223778
-15.602911533795176
-15.603045904880858
-15.603122830399723
-15.603225598597787
-15.603306876239294
-15.60339961079696
-15.603542863152022
-15.603638662875355
-15.603756861575627
-15.603850032325504
-15.603914163673595
-15.604083734432031
-15.604206501369509
-15.60438703213349
-15.604516272171761
-15.604622603187329
-15.604711161332716
-15.604835551957686
-15.60495281973106
-15.605045530218792
-15.605207215977487
-15.605348481791971
-15.605438910405411
-15.605569783738314
-15.605673256834008
-15.605794924143837
-15.605983106533195
-15.606075400193154
-15.606339370647092
-15.60651132989095
-15.6067305848426
-15.60686584919043
-15.607006727834795
-15.607182606757235
-15.607351094101638
-15.607459718706055
-15.60763150281704
-15.60779701155138
-15.607997759758405
-15.608160198486127
-15.608309071218471
-15.608460783172937
-15.608634877448857
-15.608758629643132
-15.60889076724781
-15.60904295842233
-15.609214469054972
-15.609376868012973
-15.60955125096393
-15.609728214998338
-15.60990038679339
-15.610113406184151
-15.610316477300486
-15.610589537268751
-15.6107836746048
-15.610938501223021
-15.611169046973338
-15.611344848554378
-15.611542837085974
-15.61167419254977
-15.611838759208688
-15.611942835217542
-15.612135965054529
-15.612287696561307
-15.612497166030765
-15.612653252212462
-15.612781503376203
-15.612968553794499
-15.613136675976474
-15.613255215593993
-15.613435854308712
-15.613551441553227
-15.613693852702017
-15.613875019394488
-15.613984226728938
-15.614021904046446
-15.614261801837937
-15.614327957452062
-15.614461900439538
-15.614682978540195
-15.61479363622425
-15.615051686729682
-15.615158050272154
-15.615348492643825
-15.615483484941663
-15.61565973137739
-15.615757204646107
-15.615855818456808
-15.616017394279744
-15.616090914178157
-15.616240589738647
-15.616354490751913
-15.616480011528699
-15.61660133212021
-15.61674405957089
-15.616917289479122
-15.617048764104126
-15.617155911183122
-15.617344585896516
-15.61746016147524
-15.6175982972319
-15.61771723314636
-15.617801995965465
-15.617880264578833
-15.617975292429668
-15.618088469293571
-15.618182954206073
-15.618244627897406
-15.618413963685128
-15.618452216917166
-15.618570990667717
-15.618635620434798
-15.618714248956518
-15.618838248762774
-15.618907152110491
-15.619013671719143
-15.619100236150933
-15.619198543495306
-15.619256490244446
-15.61930993973399
-15.619393260807618
-15.619450803813425
