500 iters for seed 6 on ER0.3 which is in the 21.956634521484375 percentile
 TRIAL: 1 
 Maxcut: 24.0, MedianCut: 15.0
-13.072231950264868
-14.997287830742362
-15.016942915634214
-15.02437391466853
-15.059256942553457
-15.06224612273654
-15.147454914474055
-15.167155706664731
-15.169521404439163
-15.19375868376174
-15.236280064300033
-15.253382286147712
-15.27523082585946
-15.296544727157192
-15.318161365654031
-15.329691882163834
-15.341849795681261
-15.353797639436605
-15.366111559088655
-15.378636655122953
-15.385817086258717
-15.39472589039959
-15.400833221515352
-15.40852114107411
-15.416509576981
-15.425302480073615
-15.430732565116411
-15.438552433932703
-15.443639436056383
-15.451388933215142
-15.457132648723029
-15.46219991031598
-15.466680612908771
-15.473017079772298
-15.475735189808606
-15.479919567077687
-15.480777091935954
-15.484810358128057
-15.48702097523068
-15.489335309865071
-15.492757845379696
-15.493734320945004
-15.498603493250355
-15.499969469065427
-15.50218117985336
-15.504858801056418
-15.507454553159826
-15.509504415906619
-15.511933151203296
-15.513873393748558
-15.51620885376791
-15.518406797064221
-15.520310203994933
-15.522312032772037
-15.524512574195436
-15.526574169423387
-15.528401481344606
-15.530584166657103
-15.53205870092217
-15.53354140757924
-15.535037868879744
-15.536579923979948
-15.538163908714905
-15.539553046659238
-15.540831489972588
-15.54199712201469
-15.543788239161051
-15.544513113928609
-15.54571075967401
-15.546846501485815
-15.547587455605724
-15.549300757209728
-15.550333656279827
-15.551499341687746
-15.552534016439921
-15.553813981694853
-15.55504296816888
-15.556186998403367
-15.557485053890154
-15.558457270301496
-15.559695293117342
-15.560754961748945
-15.56177030824168
-15.562670579252323
-15.563825054012202
-15.564934572123068
-15.565825836261853
-15.567041208359777
-15.56783121012662
-15.568900025419204
-15.570266546314185
-15.571138331519885
-15.57315420638464
-15.573483913943562
-15.575016967822169
-15.575552664051465
-15.576437094543316
-15.577539239828907
-15.57821875896575
-15.579402706692868
-15.579933593832175
-15.580561512929057
-15.581375375827726
-15.582146798910188
-15.583235078739294
-15.583902527476596
-15.584731483381194
-15.58608078215857
-15.58718416439003
-15.588426109280363
-15.589519884167736
-15.590544718051204
-15.591411365712506
-15.592381473770583
-15.593149953326042
-15.593892233965555
-15.594519711895394
-15.595390835792593
-15.596342532011054
-15.597135513995063
-15.597689466844638
-15.598393843047864
-15.598985126970298
-15.599848156887491
-15.600356601040367
-15.600952944263765
-15.601873713204965
-15.602402700284134
-15.603163575361238
-15.603832571614497
-15.604368816675416
-15.604947143658826
-15.605494953883248
-15.60591727244724
-15.606299076593583
-15.606862563759142
-15.607323106361374
-15.607833884804165
-15.608319765158793
-15.608806259322593
-15.609247830043882
-15.609800157507205
-15.610268167396917
-15.610686179584858
-15.611098325962622
-15.611483805290202
-15.611935402645
-15.61227159989059
-15.612577467469345
-15.613077939117396
-15.613399502806423
-15.613676134522635
-15.613909662146414
-15.614187884501352
-15.614534357382905
-15.614899114504615
-15.615140127715156
-15.615432781973755
-15.61584179174726
-15.616260415972452
-15.6166298743495
-15.616992560369889
-15.617386417423713
-15.61779506168913
-15.618313833759345
-15.618578808420883
-15.618934367245782
-15.619380028901189
-15.619683072202168
-15.619944733400205
-15.620546403053122
-15.620861685483565
-15.62128720588839
-15.62166461476097
-15.62207581896421
-15.622406835635564
-15.622870389798662
-15.62322209308516
-15.623544320526207
-15.623966222367262
-15.624150405977396
-15.624441694099204
-15.62467611453989
-15.624900241914188
-15.625326367111889
-15.625623676669257
-15.626043041318098
-15.626389579958223
-15.626695781148593
-15.626985863163977
-15.627405918982753
-15.62768199282897
-15.627951649505425
-15.628340753457435
-15.628570024420037
-15.62884483716105
-15.629264312477495
-15.629470187177931
-15.629698463745054
-15.630171167694975
-15.630436099514512
-15.630754087880632
-15.631074162904314
-15.631388940588577
-15.631649914022407
-15.631939527225954
-15.632173774502114
-15.632409277198878
-15.632697700280943
-15.632893790699162
-15.633122676712167
-15.633359136688915
-15.63353056946905
-15.633827328739969
-15.634030716260273
-15.634211996113617
-15.634417872765795
-15.634608894792903
-15.634889203512012
-15.635256740789623
-15.635454368715063
-15.635756331861238
-15.636059025659353
-15.636385323901523
-15.636603449131986
-15.636847915283633
-15.63702819210487
-15.637268444558181
-15.63747148090802
-15.637690701444033
-15.637888430530095
-15.638125079422958
-15.638242002570305
-15.638530656703402
-15.638656888530507
-15.638880054816537
-15.639164000384344
-15.639386880021586
-15.639598924793154
-15.639788931189576
-15.640054445274998
-15.640239063635196
-15.640530539824478
-15.640742084639102
-15.640908776028972
-15.641282929050028
-15.641494875379719
-15.641726659139302
-15.641939855618636
-15.642119645306012
-15.64231002571904
-15.642559817227808
-15.642710504680675
-15.642939079545997
-15.643099495275123
-15.643372317964221
-15.64350149890341
-15.643742924355214
-15.643997163910393
-15.644197538897703
-15.644489010678996
-15.644612349759134
-15.644853153641522
-15.644903862195026
-15.64521272736221
-15.64533038012365
-15.645482364716557
-15.645694974428134
-15.645849957528123
-15.646081252171706
-15.646259821640681
-15.646474982546964
-15.64668207456632
-15.646965990567374
-15.647202122672555
-15.647490961641665
-15.647664883613167
-15.64787310433271
-15.64808643046316
-15.648260507097394
-15.648596001566373
-15.648744607921465
-15.649031051317646
-15.649308871106216
-15.649650040835201
-15.649983905105573
-15.650314042139087
-15.650612266753377
-15.650863833649991
-15.651124009592337
-15.651484299495431
-15.651791361950703
-15.65203719470665
-15.65238222980351
-15.652646352305897
-15.65290711738389
-15.653202608938678
-15.653367417599753
-15.653548776759083
-15.653892168984598
-15.65407907694651
-15.654381631077607
-15.65459875293749
-15.65482362715473
-15.655015046893315
-15.655332074464983
-15.655585419500769
-15.655870907569902
-15.65614002454472
-15.656372581727837
-15.656649882802942
-15.656883551942043
-15.657077336330012
-15.657251557298252
-15.657460398242055
-15.657678126255796
-15.657916059020131
-15.658054770733095
-15.658231197581987
-15.658412579464347
-15.658558204908454
-15.658844481375315
-15.659067528850018
-15.65924422194327
-15.659424374197298
-15.659587498550746
-15.659718148627057
-15.659979786299253
-15.660049695417689
-15.66018524099288
-15.660333163223214
-15.660493477033905
-15.660652512934472
-15.660799564604321
-15.660937928663412
-15.66109642652357
-15.66127921974124
-15.661440973290684
-15.661605924502666
-15.661776418877121
-15.661907653584974
-15.662038052149127
-15.662308715998481
-15.662392084063505
-15.662529993125684
-15.662661956440193
-15.662807220845284
-15.662987172257488
-15.663090186623158
-15.66320744192434
-15.663401091543431
-15.66353690826228
-15.663710360574756
-15.663844328595115
-15.663972990885112
-15.664115453490894
-15.664219253610376
-15.664367170168939
-15.664499687702083
-15.664623237456397
-15.664711525652802
-15.664849094911373
-15.66493256790281
-15.665047821619657
-15.665135513557384
-15.665214386817365
-15.665393404996166
-15.665416994238612
-15.665672676654989
-15.665764698962633
-15.665902809668006
-15.66606278686844
-15.666192888454464
-15.666317328525054
-15.66648137078905
-15.666588830465754
-15.666763805564312
-15.66697420161693
-15.667090006900219
-15.667260094409027
-15.667401693346857
-15.667565088883485
-15.667624400166979
-15.66782805796684
-15.66789832402626
-15.668009001302172
-15.668161797690436
-15.668207392619777
-15.668388279372982
-15.668445225202028
-15.66856886282727
-15.668757433526872
-15.668939879081911
-15.669109180220259
-15.669246444200134
-15.669342254818146
-15.669580963065155
-15.669732035193087
-15.669847755621323
-15.670038486544751
-15.670179421958375
-15.670399205902552
-15.670575792575205
-15.67070103304293
-15.67088683952158
-15.6710195009843
-15.671150932152628
-15.671334111283587
-15.671427206974528
-15.671522377069952
-15.671741101257272
-15.67188965141192
-15.672084164447691
-15.672245941072665
-15.672325515890691
-15.672493276497127
-15.67259216443573
-15.67278053289768
-15.672900250518541
-15.673023048332887
-15.673218942193019
-15.673339715775521
-15.673520656595013
-15.673652223390967
-15.673783292284943
-15.67391501008569
-15.674051099345652
-15.674191117295205
-15.674295343940694
-15.674456079918505
-15.674610021319271
-15.674708034240918
-15.674867939876023
-15.67501933418144
-15.675193623437835
-15.675396159255708
-15.675514455787804
-15.675701741516107
-15.675836618313513
-15.675958718711776
-15.676078664527964
-15.676220092178674
-15.67639115967625
-15.676542567890351
-15.676648632207353
-15.676789143502114
-15.676905202893105
-15.67703716630439
-15.677152260289676
-15.677246837618561
-15.677449821054342
-15.677549568037502
-15.677697411436515
-15.677827095392953
-15.67792981031382
-15.67804681014936
-15.678228648172269
-15.678334499660625
-15.678446786721855
-15.678587130576041
-15.678688927171244
-15.678840345693455
-15.678968475744519
-15.67905373448081
-15.679167241440629
-15.679271768634397
-15.67942571561109
-15.679491004369028
-15.679617254702439
-15.679692396461727
-15.67979882330446
-15.679959185409407
-15.680036724460026
-15.680179783002004
-15.6802959964956
-15.68041535879737
-15.680520099839601
-15.680610909663907
-15.680717018951702
-15.680799996671851
-15.68088457998404
-15.681005024897496
-15.681104938368065
-15.681190964142564
-15.68133588641086
-15.681392714689373
-15.681480835057851
-15.6815632780168
-15.68164555088681
-15.681800233490499
-15.681864821659236
-15.682047554397343
-15.682123838904957
-15.682249685141498
-15.682390407115198
-15.682532818437103
-15.682631311956062
-15.682745905187678
-15.682842115920739
-15.682987549085246
